function windprofile = ex_wind_profilesh1
%EX_WIND_PROFILE_D  Example wind_load_nyiso profile data for deterministic unit commitment.
% 2022.03.12
% Andres F. Ramirez


%% define constants
[GEN_BUS, PG, QG, QMAX, QMIN, VG, MBASE, GEN_STATUS, PMAX, PMIN, ...
    MU_PMAX, MU_PMIN, MU_QMAX, MU_QMIN, PC1, PC2, QC1MIN, QC1MAX, ...
    QC2MIN, QC2MAX, RAMP_AGC, RAMP_10, RAMP_30, RAMP_Q, APF] = idx_gen;
[CT_LABEL, CT_PROB, CT_TABLE, CT_TBUS, CT_TGEN, CT_TBRCH, CT_TAREABUS, ...
    CT_TAREAGEN, CT_TAREABRCH, CT_ROW, CT_COL, CT_CHGTYPE, CT_REP, ...
    CT_REL, CT_ADD, CT_NEWVAL, CT_TLOAD, CT_TAREALOAD, CT_LOAD_ALL_PQ, ...
    CT_LOAD_FIX_PQ, CT_LOAD_DIS_PQ, CT_LOAD_ALL_P, CT_LOAD_FIX_P, ...
    CT_LOAD_DIS_P, CT_TGENCOST, CT_TAREAGENCOST, CT_MODCOST_F, ...
    CT_MODCOST_X] = idx_ct;

windprofile = struct( ...
    'type', 'mpcData', ...
    'table', CT_TGEN, ...
    'rows', [1:45], ...
    'col', PMAX, ...
    'chgtype', 1, ...
    'values', [] );
windprofile.values(:,1,:) = [
	3.8991 52.6849 80.7505 111.8944 14.8073 34.3566 32.0555 7.2307 27.8092 10.6331 19.655 29.3215 44.1433 39.015 177.9245 67.032 83.1694 88.1347 81.7955 70.1072 10.6852 80.1655 9.0817 35.0317 46.418 27.2363 4.0251 1277.5815 837.6734 837.6734 693.5282 91.2644 272.6516 180.4562 122.3174 357.4073 1302.2729 215.3954 475.9103 124.3339 114.9314 381.1297 211.4101 95.8509 1315.8383;
	3.2433 43.8238 62.9468 34.7095 14.6223 27.4489 30.7121 5.2525 9.5628 10.6527 19.6914 29.3757 44.225 40.0322 183.985 69.3153 86.0023 91.1368 84.907 71.2393 10.2374 64.0474 1.6425 1.5714 15.6972 5.3703 1.2419 1276.9272 842.7745 842.7745 722.7625 83.9473 283.0234 183.3701 125.5065 359.5838 1321.5314 216.4924 461.4342 42.0461 114.2791 304.4997 215.9355 1.1144 1335.2973;
	3.004 40.5912 79.6141 3.0884 14.5824 22.7815 31.6166 3.6124 9.2414 9.2136 17.0312 25.4073 38.2505 35.3976 187.3494 70.5828 87.5749 92.8033 86.5001 66.2994 10.5389 53.1567 18.924 3.6482 0.7426 2.0897 0.7888 1307.0815 844.3538 844.3538 767.5172 98.3398 288.3336 170.6548 110.9763 360.2576 1314.9139 227.967 467.4021 1.9892 28.2636 252.7223 214.6131 23.7795 1328.6109;
	3.2106 43.3818 72.1997 1.2273 14.1742 12.0796 31.9099 0.2205 11.1572 0.8042 1.4866 2.2177 3.3387 25.4165 186.512 70.2673 87.1835 92.3885 85.6378 66.2824 10.6366 28.1857 1.4089 28.0623 0.0 0.9315 0.5335 1298.2258 844.6662 844.6662 762.697 103.0884 285.4593 170.611 79.6841 360.3909 1302.8734 247.9106 467.5752 0.0 33.3353 134.0028 211.0217 11.8937 1316.445;
	3.6547 49.3832 63.9511 30.6975 14.4747 20.2923 31.6672 0.6651 11.5542 3.3537 6.1992 9.248 13.9228 29.0414 136.8067 51.5411 63.9492 67.767 89.0396 63.6587 10.5557 47.3488 0.3507 16.0559 13.5908 38.04 3.5192 1253.4961 848.4897 848.4897 790.6706 107.6124 296.7988 163.8577 91.0486 362.0223 1292.1157 259.2666 463.4709 36.4038 30.5851 225.1097 211.8239 168.5069 1305.5752;
	3.7759 51.0207 90.2591 107.3353 14.9403 32.9195 31.4558 0.4423 10.8396 0.9465 1.7497 2.6102 3.9296 21.7447 161.329 60.7798 75.4119 79.9141 88.9695 61.1224 10.4853 76.8122 0.0264 17.7951 39.7166 38.8329 2.7814 1168.0005 841.4451 841.4451 784.8872 115.0201 296.565 157.3293 68.1726 359.0166 1254.6526 258.0331 468.2419 106.3838 60.1606 365.1873 214.0347 193.8147 1267.7219;
	3.8814 52.4456 88.5906 112.6095 14.6984 34.5361 31.5154 8.0069 11.3008 6.8784 12.7147 18.9678 28.5559 34.9432 188.3706 70.9675 88.0523 93.3091 82.7668 69.9264 10.5051 80.5842 20.8087 44.9946 95.6831 71.9332 9.8563 1177.975 851.2618 851.2618 803.1659 113.5539 275.8892 179.9906 109.5517 363.205 1292.8802 300.1847 473.1265 256.2939 102.1792 383.1202 214.2384 258.5433 1306.3477;
	3.8512 52.0377 88.9415 110.7637 14.8456 34.9107 30.9326 17.9163 10.9328 9.85 18.2075 27.162 40.8923 61.4565 192.59 72.5572 90.0246 95.3992 84.4752 61.0775 10.3109 81.4583 24.0039 50.5718 101.8617 71.3897 13.5387 1088.0415 855.1188 855.1188 792.5107 114.7758 281.584 157.2137 192.6743 364.8507 1281.4673 322.459 475.9416 272.8439 115.9524 387.2761 215.6763 267.8738 1294.8159;
	3.9061 52.7806 92.9601 112.7695 14.9264 35.1425 31.4436 18.2922 10.109 9.8939 18.2887 27.2832 41.0747 65.6024 198.9416 74.9501 92.9936 98.5455 50.9093 67.7506 10.4812 81.9992 22.8222 85.4099 103.9956 71.5045 13.861 792.4595 857.6684 857.6684 797.7566 114.383 169.6977 174.3903 205.6725 365.9385 1246.1121 319.9076 478.7866 278.5596 118.7011 389.8474 217.9378 273.6358 1259.0924;
	3.8666 52.2465 86.8957 110.5056 14.6017 34.7625 31.4003 17.7577 20.226 9.8083 18.1305 27.0472 40.7194 61.9235 193.862 73.0364 90.6192 96.0293 50.9813 54.8865 10.4668 81.1124 21.6914 86.5607 101.0198 69.5582 13.3143 638.6004 859.7321 859.7321 803.6466 114.0506 169.9377 141.2779 194.1387 366.819 1176.4283 297.5095 467.7925 270.5887 114.9123 385.6318 213.9671 263.8984 1188.6828;
	3.8687 52.2752 89.227 115.262 14.9665 34.8689 31.6498 18.4717 28.3976 17.732 32.7774 48.8974 73.6148 68.45 203.9129 76.823 95.3174 101.008 41.2238 66.3872 10.5499 81.3607 29.1671 86.0246 105.1571 71.7672 13.5431 427.941 846.8888 846.8888 792.84 105.2315 137.4128 170.8807 214.5999 361.3392 957.0488 286.1409 473.6297 281.6707 120.3322 386.8122 216.3625 259.8528 967.0181;
	3.5013 47.3098 87.7994 116.0318 15.0399 32.8053 31.0401 18.8623 28.4372 20.267 37.4632 55.8877 84.1387 65.9793 196.5199 74.0377 91.8616 97.3459 51.6886 62.1774 10.3467 76.5457 34.6282 86.3501 104.4698 73.4606 13.4566 322.0677 823.0346 823.0346 743.4241 108.7156 172.2955 160.0448 206.8541 351.1615 808.4092 253.7252 468.1215 279.8299 120.6608 363.9203 204.9617 262.2342 816.8301;
	2.2052 29.7972 86.5761 109.5865 14.1936 21.2713 27.3508 18.1597 28.4675 27.5433 50.9133 75.9526 114.3463 64.0575 188.7663 71.1166 88.2373 93.5052 89.9151 66.2301 9.1169 49.633 62.0976 82.1732 97.1861 70.1802 13.5609 303.7096 739.9137 739.9137 700.5752 108.9196 299.7169 170.4765 200.8289 315.6965 720.0803 239.9004 440.6728 260.32 116.6815 235.9693 183.968 259.6807 727.5811;
	2.352 31.7802 87.317 112.3221 14.6479 13.3633 27.8887 18.5117 28.4922 31.2356 57.7386 86.1346 129.6751 66.9319 192.2363 72.4239 89.8593 95.224 89.3855 69.4155 9.2962 31.181 75.8004 86.8142 103.8491 72.0405 13.7168 305.8536 657.1916 657.1916 626.4233 106.6338 297.9517 178.6758 209.8405 280.4017 528.2078 223.5276 472.9154 278.1673 119.6063 148.2434 145.4328 254.195 533.71;
	2.3626 31.9234 87.9373 114.1569 12.7652 3.56 22.6051 18.7708 28.2663 29.6971 54.8946 81.892 123.2879 63.3101 194.5698 73.303 90.9501 96.3799 88.2393 72.707 7.535 8.3068 74.8659 88.3172 103.1423 72.6509 13.8955 420.2707 529.4611 529.4611 436.1385 91.9203 294.1309 187.1481 198.4856 225.9034 449.4137 195.6508 459.2136 276.2741 118.8851 39.4928 118.7071 246.018 454.095;
	3.5065 47.381 87.4745 80.8143 14.1761 25.7468 16.1218 19.0089 23.0417 29.4911 54.5139 81.324 122.4328 58.7478 198.3348 74.7215 92.71 98.2449 92.0392 73.2087 5.3739 60.0758 73.3869 87.4447 102.4941 74.573 13.9959 453.6399 529.8177 529.8177 415.7889 53.5437 306.7973 188.4393 184.1823 226.0555 484.9004 172.413 457.8519 274.5379 118.4599 285.6174 84.9601 259.7881 489.9514;
	3.4102 46.0788 91.5176 62.1547 14.9461 32.6546 14.9337 18.7996 27.6504 28.0041 51.7651 77.2234 116.2594 62.455 188.6266 71.064 88.172 93.436 87.6235 71.0237 4.9779 76.1941 72.3936 88.0322 105.8149 75.4083 13.778 572.1255 573.9882 573.9882 444.3378 30.9235 292.0784 182.8152 195.805 244.9016 596.5512 125.0149 192.2844 283.4328 118.5368 362.2487 119.022 263.7435 602.7653;
	3.5891 48.4971 87.6648 61.6134 14.0262 31.2302 28.5502 18.6393 26.24 11.8002 21.8124 32.5398 48.9885 64.9025 176.7688 66.5966 82.6291 87.5622 73.3294 71.3236 9.5167 72.8704 50.0953 87.5175 105.7357 73.2338 13.4083 622.83 555.6593 555.6593 394.6011 28.6411 244.4314 183.5871 203.4782 237.0813 723.3487 80.9059 422.8056 283.2206 119.3465 346.4469 116.9432 257.988 730.8836;
