function windprofile = ex_wind_profilesh1
%EX_WIND_PROFILE_D  Example wind_load_nyiso profile data for deterministic unit commitment.
% 2022.03.12
% Andres F. Ramirez


%% define constants
[GEN_BUS, PG, QG, QMAX, QMIN, VG, MBASE, GEN_STATUS, PMAX, PMIN, ...
    MU_PMAX, MU_PMIN, MU_QMAX, MU_QMIN, PC1, PC2, QC1MIN, QC1MAX, ...
    QC2MIN, QC2MAX, RAMP_AGC, RAMP_10, RAMP_30, RAMP_Q, APF] = idx_gen;
[CT_LABEL, CT_PROB, CT_TABLE, CT_TBUS, CT_TGEN, CT_TBRCH, CT_TAREABUS, ...
    CT_TAREAGEN, CT_TAREABRCH, CT_ROW, CT_COL, CT_CHGTYPE, CT_REP, ...
    CT_REL, CT_ADD, CT_NEWVAL, CT_TLOAD, CT_TAREALOAD, CT_LOAD_ALL_PQ, ...
    CT_LOAD_FIX_PQ, CT_LOAD_DIS_PQ, CT_LOAD_ALL_P, CT_LOAD_FIX_P, ...
    CT_LOAD_DIS_P, CT_TGENCOST, CT_TAREAGENCOST, CT_MODCOST_F, ...
    CT_MODCOST_X] = idx_ct;

windprofile = struct( ...
    'type', 'mpcData', ...
    'table', CT_TGEN, ...
    'rows', [1:45], ...
    'col', PMAX, ...
    'chgtype', 1, ...
    'values', [] );
windprofile.values(:,1,:) = [
	3.8454 51.96 85.8143 115.2346 14.8493 33.8423 30.9944 6.2516 27.9116 11.7519 21.7232 32.4068 48.7882 30.4836 162.9405 61.3869 76.1652 80.7124 87.8668 67.5646 10.3315 78.9654 28.834 30.8058 43.2255 24.7196 0.829 1172.6586 795.5289 795.5289 645.7829 81.6319 292.8895 173.9116 95.5702 339.4257 1171.7509 198.9619 443.1214 115.7827 96.6452 375.4243 205.8105 108.5271 1183.9566;
	3.2059 43.3183 77.8028 47.3832 14.7869 27.5797 30.4604 6.744 10.4198 13.2138 24.4255 36.438 54.8573 30.2463 176.4839 66.4893 82.496 87.4211 86.8431 71.0402 10.1535 64.3527 28.8119 32.856 40.1468 28.6544 3.688 1177.7132 752.6141 752.6141 565.1361 66.5278 289.4769 182.8576 94.8264 321.1154 1178.6582 170.6804 443.4656 107.536 109.5865 305.9512 208.604 94.4615 1190.9358;
	2.9799 40.2652 87.5145 44.4579 14.5625 20.3643 29.7609 6.2169 8.7826 13.0217 24.0705 35.9085 54.06 35.9695 192.195 72.4083 89.84 95.2036 87.1744 67.9148 9.9203 47.5167 30.2508 34.2812 35.9488 26.7678 3.4421 1178.4697 761.6246 761.6246 564.1245 83.2661 290.5812 174.8127 112.7692 324.9598 1171.3682 171.5212 434.8652 96.2913 19.0687 225.9078 195.6421 124.4858 1183.57;
	3.4226 46.2475 85.1597 45.1615 14.4347 12.3577 31.1508 6.671 11.0872 11.8552 21.9142 32.6917 49.2172 25.8028 198.0904 74.6294 92.5958 98.1239 85.6263 68.205 10.3836 28.8346 28.9312 27.5001 32.1421 27.0562 4.3985 1203.7631 782.5559 782.5559 603.8156 87.8528 285.421 175.5599 80.8952 333.8905 1195.1067 197.019 442.3033 86.095 34.5046 137.0879 204.4599 104.793 1207.5558;
	3.6802 49.7271 82.6223 39.939 14.7542 20.091 31.0607 6.2367 11.0161 11.4422 21.1507 31.5527 47.5024 32.8063 179.3083 67.5534 83.8162 88.8202 88.27 66.9032 10.3536 46.8789 15.3147 25.9107 36.7397 60.1945 3.9361 1193.389 804.3576 804.3576 705.0195 95.8835 294.2334 172.2091 102.8521 343.1926 1219.1525 211.8395 456.4236 98.4098 25.8452 222.8758 203.0725 178.8549 1231.852;
	3.6963 49.9454 92.5569 111.4903 15.031 32.1839 30.0076 6.567 10.5124 11.5642 21.3763 31.8892 48.0091 29.525 188.2827 70.9344 88.0112 93.2656 89.3663 68.2245 10.0025 75.0957 19.4519 30.1763 53.6909 65.5347 4.307 1123.2931 801.3225 801.3225 735.0646 107.1912 297.8877 175.61 92.5649 341.8976 1178.5613 216.901 444.3465 143.815 56.3333 357.0266 200.19 193.5756 1190.838;
	3.8386 51.8684 92.7662 119.5229 15.1034 34.3094 30.3938 10.4575 10.7793 11.6694 21.5706 32.1792 48.4455 41.6458 192.0425 72.3509 89.7687 95.128 77.863 71.3992 10.1313 80.0554 27.5626 50.1314 97.924 74.1332 9.6172 1102.7931 806.2776 806.2776 720.7831 114.8559 259.5434 183.7818 130.5652 344.0118 1229.8865 265.7546 454.4929 262.2964 102.7389 380.6061 204.4384 261.5939 1242.6978;
	3.7272 50.3621 93.7713 119.4135 15.1589 34.4201 30.6185 18.4359 10.6434 11.6176 21.4749 32.0364 48.2306 63.4793 193.6798 72.9677 90.5341 95.9391 76.6952 61.7831 10.2062 80.3135 27.6482 55.4882 103.2094 73.7043 13.3091 1025.5105 795.34 795.34 724.1038 116.1058 255.6506 159.0298 199.0162 339.3451 1203.4964 290.1589 457.7249 276.4538 113.8691 381.8331 207.2026 266.9958 1216.0328;
	3.6462 49.2678 93.5756 118.7666 15.2074 34.0925 29.3457 17.6633 8.4195 11.6604 21.5541 32.1544 48.4083 60.7233 191.1746 72.0239 89.363 94.6981 41.5837 65.9141 9.7819 79.5492 28.5215 85.1346 102.2204 71.2683 12.9718 715.3385 776.4733 776.4733 709.6158 114.3944 138.6124 169.663 190.3759 331.2953 1092.6015 282.0397 443.3908 273.8046 115.6645 378.1996 205.1299 265.8806 1103.9828;
	3.7635 50.8531 93.2685 117.5744 15.2975 33.8582 30.1706 17.9765 20.2031 10.5905 19.5764 29.2041 43.9667 61.3187 189.5934 71.4282 88.6239 93.9149 50.2396 63.0658 10.0569 79.0024 24.8551 86.7492 101.8545 69.7409 12.9241 608.1409 806.0131 806.0131 732.4858 114.7611 167.4653 162.3314 192.2423 343.8989 1036.784 279.0505 434.794 272.8244 114.5038 375.5999 208.5322 266.2877 1047.5839;
	3.8046 51.4089 92.4972 113.0916 15.0124 33.8286 30.6077 17.499 27.2533 17.2575 31.9003 47.5889 71.6449 66.8531 203.2886 76.5878 95.0256 100.6988 38.0438 69.181 10.2026 78.9335 28.92 82.2733 98.6925 69.3656 12.9102 446.3399 761.1141 761.1141 722.4157 112.331 126.8126 178.072 209.5935 324.742 889.8336 277.468 430.34 264.355 114.7825 375.2723 203.8943 255.2947 899.1027;
	3.4031 45.9838 92.3525 116.0329 14.9231 31.9748 29.6326 17.8734 27.8251 19.2381 35.5614 53.0506 79.8674 65.5368 203.3697 76.6184 95.0635 100.7389 49.6321 67.7526 9.8775 74.6078 34.7244 82.8066 98.8586 71.8621 12.7119 325.9091 735.4453 735.4453 646.5324 110.0823 165.4403 174.3954 205.4669 313.79 719.6147 228.6207 434.0854 264.7998 114.5773 354.7067 180.7599 265.7091 727.1106;
	1.9832 26.7973 90.5725 111.053 14.063 20.0093 24.347 18.3629 27.0705 26.7712 49.4862 73.8237 111.1412 64.4611 201.0938 75.7609 93.9997 99.6116 89.7872 67.2867 8.1157 46.6885 57.0477 82.6644 95.5033 70.9429 13.7073 314.1419 651.8244 651.8244 613.5537 114.0718 299.2906 173.1962 202.0942 278.1118 644.2965 233.5877 360.9312 255.8123 117.7232 221.9702 138.7562 265.4797 651.008;
	2.2821 30.8361 90.7314 112.94 14.4572 11.6068 24.371 18.1532 26.9701 29.7198 54.9367 81.9547 123.3824 65.0969 201.5007 75.9142 94.1899 99.8132 87.4181 69.3966 8.1237 27.0825 71.1542 83.5645 97.1486 70.3354 13.6103 345.012 613.2225 613.2225 603.7157 105.7548 291.3936 178.6271 204.0876 261.6416 507.9933 206.0674 431.6063 260.2194 119.0309 128.7581 122.4626 260.2016 513.2849;
	2.0507 27.7099 88.81 112.6481 10.9398 0.1907 20.4017 17.5196 26.1696 28.013 51.7816 77.248 116.2964 64.9296 201.2033 75.8022 94.0508 99.6658 79.8297 70.2555 6.8006 0.445 69.8839 82.9689 92.5885 66.7653 13.4585 485.0758 461.1587 461.1587 405.4214 93.0163 266.0988 180.8379 203.563 196.761 421.3764 177.1292 437.1498 248.005 116.9317 2.1155 101.5047 201.8925 425.7657;
	3.3118 44.7501 88.9025 84.9306 14.1296 22.8965 15.1484 18.0245 20.7318 25.6908 47.489 70.8443 106.6557 58.5654 200.9478 75.7059 93.9314 99.5393 76.4565 71.3767 5.0495 53.4253 68.5198 85.163 96.7617 70.7719 13.6342 515.0295 499.2261 499.2261 370.5782 48.2055 254.8548 183.7239 183.6105 213.0031 472.5355 149.3117 427.8256 259.1832 121.0737 253.999 71.4402 246.1124 477.4577;
	3.3399 45.1291 86.9385 56.6993 14.7966 30.5606 12.9792 18.1091 25.8582 25.3859 46.9255 70.0037 105.3901 62.5219 196.0768 73.8708 91.6545 97.1264 83.9807 71.1195 4.3264 71.3081 71.2224 84.5671 101.4058 73.003 13.6443 660.9384 567.1644 567.1644 406.4126 28.6863 279.9356 183.0617 196.0146 241.9901 592.273 109.2089 151.1029 271.6227 117.8693 339.019 102.7946 239.6338 598.4425;
	3.7705 50.9476 89.2527 60.4227 14.7377 31.7177 26.9651 18.7712 26.1255 13.5493 25.0456 37.3632 56.25 66.8931 183.0826 68.9753 85.5805 90.6898 49.7041 70.2433 8.9884 74.0079 56.3381 86.5925 103.6043 73.1532 13.7884 687.3555 607.0629 607.0629 389.1234 28.1885 165.6803 180.8064 209.7189 259.0135 752.8367 76.3374 370.3756 277.5114 121.6974 351.8546 111.5694 257.6014 760.6787;
