function solarprofile = ex_solar_profilesh1
%EX_WIND_PROFILE_D  Example wind_load_nyiso profile data for deterministic unit commitment.
% 2022.03.12
% Andres F. Ramirez


%% define constants
[GEN_BUS, PG, QG, QMAX, QMIN, VG, MBASE, GEN_STATUS, PMAX, PMIN, ...
    MU_PMAX, MU_PMIN, MU_QMAX, MU_QMIN, PC1, PC2, QC1MIN, QC1MAX, ...
    QC2MIN, QC2MAX, RAMP_AGC, RAMP_10, RAMP_30, RAMP_Q, APF] = idx_gen;
[CT_LABEL, CT_PROB, CT_TABLE, CT_TBUS, CT_TGEN, CT_TBRCH, CT_TAREABUS, ...
    CT_TAREAGEN, CT_TAREABRCH, CT_ROW, CT_COL, CT_CHGTYPE, CT_REP, ...
    CT_REL, CT_ADD, CT_NEWVAL, CT_TLOAD, CT_TAREALOAD, CT_LOAD_ALL_PQ, ...
    CT_LOAD_FIX_PQ, CT_LOAD_DIS_PQ, CT_LOAD_ALL_P, CT_LOAD_FIX_P, ...
    CT_LOAD_DIS_P, CT_TGENCOST, CT_TAREAGENCOST, CT_MODCOST_F, ...
    CT_MODCOST_X] = idx_ct;

solarprofile = struct( ...
    'type', 'mpcData', ...
    'table', CT_TGEN, ...
    'rows', [1:12], ...
    'col', PMAX, ...
    'chgtype', 1, ...
    'values', [] );
solarprofile.values(:,1,:) = [
	0.0 0.0 0.0 0.0 0.0 0.0 0.0 0.0 0.0 0.0 0.0 0.0;
	0.0 0.0 0.0 0.0 0.0 0.0 0.0 0.0 0.0 0.0 0.0 0.0;
	0.0 0.0 0.0 0.0 0.0 0.0 0.0 0.0 0.0 0.0 0.0 0.0;
	0.0 0.0 0.0 0.0 0.0 0.0 0.0 0.0 0.0 0.0 0.0 0.0;
	0.0 0.0 0.0 0.0 0.0 0.0 0.0 0.0 0.0 0.0 0.0 0.0;
	0.0 0.0 0.0 0.0 0.0 0.0 0.0 0.0 0.0 0.0 0.0 0.0;
	0.1347 0.1664 0.0615 0.1206 0.6468 0.0 0.0 0.0 0.0 14.3793 9.4804 26.041;
	0.407 0.2406 0.0 0.2303 0.379 0.0 0.0 0.0 0.0 34.579 13.5602 62.6228;
	0.9637 0.5727 0.1486 0.4246 0.3346 0.0 0.0 0.0 2.0562 56.5637 16.2215 102.4371;
	2.8305 2.0985 1.9541 0.528 1.5398 30.5435 3.8179 4.9932 96.8992 58.7122 17.6788 106.3281;
	2.937 2.4381 2.8073 0.3091 2.5962 39.6729 4.9591 8.3572 150.7323 67.9525 22.0904 123.0624;
	2.5112 2.429 3.2808 0.2842 2.9576 45.9774 5.7472 9.0431 164.3172 74.1099 26.7272 134.2135;
	2.1378 2.9191 3.1356 1.0802 2.9149 100.4815 12.5602 18.0693 125.3446 182.0725 50.0645 329.7344;
	1.7627 2.2677 2.1646 1.6918 3.2808 64.4263 8.0533 13.449 86.4117 172.6173 44.3943 312.6109;
	1.5508 1.6092 1.6329 2.0785 4.4883 34.6898 4.3362 11.0215 57.4841 139.7525 34.9836 253.0926;
	1.4476 1.3187 1.6939 1.1171 4.5428 0.0 0.0 7.0437 11.6344 44.6009 21.7771 80.7726;
	0.2585 0.2947 0.2484 0.4366 0.9211 28.4907 3.5613 8.1128 22.1103 19.1135 10.9409 34.6147;
	0.0 0.0 0.0 0.0 0.0 0.0 0.0 0.0 0.0 0.0 0.0 0.0;
	0.0 0.0 0.0 0.0 0.0 0.0 0.0 0.0 0.0 0.0 0.0 0.0;
	0.0 0.0 0.0 0.0 0.0 0.0 0.0 0.0 0.0 0.0 0.0 0.0;
	0.0 0.0 0.0 0.0 0.0 0.0 0.0 0.0 0.0 0.0 0.0 0.0;
	0.0 0.0 0.0 0.0 0.0 0.0 0.0 0.0 0.0 0.0 0.0 0.0;
	0.0 0.0 0.0 0.0 0.0 0.0 0.0 0.0 0.0 0.0 0.0 0.0;
	0.0 0.0 0.0 0.0 0.0 0.0 0.0 0.0 0.0 0.0 0.0 0.0;
];
