function solarprofile = ex_solar_profilesh1
%EX_WIND_PROFILE_D  Example wind_load_nyiso profile data for deterministic unit commitment.
% 2022.03.12
% Andres F. Ramirez


%% define constants
[GEN_BUS, PG, QG, QMAX, QMIN, VG, MBASE, GEN_STATUS, PMAX, PMIN, ...
    MU_PMAX, MU_PMIN, MU_QMAX, MU_QMIN, PC1, PC2, QC1MIN, QC1MAX, ...
    QC2MIN, QC2MAX, RAMP_AGC, RAMP_10, RAMP_30, RAMP_Q, APF] = idx_gen;
[CT_LABEL, CT_PROB, CT_TABLE, CT_TBUS, CT_TGEN, CT_TBRCH, CT_TAREABUS, ...
    CT_TAREAGEN, CT_TAREABRCH, CT_ROW, CT_COL, CT_CHGTYPE, CT_REP, ...
    CT_REL, CT_ADD, CT_NEWVAL, CT_TLOAD, CT_TAREALOAD, CT_LOAD_ALL_PQ, ...
    CT_LOAD_FIX_PQ, CT_LOAD_DIS_PQ, CT_LOAD_ALL_P, CT_LOAD_FIX_P, ...
    CT_LOAD_DIS_P, CT_TGENCOST, CT_TAREAGENCOST, CT_MODCOST_F, ...
    CT_MODCOST_X] = idx_ct;

solarprofile = struct( ...
    'type', 'mpcData', ...
    'table', CT_TGEN, ...
    'rows', [1:12], ...
    'col', PMAX, ...
    'chgtype', 1, ...
    'values', [] );
solarprofile.values(:,1,:) = [
	0.0 0.0 0.0 0.0 0.0 0.0 0.0 0.0 0.0 0.0 0.0 0.0;
	0.0 0.0 0.0 0.0 0.0 0.0 0.0 0.0 0.0 0.0 0.0 0.0;
	0.0 0.0 0.0 0.0 0.0 0.0 0.0 0.0 0.0 0.0 0.0 0.0;
	0.0 0.0 0.0 0.0 0.0 0.0 0.0 0.0 0.0 0.0 0.0 0.0;
	0.0 0.0 0.0 0.0 0.0 0.0 0.0 0.0 0.0 0.0 0.0 0.0;
	0.0 0.0 0.0 0.0 0.0 0.0 0.0 0.0 0.0 0.0 0.0 0.0;
	0.0698 0.1843 0.1664 3.8582 1.1509 13.0324 1.6291 1.8934 80.7334 12.3836 6.9046 22.4267;
	0.1896 0.4066 0.3998 7.7892 5.4339 23.5844 2.9481 5.945 90.0442 32.6479 21.2936 59.1255;
	0.3871 0.6547 0.5452 8.0752 8.5458 28.1185 3.5148 10.9565 84.323 62.3326 38.2711 112.8846;
	1.4855 1.4568 0.795 5.8171 9.0653 36.851 4.6064 19.3935 98.2764 104.6459 52.2055 189.5144;
	1.6691 1.3154 0.9433 4.6114 9.248 55.8165 6.9771 16.6859 128.0584 104.349 41.918 188.9767;
	1.6718 0.9948 0.9647 4.3845 8.6981 49.5618 6.1952 11.3782 144.2152 87.269 37.9318 158.0448;
	2.2037 0.9049 0.7133 5.0538 4.0204 6.049 0.7561 13.5926 107.2005 129.2107 49.9044 234.0013;
	2.3454 0.9992 0.7361 4.6392 3.0278 0.0 0.0 13.1301 67.562 131.6783 47.3009 238.4703;
	2.0097 1.0714 0.6029 2.7498 2.6483 0.0 0.0 14.3871 29.5052 155.7996 56.4689 282.154;
	1.525 1.2467 0.9142 0.731 2.1675 0.0 0.0 8.6109 7.666 133.2094 39.6383 241.243;
	0.2494 0.2272 0.1668 0.4086 1.3157 28.6713 3.5839 6.6772 23.0856 21.8594 10.5349 39.5876;
	0.0 0.0 0.0 0.0 0.0 0.0 0.0 0.0 0.0 0.0 0.0 0.0;
	0.0 0.0 0.0 0.0 0.0 0.0 0.0 0.0 0.0 0.0 0.0 0.0;
	0.0 0.0 0.0 0.0 0.0 0.0 0.0 0.0 0.0 0.0 0.0 0.0;
	0.0 0.0 0.0 0.0 0.0 0.0 0.0 0.0 0.0 0.0 0.0 0.0;
	0.0 0.0 0.0 0.0 0.0 0.0 0.0 0.0 0.0 0.0 0.0 0.0;
	0.0 0.0 0.0 0.0 0.0 0.0 0.0 0.0 0.0 0.0 0.0 0.0;
	0.0 0.0 0.0 0.0 0.0 0.0 0.0 0.0 0.0 0.0 0.0 0.0;
];
