function loadprofile = ex_load_profilesh1
%EX_LOAD_PROFILE  Example load profile data file for stochastic unit commitment.
% 2022.03.12
% Andres F. Ramirez

%% define constants
[CT_LABEL, CT_PROB, CT_TABLE, CT_TBUS, CT_TGEN, CT_TBRCH, CT_TAREABUS, ...
    CT_TAREAGEN, CT_TAREABRCH, CT_ROW, CT_COL, CT_CHGTYPE, CT_REP, ...
    CT_REL, CT_ADD, CT_NEWVAL, CT_TLOAD, CT_TAREALOAD, CT_LOAD_ALL_PQ, ...
    CT_LOAD_FIX_PQ, CT_LOAD_DIS_PQ, CT_LOAD_ALL_P, CT_LOAD_FIX_P, ...
    CT_LOAD_DIS_P, CT_TGENCOST, CT_TAREAGENCOST, CT_MODCOST_F, ...
    CT_MODCOST_X] = idx_ct;

loadprofile = struct( ...
    'type', 'mpcData', ...
    'table', CT_TAREALOAD, ...
    'rows', [1:11], ...
    'col', CT_LOAD_ALL_P, ...
    'chgtype', 1, ...
    'values', [] );
loadprofile.values(:,1,:) = [
	1480.4207 955.7 1679.5851 597.4 853.4435 1231.8499 895.3619 260.7796 545.4042 4685.1651 1783.5982;
	1447.081 933.8455 1671.5123 589.8118 820.3942 1192.9838 870.2962 236.5128 534.1193 4516.6198 1743.2158;
	1446.2 935.7 1678.0641 599.01 798.0408 1205.4 878.8168 244.7 529.7912 4524.6291 1739.1095;
	1476.0 942.2953 1684.559 595.5178 821.3654 1221.1782 881.4058 240.5919 532.4 4542.6 1763.7377;
	1491.8173 959.166 1715.0233 608.182 866.6168 1250.8168 914.2662 258.4889 559.6 4656.2473 1802.1157;
	1534.3643 1000.3969 1731.3782 604.0298 904.0091 1326.0493 972.6 263.848 599.8457 4818.077 1907.6357;
	1553.0213 1028.4 1782.7629 599.1612 921.4 1366.2355 1012.1286 273.0954 628.5514 4990.9 1983.4515;
	1595.1908 1057.571 1803.2038 596.6933 955.8518 1399.1126 1053.1847 288.2707 645.0271 5174.3066 2005.2841;
	1621.4043 1068.163 1814.4 606.1 955.9083 1397.9882 1079.0332 310.8633 656.1773 5255.9 2031.1661;
	1611.6736 1073.4 1826.1473 587.1 942.7144 1343.6745 1054.4661 308.0204 648.1454 5255.9129 1949.4392;
	1587.9479 1071.8723 1832.8724 565.3607 923.8203 1308.3486 1023.7669 315.2886 659.9273 5302.593 1936.8207;
	1548.1641 1045.889 1835.2792 547.5229 924.0416 1314.3762 1020.6 308.2 647.2874 5252.2994 1890.7769;
	1541.7326 1026.2857 1839.3 540.4873 915.6903 1372.8892 1066.4349 294.8154 654.2156 5282.8109 1892.4996;
	1534.1354 1022.46 1835.9419 553.8907 916.4 1355.0801 1029.365 294.2744 644.5 5184.4126 1880.2963;
	1573.0435 1073.2 1829.3896 545.1 918.1844 1380.9206 1060.204 296.6229 646.8 5155.687 1989.9371;
	1613.8777 1110.7691 1892.3435 571.0069 942.2779 1426.84 1093.5839 299.9927 658.057 5242.6243 2083.6327;
	1602.6125 1104.8114 1908.0311 579.7646 976.0396 1464.6696 1130.1481 328.9046 682.5584 5413.7465 2246.6195;
	1654.6064 1166.2349 1958.0011 570.5321 999.3873 1477.026 1154.6 347.3174 712.5796 5384.2369 2316.6947;
	1704.5627 1214.8537 1970.8244 570.1815 1022.6 1488.4 1192.0 359.0282 717.4 5622.0011 2403.9361;
	1660.7711 1166.7 1913.0143 554.6 943.9993 1424.6972 1176.6718 343.2 697.8293 5500.79 2334.25;
	1607.7053 1089.9715 1832.3213 522.072 866.8 1331.9441 1113.7205 327.4216 647.8327 5253.5249 2187.7924;
	1550.8143 1039.6438 1714.615 514.7 806.6853 1269.141 1037.9854 311.8756 594.3458 5034.5076 2013.6843;
	1427.0063 974.4212 1689.9331 553.3 759.056 1108.1893 926.964 274.7603 531.4 4598.9366 1735.8138;
	1431.7344 952.1562 1672.9853 550.7468 741.0076 1090.1471 866.6055 258.6025 513.1167 4500.8906 1634.8147;
];
