function solarprofile = ex_solar_profilesh1
%EX_WIND_PROFILE_D  Example wind_load_nyiso profile data for deterministic unit commitment.
% 2022.03.12
% Andres F. Ramirez


%% define constants
[GEN_BUS, PG, QG, QMAX, QMIN, VG, MBASE, GEN_STATUS, PMAX, PMIN, ...
    MU_PMAX, MU_PMIN, MU_QMAX, MU_QMIN, PC1, PC2, QC1MIN, QC1MAX, ...
    QC2MIN, QC2MAX, RAMP_AGC, RAMP_10, RAMP_30, RAMP_Q, APF] = idx_gen;
[CT_LABEL, CT_PROB, CT_TABLE, CT_TBUS, CT_TGEN, CT_TBRCH, CT_TAREABUS, ...
    CT_TAREAGEN, CT_TAREABRCH, CT_ROW, CT_COL, CT_CHGTYPE, CT_REP, ...
    CT_REL, CT_ADD, CT_NEWVAL, CT_TLOAD, CT_TAREALOAD, CT_LOAD_ALL_PQ, ...
    CT_LOAD_FIX_PQ, CT_LOAD_DIS_PQ, CT_LOAD_ALL_P, CT_LOAD_FIX_P, ...
    CT_LOAD_DIS_P, CT_TGENCOST, CT_TAREAGENCOST, CT_MODCOST_F, ...
    CT_MODCOST_X] = idx_ct;

solarprofile = struct( ...
    'type', 'mpcData', ...
    'table', CT_TGEN, ...
    'rows', [1:12], ...
    'col', PMAX, ...
    'chgtype', 1, ...
    'values', [] );
solarprofile.values(:,1,:) = [
	0.0 0.0 0.0 0.0 0.0 0.0 0.0 0.0 0.0 0.0 0.0 0.0;
	0.0 0.0 0.0 0.0 0.0 0.0 0.0 0.0 0.0 0.0 0.0 0.0;
	0.0 0.0 0.0 0.0 0.0 0.0 0.0 0.0 0.0 0.0 0.0 0.0;
	0.0 0.0 0.0 0.0 0.0 0.0 0.0 0.0 0.0 0.0 0.0 0.0;
	0.0 0.0 0.0 0.0 0.0 0.0 0.0 0.0 0.0 0.0 0.0 0.0;
	0.0 0.0 0.0 0.0 0.0 0.0 0.0 0.0 0.0 0.0 0.0 0.0;
	0.2768 0.3339 0.2664 0.4242 0.0 10.8036 1.3505 0.0 0.0 12.0059 4.1887 21.7427;
	0.7505 0.9836 1.0742 1.1012 0.7676 23.569 2.9461 0.0 16.8433 15.2183 6.1201 27.5604;
	1.0084 1.2527 1.4851 1.7415 2.4968 35.9678 4.496 0.5267 57.1245 29.9784 14.3078 54.291;
	1.6385 2.1316 2.1952 2.4999 3.092 69.4782 8.6848 12.5537 117.1017 73.4124 36.673 132.9502;
	1.5037 1.9328 2.0898 2.1451 2.5242 92.0077 11.501 17.8341 92.7318 135.1573 46.4138 244.7708;
	1.9044 1.8608 2.0999 2.1024 2.4011 108.1043 13.513 17.4782 83.1765 140.0025 50.2846 253.5454;
	5.7849 3.5247 3.4996 4.2994 2.779 155.794 19.4742 27.3931 147.41 156.6943 81.7951 283.7744;
	6.0603 3.4865 3.1038 5.9644 2.8752 88.2086 11.0261 18.8937 153.5364 131.0193 83.4318 237.2768;
	4.7559 3.229 2.0567 6.3449 2.2985 33.7201 4.215 10.9106 101.5004 142.8127 82.2563 258.6347;
	2.9954 3.1252 1.7207 2.0498 0.6356 0.0 0.0 1.5344 12.724 194.6295 59.1754 352.4752;
	0.5558 0.4902 0.3106 0.4109 0.9199 28.4907 3.5613 6.1431 22.1103 29.8501 21.4625 54.0586;
	0.0 0.0 0.0 0.0 0.0 0.0 0.0 0.0 0.0 0.0 0.0 0.0;
	0.0 0.0 0.0 0.0 0.0 0.0 0.0 0.0 0.0 0.0 0.0 0.0;
	0.0 0.0 0.0 0.0 0.0 0.0 0.0 0.0 0.0 0.0 0.0 0.0;
	0.0 0.0 0.0 0.0 0.0 0.0 0.0 0.0 0.0 0.0 0.0 0.0;
	0.0 0.0 0.0 0.0 0.0 0.0 0.0 0.0 0.0 0.0 0.0 0.0;
	0.0 0.0 0.0 0.0 0.0 0.0 0.0 0.0 0.0 0.0 0.0 0.0;
	0.0 0.0 0.0 0.0 0.0 0.0 0.0 0.0 0.0 0.0 0.0 0.0;
];
