function solarprofile = ex_solar_profilesh1
%EX_WIND_PROFILE_D  Example wind_load_nyiso profile data for deterministic unit commitment.
% 2022.03.12
% Andres F. Ramirez


%% define constants
[GEN_BUS, PG, QG, QMAX, QMIN, VG, MBASE, GEN_STATUS, PMAX, PMIN, ...
    MU_PMAX, MU_PMIN, MU_QMAX, MU_QMIN, PC1, PC2, QC1MIN, QC1MAX, ...
    QC2MIN, QC2MAX, RAMP_AGC, RAMP_10, RAMP_30, RAMP_Q, APF] = idx_gen;
[CT_LABEL, CT_PROB, CT_TABLE, CT_TBUS, CT_TGEN, CT_TBRCH, CT_TAREABUS, ...
    CT_TAREAGEN, CT_TAREABRCH, CT_ROW, CT_COL, CT_CHGTYPE, CT_REP, ...
    CT_REL, CT_ADD, CT_NEWVAL, CT_TLOAD, CT_TAREALOAD, CT_LOAD_ALL_PQ, ...
    CT_LOAD_FIX_PQ, CT_LOAD_DIS_PQ, CT_LOAD_ALL_P, CT_LOAD_FIX_P, ...
    CT_LOAD_DIS_P, CT_TGENCOST, CT_TAREAGENCOST, CT_MODCOST_F, ...
    CT_MODCOST_X] = idx_ct;

solarprofile = struct( ...
    'type', 'mpcData', ...
    'table', CT_TGEN, ...
    'rows', [1:12], ...
    'col', PMAX, ...
    'chgtype', 1, ...
    'values', [] );
solarprofile.values(:,1,:) = [
	0.0 0.0 0.0 0.0 0.0 0.0 0.0 0.0 0.0 0.0 0.0 0.0;
	0.0 0.0 0.0 0.0 0.0 0.0 0.0 0.0 0.0 0.0 0.0 0.0;
	0.0 0.0 0.0 0.0 0.0 0.0 0.0 0.0 0.0 0.0 0.0 0.0;
	0.0 0.0 0.0 0.0 0.0 0.0 0.0 0.0 0.0 0.0 0.0 0.0;
	0.0 0.0 0.0 0.0 0.0 0.0 0.0 0.0 0.0 0.0 0.0 0.0;
	0.0 0.0 0.0 0.0 0.0 0.0 0.0 0.0 0.0 0.0 0.0 0.0;
	0.0 0.0 0.0 0.4763 0.6361 14.5686 1.8211 5.5961 6.4731 3.9283 4.214 7.1143;
	0.066 0.0 0.0 1.4206 2.7148 4.6585 0.5823 3.2686 0.0 31.6115 15.156 57.2485;
	0.6859 0.0 0.0524 2.5081 5.001 4.4892 0.5611 2.9205 1.1604 78.7291 40.5489 142.5788;
	1.8605 0.5356 0.6778 2.3557 8.529 29.1183 3.6398 2.5844 32.7961 63.385 38.0684 114.7907;
	1.626 0.5802 0.7024 1.8629 9.0818 39.5165 4.9396 1.6527 44.7661 67.9399 41.9438 123.0395;
	1.7155 0.6841 0.8102 1.7218 8.814 35.7926 4.4741 1.851 39.844 68.9025 41.6959 124.7828;
	3.6339 1.3966 1.4172 2.853 7.0276 51.0722 6.384 18.2541 28.9871 83.6831 31.0713 151.5505;
	3.2204 1.4545 1.3579 2.5166 5.9394 35.3438 4.418 21.0327 19.2108 68.9614 22.8403 124.8895;
	2.0983 1.0137 0.9262 2.0748 5.5238 29.6596 3.7074 19.0038 13.8954 43.9224 17.2132 79.5437;
	0.5421 0.4342 0.2956 0.9403 4.2697 22.7674 2.8459 10.5764 3.2865 27.667 18.7792 50.1051;
	0.2415 0.2189 0.1471 0.7681 1.2908 28.5466 3.5683 7.4484 22.1103 21.9384 17.485 39.7305;
	0.0 0.0 0.0 0.0 0.0 0.0 0.0 0.0 0.0 0.0 0.0 0.0;
	0.0 0.0 0.0 0.0 0.0 0.0 0.0 0.0 0.0 0.0 0.0 0.0;
	0.0 0.0 0.0 0.0 0.0 0.0 0.0 0.0 0.0 0.0 0.0 0.0;
	0.0 0.0 0.0 0.0 0.0 0.0 0.0 0.0 0.0 0.0 0.0 0.0;
	0.0 0.0 0.0 0.0 0.0 0.0 0.0 0.0 0.0 0.0 0.0 0.0;
	0.0 0.0 0.0 0.0 0.0 0.0 0.0 0.0 0.0 0.0 0.0 0.0;
	0.0 0.0 0.0 0.0 0.0 0.0 0.0 0.0 0.0 0.0 0.0 0.0;
];
