function windprofile = ex_wind_profilesh1
%EX_WIND_PROFILE_D  Example wind_load_nyiso profile data for deterministic unit commitment.
% 2022.03.12
% Andres F. Ramirez


%% define constants
[GEN_BUS, PG, QG, QMAX, QMIN, VG, MBASE, GEN_STATUS, PMAX, PMIN, ...
    MU_PMAX, MU_PMIN, MU_QMAX, MU_QMIN, PC1, PC2, QC1MIN, QC1MAX, ...
    QC2MIN, QC2MAX, RAMP_AGC, RAMP_10, RAMP_30, RAMP_Q, APF] = idx_gen;
[CT_LABEL, CT_PROB, CT_TABLE, CT_TBUS, CT_TGEN, CT_TBRCH, CT_TAREABUS, ...
    CT_TAREAGEN, CT_TAREABRCH, CT_ROW, CT_COL, CT_CHGTYPE, CT_REP, ...
    CT_REL, CT_ADD, CT_NEWVAL, CT_TLOAD, CT_TAREALOAD, CT_LOAD_ALL_PQ, ...
    CT_LOAD_FIX_PQ, CT_LOAD_DIS_PQ, CT_LOAD_ALL_P, CT_LOAD_FIX_P, ...
    CT_LOAD_DIS_P, CT_TGENCOST, CT_TAREAGENCOST, CT_MODCOST_F, ...
    CT_MODCOST_X] = idx_ct;

windprofile = struct( ...
    'type', 'mpcData', ...
    'table', CT_TGEN, ...
    'rows', [1:45], ...
    'col', PMAX, ...
    'chgtype', 1, ...
    'values', [] );
windprofile.values(:,1,:) = [
	3.6562 49.4039 80.6208 110.1417 14.9182 33.564 31.2467 7.6273 27.2484 12.2749 22.6899 33.8489 50.9593 43.4661 170.2567 64.1432 79.5851 84.3364 88.2193 69.2076 10.4156 78.3161 29.5723 35.1766 44.807 30.4768 4.9521 1230.7512 753.9874 753.9874 617.0416 67.2214 294.0645 178.1406 136.272 321.7013 1196.2335 193.0338 443.559 120.0188 110.9396 372.3371 196.3378 110.6153 1208.6942;
	2.718 36.7268 68.2347 33.1133 14.6462 22.8097 30.9395 7.321 9.6126 12.1334 22.4285 33.4589 50.3722 43.3343 179.7398 67.7159 84.0179 89.0339 89.2863 71.0781 10.3132 53.2227 23.867 32.0035 37.1588 30.713 5.2265 1244.6919 775.0567 775.0567 646.4472 62.2886 297.6211 182.9551 135.859 330.6909 1250.5169 185.654 450.7114 99.5324 111.2908 253.036 194.7201 83.1033 1263.5431;
	2.9988 40.5209 87.5413 45.3487 14.9227 23.1417 31.6735 6.4197 9.5087 13.0878 24.1927 36.0907 54.3343 39.5023 185.1471 69.7531 86.5455 91.7124 86.1874 66.6682 10.5578 53.9973 27.4185 36.4173 36.1324 30.9916 5.7018 1239.103 809.4084 809.4084 692.2675 76.4065 287.2913 171.6041 123.845 345.3476 1247.3374 195.0883 449.4282 96.7832 32.5732 256.7188 208.4387 122.5733 1260.3305;
	3.2295 43.6377 85.1967 44.7668 15.0831 12.2483 32.1859 6.4134 11.5051 12.7206 23.5138 35.078 52.8097 26.4162 190.2549 71.6774 88.9331 94.2425 88.6597 68.339 10.7286 28.5793 25.2268 34.4828 31.2082 31.1742 5.3362 1262.9487 818.1762 818.1762 718.9637 85.5894 295.5325 175.9048 82.8184 349.0885 1277.6418 221.7358 458.5596 83.5934 34.4483 135.8744 209.0249 102.0116 1290.9506;
	3.5823 48.4049 77.2339 0.0 14.9492 19.417 31.6539 5.8913 10.8401 11.6485 21.5321 32.1216 48.3589 31.3223 176.7478 66.5887 82.6193 87.5518 89.742 67.4942 10.5513 45.3063 6.2816 24.4733 30.9016 62.8855 4.7938 1240.1487 799.9416 799.9416 715.468 87.814 299.1401 173.7304 98.1997 341.3084 1267.7139 225.0918 443.8236 82.772 28.8404 215.399 203.5421 142.1133 1280.9193;
	3.7926 51.2461 93.5177 110.0659 15.1039 33.6793 31.9405 7.1485 10.9932 12.0234 22.2251 33.1554 49.9153 27.7608 190.8088 71.8861 89.192 94.5169 92.0846 68.2033 10.6468 78.5851 2.1137 32.1964 53.6022 68.4616 5.2621 1175.8084 805.816 805.816 722.3278 100.8941 306.9486 175.5556 87.0339 343.8148 1262.2289 235.1659 441.9224 143.5774 68.7655 373.6159 210.7532 225.3145 1275.3771;
	3.8185 51.5961 90.3934 109.8452 14.7287 35.1015 31.5243 10.8963 10.4471 11.8694 21.9403 32.7307 49.2758 39.7935 197.8032 74.5212 92.4615 97.9816 89.0959 71.6265 10.5081 81.9036 23.7443 50.0842 98.5523 74.815 10.7159 1137.362 814.2596 814.2596 746.6477 103.9833 296.9862 184.3669 124.7579 347.4174 1275.4443 285.211 441.8682 263.9795 104.339 389.3932 215.1779 270.2197 1288.7301;
	3.889 52.5495 94.1528 116.977 15.0815 34.5735 31.0958 18.9519 10.8292 11.3489 20.9783 31.2956 47.1153 63.1368 196.4088 73.9959 91.8097 97.2909 87.5654 58.8776 10.3653 80.6716 25.2397 59.8535 105.4287 75.8462 13.8952 1054.9111 825.5203 825.5203 765.2287 108.0769 291.8848 151.5512 197.9425 352.222 1248.1705 303.2144 457.2885 282.3984 116.6072 383.5358 211.6725 276.8579 1261.1723;
	3.8722 52.3218 93.2699 113.4956 15.1245 34.3222 29.6099 18.2088 8.8111 11.612 21.4646 32.021 48.2074 65.7639 197.258 74.3158 92.2067 97.7115 54.557 64.752 9.87 80.0852 27.2122 88.0499 103.7651 72.5295 13.7358 797.6925 831.8919 831.8919 740.879 108.4454 181.8567 166.6719 206.1788 354.9406 1178.7656 295.885 440.0291 277.9423 116.042 380.7477 211.4519 268.7866 1191.0444;
	3.9015 52.7179 92.2066 114.2282 15.2035 34.1067 30.0191 17.8126 19.1041 10.9888 20.3126 30.3024 45.62 65.6806 184.8347 69.6354 86.3995 91.5577 57.0585 56.2716 10.0064 79.5822 25.1059 87.8947 101.2686 69.7615 13.1012 647.4029 844.2401 844.2401 744.7374 109.2052 190.1951 144.8433 205.9174 360.2091 1161.4676 264.7408 444.3081 271.2552 113.7383 378.3565 212.8906 273.4362 1173.5662;
	3.878 52.4003 90.952 112.1829 15.2433 34.7858 30.0172 17.5846 27.2244 17.0626 31.54 47.0515 70.8358 68.7963 197.1094 74.2598 92.1372 97.6379 43.3861 64.5461 10.0057 81.1668 28.7216 85.1897 98.9161 69.4163 13.5172 461.5972 805.0197 805.0197 727.5312 96.9967 144.6205 166.1417 215.6857 343.4751 964.2359 262.5471 437.6641 264.9537 114.4471 385.8904 212.264 267.4464 974.2801;
	3.6867 49.8154 93.0324 116.2247 15.4056 34.1839 29.9677 18.5084 28.3444 21.4231 39.6003 59.0758 88.9383 68.7764 199.9438 75.3277 93.4621 99.0419 57.7937 68.9212 9.9892 79.7624 40.4194 84.7547 97.7529 73.3651 13.7966 360.8802 823.2576 823.2576 705.841 109.3622 192.6457 177.4032 215.6234 351.2566 846.9174 250.1426 452.7896 261.8382 117.5765 379.2134 201.2385 277.5953 855.7394;
	2.1531 29.093 89.5065 110.8704 14.7559 22.6195 25.2329 18.5042 27.9834 28.4396 52.5702 78.4243 118.0674 63.9631 195.366 73.603 91.3222 96.7743 92.6629 70.9796 8.411 52.7789 67.7599 81.8593 94.5904 71.3588 14.0004 324.9336 697.1191 697.1191 606.0543 106.457 308.8765 182.7016 200.5329 297.4375 682.3913 234.894 425.6164 253.367 116.3154 250.9258 176.8614 273.8624 689.4995;
	2.4165 32.6526 88.7752 109.8863 15.1468 14.1568 23.8581 18.2816 27.7085 30.2812 55.9743 83.5026 125.7127 63.9611 191.8276 72.2699 89.6682 95.0216 92.4385 70.7846 7.9527 33.0325 73.1251 82.1555 97.7111 72.4568 14.0978 315.5731 580.5652 580.5652 513.1061 95.7912 308.1284 182.1997 200.5266 247.7078 464.6095 196.0391 433.2025 261.7262 119.9681 157.0461 144.813 269.7674 469.4492;
	2.0181 27.2696 85.6294 108.2164 12.4753 1.7996 19.924 17.8303 26.8814 26.9135 49.7492 74.2161 111.7319 63.3104 193.9949 73.0865 90.6813 96.0952 91.2946 72.568 6.6413 4.1991 70.7139 82.6746 95.8127 69.6774 13.9426 430.3777 457.5943 457.5943 354.3205 89.9292 304.3154 186.7903 198.4867 195.2402 400.515 178.8917 407.056 256.6412 118.2307 19.9638 105.0802 245.6515 404.687;
	3.0423 41.1085 86.2779 76.6375 14.1604 25.5937 15.8364 17.9618 24.2751 27.535 50.898 75.9297 114.3118 56.4604 190.3373 71.7085 88.9716 94.2833 88.5106 71.0958 5.2788 59.7187 70.178 85.3561 97.0119 71.5053 13.7931 472.1186 497.0807 497.0807 367.7851 49.1479 295.0353 183.0009 177.0111 212.0878 478.2735 158.3228 431.3231 259.8534 119.3287 283.9198 73.9796 261.1659 483.2555;
	2.8292 38.2291 87.0422 60.1489 14.509 31.8286 14.0303 17.9933 27.4502 25.0262 46.2606 69.0117 103.8968 62.3149 186.8999 70.4135 87.3648 92.5807 88.6108 71.2676 4.6768 74.2667 71.7898 87.4159 101.4739 73.5338 13.6676 548.4555 572.35 572.35 397.556 31.8539 295.3693 183.443 195.3656 244.2027 582.233 113.6497 156.2381 271.8051 116.538 353.0851 98.3484 264.0942 588.2979;
	3.5069 47.3856 88.8654 63.8918 14.818 32.0488 27.2369 18.7771 26.8256 9.9901 18.4665 27.5484 41.474 63.3073 183.5825 69.1636 85.8141 90.9374 72.3583 72.1781 9.079 74.7805 49.4745 88.2942 104.2186 73.9591 13.8496 727.8993 600.372 600.372 383.6987 28.3988 241.1944 185.7867 198.477 256.1587 793.7715 69.1002 385.0914 279.1569 118.7377 355.528 104.0439 258.2631 802.04;
