function windprofile = ex_wind_profilesh1
%EX_WIND_PROFILE_D  Example wind_load_nyiso profile data for deterministic unit commitment.
% 2022.03.12
% Andres F. Ramirez


%% define constants
[GEN_BUS, PG, QG, QMAX, QMIN, VG, MBASE, GEN_STATUS, PMAX, PMIN, ...
    MU_PMAX, MU_PMIN, MU_QMAX, MU_QMIN, PC1, PC2, QC1MIN, QC1MAX, ...
    QC2MIN, QC2MAX, RAMP_AGC, RAMP_10, RAMP_30, RAMP_Q, APF] = idx_gen;
[CT_LABEL, CT_PROB, CT_TABLE, CT_TBUS, CT_TGEN, CT_TBRCH, CT_TAREABUS, ...
    CT_TAREAGEN, CT_TAREABRCH, CT_ROW, CT_COL, CT_CHGTYPE, CT_REP, ...
    CT_REL, CT_ADD, CT_NEWVAL, CT_TLOAD, CT_TAREALOAD, CT_LOAD_ALL_PQ, ...
    CT_LOAD_FIX_PQ, CT_LOAD_DIS_PQ, CT_LOAD_ALL_P, CT_LOAD_FIX_P, ...
    CT_LOAD_DIS_P, CT_TGENCOST, CT_TAREAGENCOST, CT_MODCOST_F, ...
    CT_MODCOST_X] = idx_ct;

windprofile = struct( ...
    'type', 'mpcData', ...
    'table', CT_TGEN, ...
    'rows', [1:45], ...
    'col', PMAX, ...
    'chgtype', 1, ...
    'values', [] );
windprofile.values(:,1,:) = [
	3.7642 50.8621 84.3709 113.3513 14.9935 33.4641 30.0855 6.6725 27.1248 12.3277 22.7875 33.9945 51.1785 42.782 184.6182 69.5538 86.2983 91.4504 79.7275 69.0068 10.0285 78.0829 30.9923 33.3423 43.7771 26.3119 4.4257 1220.2025 812.9456 812.9456 648.6974 88.0494 265.7583 177.6237 134.1273 346.8568 1184.2019 199.5618 449.6737 117.26 106.6834 371.2282 211.039 85.9539 1196.5373;
	3.1663 42.7837 78.6564 44.3799 14.8347 24.8015 29.3605 6.7339 10.1154 13.4551 24.8716 37.1035 55.8592 36.4211 185.256 69.7941 86.5964 91.7663 84.5508 70.4306 9.7868 57.8701 24.6737 36.1923 38.6324 28.696 5.0694 1242.1738 825.3519 825.3519 687.8313 76.9138 281.8361 181.2885 114.1849 352.1501 1219.7872 183.4562 455.0236 103.4797 113.7388 275.1312 207.2202 78.2925 1232.4933;
	3.1433 42.4722 92.1901 50.4309 15.2879 23.3963 30.9475 6.8708 10.0568 13.2764 24.5412 36.6107 55.1172 34.7282 191.136 72.0094 89.345 94.679 86.3674 66.8578 10.3158 54.5914 24.9103 42.6181 43.5187 30.1039 5.7598 1279.6812 840.2246 840.2246 725.2957 95.4365 287.8915 172.0923 108.8777 358.4958 1246.549 202.1939 464.9781 116.5678 32.9048 259.5432 213.7306 124.0665 1259.5339;
	3.5539 48.0204 90.211 53.6257 15.0243 14.3229 31.8904 7.8285 11.5342 13.1747 24.3532 36.3302 54.6949 24.0526 198.9523 74.9541 92.9986 98.5508 84.8198 69.8916 10.6301 33.42 19.213 40.5216 42.9413 32.2447 5.4408 1312.4691 851.9204 851.9204 759.4487 98.9877 282.7328 179.9012 75.4082 363.486 1266.4043 231.7623 472.6261 115.0215 41.8612 158.8884 214.8976 109.3688 1279.596;
	3.6739 49.6425 86.5787 44.0713 14.8224 22.151 30.3029 7.4114 10.9589 11.2782 20.8476 31.1006 46.8217 28.1437 184.3463 69.4514 86.1712 91.3157 85.854 68.6782 10.101 51.6856 0.5111 30.6917 42.895 64.0532 5.3305 1314.6705 847.6645 847.6645 772.2187 103.0355 286.1801 176.7779 88.2344 361.6702 1282.5528 237.7568 466.1771 114.8972 37.8796 245.7283 209.9179 183.4829 1295.9127;
	3.6392 49.1733 94.5782 115.3187 15.0454 33.2915 30.4422 7.1474 11.0631 12.192 22.5367 33.6203 50.6151 27.153 191.0765 71.987 89.3172 94.6495 88.1529 68.8363 10.1474 77.6803 0.9631 34.9626 55.5943 68.7362 5.2872 1263.495 818.6553 818.6553 753.5086 107.8433 293.843 177.1847 85.1283 349.2929 1239.9054 224.849 472.2533 148.9134 71.7251 369.3142 208.529 239.3206 1252.821;
	3.7623 50.8369 92.4722 119.1693 14.9272 34.3003 29.723 10.8354 3.089 10.7003 19.7793 29.5069 44.4225 34.148 194.3737 73.2292 90.8584 96.2828 75.2615 70.9219 9.9077 80.034 22.6042 54.6107 101.2072 74.592 10.9754 1214.626 821.5545 821.5545 741.5557 107.3706 250.8716 182.553 107.0587 350.5299 1254.8838 260.0763 456.1259 271.0906 110.5568 380.5044 205.1884 272.6804 1267.9555;
	3.8169 51.5751 91.5432 118.3185 15.1196 34.4927 29.8862 18.9332 10.0305 10.0253 18.5317 27.6456 41.6203 60.3824 197.8269 74.5301 92.4726 97.9933 75.3627 62.352 9.9621 80.483 1.2997 60.6069 106.3627 74.5561 13.8683 1152.1417 833.6425 833.6425 751.4473 108.3949 251.2091 160.4942 189.307 355.6875 1220.1959 277.6605 471.2818 284.9001 122.1287 382.6391 206.4123 278.5092 1232.9063;
	3.859 52.1435 90.3288 116.0131 15.1584 34.1402 29.2475 18.8458 9.4271 11.1587 20.6267 30.771 46.3255 65.0724 196.2984 73.9543 91.7581 97.2362 45.0504 67.6705 9.7492 79.6605 24.2081 87.5338 105.5232 72.4853 13.8485 840.393 841.341 841.341 767.9752 106.1044 150.1679 174.184 204.0109 358.9721 1199.4267 292.3821 471.4821 282.6515 122.9277 378.7289 209.4646 273.2764 1211.9207;
	3.8996 52.692 89.6017 117.2447 15.3086 34.8442 28.1184 18.3487 18.3165 11.1761 20.6588 30.8188 46.3975 62.3687 185.6957 69.9598 86.802 91.9842 49.2907 61.4228 9.3728 81.3031 23.2422 88.0252 103.6971 70.8575 13.4752 632.919 821.4831 821.4831 739.5221 104.8434 164.3023 158.1024 195.5344 350.4994 1063.8834 258.219 453.8819 277.76 122.0175 386.538 215.8197 277.1519 1074.9655;
	3.8037 51.3967 87.4793 112.9345 15.1473 33.7028 27.9143 17.9723 25.6501 17.5755 32.488 48.4657 72.9649 66.8924 196.5239 74.0392 91.8635 97.3479 38.5988 67.8456 9.3048 78.6399 26.6 84.3513 100.6008 70.0023 13.1494 442.575 797.0775 797.0775 715.6836 99.0766 128.6627 174.6348 209.7166 340.0864 843.4116 258.6477 442.9231 269.4664 121.7874 373.8766 205.73 259.3012 852.1971;
	3.2495 43.9075 86.462 109.6607 14.7081 31.7366 26.6471 17.5375 24.7966 20.1016 37.1576 55.4318 83.4523 65.0034 198.3855 74.7406 92.7337 98.27 53.0521 68.5231 8.8824 74.0522 30.2659 82.3458 96.485 70.8405 12.5841 310.7926 774.3187 774.3187 683.5549 100.7441 176.8404 176.3786 203.7945 330.376 711.3171 256.6602 433.4182 258.442 121.4882 352.0651 186.6023 246.3935 718.7267;
	2.1215 28.6665 88.1631 114.3952 15.0941 21.1522 23.1231 18.6742 25.8851 27.9165 51.6033 76.982 115.8959 64.8296 192.0507 72.354 89.7725 95.1321 92.4089 67.859 7.7077 49.3551 58.434 87.1185 102.6618 70.4014 13.7419 276.666 719.3283 719.3283 657.9849 98.8203 308.0298 174.6691 203.2495 306.9134 605.7008 236.5965 408.9302 274.987 121.6418 234.6481 174.1024 261.7486 612.0102;
	2.2747 30.7361 87.5441 115.5055 14.9684 12.8799 22.6874 18.3848 26.5003 30.7737 56.8847 84.8608 127.7574 60.0718 195.1729 73.5303 91.232 96.6787 91.9815 70.4636 7.5625 30.0531 71.4479 87.3055 102.8474 70.9893 13.547 282.3402 618.2185 618.2185 597.1545 94.7596 306.6049 181.3734 188.3331 263.7732 446.6647 204.5676 434.7287 275.4842 122.2612 142.8811 140.9269 259.179 451.3174;
	2.1976 29.694 87.7696 115.8663 13.085 3.7618 19.5772 17.9641 26.5395 29.4003 54.346 81.0736 122.0558 60.6522 195.9789 73.8339 91.6088 97.0779 87.841 70.3965 6.5257 8.7774 70.5088 88.1993 103.6878 70.7154 13.4962 434.6121 492.4398 492.4398 432.459 88.6594 292.8033 181.2008 190.153 210.1076 389.5379 188.3979 438.5263 277.7353 120.5986 41.7304 118.1762 233.3733 393.5956;
	3.0091 40.6598 86.2182 85.651 14.0936 25.8196 9.1411 18.051 19.9309 28.7058 53.0622 79.1584 119.1726 34.6765 194.617 73.3208 90.9721 96.4033 88.2411 69.1061 3.047 60.2458 68.4566 85.713 101.2618 71.7185 13.4391 459.9386 484.4806 484.4806 384.0906 40.5879 294.1369 177.8792 108.7155 206.7117 400.2559 147.1637 408.8151 271.2371 118.986 286.4257 78.9565 247.4387 404.4252;
	2.9991 40.5245 87.9771 64.8072 14.5011 31.6525 11.5876 18.2496 25.9336 27.7034 51.2092 76.3941 115.0109 52.1631 191.6721 72.2114 89.5956 94.9446 89.4812 69.055 3.8625 73.8558 70.1419 85.1384 103.8687 73.4144 13.5096 558.4297 558.6304 558.6304 400.5136 26.2998 298.2706 177.7477 163.5384 238.349 549.3145 109.3173 165.1373 278.2198 116.2848 351.1315 105.9642 254.6957 555.0365;
	3.1485 42.543 85.8972 54.1738 14.0723 30.5905 24.8816 18.1998 25.1715 11.0935 20.5061 30.5911 46.0547 44.9213 172.7094 65.0673 80.7316 85.5514 77.0222 68.3132 8.2939 71.3778 48.7104 84.8511 101.9201 72.0006 13.26 582.4553 591.6917 591.6917 349.1155 22.7586 256.7406 175.8382 140.8342 252.4551 703.5077 67.9748 369.3707 273.0002 118.2938 339.3503 105.933 179.6326 710.8359;
