function windprofile = ex_wind_profilesh1
%EX_WIND_PROFILE_D  Example wind_load_nyiso profile data for deterministic unit commitment.
% 2022.03.12
% Andres F. Ramirez


%% define constants
[GEN_BUS, PG, QG, QMAX, QMIN, VG, MBASE, GEN_STATUS, PMAX, PMIN, ...
    MU_PMAX, MU_PMIN, MU_QMAX, MU_QMIN, PC1, PC2, QC1MIN, QC1MAX, ...
    QC2MIN, QC2MAX, RAMP_AGC, RAMP_10, RAMP_30, RAMP_Q, APF] = idx_gen;
[CT_LABEL, CT_PROB, CT_TABLE, CT_TBUS, CT_TGEN, CT_TBRCH, CT_TAREABUS, ...
    CT_TAREAGEN, CT_TAREABRCH, CT_ROW, CT_COL, CT_CHGTYPE, CT_REP, ...
    CT_REL, CT_ADD, CT_NEWVAL, CT_TLOAD, CT_TAREALOAD, CT_LOAD_ALL_PQ, ...
    CT_LOAD_FIX_PQ, CT_LOAD_DIS_PQ, CT_LOAD_ALL_P, CT_LOAD_FIX_P, ...
    CT_LOAD_DIS_P, CT_TGENCOST, CT_TAREAGENCOST, CT_MODCOST_F, ...
    CT_MODCOST_X] = idx_ct;

windprofile = struct( ...
    'type', 'mpcData', ...
    'table', CT_TGEN, ...
    'rows', [1:45], ...
    'col', PMAX, ...
    'chgtype', 1, ...
    'values', [] );
windprofile.values(:,1,:) = [
	3.8075 51.4478 82.7494 111.6686 15.0659 36.0041 31.5646 5.6897 26.9386 10.7613 19.8922 29.6752 44.6758 45.319 179.7969 67.7374 84.0446 89.0622 85.4348 67.9249 10.5215 84.0095 2.9056 30.245 36.8546 16.6073 4.305 1235.6129 801.6503 801.6503 638.2627 92.6265 284.7826 174.839 142.0813 342.0375 1216.288 211.2062 459.1302 98.7176 110.756 399.405 213.739 103.2926 1228.9577;
	3.3066 44.6788 77.5127 43.4714 15.1123 31.5832 31.3669 6.1876 9.9101 12.9724 23.9793 35.7724 53.8551 43.4256 186.9579 70.4353 87.3919 92.6094 90.3558 70.4438 10.4556 73.6942 22.3443 30.4957 30.8444 26.9082 5.102 1258.9706 820.7092 820.7092 691.5703 83.5187 301.1861 181.3226 136.1451 350.1692 1269.4177 206.9273 467.5042 82.6188 113.529 350.3634 213.0539 94.1695 1282.6408;
	2.9449 39.7919 86.2191 38.2873 14.5483 25.0154 31.6747 3.8044 8.814 11.8561 21.9158 32.6941 49.2208 39.5279 197.7162 74.4884 92.4208 97.9385 89.4005 66.9076 10.5582 58.3693 2.6512 4.9199 25.318 26.4181 5.218 1273.4498 822.585 822.585 717.2771 93.6578 298.0017 172.2203 123.9254 350.9696 1268.6004 199.2316 462.2168 67.816 28.5417 277.5044 209.3408 122.0688 1281.815;
	3.3853 45.7423 84.1555 46.9664 14.9378 14.8823 31.8582 6.1672 11.0462 12.684 23.4462 34.9771 52.6578 26.0247 200.1283 75.3972 93.5484 99.1333 87.8763 69.0801 10.6194 34.7254 24.8735 20.2545 31.2177 25.606 5.2599 1292.2703 811.2798 811.2798 754.2668 99.2872 292.9209 177.8124 81.591 346.1461 1281.7012 234.0748 467.7967 83.6189 39.3093 165.0947 214.4289 78.7675 1295.0522;
	3.842 51.9133 84.9102 42.8162 15.3998 24.8562 32.3074 6.8513 11.933 10.7926 19.95 29.7614 44.8056 31.1762 176.489 66.4912 82.4983 87.4236 91.328 66.3704 10.7691 57.9978 0.725 22.9223 35.8874 56.1571 5.2536 1270.4547 841.9085 841.9085 809.6524 102.8536 304.4266 170.8377 97.7414 359.2143 1306.9415 251.6026 476.1221 96.1268 40.2478 275.7379 217.1818 185.6508 1320.5555;
	3.7465 50.6228 94.87 116.8981 15.3175 34.8246 31.7429 6.7593 11.3281 11.58 21.4055 31.9328 48.0746 25.345 176.3678 66.4456 82.4417 87.3636 91.7456 60.3118 10.581 81.2573 1.2877 23.0912 52.1594 67.2179 4.933 1205.3973 811.7746 811.7746 777.8785 107.6606 305.8187 155.2428 79.46 346.3572 1245.0637 243.5101 465.269 139.7126 76.5154 386.3205 215.0715 231.2871 1258.0331;
	3.7488 50.6548 91.9868 118.9707 14.9198 34.2379 31.3354 9.7172 10.3239 11.0491 20.4241 30.4687 45.8705 36.2174 186.5503 70.2817 87.2014 92.4075 84.8886 65.2924 10.4451 79.8884 23.8302 41.2078 97.0981 73.9567 9.6698 1160.8718 808.2353 808.2353 776.4276 112.6086 282.9619 168.0627 113.5464 344.847 1247.2005 280.6589 446.0511 260.0842 107.7786 379.8122 209.1315 265.1488 1260.1922;
	3.745 50.603 92.2001 120.1374 15.1599 34.9781 31.8005 18.2274 11.0957 12.0851 22.3391 33.3255 50.1713 62.0484 183.2276 69.0299 85.6482 90.7616 83.1403 40.0282 10.6002 81.6155 24.9447 53.8965 104.3873 73.7172 13.6185 1053.5333 782.8252 782.8252 783.8939 113.6193 277.1343 103.0326 194.5302 334.0054 1180.3673 302.2635 459.1817 279.6088 121.9816 388.0236 211.369 271.5893 1192.6628;
	3.8783 52.4041 93.5055 119.8629 15.3418 34.9579 31.788 18.3699 11.5466 13.2378 24.4699 36.5042 54.9569 64.9083 188.3644 70.9652 88.0494 93.3061 49.4081 51.815 10.596 81.5683 29.9498 86.2204 104.5056 72.5817 14.0105 860.1705 818.374 818.374 779.6016 114.9162 164.6937 133.372 203.4963 349.1729 1191.9194 315.0977 466.5946 279.9258 122.2531 387.7992 217.4229 265.9373 1204.3352;
	3.8808 52.4382 92.5252 120.7964 15.3743 35.0171 32.1171 18.3842 22.4575 13.3114 24.606 36.7073 55.2627 62.8252 186.4178 70.2318 87.1395 92.3418 51.8363 52.2793 10.7057 81.7066 27.6475 88.6541 102.4271 72.0199 13.8814 621.6695 827.9868 827.9868 756.5953 113.3719 172.7875 134.567 196.9654 353.2744 1052.2171 281.1081 471.63 274.3584 119.9099 388.4565 214.9993 267.9241 1063.1777;
	3.9074 52.7978 90.4909 119.6085 15.2296 35.0265 32.3878 17.9822 28.4907 19.7159 36.4446 54.3681 81.8509 68.1034 194.668 73.34 90.996 96.4286 34.5019 61.1326 10.7959 81.7284 29.7058 85.2247 99.8479 71.7656 13.7268 490.3709 787.9604 787.9604 755.7954 106.7217 115.0064 157.3556 213.5135 336.1964 931.9646 286.155 471.0116 267.4498 122.3074 388.5602 214.1331 263.8221 941.6725;
	3.5385 47.8135 89.3148 116.9796 15.1861 33.6341 31.0892 17.9849 28.482 20.7755 38.4032 57.29 86.2498 64.5456 186.8807 70.4062 87.3559 92.5711 47.8724 53.9735 10.3631 78.4795 33.8291 83.9326 99.307 73.3966 13.7265 339.9126 768.6439 768.6439 667.7761 105.2452 159.5747 138.9279 202.3593 327.9547 733.0167 243.0656 471.2376 266.0008 121.5293 373.1138 198.7794 268.403 740.6522;
	2.2165 29.9496 88.7794 111.641 15.085 21.5242 25.419 18.2369 27.6868 27.9482 51.6618 77.0692 116.0273 63.4469 179.0812 67.4678 83.7101 88.7077 89.7694 57.1983 8.473 50.2231 52.7023 83.315 97.2842 72.3613 13.8834 310.277 667.5355 667.5355 589.5561 102.3471 299.2315 147.2286 198.9145 284.8152 615.4335 225.3814 420.2935 260.5828 119.9043 238.7748 169.2505 259.6922 621.8443;
	2.3832 32.2019 88.8879 112.0513 14.805 12.0528 24.9222 17.5296 26.836 30.7997 56.9328 84.9326 127.8655 58.6149 181.9805 68.5601 85.0653 90.1438 86.4984 58.5963 8.3074 28.1233 70.6224 82.2281 97.6989 72.641 13.3934 303.2551 592.0256 592.0256 554.4157 99.0607 288.3278 150.8271 183.7656 252.5976 453.2763 214.7974 438.5249 261.6934 121.5547 133.7063 137.4115 250.3421 457.998;
	2.2064 29.8135 90.2723 112.2455 12.5646 0.0 22.5442 17.7878 26.2011 28.9769 53.5634 79.906 120.298 52.7662 192.789 72.6321 90.1176 95.4978 87.2811 69.6705 7.5147 0.0 68.5189 83.0641 98.2535 73.4102 13.7563 469.2998 488.8684 488.8684 398.8606 91.409 290.937 179.3319 165.4291 208.5838 417.3524 190.1247 441.1385 263.1789 120.557 0.0 109.1073 251.6022 421.6998;
	3.4327 46.3834 93.6052 88.95 14.476 26.6914 16.5149 18.2565 20.6696 28.2077 52.1415 77.7849 117.1047 44.3629 189.9492 71.5623 88.7902 94.0911 88.356 69.386 5.505 62.2798 66.7723 85.3441 100.7005 74.9147 13.7377 513.7478 512.7661 512.7661 415.4221 50.4451 294.5199 178.5997 139.0835 218.7802 479.2863 171.5468 441.4998 269.7335 119.7419 296.0962 84.7846 265.5577 484.2788;
	3.3177 44.8289 93.9536 68.6231 14.3388 31.7843 13.3917 18.4387 24.8598 26.6728 49.3042 73.5522 110.7325 44.4002 184.2611 69.4193 86.1314 91.2735 84.8381 67.7421 4.4639 74.1633 64.9898 85.5152 105.0366 74.1577 13.7723 576.1958 532.8711 532.8711 413.9492 31.1315 282.7938 174.3682 139.2005 227.3584 569.2646 120.5726 151.2957 281.3481 121.5126 352.5937 108.7499 261.5154 575.1944;
	3.8193 51.6076 94.0459 65.8698 14.4257 33.3016 28.0632 18.5926 26.3078 11.8547 21.9132 32.6902 49.2148 58.0586 177.3044 66.7984 82.8795 87.8275 66.956 69.0559 9.3544 77.7038 46.1372 86.5288 104.5969 73.0538 13.608 690.1684 583.8419 583.8419 396.5671 27.5591 223.1868 177.75 182.0217 249.1059 754.5019 82.3015 397.0318 280.1704 123.6722 369.4261 120.2529 267.3602 762.3613;
