function loadprofile = ex_load_profilesh1
%EX_LOAD_PROFILE  Example load profile data file for stochastic unit commitment.
% 2022.03.12
% Andres F. Ramirez

%% define constants
[CT_LABEL, CT_PROB, CT_TABLE, CT_TBUS, CT_TGEN, CT_TBRCH, CT_TAREABUS, ...
    CT_TAREAGEN, CT_TAREABRCH, CT_ROW, CT_COL, CT_CHGTYPE, CT_REP, ...
    CT_REL, CT_ADD, CT_NEWVAL, CT_TLOAD, CT_TAREALOAD, CT_LOAD_ALL_PQ, ...
    CT_LOAD_FIX_PQ, CT_LOAD_DIS_PQ, CT_LOAD_ALL_P, CT_LOAD_FIX_P, ...
    CT_LOAD_DIS_P, CT_TGENCOST, CT_TAREAGENCOST, CT_MODCOST_F, ...
    CT_MODCOST_X] = idx_ct;

loadprofile = struct( ...
    'type', 'mpcData', ...
    'table', CT_TAREALOAD, ...
    'rows', [1:11], ...
    'col', CT_LOAD_ALL_P, ...
    'chgtype', 1, ...
    'values', [] );
loadprofile.values(:,1,:) = [
	1465.8034 896.2843 1573.6 600.8729 780.3982 1321.2718 896.0068 288.3 532.4 4686.9672 1843.576;
	1404.348 879.6 1537.384 594.6 763.3702 1287.4339 870.0808 272.8 513.6091 4535.4667 1752.4133;
	1437.9611 890.3456 1544.1624 601.8055 768.3339 1299.27 875.0555 268.1283 520.7103 4502.6906 1721.4356;
	1416.9529 890.7176 1484.3284 598.8434 768.0778 1263.658 871.4809 259.2 519.5578 4497.9134 1728.9861;
	1491.5104 932.8332 1630.1935 604.2037 839.1725 1348.7483 932.5756 290.929 544.5096 4684.5145 1835.5077;
	1543.5971 992.934 1721.5937 614.0 883.5436 1382.6388 998.0832 310.896 589.9447 4777.602 1938.655;
	1570.7 1043.8606 1792.9234 612.2 940.9933 1430.1352 1038.4785 325.0 613.8319 4933.6498 2006.233;
	1633.7201 1097.8432 1836.2371 621.0405 999.8737 1474.6953 1058.2775 322.8555 618.4664 5122.3121 1997.3637;
	1697.1946 1114.2579 1839.4208 610.498 1025.5201 1517.5682 1083.5301 332.6385 640.0726 5395.221 2079.8006;
	1662.8131 1079.0109 1851.9355 607.63 1011.3088 1563.79 1079.2512 328.8863 646.9259 5450.7552 2016.0594;
	1685.2 1085.4733 1822.377 601.7 991.0828 1548.1875 1056.0227 314.8758 645.2748 5403.4476 1897.4043;
	1665.6878 1084.4907 1839.6462 581.0 1004.5 1517.2983 1034.5276 328.0 642.8993 5456.2 1953.58;
	1681.0418 1071.1327 1777.6946 579.6574 960.6711 1484.3274 1046.1408 330.2455 636.2042 5424.1439 1948.4782;
	1655.3886 1059.6 1697.3107 570.9 944.001 1423.4097 1029.9644 332.9469 638.4506 5386.9491 1907.7416;
	1679.9633 1092.3587 1760.4536 559.8 937.6525 1391.7573 1023.3927 329.3 653.2 5404.2165 1951.4712;
	1705.9094 1103.9423 1798.663 580.3807 983.9 1448.1 1069.5647 356.9988 674.603 5511.0752 2123.4787;
	1710.3232 1104.742 1816.7637 587.5683 983.6999 1519.5954 1130.5942 369.1 709.5133 5718.126 2197.7627;
	1757.8 1166.5149 1909.002 603.0585 1060.2944 1571.9034 1167.3725 371.9602 727.0 5797.2936 2302.8789;
	1805.8 1180.7219 1923.8004 595.0214 1035.9866 1564.7864 1156.0172 381.8629 746.4164 5841.8982 2301.0;
	1712.3495 1101.1967 1832.2084 581.0737 972.6 1477.4745 1096.1177 357.5656 710.779 5607.4229 2183.0338;
	1641.7005 1040.9864 1737.9933 565.1462 905.3 1372.7897 1034.5627 326.6369 675.2321 5415.9792 2058.4;
	1555.9492 970.8239 1613.5534 537.3 836.6823 1270.0816 938.6795 301.8 616.503 5115.2046 1901.5704;
	1467.3 919.4852 1571.0066 527.0503 828.0426 1155.3164 899.5274 280.6833 539.1161 4765.3144 1691.9414;
	1451.9144 895.9514 1545.6774 531.9527 780.7292 1125.6548 878.4951 274.4003 519.6507 4559.6904 1666.7911;
];
