function loadprofile = ex_load_profilesh1
%EX_LOAD_PROFILE  Example load profile data file for stochastic unit commitment.
% 2022.03.12
% Andres F. Ramirez

%% define constants
[CT_LABEL, CT_PROB, CT_TABLE, CT_TBUS, CT_TGEN, CT_TBRCH, CT_TAREABUS, ...
    CT_TAREAGEN, CT_TAREABRCH, CT_ROW, CT_COL, CT_CHGTYPE, CT_REP, ...
    CT_REL, CT_ADD, CT_NEWVAL, CT_TLOAD, CT_TAREALOAD, CT_LOAD_ALL_PQ, ...
    CT_LOAD_FIX_PQ, CT_LOAD_DIS_PQ, CT_LOAD_ALL_P, CT_LOAD_FIX_P, ...
    CT_LOAD_DIS_P, CT_TGENCOST, CT_TAREAGENCOST, CT_MODCOST_F, ...
    CT_MODCOST_X] = idx_ct;

loadprofile = struct( ...
    'type', 'mpcData', ...
    'table', CT_TAREALOAD, ...
    'rows', [1:11], ...
    'col', CT_LOAD_ALL_P, ...
    'chgtype', 1, ...
    'values', [] );
loadprofile.values(:,1,:) = [
	1518.0777 967.1673 1674.1853 593.4 914.7233 1259.2734 886.7462 273.0451 544.1618 4653.3532 1953.2415;
	1483.2585 933.9445 1610.1317 597.5254 834.7892 1195.808 855.1243 251.7 518.8426 4463.6804 1809.4139;
	1485.6126 943.8 1629.1197 602.2434 862.7699 1205.6 857.4 259.2657 509.9865 4342.6305 1789.9016;
	1500.9601 960.3642 1646.3591 614.9108 864.917 1226.074 873.3 262.8 522.3005 4475.6767 1813.6989;
	1545.2121 980.8 1716.2909 628.0966 929.1948 1289.7662 893.1476 256.0478 541.8882 4551.7359 1853.2;
	1559.7994 998.1 1771.3652 636.2258 969.2035 1332.4 928.2264 253.4249 564.0 4585.1277 1895.8633;
	1553.1085 1018.2 1781.4166 653.9 1011.8 1363.8796 991.4656 246.4931 611.5341 4781.5292 2040.3039;
	1584.6828 1042.9143 1826.562 668.2128 1055.7106 1415.6 1021.6793 279.9328 632.1341 4785.6483 2059.0035;
	1604.348 1061.242 1864.4 650.5855 1084.8671 1437.4113 1042.2086 303.0108 639.6421 5116.2385 2061.4526;
	1595.6074 1060.27 1868.2 648.9873 1092.368 1452.8 1061.3007 327.4335 669.5888 5394.0594 2104.9179;
	1575.2039 1061.4355 1870.9949 636.1296 1072.4294 1500.3166 1078.8141 316.3296 666.9836 5493.3713 2060.8989;
	1571.1916 1044.7165 1841.5592 614.7105 1042.7604 1468.8466 1064.0004 316.4 661.8 5408.3798 2032.1731;
	1550.7262 1016.5727 1726.3393 609.3961 988.287 1398.1544 1047.2707 315.4168 664.028 5264.6 2021.9241;
	1589.2509 1040.8 1746.5829 605.5745 994.6 1409.1009 1079.9828 309.5133 644.3104 5357.0 2099.3622;
	1608.8588 1071.1717 1814.4446 607.6423 1024.757 1442.6 1075.5308 307.846 636.236 5341.0884 2161.9695;
	1589.4048 1086.9619 1849.9037 624.5052 1061.1523 1484.4451 1093.6347 314.4736 646.1367 5346.4829 2222.8122;
	1613.8006 1128.4645 1884.5737 618.6 1091.521 1572.0394 1139.0474 321.2621 684.9017 5501.859 2374.5429;
	1681.9112 1166.8305 1939.646 626.8329 1127.4511 1602.7952 1173.6763 336.5905 716.907 5600.2274 2396.2196;
	1716.9096 1167.1855 1941.8543 609.6907 1093.7907 1532.1237 1134.0 330.4735 702.4571 5506.6802 2351.5898;
	1662.7144 1123.7457 1894.5332 596.8031 1051.025 1433.8285 1102.5149 320.4643 670.8606 5499.3546 2298.4374;
	1575.2641 1043.4629 1784.3816 572.352 968.3295 1331.738 1000.4533 301.291 599.0732 5275.157 2117.4304;
	1512.6285 989.5932 1696.9787 550.5 877.2814 1225.3666 912.8377 269.63 550.1825 4907.5427 1926.1416;
	1489.8795 932.3969 1600.929 547.9224 816.2145 1118.3934 877.2 261.5304 505.0588 4675.2947 1781.3;
	1437.1 923.1796 1552.9925 545.8 779.7123 1108.3575 861.5602 242.3204 513.215 4546.1443 1702.3977;
];
