function windprofile = ex_wind_profilesh1
%EX_WIND_PROFILE_D  Example wind_load_nyiso profile data for deterministic unit commitment.
% 2022.03.12
% Andres F. Ramirez


%% define constants
[GEN_BUS, PG, QG, QMAX, QMIN, VG, MBASE, GEN_STATUS, PMAX, PMIN, ...
    MU_PMAX, MU_PMIN, MU_QMAX, MU_QMIN, PC1, PC2, QC1MIN, QC1MAX, ...
    QC2MIN, QC2MAX, RAMP_AGC, RAMP_10, RAMP_30, RAMP_Q, APF] = idx_gen;
[CT_LABEL, CT_PROB, CT_TABLE, CT_TBUS, CT_TGEN, CT_TBRCH, CT_TAREABUS, ...
    CT_TAREAGEN, CT_TAREABRCH, CT_ROW, CT_COL, CT_CHGTYPE, CT_REP, ...
    CT_REL, CT_ADD, CT_NEWVAL, CT_TLOAD, CT_TAREALOAD, CT_LOAD_ALL_PQ, ...
    CT_LOAD_FIX_PQ, CT_LOAD_DIS_PQ, CT_LOAD_ALL_P, CT_LOAD_FIX_P, ...
    CT_LOAD_DIS_P, CT_TGENCOST, CT_TAREAGENCOST, CT_MODCOST_F, ...
    CT_MODCOST_X] = idx_ct;

windprofile = struct( ...
    'type', 'mpcData', ...
    'table', CT_TGEN, ...
    'rows', [1:45], ...
    'col', PMAX, ...
    'chgtype', 1, ...
    'values', [] );
windprofile.values(:,1,:) = [
	3.9526 53.4089 85.7068 114.5131 15.182 35.6397 31.7883 6.4213 28.0116 11.553 21.3555 31.8582 47.9624 43.4267 185.6534 69.9438 86.7822 91.9632 84.8695 69.2084 10.5961 83.1592 17.4454 35.8593 44.8122 26.2578 4.7076 1285.6913 837.2629 837.2629 717.7839 84.2872 282.8984 178.1425 136.1486 357.2322 1288.5471 219.8137 477.8274 120.0328 115.1474 395.3627 218.2403 113.4154 1301.9694;
	3.5728 48.277 81.2005 45.6947 15.3073 29.9058 31.1682 6.1031 10.9222 13.0922 24.2007 36.1027 54.3525 39.5247 182.0864 68.6 85.1148 90.1963 86.9053 69.5628 10.3894 69.7802 27.1517 38.5039 39.9281 30.3922 4.4941 1311.0434 836.4101 836.4101 760.8311 77.0991 289.6842 179.0549 123.9153 356.8683 1307.5707 217.1206 477.9661 106.9502 117.3683 331.7552 218.6462 102.576 1321.1912;
	3.3706 45.5443 87.2 47.3731 15.1855 24.7388 31.585 6.3971 9.8814 13.5693 25.0826 37.4184 56.3331 39.3554 190.5563 71.791 89.074 94.3918 88.4427 63.6876 10.5283 57.7238 28.4647 38.8877 36.5308 30.109 5.718 1316.0449 836.7635 836.7635 751.833 90.1787 294.809 163.9319 123.3845 357.0191 1318.2922 215.0752 475.798 97.8505 27.8976 274.4353 217.608 126.1502 1332.0244;
	3.6156 48.8543 83.4671 46.7971 14.6733 14.6224 31.7419 6.8095 9.5796 13.3476 24.6728 36.807 55.4128 25.9181 192.2158 72.4162 89.8497 95.2139 85.9684 66.8552 10.5806 34.1189 28.5744 34.4094 31.983 30.2724 5.067 1317.5241 823.4996 823.4996 784.0403 97.6055 286.5614 172.0854 81.2567 351.3598 1338.9825 239.0048 467.4766 85.6689 26.65 162.2111 215.7734 113.3265 1352.9303;
	3.7941 51.2662 79.3357 41.3924 15.0626 23.1117 31.8057 6.888 10.9534 12.8633 23.7776 35.4715 53.4022 31.3475 170.1135 64.0893 79.5182 84.2655 87.7825 64.0309 10.6019 53.9272 10.8764 27.0044 37.2028 63.3016 5.199 1258.9383 816.8903 816.8903 785.6865 104.6647 292.6083 164.8158 98.2786 348.5398 1317.3367 246.7766 474.5222 99.6505 25.2101 256.3855 214.3329 197.2492 1331.059;
	3.6854 49.7979 89.6258 110.6374 14.6442 33.706 31.2357 6.4816 10.166 13.8854 25.6669 38.2899 57.6453 27.0326 189.7553 71.4892 88.6996 93.9951 90.4152 65.783 10.4119 78.6472 15.0222 24.539 46.0228 66.3368 5.1634 1240.775 799.7444 799.7444 735.8948 112.3327 301.3839 169.3257 84.7507 341.2243 1289.7319 243.4757 466.9908 123.2753 65.0932 373.9114 213.4588 247.0181 1303.1666;
	3.8581 52.1319 88.9751 117.7186 14.8994 35.0981 31.6046 11.637 10.9929 13.7594 25.434 37.9425 57.1222 39.3925 200.0643 75.3731 93.5184 99.1016 87.5795 69.5093 10.5349 81.8956 26.0645 50.0577 99.0264 75.2036 11.5098 1190.1124 820.5095 820.5095 728.2566 115.802 291.9316 178.9171 123.5007 350.084 1326.4973 289.2037 469.2325 265.2492 109.9539 389.3552 215.3534 271.9294 1340.315;
	3.6524 49.3515 86.4285 111.7045 14.6561 34.1482 30.1256 18.3645 10.068 12.4191 22.9566 34.2467 51.5582 62.8391 199.2995 75.0849 93.1609 98.7228 88.828 61.0454 10.0419 79.6792 23.993 51.4051 101.1853 74.2638 13.7239 1076.6554 779.1117 779.1117 710.2172 119.9533 296.0932 157.1311 197.0091 332.421 1222.3693 298.3012 449.2729 271.032 116.8776 378.8178 202.7363 270.1456 1235.1024;
	3.7038 50.0458 86.9964 109.9857 14.8511 33.2006 29.1512 17.7215 7.871 12.5574 23.2122 34.628 52.1323 65.6988 199.1216 75.0179 93.0778 98.6347 56.6599 67.0437 9.7171 77.4681 25.9878 84.4046 100.2187 71.332 13.3502 785.8939 816.6801 816.6801 749.5184 115.4417 188.8664 172.5708 205.9746 348.4502 1218.6499 295.4474 453.6893 268.4429 118.2811 368.3053 208.9308 264.6234 1231.3442;
	3.6739 49.6424 89.1283 114.863 14.626 34.5796 30.4974 17.7973 20.489 12.2612 22.6646 33.8111 50.9025 65.2183 194.1272 73.1363 90.7432 96.1607 59.8476 61.0022 10.1658 80.6858 25.9672 87.3101 100.2735 72.208 13.191 620.0821 836.2067 836.2067 767.3369 111.6934 199.4921 157.0198 204.4681 356.7815 1089.3898 275.3949 474.3475 268.5898 121.1962 383.6031 210.8187 264.7679 1100.7377;
	3.6203 48.9176 87.4509 114.5176 14.6877 34.0777 30.3054 17.5803 26.1681 17.5985 32.5305 48.5291 73.0603 68.2416 199.5473 75.1783 93.2768 98.8455 43.1861 68.9322 10.1018 79.5146 25.5526 83.9354 98.33 71.2602 13.3628 395.1149 810.3645 810.3645 744.8603 102.3036 143.9538 177.4316 213.9467 345.7555 907.3266 278.8438 466.8687 263.3838 119.8891 378.0351 204.2347 253.1044 916.778;
	3.1011 41.903 87.5977 114.0119 14.8765 32.024 29.287 17.7086 27.7038 21.0605 38.93 58.0759 87.4329 65.8697 194.4773 73.2682 90.9068 96.3341 55.74 66.835 9.7623 74.7226 34.7172 86.2696 99.7105 74.0132 13.3499 213.4834 787.3924 787.3924 709.8521 110.3078 185.8001 172.0335 206.5104 335.9541 711.6426 262.0235 468.0713 267.0817 118.1333 355.2524 189.1555 248.7595 719.0555;
	1.6546 22.3571 85.6287 110.6806 14.0919 19.0357 22.7235 18.0301 25.6363 27.2387 50.3504 75.1129 113.082 64.2442 187.1199 70.4963 87.4677 92.6896 92.3073 61.73 7.5745 44.4166 47.9255 82.4172 96.2405 72.1857 13.676 171.5544 683.0758 683.0758 615.2008 104.2581 307.691 158.8932 201.4143 291.4457 627.4385 234.1354 426.7932 257.7869 116.5411 211.169 172.3902 254.5777 633.9743;
	2.1193 28.6364 86.4657 114.3597 14.6574 12.9424 23.0519 17.9443 26.0579 30.2109 55.8443 83.3088 125.4209 63.866 188.4158 70.9846 88.0734 93.3316 89.481 67.0397 7.684 30.1989 71.1827 83.7998 98.2342 72.952 13.382 242.0443 614.3312 614.3312 583.2934 101.2437 298.27 172.5605 200.2284 262.1146 476.6404 206.3688 441.9283 263.1272 119.4333 143.5743 146.3427 253.4205 481.6054;
	2.0291 27.4181 81.4537 109.7228 12.5056 0.1852 19.2205 17.7881 25.9617 28.1345 52.0063 77.5831 116.8009 62.6423 202.3591 76.2376 94.5911 100.2384 90.8151 72.0254 6.4068 0.4321 68.6503 83.4175 96.0288 70.1935 13.6265 412.3577 495.1701 495.1701 437.6778 96.0551 302.7169 185.3937 196.3921 211.2726 438.3438 193.1123 444.9854 257.22 116.4794 2.0545 115.43 195.8862 442.9099;
	3.1376 42.3954 81.8179 79.0419 14.2358 24.9359 14.1005 18.2509 20.9431 28.1831 52.0961 77.7171 117.0026 53.1264 194.7959 73.3882 91.0558 96.4919 89.4078 69.6238 4.7002 58.1837 67.8018 85.9621 97.8575 71.724 13.6618 450.676 538.4844 538.4844 430.2662 51.7079 298.0258 179.2117 166.5583 229.7534 497.3541 166.4237 450.4329 262.1183 116.1137 276.6221 79.163 235.2514 502.5349;
	3.0014 40.555 86.2166 61.2842 14.6928 31.4562 11.9628 18.1971 25.8247 25.7144 47.5327 70.9095 106.7538 61.024 193.0739 72.7395 90.2508 95.6389 89.9789 70.4955 3.9876 73.3978 68.4733 86.6933 101.6886 72.0849 13.5674 522.1115 588.5288 588.5288 455.9613 31.9799 299.9297 181.4557 191.3185 251.1056 588.0956 124.2594 162.2578 272.3802 116.8968 348.9541 101.6645 255.7108 594.2216;
	3.5407 47.8428 86.4458 59.4021 14.5867 31.2605 24.3797 18.497 25.687 11.0933 20.5058 30.5907 46.0541 59.918 184.0097 69.3246 86.0139 91.149 72.9167 71.0071 8.1266 72.9412 45.6914 87.8079 102.3579 72.4761 13.6022 616.8128 588.54 588.54 416.2964 32.2217 243.0558 182.7725 187.8512 251.1104 746.0104 82.2797 354.2302 274.1729 120.0671 346.7835 113.1343 244.8895 753.7814;
