function loadprofile = ex_load_profilesh1
%EX_LOAD_PROFILE  Example load profile data file for stochastic unit commitment.
% 2022.03.12
% Andres F. Ramirez

%% define constants
[CT_LABEL, CT_PROB, CT_TABLE, CT_TBUS, CT_TGEN, CT_TBRCH, CT_TAREABUS, ...
    CT_TAREAGEN, CT_TAREABRCH, CT_ROW, CT_COL, CT_CHGTYPE, CT_REP, ...
    CT_REL, CT_ADD, CT_NEWVAL, CT_TLOAD, CT_TAREALOAD, CT_LOAD_ALL_PQ, ...
    CT_LOAD_FIX_PQ, CT_LOAD_DIS_PQ, CT_LOAD_ALL_P, CT_LOAD_FIX_P, ...
    CT_LOAD_DIS_P, CT_TGENCOST, CT_TAREAGENCOST, CT_MODCOST_F, ...
    CT_MODCOST_X] = idx_ct;

loadprofile = struct( ...
    'type', 'mpcData', ...
    'table', CT_TAREALOAD, ...
    'rows', [1:11], ...
    'col', CT_LOAD_ALL_P, ...
    'chgtype', 1, ...
    'values', [] );
loadprofile.values(:,1,:) = [
	1544.7206 952.47 1618.756 589.7382 790.4313 1274.5 956.5829 298.8 562.8 4742.7 1859.6076;
	1499.0753 918.931 1569.9642 571.1 757.4 1243.7933 927.5908 279.8137 536.9642 4548.6224 1787.8;
	1534.5924 935.4 1612.2 571.3942 780.9 1263.4913 930.6866 272.7 531.0 4548.6019 1786.7891;
	1548.6405 949.1545 1625.4274 585.3598 801.7545 1258.9308 925.9096 277.6 537.5 4541.1 1798.4;
	1573.392 984.8 1663.2279 618.8686 873.2745 1333.1581 969.4397 302.5446 570.7898 4687.9661 1909.4206;
	1657.7343 1044.7868 1755.4271 627.0662 932.9 1397.4214 1019.5 322.5075 611.7461 4899.7493 2036.7901;
	1686.8898 1036.6312 1791.7932 620.6483 977.1873 1447.588 1067.5098 340.2 625.0781 5033.647 2080.2795;
	1696.0699 1049.2962 1789.2271 598.4178 1001.4927 1487.2141 1098.961 340.5352 664.7193 5210.4452 2143.4156;
	1691.7553 1075.2445 1841.7349 603.3 1029.4319 1570.398 1135.9872 352.6 670.4 5333.5712 2205.894;
	1715.1548 1076.3 1797.9766 597.02 1028.2201 1574.8539 1112.066 342.3133 655.3636 5342.0875 2158.6416;
	1744.9744 1048.3929 1782.481 588.4727 1006.2965 1563.6037 1097.8153 308.8462 648.2549 5224.2793 2185.1151;
	1726.4999 1036.2916 1759.5998 561.1152 983.9 1533.321 1074.2125 307.3831 641.3026 5261.3594 2109.4786;
	1731.62 1038.4266 1760.7746 556.5174 971.1292 1572.3905 1125.4584 292.9324 645.0707 5257.8079 2114.6061;
	1650.2954 1018.4395 1720.3359 557.0986 932.5313 1534.2264 1083.3877 285.0311 626.4183 4946.8783 1991.0;
	1661.6681 987.035 1731.3651 550.9459 911.7137 1544.0429 1099.7968 281.8731 628.5 5029.1604 2074.4;
	1702.1483 1074.3 1862.4517 571.1892 984.1861 1611.902 1144.6811 289.0156 664.9 5258.012 2209.607;
	1677.3999 1074.5907 1884.9 600.6316 985.6801 1606.7833 1164.5098 325.9791 687.423 5387.8952 2324.2738;
	1732.7734 1152.5047 1999.0198 619.5 1024.3178 1658.1165 1255.9238 346.7091 722.2597 5615.3166 2517.0742;
	1767.0527 1133.4 1980.8054 639.6594 993.501 1615.969 1208.2347 338.4054 714.0417 5538.2757 2407.1627;
	1721.7052 1074.6447 1875.0052 613.7841 922.6025 1502.881 1141.4562 319.9 679.5039 5425.7145 2304.9156;
	1654.3401 1015.4545 1772.0014 572.5739 861.7008 1407.4265 1089.3 300.3671 634.017 5303.8587 2186.645;
	1625.892 961.4 1687.7 560.7666 799.9121 1310.2732 997.1913 264.0018 573.9764 5068.5184 1988.9062;
	1572.8472 924.2792 1567.262 577.5631 779.2629 1150.9221 957.026 246.4961 519.1406 4735.6773 1781.3191;
	1572.0428 914.4693 1543.4092 549.1865 743.3151 1134.7 938.4782 242.7833 499.2 4553.4792 1715.6911;
];
