function windprofile = ex_wind_profilesh1
%EX_WIND_PROFILE_D  Example wind_load_nyiso profile data for deterministic unit commitment.
% 2022.03.12
% Andres F. Ramirez


%% define constants
[GEN_BUS, PG, QG, QMAX, QMIN, VG, MBASE, GEN_STATUS, PMAX, PMIN, ...
    MU_PMAX, MU_PMIN, MU_QMAX, MU_QMIN, PC1, PC2, QC1MIN, QC1MAX, ...
    QC2MIN, QC2MAX, RAMP_AGC, RAMP_10, RAMP_30, RAMP_Q, APF] = idx_gen;
[CT_LABEL, CT_PROB, CT_TABLE, CT_TBUS, CT_TGEN, CT_TBRCH, CT_TAREABUS, ...
    CT_TAREAGEN, CT_TAREABRCH, CT_ROW, CT_COL, CT_CHGTYPE, CT_REP, ...
    CT_REL, CT_ADD, CT_NEWVAL, CT_TLOAD, CT_TAREALOAD, CT_LOAD_ALL_PQ, ...
    CT_LOAD_FIX_PQ, CT_LOAD_DIS_PQ, CT_LOAD_ALL_P, CT_LOAD_FIX_P, ...
    CT_LOAD_DIS_P, CT_TGENCOST, CT_TAREAGENCOST, CT_MODCOST_F, ...
    CT_MODCOST_X] = idx_ct;

windprofile = struct( ...
    'type', 'mpcData', ...
    'table', CT_TGEN, ...
    'rows', [1:45], ...
    'col', PMAX, ...
    'chgtype', 1, ...
    'values', [] );
windprofile.values(:,1,:) = [
	3.9282 53.0783 88.1045 119.3992 15.3681 36.278 32.55 7.6025 28.3357 13.7395 25.3972 37.8877 57.0396 52.5448 180.9833 68.1844 84.5992 89.6499 86.8055 72.3789 10.85 84.6487 35.3552 39.099 45.8628 25.943 4.9988 1266.4697 847.8145 847.8145 732.7808 89.8297 289.3518 186.3035 164.7351 361.7342 1302.2945 221.3168 479.0322 122.8468 115.3497 402.444 218.0585 119.4637 1315.8601;
	3.3441 45.1857 79.9785 46.2351 15.2783 31.5946 31.5903 7.5536 11.1042 13.7971 25.5037 38.0466 57.2789 50.6426 186.9234 70.4223 87.3758 92.5923 90.4957 72.8671 10.5301 73.7206 29.6897 34.3973 37.894 27.6609 5.435 1276.8134 840.5626 840.5626 767.8957 85.1567 301.6525 187.56 158.7715 358.6401 1319.1668 222.9938 476.5906 101.5017 118.0474 350.4889 218.9108 95.4309 1332.9081;
	3.1465 42.5166 89.4937 50.5516 15.1711 26.3491 32.1204 6.3825 10.8074 13.5747 25.0925 37.4331 56.3554 45.8394 189.4242 71.3645 88.5448 93.8311 86.2639 68.398 10.7068 61.4812 29.9157 38.5177 37.3458 25.8296 5.6887 1283.652 838.0111 838.0111 774.4121 98.9128 287.5462 176.0565 143.7127 357.5514 1323.2284 230.0156 477.7055 100.0334 36.5177 292.2993 218.9159 129.9974 1337.0121;
	3.5445 47.8935 86.8547 50.003 15.1419 15.9361 32.3897 6.6385 12.6729 12.7153 23.5041 35.0635 52.7879 31.5976 187.93 70.8015 87.8463 93.0909 83.757 69.0725 10.7966 37.1843 27.3466 32.5698 31.9721 9.8097 5.2766 1300.7102 846.5317 846.5317 784.0731 104.5638 279.1901 177.7927 99.0628 361.1868 1337.3481 255.6939 477.5202 85.6396 35.9287 176.7848 219.4923 121.8148 1351.2788;
	3.8392 51.8758 83.8247 43.0293 15.2705 23.4741 32.2002 7.0454 12.5587 11.6538 21.5419 32.1363 48.381 37.1662 173.3127 65.2945 81.0136 85.8502 86.0839 69.9564 10.7334 54.7729 4.6313 29.6834 39.1618 55.22 5.4046 1213.0773 825.2172 825.2172 782.5448 103.4708 286.9462 180.068 116.521 352.0927 1290.0004 246.3004 474.9779 104.8976 36.5309 260.4062 219.3069 193.2613 1303.4379;
	3.876 52.3739 94.6308 117.0638 15.2965 34.7397 32.4507 7.5501 13.1669 12.8769 23.8028 35.5091 53.4588 36.5613 180.3474 67.9448 84.3019 89.3349 88.6827 68.2746 10.8169 81.0592 14.7626 34.0332 58.8784 65.8854 5.4968 1124.4785 831.1083 831.1083 805.0043 115.4249 295.609 175.7391 114.6245 354.6062 1280.8695 256.7044 478.4295 157.7099 70.4204 385.3787 219.3402 251.8116 1294.2119;
	3.9858 53.8569 93.5621 119.8977 15.2967 35.5044 32.23 12.0415 11.3158 12.9401 23.9196 35.6833 53.721 52.0884 189.9884 71.577 88.8085 94.1105 83.8651 71.6448 10.7433 82.8436 24.4853 54.3241 103.2033 74.039 11.1395 1123.4784 836.0482 836.0482 785.4464 112.0976 279.5502 184.4139 163.3043 356.7139 1316.6632 290.7461 475.5599 276.4374 112.4431 393.8623 219.5769 281.2086 1330.3785;
	3.9287 53.0859 94.7291 120.867 15.3651 35.1495 31.4397 19.0356 10.6431 11.8708 21.943 32.7346 49.2817 66.4663 182.3121 68.685 85.2203 90.3081 80.0778 57.0663 10.4799 82.0155 23.661 62.6743 106.2717 75.3158 13.9278 1092.0759 832.9254 832.9254 770.4626 113.1533 266.9259 146.8888 208.381 355.3815 1299.1795 304.4447 470.8607 284.6564 118.7892 389.925 219.0526 284.8779 1312.7126;
	3.9117 52.8563 93.919 119.382 14.617 34.7283 30.3578 19.1305 9.7683 13.2525 24.497 36.5447 55.0178 65.6106 191.8114 72.2638 89.6607 95.0136 48.0676 66.2575 10.1193 81.0328 29.2449 88.8189 106.0515 74.7794 13.965 808.2873 827.3136 827.3136 777.3679 110.894 160.2253 170.547 205.698 352.9871 1223.4671 331.4126 454.6821 284.0665 122.5149 385.2531 218.4762 283.0127 1236.2115;
	3.8849 52.4935 92.9225 119.0667 14.8231 34.4677 30.8143 18.9517 20.3873 11.7458 21.712 32.39 48.7629 65.6555 181.7433 68.4707 84.9544 90.0263 52.5064 56.8745 10.2714 80.4247 24.878 89.2065 105.0175 74.7645 13.5998 668.7128 845.7374 845.7374 801.4199 113.106 175.0215 146.395 205.8388 360.848 1195.6708 308.2791 446.3183 281.2968 122.5725 382.3622 214.3623 281.8785 1208.1257;
	3.8058 51.4249 91.9173 116.6297 14.8263 34.192 30.5263 18.3259 27.3968 17.4127 32.1871 48.0168 72.289 69.4586 193.8719 73.0401 90.6238 96.0342 37.6316 63.0925 10.1754 79.7814 28.2407 86.609 101.3156 73.6215 13.0778 483.0947 808.8729 808.8729 781.8595 107.3302 125.4388 162.4003 217.7622 345.1191 998.4289 299.6329 437.2836 271.381 122.5801 379.3035 205.0243 264.3793 1008.8292;
	3.3262 44.9445 92.175 117.3213 15.0199 32.4109 29.0611 18.2909 27.9789 20.9253 38.6801 57.7031 86.8717 68.7557 196.691 74.1022 91.9416 97.4307 52.2859 61.7245 9.687 75.6255 36.9344 88.3649 100.0194 74.4023 12.7019 332.9833 772.4836 772.4836 739.8614 112.4806 174.2863 158.879 215.5586 329.593 797.44 279.093 449.6807 267.9092 121.5406 359.5451 182.8165 260.3074 805.7467;
	2.097 28.3356 91.4586 115.1855 14.5496 20.692 25.2035 18.4798 27.2391 28.3498 52.4043 78.1768 117.6948 68.2658 194.2893 73.1974 90.8189 96.241 92.2589 65.8221 8.4012 48.2812 64.8058 87.9529 99.0142 71.8608 13.4811 338.5447 718.7686 718.7686 676.6251 111.0684 307.5296 169.4263 214.0226 306.6746 721.385 251.3135 425.6266 265.2165 119.2206 229.5427 172.3756 269.9593 728.8994;
	2.4191 32.6871 92.9453 114.1879 14.5164 12.3159 24.7044 18.0877 27.1785 30.6568 56.6687 84.5386 127.2724 68.4334 203.0352 76.4923 94.9072 100.5733 92.0967 71.7096 8.2348 28.7371 74.831 83.6326 99.2398 71.8052 13.2693 326.5468 614.1938 614.1938 638.091 109.631 306.9891 184.5808 214.5479 262.056 521.8812 228.5432 439.3123 265.8209 121.8238 136.6243 139.0717 264.6557 527.3175;
	2.3207 31.3584 91.9925 114.2086 13.1831 0.1443 21.9447 18.4481 27.1506 30.3759 56.1494 83.7638 126.106 64.871 205.9571 77.5931 96.273 102.0206 90.9923 73.5472 7.3149 0.3367 75.1582 85.1555 98.9885 70.7667 13.5289 483.6472 501.7334 501.7334 460.7769 100.842 303.3077 189.3106 203.3793 214.0729 458.4556 211.0996 439.922 265.1478 119.0345 1.6007 116.5208 252.7013 463.2312;
	3.6061 48.7262 94.8343 94.4613 14.7168 27.0329 17.522 18.9481 24.4342 30.6933 56.736 84.639 127.4235 59.2111 206.111 77.6511 96.3449 102.0969 91.7501 73.9553 5.8407 63.0768 75.0543 88.1252 100.3516 74.0165 13.7334 541.0086 545.8368 545.8368 451.1061 52.9932 305.8336 190.3611 185.6347 232.8904 518.9464 176.9207 453.543 268.7991 117.9464 299.8851 86.3425 266.1606 524.3521;
	3.3041 44.6451 94.6042 70.1096 14.8679 32.0772 15.1623 19.0433 28.0029 28.2982 52.3089 78.0345 117.4806 66.205 204.5466 77.0617 95.6136 101.3219 90.5617 73.7741 5.0541 74.8467 72.9882 86.062 103.7791 74.9103 13.7073 624.1764 614.7044 614.7044 499.4423 34.7437 301.8722 189.8946 207.5616 262.2739 637.908 129.8191 189.3067 277.9797 119.8488 355.8428 111.7275 272.4917 644.5529;
	3.6711 49.6049 93.3228 68.1452 14.7944 32.0919 28.8858 19.0997 27.2235 13.5992 25.1379 37.5009 56.4574 68.2194 194.2558 73.1848 90.8033 96.2244 74.1935 73.2004 9.6286 74.8812 52.5661 86.4822 105.1171 74.9122 13.7934 708.8784 628.3638 628.3638 460.4032 31.5822 247.3115 188.4181 213.8772 268.1019 811.8297 94.835 430.9957 281.5636 121.7947 356.0067 118.6424 270.2324 820.2863;
