function loadprofile = ex_load_profilesh1
%EX_LOAD_PROFILE  Example load profile data file for stochastic unit commitment.
% 2022.03.12
% Andres F. Ramirez

%% define constants
[CT_LABEL, CT_PROB, CT_TABLE, CT_TBUS, CT_TGEN, CT_TBRCH, CT_TAREABUS, ...
    CT_TAREAGEN, CT_TAREABRCH, CT_ROW, CT_COL, CT_CHGTYPE, CT_REP, ...
    CT_REL, CT_ADD, CT_NEWVAL, CT_TLOAD, CT_TAREALOAD, CT_LOAD_ALL_PQ, ...
    CT_LOAD_FIX_PQ, CT_LOAD_DIS_PQ, CT_LOAD_ALL_P, CT_LOAD_FIX_P, ...
    CT_LOAD_DIS_P, CT_TGENCOST, CT_TAREAGENCOST, CT_MODCOST_F, ...
    CT_MODCOST_X] = idx_ct;

loadprofile = struct( ...
    'type', 'mpcData', ...
    'table', CT_TAREALOAD, ...
    'rows', [1:11], ...
    'col', CT_LOAD_ALL_P, ...
    'chgtype', 1, ...
    'values', [] );
loadprofile.values(:,1,:) = [
	1463.9474 916.5763 1632.0417 583.2 837.8851 1238.2899 877.1 282.9 499.7217 4790.2998 1803.4844;
	1439.2205 892.4121 1615.1487 576.8575 822.2862 1235.2742 876.6403 266.1484 493.2032 4614.6805 1738.3382;
	1453.1 901.7587 1602.7694 588.0 825.7171 1251.3432 886.9 275.315 488.3176 4552.3028 1749.1153;
	1420.8424 902.2259 1626.1054 602.0391 842.7 1261.5778 890.9266 280.3899 509.3866 4520.3579 1760.9;
	1485.7223 954.8 1719.4943 626.713 921.4836 1311.173 918.5 302.4726 547.3922 4682.1581 1821.2215;
	1533.3069 1011.2122 1809.5525 623.0329 955.7139 1344.9819 950.7707 320.6834 588.1 4841.3501 1889.7981;
	1542.8829 1023.4118 1809.6589 626.9 976.2735 1384.9 1024.4343 336.1452 607.3814 5097.8184 1994.708;
	1592.1058 1039.5923 1831.9389 631.0571 978.9 1378.0233 1036.0239 338.9 631.8764 5114.602 1921.9389;
	1647.3663 1057.4669 1877.9769 613.4348 1023.211 1387.2915 1054.2943 335.8132 628.3 5245.8892 1945.348;
	1650.2 1055.797 1864.8665 607.1287 973.8739 1398.3607 1068.0578 341.3832 644.4559 5379.7362 1943.2374;
	1627.375 1052.3972 1804.1897 606.4744 962.6674 1381.3424 1046.4 330.194 654.2 5452.7 1912.0487;
	1599.1712 1016.3072 1775.2811 591.6499 938.9404 1387.3941 1100.4511 335.0122 638.2665 5418.7226 1867.8875;
	1597.1734 1025.6599 1783.1571 595.2 930.3341 1355.2704 1058.9791 330.9125 629.3336 5317.1198 1899.9831;
	1591.4635 1040.2526 1836.514 603.6073 962.1448 1404.4381 1095.7603 331.6 629.5 5467.4638 2076.4923;
	1553.5316 1039.5 1844.8835 590.8304 998.7298 1440.348 1103.0424 330.4745 632.1505 5479.5286 2095.549;
	1611.0743 1067.8595 1906.2152 599.8198 1030.1345 1430.4103 1108.8512 333.2 632.2 5493.8 2150.8094;
	1603.3263 1084.3973 1938.9172 611.5 1018.5 1453.8053 1178.8921 330.2862 647.5613 5526.4307 2244.6934;
	1696.3961 1130.7059 2098.5578 617.3315 1089.5 1531.7917 1251.9479 349.373 669.9042 5644.5707 2359.9005;
	1732.124 1165.1385 2077.9718 621.4947 1094.4145 1538.9263 1205.5495 359.921 656.3485 5692.0186 2327.5288;
	1687.7 1125.2512 2002.634 591.18 1002.5961 1445.2201 1141.5254 343.7798 616.3843 5638.031 2254.0738;
	1629.0 1072.5697 1871.2708 571.129 949.1 1371.7514 1057.7858 327.1416 581.0656 5396.1411 2119.6;
	1572.8795 1011.6989 1821.3972 558.7241 888.7 1299.4531 977.5 302.7 509.658 5102.1274 1938.2194;
	1518.0457 924.8 1757.4345 564.4759 819.5773 1182.7354 931.3066 303.5281 456.2936 4824.2493 1722.8243;
	1529.4954 925.3157 1753.6287 561.9 810.8575 1161.762 931.476 293.1 450.0882 4608.0049 1662.7525;
];
