function windprofile = ex_wind_profilesh1
%EX_WIND_PROFILE_D  Example wind_load_nyiso profile data for deterministic unit commitment.
% 2022.03.12
% Andres F. Ramirez


%% define constants
[GEN_BUS, PG, QG, QMAX, QMIN, VG, MBASE, GEN_STATUS, PMAX, PMIN, ...
    MU_PMAX, MU_PMIN, MU_QMAX, MU_QMIN, PC1, PC2, QC1MIN, QC1MAX, ...
    QC2MIN, QC2MAX, RAMP_AGC, RAMP_10, RAMP_30, RAMP_Q, APF] = idx_gen;
[CT_LABEL, CT_PROB, CT_TABLE, CT_TBUS, CT_TGEN, CT_TBRCH, CT_TAREABUS, ...
    CT_TAREAGEN, CT_TAREABRCH, CT_ROW, CT_COL, CT_CHGTYPE, CT_REP, ...
    CT_REL, CT_ADD, CT_NEWVAL, CT_TLOAD, CT_TAREALOAD, CT_LOAD_ALL_PQ, ...
    CT_LOAD_FIX_PQ, CT_LOAD_DIS_PQ, CT_LOAD_ALL_P, CT_LOAD_FIX_P, ...
    CT_LOAD_DIS_P, CT_TGENCOST, CT_TAREAGENCOST, CT_MODCOST_F, ...
    CT_MODCOST_X] = idx_ct;

windprofile = struct( ...
    'type', 'mpcData', ...
    'table', CT_TGEN, ...
    'rows', [1:45], ...
    'col', PMAX, ...
    'chgtype', 1, ...
    'values', [] );
windprofile.values(:,1,:) = [
	3.893 52.6027 80.3379 112.3379 14.7587 34.366 29.9952 7.6068 27.1231 12.701 23.4776 35.024 52.7284 38.6547 187.5558 70.6606 87.6715 92.9056 87.3415 69.2522 9.9984 80.1874 32.1706 32.9335 47.2248 29.0058 4.8782 1238.5153 820.4862 820.4862 633.8597 85.4618 291.1383 178.2554 121.1876 350.0741 1204.5467 190.2386 441.7624 126.495 119.2504 381.2337 215.7812 115.6853 1217.094;
	3.3674 45.5007 79.0859 45.4864 15.0455 28.038 29.9331 8.3361 9.7711 13.4518 24.8654 37.0942 55.8452 37.7322 192.777 72.6276 90.112 95.4918 89.8837 71.0424 9.9777 65.422 29.8369 37.2621 44.3626 32.6092 5.6615 1263.5237 829.4305 829.4305 671.7167 75.6907 299.6123 182.8633 118.2955 353.8903 1243.1077 188.3471 442.5287 118.8284 121.1913 311.0347 216.0243 106.3391 1256.0568;
	3.2365 43.7327 92.8762 53.985 15.1436 24.6009 30.705 7.877 8.1883 11.6635 21.5598 32.163 48.4212 35.7814 197.7159 74.4883 92.4207 97.9383 89.4741 65.4531 10.235 57.402 23.1057 41.0621 42.5578 34.3216 6.6331 1255.0022 843.5667 843.5667 731.4574 92.3668 298.2472 168.4764 112.1797 359.9218 1245.6005 203.0836 439.765 113.9942 42.3884 272.9056 218.0184 143.7799 1258.5755;
	3.5249 47.6293 87.928 52.3637 14.9996 14.3251 30.4599 7.5043 7.3363 12.3051 22.7457 33.9321 51.0846 23.5831 193.6429 72.9538 90.5168 95.9208 85.5459 65.1037 10.1533 33.4251 26.3012 39.2299 38.0426 29.2061 5.3446 1238.922 840.1563 840.1563 723.6147 97.342 285.1529 167.577 73.9363 358.4667 1232.8119 222.2138 437.6608 101.8999 43.2436 158.9127 217.9521 120.237 1245.6537;
	3.6246 48.9756 83.7404 40.3904 14.5671 21.7079 30.654 7.4811 8.5228 9.6812 17.8955 26.6966 40.1915 28.8795 168.1067 63.3332 78.5801 83.2714 86.1555 62.2857 10.218 50.6517 0.1927 26.4725 36.723 62.774 5.5185 1128.3479 832.515 832.515 711.3574 97.0518 287.1849 160.3236 90.5413 355.2064 1204.0245 223.6824 439.4995 98.3652 47.3029 240.8126 212.8729 200.4453 1216.5665;
	3.5848 48.4383 93.6403 110.5466 14.4127 32.5805 31.2305 7.0952 9.7827 9.9546 18.401 27.4507 41.3268 24.3797 185.1413 69.7509 86.5428 91.7095 89.658 61.5319 10.4102 76.0213 0.1619 29.2594 51.599 63.4151 5.1431 1105.0251 811.8832 811.8832 719.9513 106.1959 298.8601 158.3834 76.4336 346.4035 1168.6583 233.3883 436.1861 138.2116 78.3097 361.4268 209.8463 247.4557 1180.8319;
	3.715 50.1983 92.2334 114.4642 14.6072 34.4506 30.0073 10.1879 8.3775 5.2949 9.7876 14.6011 21.9819 26.6192 187.7388 70.7295 87.757 92.9962 84.2435 66.4506 10.0024 80.3848 18.6057 43.8855 97.9931 72.4296 10.1902 1039.2916 813.7462 813.7462 714.8917 105.5525 280.8115 171.044 83.4548 347.1984 1211.8895 291.6764 434.1857 262.4816 112.6072 382.1724 211.5368 277.2581 1224.5134;
	3.6278 49.0191 91.4871 113.4074 14.6728 34.4144 29.5082 17.879 8.6056 7.9144 14.6297 21.8246 32.8568 44.1344 187.8833 70.7839 87.8245 93.0678 86.925 50.0671 9.8361 80.3002 16.8581 53.5874 102.5572 72.698 13.2172 1001.0762 797.5634 797.5634 726.154 104.9816 289.7501 128.8728 138.3673 340.2937 1183.6961 318.3541 435.2378 274.7068 120.7007 381.7701 205.7184 273.2088 1196.0262;
	3.6545 49.3808 92.8269 111.7148 14.6947 34.0029 29.1443 17.6119 8.114 0.1364 0.2521 0.3761 0.5663 58.7406 187.4824 70.6329 87.6371 92.8692 48.9398 50.999 9.7148 79.34 0.6997 87.3935 103.5958 71.2958 13.1612 796.1432 814.8033 814.8033 694.7792 94.7035 163.1326 131.2716 184.1596 347.6494 1157.9433 311.4479 436.8862 277.4888 119.0105 377.2051 201.4496 277.0326 1170.0052;
	3.6855 49.7987 90.7587 109.8166 14.7114 32.9195 28.5004 17.5575 11.6133 0.0 0.0 0.0 0.0 56.1298 168.5396 63.4963 78.7825 83.4859 47.4911 47.9754 9.5001 76.8121 0.0 87.0884 100.9411 69.3217 12.7649 614.9049 804.0886 804.0886 693.9824 94.3261 158.3037 123.4887 175.9746 343.0778 1041.4241 271.2474 437.4482 270.378 116.4585 365.1866 202.8233 275.5349 1052.2723;
	3.7031 50.0364 89.4107 110.1073 14.5488 32.92 29.99 17.5446 26.1316 5.6514 10.4465 15.5841 23.4617 67.1942 190.3687 71.7203 88.9863 94.2989 35.0821 58.6969 9.9967 76.8134 0.0817 82.7671 99.8953 69.7292 12.8654 472.6108 800.834 800.834 738.4923 95.3194 116.9403 151.0859 210.6629 341.6892 944.9523 286.1362 442.1626 267.5767 117.0113 365.1928 203.085 270.019 954.7956;
	3.123 42.1981 90.0802 110.9642 14.3835 30.5834 28.9075 18.2727 26.373 9.1755 16.9608 25.3023 38.0924 63.8755 186.3682 70.2131 87.1163 92.3173 44.6158 54.0673 9.6358 71.3613 5.9151 85.1265 99.2152 73.0681 12.8896 332.1625 785.5826 785.5826 649.3745 96.1559 148.7193 139.1694 200.2583 335.1819 779.701 248.3717 436.9535 265.7549 117.2366 339.2722 181.829 275.1133 787.8229;
	2.1281 28.7549 94.9036 113.4204 14.6368 20.6893 25.0135 19.0544 26.3799 26.1919 48.4153 72.2262 108.7361 61.9043 194.8667 73.4149 91.0889 96.527 91.3384 64.9832 8.3378 48.2749 56.8513 88.6236 104.971 74.5543 13.9998 320.8365 684.5656 684.5656 573.0211 94.2201 304.4612 167.2668 194.0785 292.0813 656.4645 225.3045 414.9244 281.1724 121.11 229.5129 178.7093 284.2311 663.3026;
	2.2744 30.7319 93.0181 110.3121 14.6751 12.2025 24.903 18.5295 26.4724 29.451 54.4397 81.2133 122.2662 61.3238 196.4171 73.999 91.8136 97.295 90.3135 69.7743 8.301 28.4724 70.4121 88.7731 102.7479 72.6498 13.5862 309.4955 577.7438 577.7438 565.3906 94.2488 301.0449 179.5992 192.2583 246.504 488.7715 198.7973 437.9865 275.2175 120.2236 135.3661 144.9924 266.638 493.8629;
	2.1116 28.5321 91.0276 109.7327 13.2822 0.1164 19.7868 18.8169 26.4712 27.8996 51.572 76.9352 115.8256 59.2032 200.4191 75.5067 93.6843 99.2773 90.7855 70.687 6.5956 0.2715 69.3538 87.022 101.2856 75.7318 13.8939 436.5652 448.9107 448.9107 413.7814 89.6502 302.6184 181.9485 185.6101 191.5352 400.0368 189.2948 405.6223 271.3006 118.4123 1.2909 117.2487 254.6642 404.2038;
	3.418 46.1852 93.6363 88.0692 14.8325 26.8108 15.0068 18.9509 23.8092 29.467 54.4692 81.2574 122.3325 54.2736 202.3684 76.2411 94.5954 100.2429 91.4428 70.5434 5.0023 62.5586 71.853 88.922 104.8119 76.364 14.0166 494.0174 510.4237 510.4237 412.3061 51.3244 304.8093 181.5789 170.1549 217.7808 488.4696 167.3361 429.6075 280.7462 119.6402 297.4214 94.4939 274.6812 493.5578;
	2.6013 35.1498 90.3399 60.1211 14.4543 32.0732 9.5489 18.9046 25.7621 27.3628 50.5797 75.455 113.5971 57.7586 194.7394 73.367 91.0294 96.464 89.0281 68.3904 3.183 74.8375 70.4204 88.2325 104.5996 75.9906 13.9302 519.6234 555.1167 555.1167 437.3695 30.5962 296.7603 176.0371 181.0809 236.8498 573.1176 113.9174 56.9754 280.1775 118.8404 355.7987 111.8028 271.0794 579.0876;
	3.401 45.9554 88.512 58.0113 14.9029 31.6743 25.7029 18.7274 25.2099 11.7498 21.7193 32.401 48.7795 59.402 175.0224 65.9387 81.8128 86.6971 69.6381 66.6109 8.5676 73.9068 30.4066 86.5575 103.4575 74.7679 13.4191 576.012 564.7493 564.7493 402.2163 29.2761 232.1269 171.4566 186.2331 240.9597 718.5854 76.592 346.6327 277.1183 120.7649 351.3739 118.1514 258.852 726.0707;
