function solarprofile = ex_solar_profilesh1
%EX_WIND_PROFILE_D  Example wind_load_nyiso profile data for deterministic unit commitment.
% 2022.03.12
% Andres F. Ramirez


%% define constants
[GEN_BUS, PG, QG, QMAX, QMIN, VG, MBASE, GEN_STATUS, PMAX, PMIN, ...
    MU_PMAX, MU_PMIN, MU_QMAX, MU_QMIN, PC1, PC2, QC1MIN, QC1MAX, ...
    QC2MIN, QC2MAX, RAMP_AGC, RAMP_10, RAMP_30, RAMP_Q, APF] = idx_gen;
[CT_LABEL, CT_PROB, CT_TABLE, CT_TBUS, CT_TGEN, CT_TBRCH, CT_TAREABUS, ...
    CT_TAREAGEN, CT_TAREABRCH, CT_ROW, CT_COL, CT_CHGTYPE, CT_REP, ...
    CT_REL, CT_ADD, CT_NEWVAL, CT_TLOAD, CT_TAREALOAD, CT_LOAD_ALL_PQ, ...
    CT_LOAD_FIX_PQ, CT_LOAD_DIS_PQ, CT_LOAD_ALL_P, CT_LOAD_FIX_P, ...
    CT_LOAD_DIS_P, CT_TGENCOST, CT_TAREAGENCOST, CT_MODCOST_F, ...
    CT_MODCOST_X] = idx_ct;

solarprofile = struct( ...
    'type', 'mpcData', ...
    'table', CT_TGEN, ...
    'rows', [1:12], ...
    'col', PMAX, ...
    'chgtype', 1, ...
    'values', [] );
solarprofile.values(:,1,:) = [
	0.0 0.0 0.0 0.0 0.0 0.0 0.0 0.0 0.0 0.0 0.0 0.0;
	0.0 0.0 0.0 0.0 0.0 0.0 0.0 0.0 0.0 0.0 0.0 0.0;
	0.0 0.0 0.0 0.0 0.0 0.0 0.0 0.0 0.0 0.0 0.0 0.0;
	0.0 0.0 0.0 0.0 0.0 0.0 0.0 0.0 0.0 0.0 0.0 0.0;
	0.0 0.0 0.0 0.0 0.0 0.0 0.0 0.0 0.0 0.0 0.0 0.0;
	0.0 0.0 0.0 0.0 0.0 0.0 0.0 0.0 0.0 0.0 0.0 0.0;
	0.0 0.0 0.0 1.0428 2.1648 8.4504 1.0563 14.0051 26.0349 3.3746 4.887 6.1114;
	0.2073 0.0 0.0 1.336 2.4723 18.0626 2.2578 7.0137 59.0176 0.0 7.2743 0.0;
	0.5758 0.0171 0.3291 1.7599 3.2499 12.6987 1.5873 2.5634 39.7772 9.257 11.3794 16.7645;
	1.3032 0.9538 1.0184 1.6176 4.7586 0.0 0.0 0.0 40.2105 17.2313 29.353 31.206;
	1.633 1.3579 1.3421 1.5941 5.9319 0.0 0.0 2.7683 62.5707 35.9377 40.2771 65.0833;
	1.6958 1.5214 1.5137 1.6962 5.7631 0.0 0.0 9.3152 110.4707 47.6647 43.2306 86.3211;
	1.6391 1.6935 1.6146 2.515 3.9471 101.51 12.6887 47.2985 173.2823 38.2508 51.4601 69.2725;
	1.2253 1.3356 1.2738 2.0101 3.2075 94.1861 11.7733 38.2652 153.994 25.2702 43.7334 45.7644;
	0.7399 0.9127 0.8223 1.634 2.8025 72.0672 9.0084 19.712 92.1463 14.0589 30.5806 25.4607;
	0.691 0.7682 0.6597 0.765 1.6841 24.6071 3.0759 3.8679 27.7007 5.4438 13.7265 9.8587;
	0.2494 0.2385 0.1631 0.4455 0.8625 36.7308 4.5913 7.7329 32.6227 19.1166 9.1113 34.6204;
	0.0 0.0 0.0 0.0 0.0 0.0 0.0 0.0 0.0 0.0 0.0 0.0;
	0.0 0.0 0.0 0.0 0.0 0.0 0.0 0.0 0.0 0.0 0.0 0.0;
	0.0 0.0 0.0 0.0 0.0 0.0 0.0 0.0 0.0 0.0 0.0 0.0;
	0.0 0.0 0.0 0.0 0.0 0.0 0.0 0.0 0.0 0.0 0.0 0.0;
	0.0 0.0 0.0 0.0 0.0 0.0 0.0 0.0 0.0 0.0 0.0 0.0;
	0.0 0.0 0.0 0.0 0.0 0.0 0.0 0.0 0.0 0.0 0.0 0.0;
	0.0 0.0 0.0 0.0 0.0 0.0 0.0 0.0 0.0 0.0 0.0 0.0;
];
