function solarprofile = ex_solar_profilesh1
%EX_WIND_PROFILE_D  Example wind_load_nyiso profile data for deterministic unit commitment.
% 2022.03.12
% Andres F. Ramirez


%% define constants
[GEN_BUS, PG, QG, QMAX, QMIN, VG, MBASE, GEN_STATUS, PMAX, PMIN, ...
    MU_PMAX, MU_PMIN, MU_QMAX, MU_QMIN, PC1, PC2, QC1MIN, QC1MAX, ...
    QC2MIN, QC2MAX, RAMP_AGC, RAMP_10, RAMP_30, RAMP_Q, APF] = idx_gen;
[CT_LABEL, CT_PROB, CT_TABLE, CT_TBUS, CT_TGEN, CT_TBRCH, CT_TAREABUS, ...
    CT_TAREAGEN, CT_TAREABRCH, CT_ROW, CT_COL, CT_CHGTYPE, CT_REP, ...
    CT_REL, CT_ADD, CT_NEWVAL, CT_TLOAD, CT_TAREALOAD, CT_LOAD_ALL_PQ, ...
    CT_LOAD_FIX_PQ, CT_LOAD_DIS_PQ, CT_LOAD_ALL_P, CT_LOAD_FIX_P, ...
    CT_LOAD_DIS_P, CT_TGENCOST, CT_TAREAGENCOST, CT_MODCOST_F, ...
    CT_MODCOST_X] = idx_ct;

solarprofile = struct( ...
    'type', 'mpcData', ...
    'table', CT_TGEN, ...
    'rows', [1:12], ...
    'col', PMAX, ...
    'chgtype', 1, ...
    'values', [] );
solarprofile.values(:,1,:) = [
	0.0 0.0 0.0 0.0 0.0 0.0 0.0 0.0 0.0 0.0 0.0 0.0;
	0.0 0.0 0.0 0.0 0.0 0.0 0.0 0.0 0.0 0.0 0.0 0.0;
	0.0 0.0 0.0 0.0 0.0 0.0 0.0 0.0 0.0 0.0 0.0 0.0;
	0.0 0.0 0.0 0.0 0.0 0.0 0.0 0.0 0.0 0.0 0.0 0.0;
	0.0 0.0 0.0 0.0 0.0 0.0 0.0 0.0 0.0 0.0 0.0 0.0;
	0.0 0.0 0.0 0.0 0.0 0.0 0.0 0.0 0.0 0.0 0.0 0.0;
	0.0 0.0 0.0 0.4643 1.9297 7.6195 0.9524 2.9403 22.3645 11.9977 6.4609 21.7279;
	0.0 0.4503 0.4006 1.1548 1.0544 12.7711 1.5964 0.8995 25.3032 14.3213 13.0008 25.9359;
	0.0 0.7473 0.7233 2.0842 1.5267 23.3697 2.9212 0.0 37.6666 22.4815 17.8493 40.7141;
	0.9879 1.5121 1.3288 5.8707 6.4266 93.0187 11.6273 0.0 116.7391 39.3037 29.2207 71.1792;
	1.2866 2.0998 1.519 6.4153 9.6315 131.4812 16.4351 0.7138 131.776 55.2378 38.1497 100.0359;
	1.462 2.3605 1.9838 6.0421 9.8143 108.2557 13.532 1.2174 120.3612 61.2833 43.5117 110.9845;
	2.354 3.0145 2.7204 4.1679 6.3817 43.0768 5.3846 7.2839 98.562 96.4319 120.2409 174.6388;
	2.5232 2.5264 2.4344 3.4533 4.6897 23.8558 2.982 7.5838 78.321 81.5113 107.5375 147.6175;
	2.188 1.9531 1.9267 2.2459 4.4185 28.5188 3.5649 8.6374 69.9236 63.0989 61.4849 114.2724;
	2.1698 1.8251 2.2334 0.7621 3.7131 60.5526 7.5691 10.6461 76.5297 33.875 17.5324 61.3479;
	0.5506 0.7336 0.5365 0.3793 0.5694 37.7833 4.7229 8.3405 29.2112 19.4018 9.0385 35.1367;
	0.0 0.0 0.0 0.0 0.0 0.0 0.0 0.0 0.0 0.0 0.0 0.0;
	0.0 0.0 0.0 0.0 0.0 0.0 0.0 0.0 0.0 0.0 0.0 0.0;
	0.0 0.0 0.0 0.0 0.0 0.0 0.0 0.0 0.0 0.0 0.0 0.0;
	0.0 0.0 0.0 0.0 0.0 0.0 0.0 0.0 0.0 0.0 0.0 0.0;
	0.0 0.0 0.0 0.0 0.0 0.0 0.0 0.0 0.0 0.0 0.0 0.0;
	0.0 0.0 0.0 0.0 0.0 0.0 0.0 0.0 0.0 0.0 0.0 0.0;
	0.0 0.0 0.0 0.0 0.0 0.0 0.0 0.0 0.0 0.0 0.0 0.0;
];
