function loadprofile = ex_load_profilesh1
%EX_LOAD_PROFILE  Example load profile data file for stochastic unit commitment.
% 2022.03.12
% Andres F. Ramirez

%% define constants
[CT_LABEL, CT_PROB, CT_TABLE, CT_TBUS, CT_TGEN, CT_TBRCH, CT_TAREABUS, ...
    CT_TAREAGEN, CT_TAREABRCH, CT_ROW, CT_COL, CT_CHGTYPE, CT_REP, ...
    CT_REL, CT_ADD, CT_NEWVAL, CT_TLOAD, CT_TAREALOAD, CT_LOAD_ALL_PQ, ...
    CT_LOAD_FIX_PQ, CT_LOAD_DIS_PQ, CT_LOAD_ALL_P, CT_LOAD_FIX_P, ...
    CT_LOAD_DIS_P, CT_TGENCOST, CT_TAREAGENCOST, CT_MODCOST_F, ...
    CT_MODCOST_X] = idx_ct;

loadprofile = struct( ...
    'type', 'mpcData', ...
    'table', CT_TAREALOAD, ...
    'rows', [1:11], ...
    'col', CT_LOAD_ALL_P, ...
    'chgtype', 1, ...
    'values', [] );
loadprofile.values(:,1,:) = [
	1467.2684 896.4109 1618.6 591.4482 813.9 1178.1471 866.2085 253.7184 533.4971 4710.9192 1815.1;
	1471.6 891.5065 1616.7 581.6779 795.3632 1150.8031 846.6053 250.7 519.908 4520.3074 1743.0171;
	1455.0798 868.0177 1607.8938 579.2352 800.868 1146.6421 854.0434 255.3827 519.0845 4491.5643 1741.0323;
	1450.9 890.6582 1638.9203 585.0 808.112 1171.9044 870.4298 266.0 537.4426 4648.2169 1793.6806;
	1518.0291 943.9 1698.0654 578.5978 844.7855 1235.4281 914.3556 286.3812 573.2 4768.9093 1873.6434;
	1600.7253 987.0082 1757.3724 556.1027 921.4883 1266.7095 956.0643 291.8138 600.0 4885.1318 1941.4086;
	1617.5 1027.9667 1810.5276 572.7214 968.078 1322.5874 1016.0674 310.0899 614.8361 5115.4329 2016.1821;
	1672.8137 1059.3046 1848.6 579.2612 1014.2479 1362.1365 1036.8744 336.9665 640.6 5301.214 2096.282;
	1717.3896 1090.967 1862.7872 600.3326 1031.1734 1368.9253 1121.9623 343.6643 670.0538 5524.9372 2207.1011;
	1713.1704 1088.165 1862.6284 596.4 1028.3097 1366.2834 1108.6778 347.8443 652.998 5519.09 2189.7178;
	1702.8154 1049.1115 1832.5723 582.1907 986.8248 1335.4528 1088.9173 341.6775 624.8878 5507.7218 2207.0464;
	1707.9672 1064.7804 1815.6353 576.1 968.8 1293.6597 1069.1181 327.9344 617.4482 5488.4 2169.6072;
	1703.9962 1050.1132 1802.3197 563.0498 967.6776 1268.7391 1084.4661 311.7863 621.1029 5493.5315 2125.145;
	1705.2342 1072.317 1793.3292 552.2257 965.9816 1258.9471 1090.6229 311.5642 641.9065 5521.8509 2118.7724;
	1708.4169 1063.1489 1766.4128 568.1826 975.3501 1321.2275 1118.8004 309.73 624.5992 5455.2056 2146.4558;
	1707.2409 1082.1777 1844.8553 561.8066 1027.1974 1405.3942 1185.9727 342.8761 656.9588 5598.3835 2352.607;
	1709.4356 1068.0753 1829.2913 558.9949 1041.0 1411.5846 1207.9644 346.3269 671.1799 5548.5132 2321.5688;
	1741.6418 1090.0016 1927.5989 572.6182 1081.0363 1468.7958 1229.3057 350.3 703.6801 5661.1804 2455.8777;
	1809.1733 1112.8865 1934.8736 570.1542 1069.3 1466.1376 1245.0859 353.2471 709.2 5696.1 2461.4875;
	1730.7 1048.7 1836.8241 561.8 999.6772 1392.8427 1141.178 332.2873 660.9453 5505.4286 2406.3233;
	1675.5418 1000.8956 1746.3521 539.9003 936.931 1306.7159 1052.8 297.9126 634.3751 5318.0508 2219.739;
	1677.0925 986.0885 1692.251 528.9999 868.437 1210.772 996.0284 273.054 590.7955 5040.6846 2017.4022;
	1567.6285 910.4481 1526.9232 544.4901 797.7985 1087.2091 915.0 257.9838 522.8 4493.4929 1775.2299;
	1529.4127 858.9621 1463.1395 536.0 766.9368 1034.1927 863.9 252.4725 504.9411 4457.4475 1743.7832;
];
