function windprofile = ex_wind_profilesh1
%EX_WIND_PROFILE_D  Example wind_load_nyiso profile data for deterministic unit commitment.
% 2022.03.12
% Andres F. Ramirez


%% define constants
[GEN_BUS, PG, QG, QMAX, QMIN, VG, MBASE, GEN_STATUS, PMAX, PMIN, ...
    MU_PMAX, MU_PMIN, MU_QMAX, MU_QMIN, PC1, PC2, QC1MIN, QC1MAX, ...
    QC2MIN, QC2MAX, RAMP_AGC, RAMP_10, RAMP_30, RAMP_Q, APF] = idx_gen;
[CT_LABEL, CT_PROB, CT_TABLE, CT_TBUS, CT_TGEN, CT_TBRCH, CT_TAREABUS, ...
    CT_TAREAGEN, CT_TAREABRCH, CT_ROW, CT_COL, CT_CHGTYPE, CT_REP, ...
    CT_REL, CT_ADD, CT_NEWVAL, CT_TLOAD, CT_TAREALOAD, CT_LOAD_ALL_PQ, ...
    CT_LOAD_FIX_PQ, CT_LOAD_DIS_PQ, CT_LOAD_ALL_P, CT_LOAD_FIX_P, ...
    CT_LOAD_DIS_P, CT_TGENCOST, CT_TAREAGENCOST, CT_MODCOST_F, ...
    CT_MODCOST_X] = idx_ct;

windprofile = struct( ...
    'type', 'mpcData', ...
    'table', CT_TGEN, ...
    'rows', [1:45], ...
    'col', PMAX, ...
    'chgtype', 1, ...
    'values', [] );
windprofile.values(:,1,:) = [
	3.6793 49.7149 81.2126 109.5786 14.8038 31.5564 30.0998 7.2109 26.0767 11.2304 20.7592 30.9687 46.6232 42.94 179.1194 67.4822 83.7279 88.7266 83.9863 73.162 10.0333 73.6315 30.5599 20.4162 41.8909 26.7279 4.9027 1285.3947 740.4653 740.4653 623.2223 75.3408 279.9543 188.3191 134.6228 315.9319 1234.6161 198.0439 434.3592 112.2077 109.4207 350.0653 197.2054 111.0878 1247.4767;
	2.6505 35.8134 72.4456 33.4256 14.7453 24.0489 30.5428 7.3267 9.5642 12.3129 22.7602 33.9538 51.1172 39.2633 183.1804 69.0122 85.6262 90.7382 86.4823 73.7155 10.1809 56.1142 24.6226 23.9763 32.9825 29.3748 5.3584 1269.4668 772.1191 772.1191 636.8003 62.5847 288.2743 189.7438 123.0957 329.4375 1249.9191 180.043 439.3978 88.3461 113.6858 266.7827 203.618 96.5032 1262.9391;
	2.4585 33.22 84.6305 0.9533 14.6104 20.1403 31.3117 6.1968 9.0361 12.4783 23.0659 34.4098 51.8038 39.0103 188.8921 71.164 88.2961 93.5675 86.3113 68.5349 10.4372 46.994 23.7937 5.7343 29.8305 28.3018 5.688 1293.4122 785.8513 785.8513 665.5483 74.0257 287.7042 176.4091 122.3026 335.2965 1240.2274 188.9932 443.0807 79.9032 33.5931 223.423 204.9164 130.5958 1253.1464;
	3.3158 44.8033 84.0881 3.6868 14.2494 13.1902 31.6421 6.8633 10.7361 11.7107 21.647 32.293 48.617 26.4849 190.6535 71.8276 89.1194 94.44 85.9053 70.049 10.5474 30.7772 25.4408 3.7555 28.5842 29.5211 5.1516 1298.3374 809.1567 809.1567 718.2562 92.8216 286.3511 180.3062 83.0338 345.2402 1249.4712 222.9864 442.4201 76.5649 35.4943 146.3235 207.6029 116.7848 1262.4866;
	3.5809 48.3853 76.0111 10.1754 14.2711 17.4297 30.917 5.3453 10.5628 9.7021 17.9342 26.7543 40.2785 30.4348 169.1691 63.7335 79.0767 83.7977 86.1095 68.8491 10.3057 40.6694 0.0047 0.0 0.0 57.7232 4.6808 1282.9567 808.0164 808.0164 754.4276 97.7702 287.0316 177.2178 95.4172 344.7537 1240.9162 229.0418 434.4523 0.0 32.7813 193.354 198.5889 196.8639 1253.8424;
	3.4564 46.7031 88.1881 77.7574 14.4898 27.0647 30.524 6.407 10.2371 7.389 13.6584 20.3757 30.6755 27.3974 189.3144 71.3231 88.4935 93.7766 90.1983 69.9247 10.1747 63.151 0.0 0.0 34.2725 65.7987 5.0113 1242.1967 775.1648 775.1648 749.9159 107.4148 300.6611 179.9865 85.8946 330.737 1204.1629 231.2293 440.0599 91.8013 61.6096 300.2379 195.0085 240.4315 1216.7063;
	3.7173 50.2295 89.5752 102.4704 14.896 28.7837 29.9368 9.1323 10.0522 9.5681 17.6864 26.3847 39.722 36.9045 189.4123 71.36 88.5392 93.8251 84.1773 70.6389 9.9789 67.162 0.0 21.1499 93.1215 73.8438 10.9332 1152.1175 805.8818 805.8818 774.61 117.8897 280.5911 181.8248 115.7005 343.8429 1257.636 299.8536 435.9749 249.4327 98.7911 319.3074 198.2454 267.8481 1270.7364;
	3.5879 48.4808 87.679 111.3025 14.4691 25.6559 29.7821 18.1356 2.1526 9.821 18.154 27.0821 40.772 62.2169 186.4 70.2251 87.1312 92.333 83.6285 60.5053 9.9274 59.8637 3.4679 32.5274 90.7856 74.3927 13.6445 1008.9215 775.1403 775.1403 749.5626 111.9316 278.7615 155.7408 195.0584 330.7265 1212.4768 307.1798 435.2743 243.1758 116.4229 284.6091 200.5411 267.284 1225.1067;
	3.7521 50.6997 88.6051 110.5736 14.5978 32.6637 29.5651 17.3622 8.8756 11.1343 20.5816 30.7037 46.2242 64.0024 186.8736 70.4035 87.3525 92.5676 47.5594 61.3664 9.855 76.2152 1.4961 79.4272 87.111 71.5155 13.4437 750.0739 810.0387 810.0387 751.4345 107.4127 158.5313 157.9572 200.6562 345.6165 1201.6569 301.2023 432.8293 233.333 116.0674 362.3489 208.4793 267.0407 1214.1742;
	3.7556 50.746 89.5708 112.8962 14.4403 32.6149 30.6841 18.1244 20.7816 10.1453 18.7535 27.9765 42.1184 64.4775 156.9321 59.1233 73.3567 77.7362 48.8455 45.9876 10.228 76.1014 0.0 85.8206 97.4103 72.6742 13.5765 607.2516 815.1453 815.1453 739.6159 109.175 162.8185 118.3722 202.1457 347.7953 1107.378 266.5627 442.1393 260.9204 113.4707 361.8076 208.472 270.1105 1118.9132;
	3.7127 50.1664 86.6648 109.6505 14.1952 31.8556 30.7374 17.4655 26.9079 16.9164 31.2697 46.6482 70.2286 68.258 190.6228 71.816 89.1051 94.4248 40.2756 63.7409 10.2458 74.3298 13.3546 81.6824 95.3778 70.3087 13.1908 439.9062 777.7935 777.7935 707.2354 101.7785 134.252 164.0691 213.9981 331.8586 905.0651 256.3072 434.717 255.4763 114.618 353.3853 200.183 254.1443 914.4928;
	3.1664 42.7844 86.9556 110.307 14.1969 31.7471 29.6155 17.7961 27.2917 17.7591 32.8274 48.972 73.7271 67.7087 181.8308 68.5037 84.9953 90.0697 42.5419 58.4587 9.8718 74.0766 20.7249 79.7045 92.3599 73.8251 13.0657 322.6568 735.1959 735.1959 682.3311 103.2487 141.8065 150.473 212.276 313.6836 750.1679 240.7757 441.7731 247.3927 116.2068 352.1813 185.8194 259.513 757.9821;
	2.0878 28.211 86.7241 109.6427 13.9603 21.0977 27.3498 18.1082 28.1572 27.18 50.2418 74.951 112.8383 67.4772 187.223 70.5352 87.5159 92.7407 90.4201 64.9154 9.1166 49.2279 51.0453 81.5116 94.2973 71.8701 13.708 325.8671 670.2034 670.2034 613.1487 104.7032 301.4002 167.0923 211.5501 285.9534 673.1478 217.4392 427.4714 252.582 116.3792 234.0434 172.7639 266.8564 680.1597;
	2.1763 29.406 88.6081 109.5096 14.0791 12.9288 25.6731 18.1551 27.7525 30.5347 56.443 84.2018 126.7654 64.8316 189.3149 71.3233 88.4937 93.7769 88.5656 69.5078 8.5577 30.1672 70.8115 82.6975 97.8622 72.8001 13.7371 298.3395 580.3948 580.3948 578.3154 101.2574 295.2187 178.9132 203.2557 247.6351 487.6517 195.9579 446.2167 262.1308 119.9689 143.4236 144.0627 261.6183 492.7314;
	1.9761 26.7019 87.7789 109.7585 11.6206 1.808 22.6463 18.2996 27.0461 29.0371 53.6746 80.072 120.548 66.2267 195.1563 73.524 91.2242 96.6704 87.5067 71.0624 7.5488 4.2187 69.6931 83.079 96.1837 72.0451 13.6399 449.7568 471.9843 471.9843 412.8666 91.3031 291.689 182.9147 207.6298 201.38 417.2763 180.562 444.7784 257.6348 118.5749 20.0567 112.4304 249.7046 421.623;
	3.3014 44.6098 86.9435 75.0034 14.5673 27.3613 16.7132 18.4967 23.7208 28.9968 53.6001 79.9608 120.3806 57.5622 197.4064 74.3717 92.276 97.785 91.279 71.7128 5.5711 63.8431 70.7266 85.7915 96.5493 72.6346 13.5096 515.0575 524.0396 524.0396 411.0286 50.6703 304.2633 184.589 180.4653 223.5902 471.2612 155.3786 453.6674 258.6141 120.6667 303.5284 85.0437 267.4651 476.1702;
	3.1175 42.1245 80.7712 45.5464 14.5555 32.8333 13.8779 18.3498 27.111 28.4326 52.5572 78.4051 118.0384 39.7907 193.3811 72.8552 90.3944 95.7911 89.0189 70.325 4.626 76.6111 71.2153 85.349 96.8717 73.2332 13.4115 501.9433 557.511 557.511 394.3634 29.427 296.7298 181.0167 124.7493 237.8713 518.1718 114.5036 172.3872 259.4779 120.8335 364.2313 110.345 260.1699 523.5694;
	3.565 48.1711 86.7648 49.8815 14.2264 32.8187 27.9213 18.732 26.1107 14.3154 26.4618 39.4757 59.4305 56.841 178.2161 67.1419 83.3057 88.2791 72.3804 69.6331 9.3071 76.577 54.0685 87.5209 100.7881 73.0349 13.5224 516.6399 547.9563 547.9563 343.5663 26.3939 241.2679 179.2357 178.2043 233.7947 583.7743 67.9368 414.5957 269.9681 120.0305 364.069 114.6237 257.7048 589.8553;
