function loadprofile = ex_load_profilesh1
%EX_LOAD_PROFILE  Example load profile data file for stochastic unit commitment.
% 2022.03.12
% Andres F. Ramirez

%% define constants
[CT_LABEL, CT_PROB, CT_TABLE, CT_TBUS, CT_TGEN, CT_TBRCH, CT_TAREABUS, ...
    CT_TAREAGEN, CT_TAREABRCH, CT_ROW, CT_COL, CT_CHGTYPE, CT_REP, ...
    CT_REL, CT_ADD, CT_NEWVAL, CT_TLOAD, CT_TAREALOAD, CT_LOAD_ALL_PQ, ...
    CT_LOAD_FIX_PQ, CT_LOAD_DIS_PQ, CT_LOAD_ALL_P, CT_LOAD_FIX_P, ...
    CT_LOAD_DIS_P, CT_TGENCOST, CT_TAREAGENCOST, CT_MODCOST_F, ...
    CT_MODCOST_X] = idx_ct;

loadprofile = struct( ...
    'type', 'mpcData', ...
    'table', CT_TAREALOAD, ...
    'rows', [1:11], ...
    'col', CT_LOAD_ALL_P, ...
    'chgtype', 1, ...
    'values', [] );
loadprofile.values(:,1,:) = [
	1496.983 931.5 1617.7208 583.7589 814.7092 1292.3908 923.9301 326.0204 562.2348 4796.2638 1874.5824;
	1435.846 897.8397 1552.9761 571.1 782.7146 1269.4437 881.3435 298.0 533.7 4547.7 1778.6713;
	1485.4919 907.7978 1571.3692 569.2464 795.8542 1289.5689 883.3807 291.3 516.7 4501.6424 1770.1995;
	1517.9741 936.4759 1610.8016 573.6833 828.3191 1284.6493 886.9877 287.3913 532.4 4587.8754 1788.7865;
	1584.7267 975.5344 1668.7423 593.2048 848.3854 1339.9311 957.2987 312.3 562.1 4793.9487 1881.9;
	1650.1 997.5 1700.4 602.4158 924.5783 1373.6626 990.4726 328.4148 596.6814 4932.698 1971.0403;
	1667.6557 998.934 1733.2758 606.6742 946.1918 1408.1461 1019.5429 344.2388 623.4185 5067.5749 2059.9532;
	1686.5372 1003.1105 1812.3343 611.1 994.6691 1469.1111 1090.5043 371.611 638.9015 5204.526 2145.4116;
	1684.2 993.5841 1803.0787 603.8701 980.192 1419.5 1079.4887 355.1379 649.8962 5317.8 2142.4659;
	1675.1 975.011 1764.6272 587.8815 969.6706 1362.4638 1095.9666 354.5333 657.9 5362.4432 2132.1454;
	1673.438 974.0766 1732.8617 582.0503 954.9997 1299.251 1067.0248 345.9339 633.8901 5348.9611 2028.5525;
	1669.2494 978.905 1746.8163 570.5566 957.9 1315.4648 1121.3592 344.2 646.8065 5415.2692 2090.3303;
	1600.8 973.1137 1691.72 580.1252 956.5577 1278.4418 1089.9961 339.8189 651.9078 5386.9214 2088.0532;
	1579.4497 921.5572 1675.5522 563.3335 944.8302 1328.0569 1097.823 351.7289 647.2937 5399.0167 2084.1799;
	1645.5 962.3675 1771.0469 554.954 957.6951 1349.0331 1089.6043 336.3996 657.0244 5445.1675 2122.3829;
	1667.4277 1066.7874 1808.5139 589.5129 1009.4462 1406.57 1120.8456 350.9 692.1727 5584.7147 2241.8559;
	1673.7 1037.8067 1815.6713 587.5 1032.7819 1465.1831 1126.2 364.6213 711.5314 5651.319 2343.8276;
	1739.1 1094.6395 1929.0976 607.9351 1069.6939 1507.9591 1180.0419 351.037 729.3156 5888.5355 2402.1124;
	1729.6201 1116.2169 1902.8302 589.0533 1047.262 1485.8 1180.2722 357.8075 747.8059 5840.9132 2385.072;
	1714.307 1090.1768 1839.1795 579.912 1003.0365 1428.0382 1133.116 350.778 700.0004 5691.849 2346.3;
	1652.273 1041.1098 1745.6882 555.5973 920.1298 1335.7935 1055.0361 334.6 665.7713 5743.2856 2198.9245;
	1571.3052 982.4107 1641.7182 532.3 851.4234 1256.3812 966.8074 317.0458 620.8789 5251.5296 2029.9412;
	1570.622 934.8027 1573.6778 503.952 808.9029 1147.0033 912.556 290.3148 581.2254 4870.8213 1982.1301;
	1476.889 923.2581 1573.022 528.2 803.7981 1151.7702 900.6183 293.1 550.818 4660.3685 1958.2036;
];
