function loadprofile = ex_load_profilesh1
%EX_LOAD_PROFILE  Example load profile data file for stochastic unit commitment.
% 2022.03.12
% Andres F. Ramirez

%% define constants
[CT_LABEL, CT_PROB, CT_TABLE, CT_TBUS, CT_TGEN, CT_TBRCH, CT_TAREABUS, ...
    CT_TAREAGEN, CT_TAREABRCH, CT_ROW, CT_COL, CT_CHGTYPE, CT_REP, ...
    CT_REL, CT_ADD, CT_NEWVAL, CT_TLOAD, CT_TAREALOAD, CT_LOAD_ALL_PQ, ...
    CT_LOAD_FIX_PQ, CT_LOAD_DIS_PQ, CT_LOAD_ALL_P, CT_LOAD_FIX_P, ...
    CT_LOAD_DIS_P, CT_TGENCOST, CT_TAREAGENCOST, CT_MODCOST_F, ...
    CT_MODCOST_X] = idx_ct;

loadprofile = struct( ...
    'type', 'mpcData', ...
    'table', CT_TAREALOAD, ...
    'rows', [1:11], ...
    'col', CT_LOAD_ALL_P, ...
    'chgtype', 1, ...
    'values', [] );
loadprofile.values(:,1,:) = [
	1490.4037 917.313 1573.2079 590.2 820.4766 1203.5506 885.0949 257.4797 558.6458 4639.7701 1838.002;
	1480.8052 889.5145 1487.1 586.5 789.7795 1163.8383 824.4345 245.7303 531.2 4416.0456 1741.2737;
	1460.7898 879.1099 1526.2 587.0 799.3 1175.5571 851.1525 260.2936 542.9501 4444.8809 1734.9114;
	1484.4178 913.0879 1562.1793 605.1001 818.9453 1213.5 867.8 261.057 535.6163 4451.7074 1753.2;
	1492.9414 941.9172 1627.2172 611.8 896.8897 1277.6261 913.6395 280.1 562.1 4561.7199 1875.4726;
	1566.9389 988.2126 1700.2059 622.8 943.326 1372.5115 959.0 291.6 582.4271 4684.068 1970.0618;
	1623.3675 1006.9 1720.9476 637.1993 976.2967 1427.0632 1023.1383 308.5141 605.2131 4849.2321 2056.8582;
	1673.6733 1057.7347 1754.2 628.5262 1022.1562 1489.2418 1067.8441 323.4 665.0703 4797.6131 2133.4055;
	1658.2 1053.9 1725.4469 639.3855 1032.9592 1529.959 1105.064 339.4079 691.6 4649.4407 2080.7317;
	1652.0468 1064.8 1698.1803 626.2762 1031.4795 1518.9289 1129.0527 336.2326 733.2751 5001.2623 2112.2982;
	1669.8669 1079.714 1725.5061 604.2977 1029.6386 1491.066 1100.9825 329.2771 704.1612 5072.2161 2073.1072;
	1687.3227 1113.3545 1737.404 601.5554 1002.561 1472.4673 1094.1791 329.2398 691.9322 5205.9782 2111.2652;
	1689.0042 1105.0938 1741.367 595.5624 994.7 1437.2835 1100.9 314.8 705.8488 5138.2411 2126.5544;
	1686.4888 1123.0332 1760.9214 595.3408 1003.9633 1428.9 1064.4492 327.1636 701.8291 5310.7555 2234.4112;
	1674.9631 1098.7 1705.811 587.9 1000.3436 1448.2029 1085.8 336.3617 713.1819 5395.8446 2363.7259;
	1674.7641 1095.4382 1683.0644 590.4237 949.4864 1436.0346 1102.1832 334.6242 687.8847 5401.1043 2289.2578;
	1696.8026 1128.8994 1821.781 611.5 1032.9797 1507.827 1141.1787 332.5887 692.0 5483.3209 2310.8;
	1756.1772 1189.0 1916.8143 617.4581 1082.9015 1550.5 1216.6 350.3216 733.594 5725.4507 2448.7051;
	1799.1 1220.8611 1932.7691 612.4 1071.9287 1540.6 1241.9 364.1977 727.7841 5696.2743 2426.8835;
	1751.1635 1166.7831 1878.4778 572.9964 1002.7638 1501.0028 1181.1969 340.9327 684.3519 5578.518 2315.1638;
	1695.4429 1092.2 1784.224 568.8344 919.511 1381.0288 1090.9896 301.0123 647.8252 5340.0011 2173.8394;
	1596.6958 1042.581 1698.9741 540.0 891.1887 1346.315 1028.68 300.0747 619.598 5146.923 2033.467;
	1475.4903 938.2258 1581.8595 503.0497 838.0 1244.8177 918.3631 249.6 541.8 4686.0097 1803.6829;
	1468.0517 905.6112 1525.0852 537.6 775.4 1166.5514 863.9 242.278 513.1217 4484.4365 1673.9313;
];
