function solarprofile = ex_solar_profilesh1
%EX_WIND_PROFILE_D  Example wind_load_nyiso profile data for deterministic unit commitment.
% 2022.03.12
% Andres F. Ramirez


%% define constants
[GEN_BUS, PG, QG, QMAX, QMIN, VG, MBASE, GEN_STATUS, PMAX, PMIN, ...
    MU_PMAX, MU_PMIN, MU_QMAX, MU_QMIN, PC1, PC2, QC1MIN, QC1MAX, ...
    QC2MIN, QC2MAX, RAMP_AGC, RAMP_10, RAMP_30, RAMP_Q, APF] = idx_gen;
[CT_LABEL, CT_PROB, CT_TABLE, CT_TBUS, CT_TGEN, CT_TBRCH, CT_TAREABUS, ...
    CT_TAREAGEN, CT_TAREABRCH, CT_ROW, CT_COL, CT_CHGTYPE, CT_REP, ...
    CT_REL, CT_ADD, CT_NEWVAL, CT_TLOAD, CT_TAREALOAD, CT_LOAD_ALL_PQ, ...
    CT_LOAD_FIX_PQ, CT_LOAD_DIS_PQ, CT_LOAD_ALL_P, CT_LOAD_FIX_P, ...
    CT_LOAD_DIS_P, CT_TGENCOST, CT_TAREAGENCOST, CT_MODCOST_F, ...
    CT_MODCOST_X] = idx_ct;

solarprofile = struct( ...
    'type', 'mpcData', ...
    'table', CT_TGEN, ...
    'rows', [1:12], ...
    'col', PMAX, ...
    'chgtype', 1, ...
    'values', [] );
solarprofile.values(:,1,:) = [
	0.0 0.0 0.0 0.0 0.0 0.0 0.0 0.0 0.0 0.0 0.0 0.0;
	0.0 0.0 0.0 0.0 0.0 0.0 0.0 0.0 0.0 0.0 0.0 0.0;
	0.0 0.0 0.0 0.0 0.0 0.0 0.0 0.0 0.0 0.0 0.0 0.0;
	0.0 0.0 0.0 0.0 0.0 0.0 0.0 0.0 0.0 0.0 0.0 0.0;
	0.0 0.0 0.0 0.0 0.0 0.0 0.0 0.0 0.0 0.0 0.0 0.0;
	0.0 0.0 0.0 0.0 0.0 0.0 0.0 0.0 0.0 0.0 0.0 0.0;
	0.3334 0.1768 0.0 0.3295 0.4623 3.2255 0.4032 0.0 0.692 11.0374 6.033 19.9888;
	0.6374 0.4496 0.2931 1.377 2.0305 15.7529 1.9691 2.221 5.6009 23.1007 13.4673 41.8355;
	1.0288 0.7794 0.6258 3.5505 3.6624 25.7013 3.2127 4.4505 13.3504 48.4824 25.1431 87.8019;
	2.6191 2.2762 1.5585 9.2632 5.9596 104.8828 13.1103 8.6934 122.1338 65.7714 71.7569 119.1124;
	2.5197 2.4088 1.4823 9.3293 7.4494 156.6943 19.5868 10.8789 200.9509 75.075 72.2232 135.9613;
	1.6991 2.1631 1.0727 10.0046 8.8228 176.618 22.0772 13.397 226.8757 73.9937 65.0036 134.003;
	0.8787 1.438 0.4354 10.715 7.964 164.505 20.5631 28.1067 190.8544 107.4797 105.1023 194.6463;
	0.7139 1.2455 0.2737 10.2988 5.8422 103.9823 12.9978 21.3193 149.1235 90.9569 112.7389 164.7235;
	0.6363 1.054 0.3089 10.4951 3.8595 57.4284 7.1785 10.8737 84.6755 66.3875 93.3297 120.2282;
	0.535 0.9913 0.4344 8.96 0.5891 10.7804 1.3476 0.3185 15.2651 24.9002 34.2098 45.0945;
	0.2415 0.2225 0.1471 1.4126 1.1161 28.4907 3.5613 6.1948 22.1103 16.5903 9.6338 30.0451;
	0.0 0.0 0.0 0.0 0.0 0.0 0.0 0.0 0.0 0.0 0.0 0.0;
	0.0 0.0 0.0 0.0 0.0 0.0 0.0 0.0 0.0 0.0 0.0 0.0;
	0.0 0.0 0.0 0.0 0.0 0.0 0.0 0.0 0.0 0.0 0.0 0.0;
	0.0 0.0 0.0 0.0 0.0 0.0 0.0 0.0 0.0 0.0 0.0 0.0;
	0.0 0.0 0.0 0.0 0.0 0.0 0.0 0.0 0.0 0.0 0.0 0.0;
	0.0 0.0 0.0 0.0 0.0 0.0 0.0 0.0 0.0 0.0 0.0 0.0;
	0.0 0.0 0.0 0.0 0.0 0.0 0.0 0.0 0.0 0.0 0.0 0.0;
];
