function windprofile = ex_wind_profilesh1
%EX_WIND_PROFILE_D  Example wind_load_nyiso profile data for deterministic unit commitment.
% 2022.03.12
% Andres F. Ramirez


%% define constants
[GEN_BUS, PG, QG, QMAX, QMIN, VG, MBASE, GEN_STATUS, PMAX, PMIN, ...
    MU_PMAX, MU_PMIN, MU_QMAX, MU_QMIN, PC1, PC2, QC1MIN, QC1MAX, ...
    QC2MIN, QC2MAX, RAMP_AGC, RAMP_10, RAMP_30, RAMP_Q, APF] = idx_gen;
[CT_LABEL, CT_PROB, CT_TABLE, CT_TBUS, CT_TGEN, CT_TBRCH, CT_TAREABUS, ...
    CT_TAREAGEN, CT_TAREABRCH, CT_ROW, CT_COL, CT_CHGTYPE, CT_REP, ...
    CT_REL, CT_ADD, CT_NEWVAL, CT_TLOAD, CT_TAREALOAD, CT_LOAD_ALL_PQ, ...
    CT_LOAD_FIX_PQ, CT_LOAD_DIS_PQ, CT_LOAD_ALL_P, CT_LOAD_FIX_P, ...
    CT_LOAD_DIS_P, CT_TGENCOST, CT_TAREAGENCOST, CT_MODCOST_F, ...
    CT_MODCOST_X] = idx_ct;

windprofile = struct( ...
    'type', 'mpcData', ...
    'table', CT_TGEN, ...
    'rows', [1:45], ...
    'col', PMAX, ...
    'chgtype', 1, ...
    'values', [] );
windprofile.values(:,1,:) = [
	3.8271 51.7124 81.3114 110.2726 15.1328 34.4378 31.6869 6.7559 28.1479 11.7105 21.6466 32.2925 48.6161 37.9169 182.799 68.8685 85.4479 90.5493 89.0595 69.6442 10.5623 80.3548 19.4427 35.2274 43.2572 26.0992 4.6676 1245.4322 795.5912 795.5912 685.7428 86.2529 296.865 179.2643 118.8746 339.4522 1210.7436 203.1336 473.9049 115.8675 110.9056 382.0295 210.0872 114.1377 1223.3555;
	3.0213 40.8248 72.5981 35.5132 14.9141 26.9153 30.905 6.4468 11.2853 12.2525 22.6486 33.7873 50.8666 37.8224 184.0314 69.3327 86.024 91.1597 90.1842 71.2892 10.3017 62.8025 20.2935 26.9452 34.8561 26.439 4.9162 1275.3164 766.0849 766.0849 733.2107 78.9324 300.6141 183.4987 118.5783 326.8629 1243.7684 200.5098 469.85 93.3646 113.1956 298.5809 206.7219 94.4737 1256.7243;
	3.1214 42.1776 85.2468 38.2896 15.0344 23.0791 31.4753 6.8862 10.0602 12.2171 22.5832 33.6896 50.7196 38.0521 186.4773 70.2542 87.1673 92.3713 89.2915 64.7005 10.4918 53.8513 10.7885 37.2516 36.2391 28.4356 5.8507 1284.2748 796.7417 796.7417 770.3901 92.5732 297.6382 166.5393 119.2986 339.9431 1272.071 201.5867 469.1724 97.069 31.2414 256.0243 205.7113 129.7916 1285.3217;
	3.3741 45.5917 77.4707 39.8515 15.0884 11.3833 30.3978 7.3775 10.6299 11.3021 20.8918 31.1665 46.921 25.9421 186.8776 70.4051 87.3544 92.5696 84.3374 62.5239 10.1326 26.561 10.9604 34.741 32.3423 27.4282 5.2106 1266.2207 792.3735 792.3735 772.365 96.5814 281.1245 160.9368 81.3321 338.0794 1245.1991 216.8093 454.1087 86.6311 38.6865 126.2785 202.898 107.6044 1258.1699;
	3.6245 48.9751 74.2456 34.6807 15.077 19.7598 30.0243 7.2467 10.3433 10.6407 19.6692 29.3426 44.1751 31.2443 157.1362 59.2001 73.452 77.8372 85.0967 57.6134 10.0081 46.1062 0.278 22.975 33.81 59.555 5.4697 1206.3451 797.7118 797.7118 801.4799 96.0879 283.6558 148.2971 97.955 340.357 1239.918 221.6825 457.1641 90.5626 41.1649 219.202 198.5414 192.2586 1252.8338;
	3.661 49.4682 90.0036 111.4588 14.9712 32.32 30.3571 7.2637 7.8754 11.3233 20.9309 31.2248 47.0087 27.064 182.8931 68.9039 85.4919 90.5959 89.7364 61.5851 10.119 75.4134 0.0 29.9384 55.5943 65.8673 5.5191 1139.3103 734.7688 734.7688 774.8746 107.9071 299.1212 158.5202 84.8492 313.5014 1171.6562 222.24 448.7145 148.9132 68.5655 358.537 200.8001 247.4946 1183.8609;
	3.8628 52.1953 91.8153 115.5426 14.8897 33.0952 30.2648 9.9566 4.8023 10.9996 20.3326 30.3323 45.6651 35.5735 189.8163 71.5122 88.7281 94.0253 84.767 68.5287 10.0883 77.2222 17.0639 52.3888 103.0208 73.5925 10.8635 1140.4384 773.314 773.314 737.2332 110.3236 282.5565 176.3931 111.5276 329.9473 1238.1389 255.1381 447.2377 275.9486 110.8382 367.1362 202.1932 281.1448 1251.0362;
	3.8602 52.1592 91.4839 116.2522 14.6083 32.6803 30.1329 18.1519 9.6923 10.857 20.069 29.9391 45.0731 62.7951 193.0933 72.7468 90.2599 95.6485 85.5844 53.3415 10.0443 76.254 7.5395 57.7532 104.8215 73.3283 13.4911 994.1217 791.883 791.883 774.8358 113.8952 285.2814 137.3012 196.8713 337.8701 1208.065 281.4075 458.9838 280.7718 119.9838 362.5331 201.1283 277.5466 1220.649;
	3.7445 50.5966 93.1921 117.1117 14.6313 33.1839 28.9471 17.9438 1.1785 10.1677 18.7949 28.0383 42.2116 63.7908 187.5561 70.6607 87.6716 92.9057 51.8233 57.3513 9.649 77.4291 0.0 87.9796 105.567 73.5699 13.4274 769.9183 812.2137 812.2137 764.3941 113.9971 172.7443 147.6225 199.9927 346.5445 1182.5782 292.3745 440.5334 282.7687 116.858 368.12 198.568 276.0766 1194.8968;
	3.89 52.5619 92.0885 119.181 15.1731 34.1187 29.7813 17.924 17.8346 9.7984 18.1121 27.0197 40.678 59.01 182.8371 68.8828 85.4657 90.5682 55.4988 53.516 9.9271 79.6102 0.9596 88.1338 104.3656 72.2859 13.177 617.8056 821.2688 821.2688 768.993 117.7162 184.9962 137.7503 185.0045 350.408 1128.5784 268.8831 463.2418 279.5507 115.2146 378.4896 208.3334 272.6696 1140.3344;
	3.8866 52.5161 93.8885 119.6451 15.2564 33.8521 29.9908 18.4782 26.0756 10.7001 19.779 29.5063 44.4216 67.3909 193.3762 72.8534 90.3921 95.7887 41.9951 58.3141 9.9969 78.9882 0.7893 85.2695 104.9795 73.1459 13.5608 433.0542 793.7539 793.7539 789.9212 112.7162 139.9838 150.1006 211.2795 338.6683 932.0224 289.4312 447.5941 281.1951 117.202 375.5325 205.2801 271.7614 941.731;
	3.4665 46.8396 91.5281 114.5493 15.0948 31.0837 27.2453 18.1941 23.1175 15.7378 29.0911 43.3982 65.3358 63.6085 189.6477 71.4486 88.6493 93.9417 50.9487 50.3765 9.0818 72.5287 19.0301 87.2401 103.2444 73.7743 13.5268 311.5073 775.5275 775.5275 751.0349 114.7154 169.8288 129.6693 199.4213 330.8917 783.4726 261.0974 422.4362 276.5474 116.7606 344.8223 183.0909 263.9805 791.6338;
	2.2851 30.877 91.3163 113.0865 14.2533 19.7126 22.7495 18.8957 26.0015 25.2261 46.63 69.5628 104.7264 67.2583 190.0817 71.6122 88.8521 94.1567 90.8262 53.405 7.5832 45.9961 48.5706 87.4373 104.6495 73.5543 14.1307 309.192 704.2639 704.2639 683.5636 112.6119 302.754 137.4645 210.8637 300.4859 693.672 239.0031 405.0005 280.3113 118.4182 218.6785 157.136 270.3165 700.8977;
	2.4117 32.5872 90.6253 111.0338 14.6942 10.7675 21.4678 18.5683 26.0905 30.0768 55.5966 82.9392 124.8644 67.5474 191.0668 71.9833 89.3126 94.6447 89.1602 65.472 7.1559 25.1241 70.917 86.5529 104.9822 74.0375 14.1089 324.7077 632.1789 632.1789 636.8644 108.2858 297.2008 168.5251 211.7703 269.7297 523.4525 213.5003 383.2583 281.2024 120.8689 119.4473 126.9504 262.1347 528.9051;
	2.3937 32.3438 90.4191 112.1611 13.747 0.9595 19.5361 18.4671 26.1205 29.0927 53.7775 80.2254 120.7789 65.8959 199.9032 75.3124 93.4431 99.0218 88.727 70.4519 6.512 2.2388 69.1366 85.056 102.9583 73.4637 14.0313 459.951 495.1387 495.1387 450.8519 97.7693 295.7567 181.3434 206.5925 211.2592 441.6426 190.2967 398.0658 275.7811 120.4724 10.6437 115.767 256.326 446.243;
	3.5195 47.5558 88.1654 80.3922 14.7545 24.3567 14.7786 18.5002 21.8599 27.6188 51.053 76.161 114.66 60.7014 198.3952 74.7442 92.7382 98.2748 88.0982 70.657 4.9262 56.8322 68.2264 85.9467 101.0671 73.1101 13.6563 533.7116 532.4662 532.4662 440.4805 53.6893 293.6608 181.8714 190.3071 227.1856 507.3028 168.3772 430.2221 270.7154 121.8033 270.1966 77.6782 263.7584 512.5872;
	3.3911 45.8213 89.4176 57.6638 14.6916 30.8784 13.1656 18.4761 26.3039 26.8443 49.6212 74.0251 111.4444 61.5935 192.1106 72.3766 89.8006 95.1618 87.171 68.8992 4.3885 72.0497 68.8165 86.3821 104.0167 73.6063 13.5925 605.1442 610.1224 610.1224 475.713 35.4325 290.5699 177.3466 193.1038 260.3189 601.8167 125.5741 159.877 278.616 122.4504 342.5448 105.8587 261.93 608.0856;
	3.8094 51.4736 89.3689 60.9625 15.1976 31.7626 27.056 18.4848 26.3441 13.1184 24.2493 36.1751 54.4614 64.0419 190.8018 71.8835 89.1887 94.5135 74.4002 70.3932 9.0187 74.1128 49.3456 88.1323 103.7497 72.9143 13.2494 721.1429 630.4731 630.4731 444.0944 32.0552 248.0008 181.1923 200.7799 269.0018 812.9595 93.9762 391.1736 277.901 122.0049 352.3532 120.9152 247.0851 821.4279;
