function windprofile = ex_wind_profilesh1
%EX_WIND_PROFILE_D  Example wind_load_nyiso profile data for deterministic unit commitment.
% 2022.03.12
% Andres F. Ramirez


%% define constants
[GEN_BUS, PG, QG, QMAX, QMIN, VG, MBASE, GEN_STATUS, PMAX, PMIN, ...
    MU_PMAX, MU_PMIN, MU_QMAX, MU_QMIN, PC1, PC2, QC1MIN, QC1MAX, ...
    QC2MIN, QC2MAX, RAMP_AGC, RAMP_10, RAMP_30, RAMP_Q, APF] = idx_gen;
[CT_LABEL, CT_PROB, CT_TABLE, CT_TBUS, CT_TGEN, CT_TBRCH, CT_TAREABUS, ...
    CT_TAREAGEN, CT_TAREABRCH, CT_ROW, CT_COL, CT_CHGTYPE, CT_REP, ...
    CT_REL, CT_ADD, CT_NEWVAL, CT_TLOAD, CT_TAREALOAD, CT_LOAD_ALL_PQ, ...
    CT_LOAD_FIX_PQ, CT_LOAD_DIS_PQ, CT_LOAD_ALL_P, CT_LOAD_FIX_P, ...
    CT_LOAD_DIS_P, CT_TGENCOST, CT_TAREAGENCOST, CT_MODCOST_F, ...
    CT_MODCOST_X] = idx_ct;

windprofile = struct( ...
    'type', 'mpcData', ...
    'table', CT_TGEN, ...
    'rows', [1:45], ...
    'col', PMAX, ...
    'chgtype', 1, ...
    'values', [] );
windprofile.values(:,1,:) = [
	3.87 52.2925 89.3381 115.0799 15.4031 36.0454 31.9941 6.8366 27.4128 12.5428 23.1852 34.5877 52.0716 46.464 178.9518 67.4191 83.6496 88.6436 86.4752 70.7783 10.6647 84.1058 26.8942 38.342 46.7292 29.147 4.3387 1259.6215 828.3863 828.3863 657.8649 81.824 288.2506 182.1835 145.6709 353.4448 1295.8505 219.7092 470.667 125.1674 112.2139 399.8632 214.428 121.0927 1309.349;
	3.4678 46.8577 84.4914 44.5633 15.3549 31.3176 31.8408 6.6954 9.5595 11.9235 22.0403 32.8798 49.5004 40.2134 171.6683 64.675 80.2449 85.0357 87.2216 70.3686 10.6136 73.0744 23.7373 34.6125 37.7976 30.1087 3.9844 1306.0924 858.4882 858.4882 727.8837 77.7002 290.7386 181.1289 126.0745 366.2883 1361.198 217.8596 468.489 101.2435 113.151 347.4166 216.5207 112.0556 1375.3772;
	3.2332 43.6877 94.044 51.011 15.3501 27.7871 32.2054 6.6338 9.4355 12.4488 23.0115 34.3286 51.6815 40.8775 183.3997 69.0948 85.7287 90.8468 90.0152 66.9773 10.7351 64.8365 26.4926 43.0324 39.4531 33.8012 5.7217 1281.7363 854.4783 854.4783 731.7459 92.2188 300.0508 172.3996 128.1565 364.5774 1320.1196 212.2627 474.2683 105.6779 32.4866 308.2512 215.9777 142.0324 1333.8709;
	3.5601 48.1048 91.0257 53.0184 15.1654 16.1513 32.0663 7.6726 11.1068 10.7442 19.8605 29.628 44.6048 30.7445 190.9438 71.937 89.2551 94.5838 89.5732 68.4376 10.6888 37.6863 25.6431 40.146 39.2128 33.0366 5.2354 1288.9557 857.0044 857.0044 744.7934 94.8346 298.5774 176.1586 96.3881 365.6552 1338.0918 225.5362 458.9272 105.0343 36.5553 179.1716 217.3778 122.54 1352.0303;
	3.8354 51.824 90.3871 48.1816 15.3741 24.365 31.7766 7.8812 11.9423 9.9142 18.3263 27.3392 41.159 37.9894 169.34 63.7979 79.1566 83.8824 88.7481 69.5 10.5922 56.8516 2.1462 39.1343 45.4563 69.2774 5.6469 1270.0191 846.6758 846.6758 764.2042 97.4402 295.8269 178.8932 119.102 361.2483 1340.7746 236.6622 457.558 121.7578 38.8122 270.2888 212.7665 218.2275 1354.741;
	3.8015 51.367 95.3751 116.0726 15.3431 34.3077 31.3332 7.3128 11.1204 11.411 21.0931 31.4667 47.3729 29.9168 179.302 67.551 83.8133 88.817 89.2632 67.0426 10.4444 80.0513 0.29 36.1315 57.0482 73.9611 5.2832 1254.7094 829.6789 829.6789 748.1709 107.0229 297.5439 172.5678 93.7932 353.9963 1339.2843 238.9537 452.4305 152.8078 74.0282 380.5867 213.3328 255.4269 1353.2352;
	3.8029 51.3853 94.18 117.293 15.1187 34.9859 30.2255 11.0739 10.0801 12.1365 22.4341 33.4673 50.3848 37.7573 191.2043 72.0351 89.3769 94.7128 84.2473 69.7059 10.0752 81.6338 11.785 53.9393 103.8698 76.3211 10.5961 1172.4263 823.9589 823.9589 755.217 114.3885 280.8244 179.4232 118.3742 351.5558 1326.4033 272.964 439.9225 278.2228 112.6554 388.1106 205.5367 280.6063 1340.22;
	3.8256 51.6924 94.328 119.4305 15.1032 34.825 30.3568 18.2725 10.5989 11.8869 21.9727 32.779 49.3486 59.1977 190.6654 71.8321 89.125 94.4459 85.1045 62.3632 10.1189 81.2584 21.9352 55.3822 104.0844 75.4886 13.4826 1055.8167 801.4409 801.4409 765.8612 113.2114 283.6817 160.523 185.5928 341.9481 1270.0211 296.5285 450.6217 278.7976 121.9443 386.3255 212.0054 283.5019 1283.2505;
	3.7928 51.2491 94.2355 116.835 15.1924 34.4602 30.2463 18.302 10.285 11.7601 21.7384 32.4294 48.8222 61.1169 196.8658 74.1681 92.0233 97.5173 54.1381 66.7454 10.0821 80.4071 18.4773 86.4528 104.2716 74.6592 13.796 795.0871 831.4247 831.4247 778.4867 116.5535 180.4604 171.8029 191.6096 354.7412 1233.2902 302.9521 453.183 279.2989 119.8439 382.2783 214.0183 275.369 1246.137;
	3.7559 50.75 92.8101 114.3949 14.988 34.4526 30.248 18.5248 21.1485 10.9465 20.2345 30.1859 45.4447 60.613 189.4494 71.374 88.5566 93.8435 60.2102 58.7801 10.0827 80.3893 16.2148 87.8398 103.7192 75.679 13.9929 607.6112 811.6809 811.6809 777.4371 114.9413 200.7007 151.3001 190.03 346.3172 1124.6284 270.4622 450.4707 277.8193 119.6213 382.1937 214.3568 278.176 1136.3433;
	3.7178 50.2352 94.1043 112.6489 14.6199 33.248 28.9215 18.7478 25.8881 15.7249 29.0673 43.3627 65.2823 67.229 203.7501 76.7617 95.2413 100.9274 51.8482 68.735 9.6405 77.5786 13.1147 86.6666 102.6123 76.4504 13.9948 441.8751 772.7418 772.7418 730.9469 103.3678 172.8274 176.9241 210.772 329.7032 951.1025 259.4549 424.5511 274.8544 117.3376 368.8308 202.794 272.9134 961.0098;
	3.192 43.1311 91.2644 110.1424 14.2279 31.2968 28.5502 18.3939 26.243 17.8682 33.029 49.2728 74.18 66.4919 198.3591 74.7307 92.7214 98.257 61.7336 64.1659 9.5167 73.0259 21.8644 83.1264 97.5636 75.6876 13.762 337.3388 789.5368 789.5368 711.2739 109.8124 205.7787 165.1632 208.4611 336.869 792.2253 255.3482 447.4706 261.3311 120.1537 347.186 192.1152 271.8891 800.4776;
	1.8208 24.6034 89.737 107.4133 14.0366 17.5852 24.8397 18.5397 27.5464 27.7693 51.3312 76.576 115.2848 65.5906 197.3373 74.3457 92.2437 97.7508 93.0077 67.8231 8.2799 41.032 54.0088 83.1965 98.0183 74.8226 13.8825 290.0053 703.5228 703.5228 633.5433 110.2086 310.0256 174.5769 205.6353 300.1697 647.0831 233.7996 436.3937 262.5489 117.8289 195.0779 153.961 275.9484 653.8235;
	1.9064 25.7596 91.4981 109.5266 14.3084 8.4281 23.6452 18.3321 26.2384 30.2838 55.9792 83.5099 125.7237 65.5231 194.3625 73.225 90.8532 96.2773 92.1744 72.2245 7.8817 19.6655 70.6984 84.6137 101.8615 73.7558 13.9932 291.8655 641.6177 641.6177 585.8675 104.0818 307.2481 185.9059 205.4237 273.7569 487.724 197.157 438.3694 272.8434 120.4201 93.4953 121.1848 267.3228 492.8045;
	1.6084 21.733 88.9398 108.9789 10.9796 0.0 19.0808 18.1717 26.1409 28.5216 52.7217 78.6503 118.4077 63.5015 198.4542 74.7665 92.7658 98.3041 92.437 73.41 6.3603 0.0 65.568 83.6626 99.2652 71.8463 13.797 444.3507 475.9349 475.9349 402.2017 91.9643 308.1234 188.9575 199.0857 203.0656 413.8396 177.0606 422.3519 265.8888 122.7057 0.0 102.7114 238.7711 418.1504;
	3.1568 42.6548 92.8011 84.9659 13.8511 22.6083 13.718 18.9247 21.5137 28.0271 51.8077 77.2869 116.355 55.9498 193.1269 72.7594 90.2756 95.6652 91.6369 73.2056 4.5727 52.7527 65.8758 86.3721 102.0869 74.6418 13.9707 478.6152 506.3304 506.3304 405.6089 51.4963 305.4563 188.4315 175.4103 216.0343 441.4175 158.2606 417.0369 273.4471 122.69 250.8015 68.4062 262.5004 446.0156;
	3.2278 43.6144 95.2052 65.2405 14.2936 31.6081 11.1905 18.6456 26.3762 27.3728 50.5981 75.4825 113.6384 57.3465 193.4961 72.8985 90.4482 95.8481 88.8348 73.1578 3.7302 73.7522 68.7463 87.9718 104.7734 75.146 13.7024 529.6578 582.5842 582.5842 442.0794 31.756 296.116 188.3084 179.789 248.5693 571.8126 122.8937 156.9598 280.6431 121.5736 350.6392 101.4343 270.565 577.769;
	3.5615 48.1236 92.179 59.9753 13.9508 31.5475 25.3927 18.7562 25.7773 2.964 5.479 8.1735 12.3052 63.3381 175.9661 66.2942 82.2539 87.1646 69.0103 71.3599 8.4642 73.6109 32.7671 86.3308 105.1516 73.8987 13.6887 622.3477 608.5488 608.5488 389.2856 29.6049 230.0344 183.6807 198.5734 259.6475 736.4415 79.3659 358.3234 281.6562 120.5991 349.9672 107.0207 263.0336 744.1128;
