function solarprofile = ex_solar_profilesh1
%EX_WIND_PROFILE_D  Example wind_load_nyiso profile data for deterministic unit commitment.
% 2022.03.12
% Andres F. Ramirez


%% define constants
[GEN_BUS, PG, QG, QMAX, QMIN, VG, MBASE, GEN_STATUS, PMAX, PMIN, ...
    MU_PMAX, MU_PMIN, MU_QMAX, MU_QMIN, PC1, PC2, QC1MIN, QC1MAX, ...
    QC2MIN, QC2MAX, RAMP_AGC, RAMP_10, RAMP_30, RAMP_Q, APF] = idx_gen;
[CT_LABEL, CT_PROB, CT_TABLE, CT_TBUS, CT_TGEN, CT_TBRCH, CT_TAREABUS, ...
    CT_TAREAGEN, CT_TAREABRCH, CT_ROW, CT_COL, CT_CHGTYPE, CT_REP, ...
    CT_REL, CT_ADD, CT_NEWVAL, CT_TLOAD, CT_TAREALOAD, CT_LOAD_ALL_PQ, ...
    CT_LOAD_FIX_PQ, CT_LOAD_DIS_PQ, CT_LOAD_ALL_P, CT_LOAD_FIX_P, ...
    CT_LOAD_DIS_P, CT_TGENCOST, CT_TAREAGENCOST, CT_MODCOST_F, ...
    CT_MODCOST_X] = idx_ct;

solarprofile = struct( ...
    'type', 'mpcData', ...
    'table', CT_TGEN, ...
    'rows', [1:12], ...
    'col', PMAX, ...
    'chgtype', 1, ...
    'values', [] );
solarprofile.values(:,1,:) = [
	0.0 0.0 0.0 0.0 0.0 0.0 0.0 0.0 0.0 0.0 0.0 0.0;
	0.0 0.0 0.0 0.0 0.0 0.0 0.0 0.0 0.0 0.0 0.0 0.0;
	0.0 0.0 0.0 0.0 0.0 0.0 0.0 0.0 0.0 0.0 0.0 0.0;
	0.0 0.0 0.0 0.0 0.0 0.0 0.0 0.0 0.0 0.0 0.0 0.0;
	0.0 0.0 0.0 0.0 0.0 0.0 0.0 0.0 0.0 0.0 0.0 0.0;
	0.0254 0.0147 0.0199 0.0 0.0 0.0 0.0 0.0 0.0 0.0 0.0 0.0;
	0.1128 0.1256 0.1746 1.0487 1.5439 0.0 0.0 1.1982 5.7268 15.3687 6.0169 27.8329;
	0.7512 0.6296 0.635 2.8702 2.8119 27.4782 3.4348 2.6061 53.9802 31.9321 6.7627 57.8292;
	1.4696 1.2337 1.1738 2.941 2.9041 59.8966 7.4871 4.9762 94.5278 36.6601 8.0515 66.3916;
	2.2297 2.1903 1.8559 1.4514 1.5078 82.2251 10.2781 17.767 149.3761 28.6616 25.836 51.9063;
	1.6551 1.9957 1.3688 1.089 1.064 80.4296 10.0537 19.3065 122.1679 64.989 45.1346 117.6954;
	0.9911 1.3511 0.8949 1.1448 1.2131 69.9781 8.7473 18.0114 118.0665 79.6006 63.0882 144.1571;
	0.2465 0.8332 0.0571 2.5947 2.4235 96.4146 12.0518 34.7202 188.2693 94.0177 53.1096 170.2666;
	0.0 0.6387 0.0144 2.2221 2.5212 63.5191 7.9399 31.4665 191.1611 59.1847 37.5886 107.1839;
	0.0 0.4103 0.0 1.4563 2.1525 46.857 5.8571 28.2455 161.7781 29.6137 22.6376 53.6306;
	0.2911 0.7847 0.5911 0.3594 0.8014 34.9633 4.3704 17.6155 60.8127 22.2894 17.0429 40.3662;
	0.3199 0.3731 0.338 0.3793 0.9162 36.2712 4.5339 7.1886 28.4199 21.9228 11.1573 39.7023;
	0.0 0.0 0.0 0.0 0.0 0.0 0.0 0.0 0.0 0.0 0.0 0.0;
	0.0 0.0 0.0 0.0 0.0 0.0 0.0 0.0 0.0 0.0 0.0 0.0;
	0.0 0.0 0.0 0.0 0.0 0.0 0.0 0.0 0.0 0.0 0.0 0.0;
	0.0 0.0 0.0 0.0 0.0 0.0 0.0 0.0 0.0 0.0 0.0 0.0;
	0.0 0.0 0.0 0.0 0.0 0.0 0.0 0.0 0.0 0.0 0.0 0.0;
	0.0 0.0 0.0 0.0 0.0 0.0 0.0 0.0 0.0 0.0 0.0 0.0;
	0.0 0.0 0.0 0.0 0.0 0.0 0.0 0.0 0.0 0.0 0.0 0.0;
];
