function loadprofile = ex_load_profilesh1
%EX_LOAD_PROFILE  Example load profile data file for stochastic unit commitment.
% 2022.03.12
% Andres F. Ramirez

%% define constants
[CT_LABEL, CT_PROB, CT_TABLE, CT_TBUS, CT_TGEN, CT_TBRCH, CT_TAREABUS, ...
    CT_TAREAGEN, CT_TAREABRCH, CT_ROW, CT_COL, CT_CHGTYPE, CT_REP, ...
    CT_REL, CT_ADD, CT_NEWVAL, CT_TLOAD, CT_TAREALOAD, CT_LOAD_ALL_PQ, ...
    CT_LOAD_FIX_PQ, CT_LOAD_DIS_PQ, CT_LOAD_ALL_P, CT_LOAD_FIX_P, ...
    CT_LOAD_DIS_P, CT_TGENCOST, CT_TAREAGENCOST, CT_MODCOST_F, ...
    CT_MODCOST_X] = idx_ct;

loadprofile = struct( ...
    'type', 'mpcData', ...
    'table', CT_TAREALOAD, ...
    'rows', [1:11], ...
    'col', CT_LOAD_ALL_P, ...
    'chgtype', 1, ...
    'values', [] );
loadprofile.values(:,1,:) = [
	1562.1127 961.7197 1648.9615 582.7387 850.9429 1246.8397 886.6404 253.4883 495.989 4672.7969 1805.7647;
	1514.9841 937.6178 1617.0347 586.6105 837.901 1239.4674 867.6 244.3953 473.4792 4494.0633 1734.4162;
	1523.5782 935.7 1594.5223 573.8 821.531 1234.1 851.2893 245.5963 466.3171 4390.5998 1730.0813;
	1536.9943 966.4934 1654.807 596.4932 835.9 1234.9601 865.0434 252.327 456.6539 4469.4464 1752.2698;
	1543.9392 996.9305 1698.7 583.3955 877.6 1282.9385 914.6144 257.1864 493.3541 4586.8249 1803.2177;
	1597.5631 1034.7988 1756.808 597.5496 941.0522 1334.6 961.4851 276.3125 516.6476 4686.7018 1838.0349;
	1623.0932 1064.9312 1824.3258 625.5 996.3088 1394.1 1006.4893 287.4 541.5511 4776.494 1900.7199;
	1616.9933 1100.5557 1839.5329 615.1536 1012.2686 1415.9543 1061.5598 327.4881 591.747 5019.5127 2046.1021;
	1627.4648 1128.6482 1887.6 632.1605 1037.2179 1450.2071 1072.4169 340.9 626.2118 5303.9416 2185.2073;
	1644.4653 1135.8923 1855.1616 620.1847 1001.9257 1393.1561 1048.3809 345.4 623.8011 5342.392 2167.9497;
	1639.1663 1131.5848 1860.8296 627.5883 987.2745 1390.7 1024.831 337.3061 633.7511 5403.8 2187.1199;
	1673.4826 1158.4859 1854.0862 612.4628 977.6624 1360.4215 1018.5127 347.3871 614.8328 5281.0821 2043.6627;
	1688.2467 1157.6263 1810.2703 600.0755 953.7943 1373.8708 995.1194 336.0255 607.2808 5193.3813 2151.568;
	1661.4686 1108.8 1830.9038 607.0942 942.4391 1368.0608 989.1461 307.7939 620.6 5293.3355 2163.183;
	1666.257 1130.232 1798.9478 604.7012 934.2557 1403.3747 961.6823 324.74 603.6449 5353.2376 2209.9758;
	1688.4137 1149.9476 1822.9088 615.3038 974.4576 1431.1177 938.2992 328.1054 632.3968 5344.5831 2220.0997;
	1667.9745 1104.4391 1860.0589 611.0759 970.1858 1485.8515 1006.7635 346.5121 666.2128 5479.8955 2281.4989;
	1736.1057 1162.2 1950.5439 611.4233 986.6633 1493.0638 1096.4359 357.2634 706.7583 5630.3513 2408.8713;
	1742.9283 1178.7 1977.7312 617.8554 1013.3939 1504.7051 1102.3567 365.3392 702.8 5595.8289 2404.0988;
	1747.7544 1168.621 1945.0197 593.6886 971.07 1451.7984 1099.8674 378.8026 694.2824 5548.3 2389.7291;
	1658.4112 1080.9 1765.0 571.2417 866.4158 1329.5016 1005.3494 345.8579 634.9932 5361.3022 2197.5568;
	1616.2 1002.5448 1675.5861 558.2372 839.549 1235.0057 929.4037 308.1176 582.0 4948.3261 1975.2366;
	1545.2405 951.2606 1611.0081 547.5969 797.9419 1141.9156 886.4 291.1 522.4 4782.4443 1777.0728;
	1546.0741 941.4068 1594.4038 552.9725 774.2 1103.6961 841.8426 263.6 496.4 4588.8 1681.5471;
];
