function loadprofile = ex_load_profilesh1
%EX_LOAD_PROFILE  Example load profile data file for stochastic unit commitment.
% 2022.03.12
% Andres F. Ramirez

%% define constants
[CT_LABEL, CT_PROB, CT_TABLE, CT_TBUS, CT_TGEN, CT_TBRCH, CT_TAREABUS, ...
    CT_TAREAGEN, CT_TAREABRCH, CT_ROW, CT_COL, CT_CHGTYPE, CT_REP, ...
    CT_REL, CT_ADD, CT_NEWVAL, CT_TLOAD, CT_TAREALOAD, CT_LOAD_ALL_PQ, ...
    CT_LOAD_FIX_PQ, CT_LOAD_DIS_PQ, CT_LOAD_ALL_P, CT_LOAD_FIX_P, ...
    CT_LOAD_DIS_P, CT_TGENCOST, CT_TAREAGENCOST, CT_MODCOST_F, ...
    CT_MODCOST_X] = idx_ct;

loadprofile = struct( ...
    'type', 'mpcData', ...
    'table', CT_TAREALOAD, ...
    'rows', [1:11], ...
    'col', CT_LOAD_ALL_P, ...
    'chgtype', 1, ...
    'values', [] );
loadprofile.values(:,1,:) = [
	1574.4576 934.6 1595.0871 593.4245 812.9214 1175.885 877.1 266.4 560.9245 4771.9889 1784.8;
	1523.4454 929.3883 1591.2633 593.7831 805.0 1154.5692 857.9335 266.2323 546.2 4626.3146 1730.1981;
	1507.0615 923.4 1580.5 595.7594 790.3148 1181.8807 847.5278 267.1 533.4185 4564.6688 1706.2;
	1481.8227 930.2388 1589.2784 597.2714 826.597 1182.924 848.7027 277.4103 531.4299 4571.5161 1652.3651;
	1498.9506 962.8119 1654.1437 611.3097 878.671 1275.7718 896.5385 290.3204 553.5183 4684.3942 1779.8631;
	1544.6 979.5067 1673.3252 629.7495 905.6946 1301.671 925.1078 311.5178 563.2731 4766.2153 1813.1319;
	1553.4073 981.7033 1698.0932 646.8142 946.5753 1373.6496 985.2854 338.614 598.35 4922.7986 1826.458;
	1567.3934 955.5117 1680.1602 631.7879 944.3175 1346.2215 1026.3196 333.0942 637.9262 5157.7612 1971.829;
	1563.2731 959.3506 1719.6446 619.6978 945.2348 1366.2013 1029.7202 318.6069 646.9 5360.584 2038.0717;
	1608.8764 995.1488 1759.2083 614.8638 934.4737 1391.1235 1126.9 342.9312 678.8417 5593.159 2210.1088;
	1641.1461 980.8458 1805.0 608.7 953.8699 1433.4583 1134.0639 338.4 674.2 5620.6433 2215.6891;
	1666.4282 1005.8411 1754.9696 606.7864 938.7801 1377.1965 1067.8 327.905 663.6 5488.4 2096.4;
	1619.29 956.5326 1705.2863 582.157 910.5713 1348.7 1050.7455 329.5383 662.6 5436.4061 2093.2332;
	1700.4951 1023.5279 1791.6627 586.6 944.1764 1434.1512 1095.5496 341.0 687.5 5524.8229 2194.9007;
	1685.9233 974.6539 1811.922 584.4805 941.1967 1434.1549 1074.8958 320.8229 662.998 5498.6795 2149.8513;
	1693.8131 975.6182 1879.5 592.7373 983.9941 1471.4698 1081.1026 327.4 661.8 5468.7566 2259.4451;
	1706.2932 1009.7268 1907.6871 608.9814 988.3 1500.5 1109.8911 335.2325 685.8759 5677.7365 2446.311;
	1717.595 1041.6255 1945.3784 616.7 1007.3321 1498.1732 1154.2484 337.9 717.9564 5681.0193 2485.7789;
	1801.5852 1110.8361 1958.9564 621.9 1029.7055 1513.0794 1156.1271 346.5 707.9083 5679.4644 2437.3354;
	1772.2001 1059.7361 1900.0236 602.1697 1012.4671 1442.5204 1124.1644 334.1 677.9147 5542.045 2318.8868;
	1728.9392 1005.0757 1790.5887 570.5612 933.029 1339.8 1046.856 308.399 627.7223 5365.5612 2199.0948;
	1645.8677 968.2349 1742.715 543.6703 866.8746 1260.2793 982.8327 293.3 587.5109 5103.7 2028.1911;
	1594.094 920.7179 1686.1029 533.8561 850.8181 1151.1588 917.6961 283.7436 532.4 4776.8844 1859.0287;
	1576.3221 913.5 1690.7501 542.2343 835.5197 1140.9 890.9225 283.5927 511.0876 4557.8639 1792.278;
];
