function solarprofile = ex_solar_profilesh1
%EX_WIND_PROFILE_D  Example wind_load_nyiso profile data for deterministic unit commitment.
% 2022.03.12
% Andres F. Ramirez


%% define constants
[GEN_BUS, PG, QG, QMAX, QMIN, VG, MBASE, GEN_STATUS, PMAX, PMIN, ...
    MU_PMAX, MU_PMIN, MU_QMAX, MU_QMIN, PC1, PC2, QC1MIN, QC1MAX, ...
    QC2MIN, QC2MAX, RAMP_AGC, RAMP_10, RAMP_30, RAMP_Q, APF] = idx_gen;
[CT_LABEL, CT_PROB, CT_TABLE, CT_TBUS, CT_TGEN, CT_TBRCH, CT_TAREABUS, ...
    CT_TAREAGEN, CT_TAREABRCH, CT_ROW, CT_COL, CT_CHGTYPE, CT_REP, ...
    CT_REL, CT_ADD, CT_NEWVAL, CT_TLOAD, CT_TAREALOAD, CT_LOAD_ALL_PQ, ...
    CT_LOAD_FIX_PQ, CT_LOAD_DIS_PQ, CT_LOAD_ALL_P, CT_LOAD_FIX_P, ...
    CT_LOAD_DIS_P, CT_TGENCOST, CT_TAREAGENCOST, CT_MODCOST_F, ...
    CT_MODCOST_X] = idx_ct;

solarprofile = struct( ...
    'type', 'mpcData', ...
    'table', CT_TGEN, ...
    'rows', [1:12], ...
    'col', PMAX, ...
    'chgtype', 1, ...
    'values', [] );
solarprofile.values(:,1,:) = [
	0.0 0.0 0.0 0.0 0.0 0.0 0.0 0.0 0.0 0.0 0.0 0.0;
	0.0 0.0 0.0 0.0 0.0 0.0 0.0 0.0 0.0 0.0 0.0 0.0;
	0.0 0.0 0.0 0.0 0.0 0.0 0.0 0.0 0.0 0.0 0.0 0.0;
	0.0 0.0 0.0 0.0 0.0 0.0 0.0 0.0 0.0 0.0 0.0 0.0;
	0.0 0.0 0.0 0.0 0.0 0.0 0.0 0.0 0.0 0.0 0.0 0.0;
	0.0 0.0 0.0 0.0 0.0 0.0 0.0 0.0 0.0 0.0 0.0 0.0;
	1.0172 0.5653 0.6191 0.8256 2.8175 0.0 0.0 0.0 7.1958 23.2399 10.7181 42.0877;
	1.7108 2.0148 1.1072 1.0513 4.0746 0.0 0.0 0.6688 16.5973 259.9599 42.0186 470.7889;
	1.7136 2.4189 1.2983 1.1385 3.7454 5.01 0.6263 4.0635 34.2155 275.9834 52.9374 499.8076;
	2.5178 2.4508 1.9189 0.8155 2.0526 37.2171 4.6521 10.3115 99.445 190.1046 73.1059 344.2805;
	2.4256 2.2437 1.4765 0.5242 2.2347 39.4562 4.932 13.4659 123.1474 122.5045 71.14 221.8564;
	1.9711 1.9522 1.0291 0.4069 2.325 27.6607 3.4576 17.1039 113.412 87.8449 57.3809 159.0877;
	1.7216 2.3209 0.7015 0.6571 2.005 40.9761 5.122 36.1472 42.3385 110.9996 52.579 201.021;
	1.5617 2.2305 0.7778 0.6456 1.4705 39.2243 4.903 24.3164 17.1392 97.7678 44.454 177.0582;
	1.5051 1.7928 0.7702 0.7596 1.2012 46.0514 5.7564 15.0321 6.0321 79.6555 33.182 144.2566;
	1.7412 1.6693 1.4306 0.4663 0.6786 67.7935 8.4742 3.3997 7.1184 41.464 16.435 75.0915;
	0.3859 0.4976 0.21 0.3793 0.7509 36.2537 4.5317 8.8962 26.0117 19.4247 8.5997 35.1782;
	0.0 0.0 0.0 0.0 0.0 0.0 0.0 0.0 0.0 0.0 0.0 0.0;
	0.0 0.0 0.0 0.0 0.0 0.0 0.0 0.0 0.0 0.0 0.0 0.0;
	0.0 0.0 0.0 0.0 0.0 0.0 0.0 0.0 0.0 0.0 0.0 0.0;
	0.0 0.0 0.0 0.0 0.0 0.0 0.0 0.0 0.0 0.0 0.0 0.0;
	0.0 0.0 0.0 0.0 0.0 0.0 0.0 0.0 0.0 0.0 0.0 0.0;
	0.0 0.0 0.0 0.0 0.0 0.0 0.0 0.0 0.0 0.0 0.0 0.0;
	0.0 0.0 0.0 0.0 0.0 0.0 0.0 0.0 0.0 0.0 0.0 0.0;
];
