function windprofile = ex_wind_profilesh1
%EX_WIND_PROFILE_D  Example wind_load_nyiso profile data for deterministic unit commitment.
% 2022.03.12
% Andres F. Ramirez


%% define constants
[GEN_BUS, PG, QG, QMAX, QMIN, VG, MBASE, GEN_STATUS, PMAX, PMIN, ...
    MU_PMAX, MU_PMIN, MU_QMAX, MU_QMIN, PC1, PC2, QC1MIN, QC1MAX, ...
    QC2MIN, QC2MAX, RAMP_AGC, RAMP_10, RAMP_30, RAMP_Q, APF] = idx_gen;
[CT_LABEL, CT_PROB, CT_TABLE, CT_TBUS, CT_TGEN, CT_TBRCH, CT_TAREABUS, ...
    CT_TAREAGEN, CT_TAREABRCH, CT_ROW, CT_COL, CT_CHGTYPE, CT_REP, ...
    CT_REL, CT_ADD, CT_NEWVAL, CT_TLOAD, CT_TAREALOAD, CT_LOAD_ALL_PQ, ...
    CT_LOAD_FIX_PQ, CT_LOAD_DIS_PQ, CT_LOAD_ALL_P, CT_LOAD_FIX_P, ...
    CT_LOAD_DIS_P, CT_TGENCOST, CT_TAREAGENCOST, CT_MODCOST_F, ...
    CT_MODCOST_X] = idx_ct;

windprofile = struct( ...
    'type', 'mpcData', ...
    'table', CT_TGEN, ...
    'rows', [1:45], ...
    'col', PMAX, ...
    'chgtype', 1, ...
    'values', [] );
windprofile.values(:,1,:) = [
	3.9378 53.2083 87.7411 118.3771 15.2146 35.7193 32.2557 7.4019 27.7734 12.7006 23.4768 35.0227 52.7265 37.0206 186.7254 70.3477 87.2833 92.4942 84.3658 71.3366 10.7519 83.345 31.6272 35.9306 47.2315 29.1604 4.9766 1290.0004 821.189 821.189 701.7846 88.1878 281.2192 183.6205 116.0647 350.374 1341.9324 224.5407 449.2442 126.513 116.9437 396.2458 216.787 120.9189 1355.9108;
	3.4273 46.311 81.4637 50.1522 15.176 28.5181 30.5523 7.1786 9.5792 12.1198 22.4032 33.4212 50.3155 29.892 179.5704 67.6521 83.9387 88.95 83.3342 69.802 10.1841 66.5421 24.6574 30.4638 40.1587 30.1391 5.3242 1299.4728 837.2762 837.2762 724.3975 75.2643 277.7805 179.6706 93.7156 357.2378 1364.7038 209.2463 445.9656 107.5679 115.8332 316.3603 213.9644 95.5198 1378.9195;
	3.4241 46.2669 94.6997 55.3899 15.0202 23.996 30.5878 7.138 9.228 13.6719 25.2724 37.7014 56.7592 36.2276 199.2544 75.0679 93.1398 98.7004 88.8389 67.3165 10.1959 55.9908 32.1765 41.6203 45.4957 31.9902 5.9833 1277.9626 842.6745 842.6745 734.2745 89.2468 296.1298 173.2729 113.5784 359.5411 1349.9245 210.5717 449.0214 121.8634 33.9307 266.1961 216.7973 134.2857 1363.9863;
	3.6471 49.2805 92.5984 60.9074 14.979 14.9031 31.3004 7.7125 12.0722 13.7212 25.3634 37.8372 56.9637 19.9582 194.174 73.1539 90.765 96.1838 86.1292 66.7839 10.4335 34.774 30.1547 41.6278 45.0549 32.8186 5.4032 1248.9942 851.8407 851.8407 749.0215 93.2278 287.0974 171.9019 62.5718 363.452 1336.9677 234.6842 450.6015 120.6829 38.2971 165.3255 217.1223 122.8914 1350.8944;
	3.7572 50.7679 88.1404 54.2228 14.8838 22.1441 31.3034 8.0419 11.95 11.574 21.3945 31.9163 48.0498 26.8021 180.2803 67.9195 84.2705 89.3016 87.4591 67.8052 10.4345 51.6696 7.2312 30.8822 44.4008 65.5073 5.8509 1250.862 841.5052 841.5052 740.5113 94.1829 291.5302 174.5306 84.0281 359.0422 1309.7648 237.8972 446.9786 118.9308 33.8833 245.6522 210.1116 196.3032 1323.4082;
	3.7875 51.1771 94.5963 118.4714 15.0377 33.8302 30.621 8.8779 11.862 12.5996 23.2901 34.7443 52.3073 26.9923 198.9942 74.9699 93.0182 98.5715 91.4042 66.8947 10.207 78.9371 12.6989 34.6926 57.852 72.3919 5.8639 1269.953 846.1469 846.1469 730.6745 107.9892 304.6808 172.187 84.6246 361.0227 1340.3366 237.5441 448.431 154.9608 64.9054 375.2895 215.8453 246.9746 1354.2984;
	3.8867 52.5179 93.4452 119.7011 15.2519 35.5512 30.2654 13.1714 11.3036 13.1551 24.317 36.2762 54.6137 32.4492 205.3428 77.3617 95.9858 101.7163 86.263 72.8488 10.0885 82.9528 29.7671 50.0417 101.6372 76.245 11.7544 1169.4899 835.4466 835.4466 746.356 113.8312 287.5434 187.513 101.7327 356.4572 1319.6975 284.7621 440.3477 272.2425 104.3963 394.3813 217.9031 280.92 1333.4444;
	3.855 52.0901 91.1981 117.044 15.1178 35.0903 29.8659 19.0798 11.3662 12.7518 23.5715 35.164 52.9393 58.2541 205.0916 77.2671 95.8684 101.5919 88.1367 65.8619 9.9553 81.8773 32.9658 57.2376 103.18 76.0932 14.0038 1081.3506 826.0299 826.0299 732.7351 113.703 293.7891 169.5286 182.6346 352.4394 1266.9059 283.7018 441.1253 276.375 115.9973 389.2679 211.4321 283.2648 1280.1029;
	3.7345 50.4616 90.3931 111.1662 14.7854 33.685 29.594 18.4362 9.56 12.6514 23.3859 34.8872 52.5224 59.9558 202.3096 76.219 94.568 100.2138 52.6753 68.855 9.8647 78.5983 34.1784 84.7255 100.632 73.8208 13.4901 819.5946 837.6503 837.6503 737.5508 111.9499 175.5842 177.2329 187.9695 357.3975 1241.7817 292.78 444.1142 269.55 115.8472 373.6789 210.3646 274.1395 1254.7169;
	3.8554 52.0954 89.5381 113.6562 14.7327 34.0591 30.1898 18.116 19.2568 11.3985 21.07 31.4323 47.3211 60.0404 190.4048 71.7339 89.0032 94.3168 52.8984 59.7246 10.0633 79.4712 28.5548 87.0606 98.8994 72.9355 13.3343 602.9757 843.1491 843.1491 716.1463 101.3085 176.328 153.7313 188.2349 359.7436 1117.8288 255.3808 438.5897 264.9091 112.5912 377.8286 214.3687 270.5646 1129.4728;
	3.7108 50.1406 87.2362 111.0354 14.3645 33.3379 29.9796 17.662 27.0798 15.8806 29.355 43.7919 65.9285 65.7773 200.351 75.4811 93.6524 99.2436 41.3732 67.7261 9.9932 77.7885 29.1658 82.0623 97.7263 71.6066 13.1776 455.8658 813.0164 813.0164 707.8943 98.5456 137.9106 174.3272 206.2206 346.887 959.511 253.4329 428.1197 261.7669 115.2573 369.829 203.3521 255.5825 969.5059;
	3.297 44.5501 89.799 111.2793 14.3667 32.1803 29.4744 17.8783 27.4254 16.0167 29.6066 44.1672 66.4935 63.7202 196.2654 73.9418 91.7427 97.2198 53.5548 66.6836 9.8248 75.0874 33.9748 82.6349 94.4189 73.7517 13.0609 348.9665 829.2233 829.2233 685.1699 98.7923 178.5162 171.6438 199.7714 353.8019 802.954 232.2228 446.4513 252.9077 117.6598 356.9872 190.6896 256.2175 811.3181;
	2.0571 27.7965 90.8227 112.0217 14.5011 21.3103 24.6443 18.3677 28.1542 26.9239 49.7685 74.2448 111.7751 63.5249 192.6249 72.5703 90.0409 95.4165 90.3328 66.3776 8.2148 49.7241 61.5211 83.2344 96.5824 71.5303 13.8045 326.7641 728.5372 728.5372 600.5317 103.3728 301.1092 170.8561 199.1593 310.8425 662.6018 216.3357 428.8722 258.7029 118.014 236.4026 174.4944 242.5542 669.5039;
	2.2234 30.043 88.8026 110.0578 14.2955 12.7464 24.732 17.8204 27.9309 31.0801 57.4511 85.7058 129.0296 62.0965 190.8837 71.9143 89.227 94.554 88.9935 68.8954 8.244 29.7415 75.5359 82.8456 96.1212 71.1235 13.2691 272.1358 610.5211 610.5211 546.0655 92.0428 296.645 177.3369 194.6809 260.489 456.055 187.7735 450.5097 257.4675 119.6043 141.3997 138.9549 232.7916 460.8055;
	2.1253 28.7173 90.9776 114.2829 12.1758 2.2923 21.8371 17.9641 28.2712 29.6363 54.7823 81.7244 123.0357 64.6292 197.5117 74.4114 92.3252 97.8372 90.9654 71.3476 7.279 5.3488 74.6186 84.6523 96.8705 70.6537 13.512 438.8529 506.8564 506.8564 387.5288 85.9762 303.218 183.649 202.6212 216.2587 416.1075 174.2662 455.6904 259.4745 118.4269 25.4295 115.4825 245.3186 420.442;
	3.1598 42.6952 87.8093 83.2081 13.6244 26.1978 15.8055 18.0373 25.4809 29.8951 55.2607 82.4381 124.1101 58.4114 200.0543 75.3693 93.5137 99.0967 92.1894 73.1431 5.2685 61.1281 75.0393 84.5794 96.0282 71.9524 13.548 494.1243 543.7759 543.7759 388.1846 43.7764 307.298 188.2705 183.1277 232.011 489.1024 151.4029 452.1855 257.2184 118.4125 290.6205 83.0907 245.0493 494.1973;
	3.2802 44.3221 88.5645 66.693 14.274 32.5251 14.4342 18.2773 27.884 28.4936 52.67 78.5733 118.2916 60.8484 193.8924 73.0478 90.6334 96.0444 91.616 73.2156 4.8114 75.892 74.4641 85.4075 100.5239 74.5729 13.5031 577.3248 612.7438 612.7438 440.7433 31.1876 305.3865 188.4571 190.7679 261.4374 589.3245 119.805 187.032 269.2605 120.1396 360.8122 113.4191 259.3204 595.4633;
	3.657 49.4139 88.0507 66.0143 14.217 32.6915 27.3703 18.7437 27.3527 11.7167 21.6582 32.3097 48.6421 57.3158 184.5552 69.5301 86.2688 91.4192 79.9305 72.3181 9.1234 76.2801 49.5243 86.4844 103.3766 74.1296 13.5631 689.7719 642.2129 642.2129 407.3934 29.1384 266.4349 186.1471 179.6929 274.0108 783.586 79.9284 397.0377 276.9015 122.1927 362.6576 119.2283 237.5217 791.7484;
