function windprofile = ex_wind_profilesh1
%EX_WIND_PROFILE_D  Example wind_load_nyiso profile data for deterministic unit commitment.
% 2022.03.12
% Andres F. Ramirez


%% define constants
[GEN_BUS, PG, QG, QMAX, QMIN, VG, MBASE, GEN_STATUS, PMAX, PMIN, ...
    MU_PMAX, MU_PMIN, MU_QMAX, MU_QMIN, PC1, PC2, QC1MIN, QC1MAX, ...
    QC2MIN, QC2MAX, RAMP_AGC, RAMP_10, RAMP_30, RAMP_Q, APF] = idx_gen;
[CT_LABEL, CT_PROB, CT_TABLE, CT_TBUS, CT_TGEN, CT_TBRCH, CT_TAREABUS, ...
    CT_TAREAGEN, CT_TAREABRCH, CT_ROW, CT_COL, CT_CHGTYPE, CT_REP, ...
    CT_REL, CT_ADD, CT_NEWVAL, CT_TLOAD, CT_TAREALOAD, CT_LOAD_ALL_PQ, ...
    CT_LOAD_FIX_PQ, CT_LOAD_DIS_PQ, CT_LOAD_ALL_P, CT_LOAD_FIX_P, ...
    CT_LOAD_DIS_P, CT_TGENCOST, CT_TAREAGENCOST, CT_MODCOST_F, ...
    CT_MODCOST_X] = idx_ct;

windprofile = struct( ...
    'type', 'mpcData', ...
    'table', CT_TGEN, ...
    'rows', [1:45], ...
    'col', PMAX, ...
    'chgtype', 1, ...
    'values', [] );
windprofile.values(:,1,:) = [
	3.7715 50.961 82.1317 111.533 14.5015 34.3242 29.5929 7.2404 26.1041 11.0271 20.3835 30.4081 45.7793 27.2636 168.7545 63.5773 78.8829 83.5923 83.3463 67.7566 9.8643 80.0898 30.4817 33.0896 50.0195 23.9727 5.1294 1240.5922 762.0272 762.0272 619.6912 81.8199 277.821 174.4057 85.4752 325.1316 1190.9572 186.7311 419.1289 133.9809 113.2446 380.7699 204.8024 108.4417 1203.363;
	3.285 44.3872 76.4543 40.5699 14.6581 28.5341 29.9788 7.5835 9.7046 13.2017 24.4031 36.4046 54.807 18.0375 175.6058 66.1585 82.0855 86.9861 84.0583 68.2207 9.9929 66.5797 27.8111 31.1859 39.2738 25.5483 5.9972 1264.907 812.9223 812.9223 702.3112 75.8287 280.1943 175.6003 56.5498 346.8469 1262.9492 188.6413 440.8619 105.1976 115.1757 316.5388 207.3814 99.4564 1276.1049;
	3.1119 42.0479 85.6242 42.781 14.5123 24.1145 30.5863 6.8378 5.0216 12.1475 22.4545 33.4976 50.4305 27.1608 177.0115 66.6881 82.7426 87.6824 85.6448 50.0207 10.1954 56.2672 26.3744 36.377 35.2851 25.8228 6.0763 1248.8048 830.0189 830.0189 728.7162 89.0533 285.4828 128.7534 85.1527 354.1414 1280.0406 191.3922 440.9397 94.5136 31.2901 267.5104 205.8949 132.9595 1293.3744;
	3.4626 46.7868 78.8587 39.8555 14.0237 13.4077 29.8254 7.117 6.436 10.8776 20.1071 29.9959 45.1586 0.0 187.2208 70.5343 87.5148 92.7396 83.5976 63.0948 9.9418 31.2847 27.5524 31.7812 32.7099 22.2231 5.195 1248.1633 826.0107 826.0107 708.9167 92.7014 278.6588 162.4061 0.0 352.4312 1261.8572 211.7844 435.4574 87.6159 32.3752 148.7363 202.9419 114.3801 1275.0015;
	3.8264 51.7037 79.0255 40.2768 14.2361 22.0334 30.7707 7.0608 9.47 9.0773 16.7793 25.0314 37.6846 2.5582 167.964 63.2794 78.5134 83.2007 86.351 63.952 10.2569 51.4114 2.1516 25.7525 33.9427 54.1025 5.3466 1218.5422 836.9446 836.9446 751.2846 94.2031 287.8366 164.6127 8.0203 357.0963 1268.122 220.5009 447.2312 90.9179 31.8811 244.4244 207.6983 189.1441 1281.3317;
	3.8749 52.3582 93.832 115.4488 14.6385 33.4984 30.6079 7.3699 7.7933 12.3136 22.7615 33.9557 51.1201 17.5822 186.417 70.2315 87.1391 92.3414 89.1696 64.9828 10.2026 78.1629 6.0488 34.3131 54.1408 62.6218 5.1634 1118.8435 827.6749 827.6749 740.6767 102.0008 297.232 167.2659 55.1227 353.1413 1216.4686 232.0044 449.177 145.0201 66.7285 371.609 209.3637 240.5175 1229.1402;
	3.9738 53.6945 93.7514 120.4823 14.7131 35.1445 30.3536 12.2461 8.9315 12.0224 22.2232 33.1526 49.9111 33.6045 197.8724 74.5473 92.4939 98.0159 83.7558 67.2045 10.1179 82.0039 24.4903 55.5898 103.3243 73.4326 11.3404 1089.4506 826.9151 826.9151 779.2109 109.3745 279.186 172.9846 105.3547 352.8171 1261.3298 285.1497 458.907 276.7616 104.2007 389.8701 210.3553 279.4243 1274.4686;
	3.8999 52.6963 92.1415 120.6867 14.713 35.1376 30.1246 18.8036 4.2339 11.2334 20.7648 30.9769 46.6356 56.0249 189.551 71.4122 88.604 93.8938 82.4818 46.5898 10.0415 81.9878 25.8628 62.6826 105.5198 72.5553 14.0066 1056.2679 850.041 850.041 797.0233 114.9457 274.9393 119.9222 175.6456 362.6841 1290.9912 323.6121 452.3657 282.6423 116.7984 389.7932 210.5759 271.88 1304.439;
	3.8372 51.8491 91.5262 119.2736 14.5064 34.4646 29.2094 18.0649 0.0 11.6588 21.5511 32.1501 48.4018 63.4597 193.7854 73.0075 90.5834 95.9914 45.57 57.6229 9.7365 80.4175 29.1885 87.6128 103.5294 69.6738 13.4137 784.4091 834.5375 834.5375 778.477 114.0184 151.8999 148.3216 198.9546 356.0693 1241.4441 327.0183 438.1734 277.3108 118.9652 382.3276 212.7913 266.2525 1254.3759;
	3.8341 51.8076 91.2827 117.7571 14.8424 34.8496 30.4026 18.1204 18.8435 11.3883 21.051 31.404 47.2786 60.8519 183.5915 69.167 85.8183 90.9418 53.9985 47.5118 10.1342 81.3157 23.4652 88.5662 100.3993 69.4863 13.7094 642.7915 851.949 851.949 791.7924 117.2133 179.995 122.2956 190.779 363.4982 1206.2303 296.3642 437.8242 268.9267 116.4089 386.5979 216.7825 267.8574 1218.7952;
	3.8634 52.2036 92.5764 118.0424 15.3127 35.0477 30.0165 18.0565 27.8244 17.6712 32.665 48.7298 73.3624 66.493 194.7993 73.3895 91.0574 96.4936 39.445 58.654 10.0055 81.778 27.4738 86.2579 99.5115 70.2006 13.7176 445.8359 806.3735 806.3735 756.6464 104.5475 131.4834 150.9756 208.4646 344.0527 988.5149 281.0859 405.7889 266.5488 119.1997 388.7958 214.8074 265.0751 998.812;
	3.5447 47.8969 93.4719 116.4881 15.2893 34.464 29.2942 17.7775 28.3225 19.963 36.9014 55.0496 82.8769 64.4756 199.2165 75.0536 93.1221 98.6816 53.0459 61.6277 9.7647 80.416 31.0782 87.4482 98.1993 71.7222 13.4181 350.0981 814.7642 814.7642 735.8617 108.8618 176.8198 158.6297 202.1396 347.6327 830.5712 270.328 434.4052 263.0338 119.3468 382.3205 203.2621 262.9494 839.223;
	2.2312 30.149 92.3223 113.897 14.8267 23.0677 26.2168 18.5395 28.1882 28.3371 52.3808 78.1418 117.6421 64.257 199.0335 74.9847 93.0366 98.591 92.1048 65.7406 8.7389 53.8247 59.0105 83.7228 96.3886 71.7205 13.9392 314.7294 727.4507 727.4507 622.2978 103.7219 307.0161 169.2164 201.4544 310.379 684.4093 223.1342 410.9863 258.1838 116.6559 255.898 180.3235 273.5324 691.5386;
	2.3909 32.3069 89.2802 109.6567 14.6987 13.5418 23.7246 17.5862 27.6368 30.7915 56.9176 84.9098 127.8313 66.3946 198.7176 74.8657 92.8889 98.4345 92.1737 69.5025 7.9082 31.5976 73.6913 82.8915 96.4764 71.0645 13.3129 298.9481 614.584 614.584 564.1348 96.212 307.2458 178.8995 208.156 262.2225 493.2164 195.956 431.0541 258.419 117.5328 150.224 146.9846 263.5549 498.3541;
	2.2136 29.91 88.2603 109.7918 12.2626 2.9447 20.3197 17.5189 27.627 29.5677 54.6554 81.5351 122.7506 65.0229 200.8598 75.6728 93.8903 99.4957 90.4269 71.4547 6.7732 6.8709 72.7485 84.4569 97.1439 69.9486 13.429 451.3238 487.8729 487.8729 400.2216 87.7931 301.423 183.9245 203.8556 208.1591 443.8277 186.5422 419.2475 260.2069 112.661 32.6662 122.7884 251.2501 448.4509;
	3.4245 46.2729 89.2052 80.0902 14.4484 26.3723 14.3022 17.9065 24.1865 29.6984 54.897 81.8956 123.2933 52.5052 198.5298 74.795 92.8012 98.3415 89.4269 70.3561 4.7674 61.5354 72.2339 85.708 97.0922 70.9344 13.4356 497.1347 513.4817 513.4817 387.426 50.0127 298.0897 181.0968 164.6108 219.0855 490.6857 165.3089 407.4334 260.0683 116.1112 292.557 88.6488 262.2727 495.797;
	3.1518 42.5871 89.124 61.6404 14.2763 32.8346 13.6531 17.8488 27.7143 28.4272 52.5472 78.3901 118.0158 51.9012 194.5425 73.2928 90.9373 96.3664 89.4055 70.1185 4.551 76.614 73.2124 84.8911 95.6018 71.3248 13.3467 548.666 574.2867 574.2867 398.9579 27.1012 298.0184 180.4852 162.7173 245.029 582.2183 115.7293 167.5488 256.0763 118.0528 364.2447 119.7634 261.8059 588.283;
	3.6439 49.2365 86.739 59.4879 14.0263 32.2386 28.2837 17.9034 26.8452 13.3485 24.6745 36.8095 55.4164 62.9218 186.8641 70.4 87.3481 92.5629 73.8362 68.5566 9.4279 75.2234 53.6464 85.2695 87.7174 69.174 12.5811 593.1758 602.4553 602.4553 395.7685 27.2119 246.1206 176.465 197.2684 257.0476 755.6998 77.9387 406.8219 234.9573 121.7746 357.6338 122.376 245.1188 763.5717;
