function windprofile = ex_wind_profilesh1
%EX_WIND_PROFILE_D  Example wind_load_nyiso profile data for deterministic unit commitment.
% 2022.03.12
% Andres F. Ramirez


%% define constants
[GEN_BUS, PG, QG, QMAX, QMIN, VG, MBASE, GEN_STATUS, PMAX, PMIN, ...
    MU_PMAX, MU_PMIN, MU_QMAX, MU_QMIN, PC1, PC2, QC1MIN, QC1MAX, ...
    QC2MIN, QC2MAX, RAMP_AGC, RAMP_10, RAMP_30, RAMP_Q, APF] = idx_gen;
[CT_LABEL, CT_PROB, CT_TABLE, CT_TBUS, CT_TGEN, CT_TBRCH, CT_TAREABUS, ...
    CT_TAREAGEN, CT_TAREABRCH, CT_ROW, CT_COL, CT_CHGTYPE, CT_REP, ...
    CT_REL, CT_ADD, CT_NEWVAL, CT_TLOAD, CT_TAREALOAD, CT_LOAD_ALL_PQ, ...
    CT_LOAD_FIX_PQ, CT_LOAD_DIS_PQ, CT_LOAD_ALL_P, CT_LOAD_FIX_P, ...
    CT_LOAD_DIS_P, CT_TGENCOST, CT_TAREAGENCOST, CT_MODCOST_F, ...
    CT_MODCOST_X] = idx_ct;

windprofile = struct( ...
    'type', 'mpcData', ...
    'table', CT_TGEN, ...
    'rows', [1:45], ...
    'col', PMAX, ...
    'chgtype', 1, ...
    'values', [] );
windprofile.values(:,1,:) = [
	3.8815 52.4477 84.9867 113.841 15.353 36.0114 31.5937 7.9124 28.0121 11.6553 21.5446 32.1403 48.387 35.2186 180.6611 68.063 84.4486 89.4903 83.383 68.5778 10.5312 84.0267 29.0767 39.115 48.333 26.2922 5.3317 1227.0073 785.7319 785.7319 645.7863 81.4892 277.9435 176.5195 110.4151 335.2456 1215.6895 202.2151 453.8431 129.4633 118.5929 399.4869 205.4516 120.5964 1228.3529;
	3.298 44.5629 77.6799 41.3505 15.3755 30.7398 31.5602 7.8714 11.2728 12.9525 23.9425 35.7176 53.7726 36.0276 169.8807 64.0016 79.4094 84.1502 84.0718 68.5275 10.5201 71.7261 25.7401 33.7219 38.3923 29.8321 5.518 1273.6406 800.6144 800.6144 702.329 73.7888 280.2393 176.3899 112.9513 341.5955 1288.9946 204.4182 463.108 102.8364 121.2068 341.0066 212.979 99.79 1302.4216;
	3.0851 41.6859 88.0284 39.1371 15.3449 25.8723 31.7751 7.4653 10.1976 13.1059 24.2261 36.1406 54.4094 33.5092 186.5062 70.2651 87.1808 92.3856 86.2247 60.6121 10.5917 60.3687 26.0846 34.0044 37.4421 30.7798 6.2235 1258.0525 819.2614 819.2614 749.8616 86.4394 287.4158 156.0158 105.0559 349.5515 1275.8251 208.82 465.2991 100.2913 36.4513 287.0099 213.426 139.7094 1289.115;
	3.5792 48.3628 85.6664 44.6794 15.318 16.1315 32.399 7.7533 12.9886 12.6702 23.4206 34.9389 52.6003 25.2852 189.2141 71.2853 88.4466 93.727 85.4688 59.5702 10.7997 37.6401 27.7313 27.4315 32.3441 30.481 5.5179 1283.6897 837.0009 837.0009 772.212 92.6714 284.896 153.3338 79.2726 357.1204 1311.0783 226.9803 472.1102 86.6361 40.925 178.952 216.8629 118.5431 1324.7354;
	3.908 52.8063 83.4188 35.4114 15.3643 25.1466 32.1111 7.6512 12.4794 11.8476 21.9 32.6705 49.1853 29.7079 164.475 61.965 76.8825 81.4725 86.8195 62.7708 10.7037 58.6753 6.379 20.6418 34.8614 64.7148 5.8064 1287.2863 832.2245 832.2245 764.8267 96.4591 289.3985 161.5722 93.1384 355.0825 1309.7675 236.7933 475.1421 93.3788 37.3978 278.9591 216.5267 196.5037 1323.4109;
	3.8823 52.4591 95.1171 113.2771 15.3769 34.936 31.7825 8.2175 12.8863 13.0875 24.192 36.0897 54.3329 26.081 186.9653 70.4381 87.3954 92.613 89.818 62.0914 10.5942 81.5173 36.8751 31.4076 56.0244 70.5145 6.0987 1235.1035 823.7958 823.7958 745.3499 103.5256 299.3933 159.8233 81.7674 351.4862 1263.2085 232.2431 479.2376 150.0653 73.9721 387.5565 215.5119 255.0684 1276.3669;
	3.9822 53.8084 94.7142 115.1279 15.4041 35.5453 32.0897 12.2566 12.3924 12.3189 22.7713 33.9703 51.1421 35.2898 186.9376 70.4276 87.3824 92.5993 83.0568 66.1661 10.6966 82.9391 25.7192 48.1083 100.0585 74.0636 12.1226 1185.5642 830.151 830.151 777.6154 104.2614 276.8561 170.3118 110.6384 354.1977 1272.9445 286.7561 477.2057 268.0139 111.3272 394.3161 217.7633 275.3532 1286.2043;
	3.9221 52.9958 93.6353 118.1839 15.3354 35.2964 31.056 18.8966 11.869 11.7494 21.7186 32.3999 48.7779 58.4574 185.5401 69.9012 86.7292 91.9071 83.6019 53.7249 10.352 82.3583 26.2209 53.0546 105.1183 73.4605 14.0116 1126.5492 837.9016 837.9016 765.6688 113.259 278.6729 138.2879 183.2719 357.5047 1259.199 292.1802 467.932 281.5668 120.4176 391.5547 217.3008 281.5568 1272.3157;
	3.9238 53.0198 94.616 116.2341 15.3669 34.9342 30.9827 18.8951 11.0699 12.9576 23.9519 35.7315 53.7936 59.3588 187.4898 70.6357 87.6406 92.8729 48.3285 58.8659 10.3276 81.5132 28.3753 85.6699 105.2219 74.221 13.994 824.0626 833.2647 833.2647 753.4806 111.4938 161.0951 151.521 186.0978 355.5263 1202.6743 289.0481 465.9559 281.8445 122.2348 387.537 217.4985 280.8537 1215.2022;
	3.8761 52.3741 91.8485 111.9679 15.0524 33.6907 31.2249 18.6358 20.591 12.103 22.3721 33.3748 50.2456 59.3159 164.5174 61.981 76.9023 81.4935 48.2607 46.4489 10.4083 78.6116 27.1863 86.2394 102.6514 71.6091 13.1379 631.7806 840.2181 840.2181 752.2022 110.2246 160.8691 119.5597 185.9634 358.493 1127.2978 270.1747 461.6278 274.959 119.3743 373.7418 214.26 266.9604 1139.0405;
	3.8495 52.0154 92.2265 115.7106 15.0234 33.664 31.9887 18.845 28.3621 19.7637 36.5328 54.4998 82.0492 67.9642 194.2511 73.183 90.8011 96.222 40.2842 65.7862 10.6629 78.5492 30.3105 83.4581 103.0631 72.3035 13.4327 487.2066 811.2954 811.2954 733.8419 95.3187 134.2806 169.3339 213.0769 346.1527 952.4223 246.8795 463.5633 276.0618 117.3787 373.4454 207.7159 267.5163 962.3434;
	3.4025 45.9756 92.5224 115.9596 15.214 31.517 30.5695 18.9946 28.2833 22.0909 40.8347 60.9174 91.7108 64.6857 192.4897 72.5194 89.9777 95.3495 55.6681 63.7045 10.1898 73.5398 36.6647 83.6265 102.6898 74.1359 13.2537 342.4254 782.4247 782.4247 665.7205 103.6098 185.5604 163.9755 202.7984 333.8346 752.4805 223.127 452.7384 275.0621 119.6086 349.6291 193.6996 269.7056 760.3188;
	2.131 28.7949 91.3889 114.7945 14.929 19.863 26.0499 19.0133 27.9289 29.2468 54.0623 80.6504 121.4187 64.2459 190.3951 71.7302 88.9986 94.312 91.9915 67.1185 8.6833 46.347 61.4835 82.0004 100.5381 73.7752 13.9286 342.5191 717.9904 717.9904 633.0655 106.092 306.6382 172.7631 201.4197 306.3426 660.403 216.8574 424.6271 269.2986 118.6976 220.347 175.6516 271.2759 667.2822;
	2.4238 32.7507 90.4157 115.6836 15.2112 13.7573 25.1881 18.9897 27.1402 30.9957 57.295 85.4729 128.6789 63.7352 194.7153 73.3579 91.0181 96.452 90.3326 70.9285 8.396 32.1003 73.2934 82.3789 102.0099 73.2133 13.7304 361.4947 608.9311 608.9311 568.017 101.3706 301.1087 182.57 199.8185 259.8106 494.7475 197.9738 427.624 273.2407 118.8428 152.6142 149.2051 263.6769 499.9011;
	2.409 32.5514 89.6422 114.0519 14.0177 9.5356 22.3297 19.0096 27.98 30.827 56.9833 85.0079 127.9789 64.9934 204.5439 77.0607 95.6124 101.3206 90.9605 72.7436 7.4432 22.2496 74.4495 84.8294 102.6649 73.6846 13.8704 504.0894 507.7003 507.7003 399.8177 90.4972 303.2017 187.2421 203.7631 216.6188 439.8579 175.6843 444.3961 274.9951 118.4541 105.7811 127.9988 254.4109 444.4398;
	3.3656 45.4763 87.3477 83.6973 15.1546 27.4426 16.6196 18.6821 23.203 29.6626 54.8309 81.797 123.1449 53.8129 197.0467 74.2362 92.1079 97.6069 86.5325 70.0722 5.5399 64.0327 70.8419 85.3775 100.2634 73.5642 13.6599 538.5236 517.6749 517.6749 396.7799 49.1574 288.4416 180.3659 168.7107 220.8746 482.8188 155.3755 436.7804 268.5628 115.8997 304.4299 92.3235 270.0109 487.8482;
	2.9731 40.1735 87.9653 60.6011 14.7322 31.9802 14.2761 18.6689 27.6525 28.1353 52.0078 77.5853 116.8043 59.9268 194.3643 73.2256 90.854 96.2781 85.3605 69.5109 4.7587 74.6204 72.7505 85.4293 105.2436 74.1719 13.6222 594.2872 541.5231 541.5231 408.8393 25.8465 284.5352 178.9212 187.8785 231.0498 549.2857 112.2375 171.8358 281.9026 114.8661 354.7666 117.3974 260.0715 555.0074;
	3.6401 49.1859 88.1084 63.9132 15.2289 33.5823 27.2838 18.9627 25.8893 12.5091 23.1229 34.4948 51.9317 58.3802 189.6276 71.4411 88.6399 93.9318 72.4342 69.6661 9.0946 78.3587 40.2237 89.2546 106.6351 74.6593 13.511 685.6339 561.7939 561.7939 372.5974 19.6315 241.4475 179.3207 183.0297 239.6987 749.9265 71.1205 360.7262 285.6297 118.0544 372.5395 128.0618 260.2829 757.7383;
