function windprofile = ex_wind_profilesh1
%EX_WIND_PROFILE_D  Example wind_load_nyiso profile data for deterministic unit commitment.
% 2022.03.12
% Andres F. Ramirez


%% define constants
[GEN_BUS, PG, QG, QMAX, QMIN, VG, MBASE, GEN_STATUS, PMAX, PMIN, ...
    MU_PMAX, MU_PMIN, MU_QMAX, MU_QMIN, PC1, PC2, QC1MIN, QC1MAX, ...
    QC2MIN, QC2MAX, RAMP_AGC, RAMP_10, RAMP_30, RAMP_Q, APF] = idx_gen;
[CT_LABEL, CT_PROB, CT_TABLE, CT_TBUS, CT_TGEN, CT_TBRCH, CT_TAREABUS, ...
    CT_TAREAGEN, CT_TAREABRCH, CT_ROW, CT_COL, CT_CHGTYPE, CT_REP, ...
    CT_REL, CT_ADD, CT_NEWVAL, CT_TLOAD, CT_TAREALOAD, CT_LOAD_ALL_PQ, ...
    CT_LOAD_FIX_PQ, CT_LOAD_DIS_PQ, CT_LOAD_ALL_P, CT_LOAD_FIX_P, ...
    CT_LOAD_DIS_P, CT_TGENCOST, CT_TAREAGENCOST, CT_MODCOST_F, ...
    CT_MODCOST_X] = idx_ct;

windprofile = struct( ...
    'type', 'mpcData', ...
    'table', CT_TGEN, ...
    'rows', [1:45], ...
    'col', PMAX, ...
    'chgtype', 1, ...
    'values', [] );
windprofile.values(:,1,:) = [
	3.9066 52.7865 78.8732 112.7485 14.8083 34.5792 31.7414 7.1859 27.3153 8.0685 14.9145 22.2495 33.4966 38.9283 180.3037 67.9284 84.2815 89.3132 79.5547 68.5566 10.5805 80.6847 26.0054 33.5408 38.3622 11.3996 4.9999 1278.2119 799.9389 799.9389 675.3027 88.0749 265.1824 176.4649 122.0455 341.3073 1249.1811 206.9955 455.8295 102.756 119.5328 383.5983 208.3558 98.0227 1262.1934;
	3.371 45.5498 75.7814 44.8266 14.8719 28.4819 31.8742 7.2707 11.116 12.4864 23.0809 34.4322 51.8374 37.8299 189.2032 71.2812 88.4415 93.7216 81.4508 71.9335 10.6247 66.4577 29.0177 35.7408 36.542 26.0017 5.4799 1250.6943 805.1569 805.1569 740.5118 81.3384 271.5028 185.1569 118.6018 343.5336 1271.0646 208.3205 474.1944 97.8804 119.6025 315.959 193.4159 90.9346 1284.3048;
	3.4219 46.2376 91.57 49.8391 15.1646 25.782 31.9597 6.5527 10.8327 12.5958 23.2832 34.7339 52.2917 27.6934 191.0843 71.9899 89.3208 94.6534 81.7208 63.724 10.6532 60.1579 28.2292 39.3273 38.296 27.8358 6.1442 1268.2425 816.8159 816.8159 750.5075 92.348 272.4025 164.0258 86.8226 348.5081 1289.6484 204.6764 471.965 102.5786 36.0152 286.0081 213.6279 135.5624 1303.0823;
	3.6417 49.2068 87.4989 50.1475 14.8559 15.2963 31.602 6.2821 11.175 11.3868 21.0482 31.3998 47.2723 20.098 192.6075 72.5637 90.0328 95.4079 75.1837 65.4395 10.534 35.6913 25.16 33.0001 31.1984 26.9592 5.3592 1278.8133 813.804 813.804 768.0191 96.7923 250.6124 168.4415 63.0098 347.223 1293.4499 219.9282 465.8073 83.567 38.9416 169.6869 213.5152 105.6126 1306.9234;
	3.8705 52.2989 81.4992 41.9961 14.793 23.464 31.9365 5.8459 11.8822 10.6637 19.7116 29.4059 44.2704 29.15 176.3424 66.436 82.4298 87.351 82.1435 67.7341 10.6455 54.7493 1.1138 26.8682 35.7575 55.682 5.1675 1262.5297 828.8723 828.8723 781.9265 99.071 273.8117 174.3477 91.3893 353.6522 1283.3161 224.4332 472.1311 95.7789 36.5389 260.2936 212.1836 173.0425 1296.684;
	3.9183 52.9442 93.9963 113.9622 15.2977 34.5766 31.7469 6.7725 11.0018 12.6638 23.4089 34.9214 52.574 28.0116 188.1966 70.902 87.971 93.2229 87.3495 69.62 10.5823 80.6788 8.0678 30.9342 53.5732 62.6248 5.3621 1192.9403 815.7426 815.7426 780.0479 107.669 291.1651 179.2021 87.8202 348.0502 1248.9963 230.7614 471.9649 143.4998 67.2789 383.5703 216.1799 245.1451 1262.0066;
	3.9855 53.8523 90.7103 116.576 15.218 35.2234 31.1188 9.5693 10.5008 12.6226 23.3327 34.8078 52.4029 37.2945 198.2466 74.6883 92.6688 98.2012 82.9226 73.5927 10.3729 82.188 26.6087 45.2933 97.4148 74.1062 10.7571 1172.2947 820.1038 820.1038 774.9008 109.6285 276.4087 189.4279 116.9233 349.9109 1272.0938 262.5533 468.7521 260.9325 102.2037 390.745 215.9769 270.5017 1285.3448;
	3.9065 52.7853 87.2517 111.7922 14.9222 32.8577 30.5354 18.1323 7.9768 10.3297 19.0943 28.485 42.884 62.5005 199.1916 75.0443 93.1105 98.6693 83.7849 66.1455 10.1785 76.668 22.8985 47.0235 100.007 71.5495 13.4655 1074.7952 803.0508 803.0508 741.1394 111.3891 279.2831 170.2586 195.9475 342.635 1222.1322 277.337 466.6099 267.8759 115.5621 364.5014 206.6981 270.2949 1234.8628;
	3.8678 52.2627 86.6727 110.6751 15.1207 32.6142 30.1006 17.73 9.04 9.7315 17.9885 26.8353 40.4004 62.3611 204.4237 77.0155 95.5562 101.2611 50.3143 70.3464 10.0335 76.0999 2.9041 84.5242 99.327 70.3185 13.2844 820.9578 829.8466 829.8466 635.5486 107.9595 167.7142 181.0718 195.5106 354.0679 1226.6953 278.8985 451.8628 266.0546 115.4232 361.8006 212.3795 269.7218 1239.4734;
	3.8488 52.0054 86.4472 111.9541 15.199 32.2709 29.6514 17.3901 17.3319 6.2464 11.5464 17.225 25.9322 58.1767 197.6621 74.468 92.3955 97.9117 51.0201 64.0547 9.8838 75.2987 0.0 86.0249 97.6784 68.3699 12.8264 629.0829 840.6125 840.6125 719.5631 107.2471 170.0671 164.8768 182.3918 358.6613 1138.6864 275.5572 437.6904 261.6386 113.2393 357.9914 205.5 266.8436 1150.5478;
	3.8294 51.7432 88.0609 113.1175 15.2471 32.6876 30.0809 17.3561 27.554 15.1301 27.9677 41.7223 62.8127 67.3504 201.5496 75.9327 94.2127 99.8374 39.6746 70.9398 10.027 76.271 3.984 81.8587 97.0683 68.2272 13.0809 457.6938 801.4159 801.4159 706.0125 95.593 132.2488 182.5993 211.1527 341.9375 973.5861 270.6473 452.0305 260.0043 114.6062 362.6143 202.7341 264.465 983.7276;
	3.3663 45.4855 87.5167 109.8069 14.8191 28.8536 29.1101 17.7593 27.2179 18.8389 34.8235 51.9498 78.2101 65.7049 201.1351 75.7765 94.019 99.632 52.9594 70.147 9.7034 67.3251 32.6074 81.8736 94.6385 72.0426 12.8479 346.092 786.0492 786.0492 663.1735 103.5972 176.5313 180.5586 205.9937 335.381 797.4053 250.1064 455.4398 253.4961 117.2728 320.0825 183.4104 267.3334 805.7116;
	2.218 29.9704 89.772 111.7747 14.6405 18.7425 26.4338 18.4853 27.7804 27.6854 51.176 76.3445 114.9362 66.5316 203.8005 76.7807 95.2649 100.9524 92.5888 72.9699 8.8113 43.7326 57.4891 82.9521 97.0859 71.2526 13.6887 336.4359 677.0681 677.0681 608.0983 102.43 308.6294 187.8246 208.5857 288.8824 651.3295 231.4867 446.235 260.0514 119.5046 207.9173 168.0111 275.829 658.1142;
	2.5744 34.786 90.7567 113.7246 15.1417 12.5503 26.5292 18.5434 28.089 30.9602 57.2294 85.3751 128.5317 67.6062 199.6102 75.202 93.3061 98.8767 91.6766 73.8614 8.8431 29.2839 73.2943 83.3897 98.4101 72.6568 13.7756 331.195 604.3847 604.3847 581.533 101.7471 305.5885 190.1195 211.9545 257.8708 494.9201 212.6609 472.631 263.5984 121.4313 139.2243 143.007 266.9658 500.0755;
	2.3183 31.3256 89.5103 111.845 12.5652 0.0242 21.9656 17.9149 27.5172 30.0235 55.4979 82.792 124.6428 65.7597 201.2675 75.8263 94.0808 99.6976 91.1027 74.0099 7.3219 0.0564 73.2316 82.8824 96.8122 70.7681 13.6163 407.1418 456.4291 456.4291 394.034 86.1132 303.6758 190.5017 206.1657 194.7431 393.0236 182.6025 453.4351 259.3183 118.0817 0.268 114.52 250.0781 397.1176;
	3.5808 48.3851 94.5043 92.5979 14.8687 26.6951 17.4739 18.3743 25.5491 30.4719 56.3268 84.0285 126.5045 60.2638 203.734 76.7556 95.2338 100.9194 91.4473 73.9501 5.8246 62.2886 74.5158 86.9099 100.0921 72.783 13.5932 526.2962 525.2057 525.2057 433.7654 50.3976 304.8242 190.3476 188.935 224.0878 502.0925 175.8799 476.8536 268.1039 120.6036 296.1377 91.3632 261.9898 507.3227;
	3.4617 46.7749 93.2126 69.9377 14.7514 33.1696 15.603 18.173 28.3302 28.9213 53.4605 79.7526 120.0671 61.6833 204.441 77.0219 95.5643 101.2696 88.2259 73.854 5.201 77.3958 74.7539 85.8822 104.0465 72.791 13.4297 578.9304 561.8348 561.8348 444.3138 31.4908 294.0865 190.1003 193.3855 239.7162 581.4753 128.1174 221.4131 278.696 119.4661 367.9618 128.4705 269.2226 587.5324;
	3.759 50.793 91.2805 65.0583 14.4852 34.1714 29.4498 18.245 28.3111 15.0361 27.7941 41.4633 62.4227 61.9298 198.9797 74.9644 93.0114 98.5644 77.3027 73.7135 9.8166 79.7333 59.4113 87.0408 103.2658 72.8771 13.476 629.5099 588.3848 588.3848 413.2885 28.106 257.6758 189.7387 194.1584 251.0442 718.1539 87.0126 428.5198 276.6048 121.7461 379.0748 134.8586 264.4544 725.6347;
