function windprofile = ex_wind_profilesh1
%EX_WIND_PROFILE_D  Example wind_load_nyiso profile data for deterministic unit commitment.
% 2022.03.12
% Andres F. Ramirez


%% define constants
[GEN_BUS, PG, QG, QMAX, QMIN, VG, MBASE, GEN_STATUS, PMAX, PMIN, ...
    MU_PMAX, MU_PMIN, MU_QMAX, MU_QMIN, PC1, PC2, QC1MIN, QC1MAX, ...
    QC2MIN, QC2MAX, RAMP_AGC, RAMP_10, RAMP_30, RAMP_Q, APF] = idx_gen;
[CT_LABEL, CT_PROB, CT_TABLE, CT_TBUS, CT_TGEN, CT_TBRCH, CT_TAREABUS, ...
    CT_TAREAGEN, CT_TAREABRCH, CT_ROW, CT_COL, CT_CHGTYPE, CT_REP, ...
    CT_REL, CT_ADD, CT_NEWVAL, CT_TLOAD, CT_TAREALOAD, CT_LOAD_ALL_PQ, ...
    CT_LOAD_FIX_PQ, CT_LOAD_DIS_PQ, CT_LOAD_ALL_P, CT_LOAD_FIX_P, ...
    CT_LOAD_DIS_P, CT_TGENCOST, CT_TAREAGENCOST, CT_MODCOST_F, ...
    CT_MODCOST_X] = idx_ct;

windprofile = struct( ...
    'type', 'mpcData', ...
    'table', CT_TGEN, ...
    'rows', [1:45], ...
    'col', PMAX, ...
    'chgtype', 1, ...
    'values', [] );
windprofile.values(:,1,:) = [
	3.7914 51.2301 82.6733 114.5935 15.1947 35.8983 31.027 7.2811 27.7732 1.6161 2.9874 4.4565 6.7093 36.6582 177.3347 66.8098 82.8937 87.8425 74.2489 67.885 10.3423 83.7627 5.3085 37.9799 46.8772 24.9902 4.6712 1241.3068 792.4909 792.4909 676.5677 76.1677 247.4963 174.7362 114.9285 338.1295 1256.4814 208.488 457.1861 125.5641 104.2637 398.232 214.5318 111.1923 1269.5698;
	3.4138 46.1279 76.1632 47.2162 15.4106 31.1534 30.8051 7.9871 9.6705 10.0878 18.6472 27.8179 41.8797 36.749 181.254 68.2864 84.7257 89.7839 83.1915 70.3491 10.2684 72.6912 23.673 38.6277 41.9474 27.0173 5.4806 1292.878 835.3345 835.3345 751.8615 77.1251 277.305 181.0787 115.2129 356.4094 1326.1502 206.1483 462.8482 112.3591 110.4915 345.5947 217.8354 102.5612 1339.9643;
	3.0052 40.6073 87.3891 47.9552 15.3761 25.5561 31.317 6.7179 8.3581 8.8935 16.4394 24.5244 36.9214 27.4798 186.9275 70.4239 87.3777 92.5943 83.6743 62.9179 10.439 59.6308 20.2816 43.0848 39.648 27.2577 5.8166 1290.2535 838.7227 838.7227 744.6714 86.0287 278.9143 161.9507 86.1527 357.855 1309.3709 212.5503 451.4433 106.2001 29.831 283.5018 214.2426 128.1021 1323.0102;
	3.4184 46.1898 83.7311 49.3574 15.1191 15.4111 31.9645 6.534 10.4935 11.502 21.2612 31.7176 47.7507 24.694 191.9286 72.308 89.7155 95.0716 82.2512 65.5085 10.6548 35.9593 25.6889 40.6162 37.3512 15.5222 5.2353 1335.9591 842.7465 842.7465 779.9957 95.7852 274.1707 168.6189 77.4191 359.5718 1347.4972 236.9318 468.7279 100.0479 36.9096 170.9609 211.6733 111.6734 1361.5336;
	3.6423 49.2152 79.9131 41.3981 15.2625 21.9734 30.9675 7.0494 10.5017 11.3117 20.9095 31.1928 46.9607 30.859 168.9799 63.6622 78.9883 83.704 84.4991 66.41 10.3225 51.2712 3.7899 30.6413 39.429 54.683 5.3567 1254.0622 813.9615 813.9615 779.2798 97.4384 281.6637 170.9394 96.7471 347.2902 1291.5661 231.9475 453.457 105.6135 35.3188 243.758 210.2566 187.9075 1305.0199;
	3.7673 50.9041 92.5302 112.9327 15.3414 33.5264 31.0076 7.6669 10.3566 12.9333 23.9069 35.6645 53.6927 25.8828 187.9958 70.8263 87.8771 93.1235 87.3646 66.4072 10.3359 78.2283 11.5985 33.6629 55.5971 62.7521 5.4733 1243.2985 795.0476 795.0476 756.312 107.4603 291.2154 170.9323 81.1462 339.2203 1279.1793 229.8176 454.8855 148.9208 72.2745 371.9199 210.3965 244.682 1292.5041;
	3.8617 52.1796 90.4897 115.1757 14.9644 34.7654 30.8597 12.0733 8.825 11.8374 21.8812 32.6424 49.143 37.0166 194.8414 73.4054 91.077 96.5144 79.7362 68.6388 10.2866 81.1194 24.8678 46.0437 99.8378 73.1609 11.6474 1201.2896 822.198 822.198 782.7399 115.0361 265.7873 176.6765 116.0519 350.8045 1328.6605 283.3111 455.0525 267.4228 109.7269 385.6646 212.2506 276.7642 1342.5007;
	3.8977 52.6666 93.0803 120.0183 15.2657 35.085 31.5249 19.139 11.2963 11.7342 21.6906 32.3581 48.7149 62.0619 188.9216 71.1751 88.3098 93.5821 83.2459 57.6304 10.5083 81.865 26.6189 61.4502 106.3145 74.8521 14.1186 1138.7885 835.2261 835.2261 802.1888 121.1635 277.4863 148.3407 194.5725 356.3632 1325.9821 315.9355 472.1572 284.771 123.903 389.2094 211.37 285.88 1339.7944;
	3.8931 52.6041 89.6594 115.7532 15.2316 34.732 29.8702 18.3124 9.7079 10.7745 19.9166 29.7116 44.7306 60.7152 189.1411 71.2578 88.4125 93.6908 52.2845 62.7333 9.9567 81.0412 26.5579 86.8111 103.1878 71.3924 13.6056 844.1476 836.7892 836.7892 785.751 118.2222 174.2815 161.4758 190.3502 357.0301 1272.2054 317.9449 465.0366 276.3959 123.9471 385.2931 214.7363 277.4072 1285.4575;
	3.8986 52.678 91.7365 119.0274 15.027 34.8326 31.2984 18.5455 22.0403 11.0435 20.4138 30.4534 45.8474 63.8683 178.262 67.1592 83.3271 88.3019 55.3553 53.6206 10.4328 81.2762 24.6432 89.7852 104.6638 70.8319 13.8518 651.6358 841.1087 841.1087 778.7102 111.8487 184.5176 138.0195 200.2358 358.8731 1186.4765 280.1121 476.1413 280.3494 123.2608 386.4102 214.0543 277.9612 1198.8356;
	3.8244 51.6757 90.0859 115.5685 14.7509 34.4153 31.3457 18.5726 28.2776 15.9243 29.4359 43.9126 66.1101 68.3272 194.5419 73.2925 90.937 96.3661 40.1075 62.9204 10.4486 80.3025 27.8663 88.2134 103.8618 71.6602 13.8257 459.6063 801.3909 801.3909 755.8404 105.9258 133.6917 161.9571 214.2149 341.9268 984.4811 282.1429 467.1378 278.2013 123.6793 381.7809 203.3427 266.7757 994.7361;
	3.2735 44.2321 90.388 113.4388 15.0558 33.1967 29.8501 18.1639 27.7938 14.6053 26.9977 40.2753 60.6343 64.7937 191.294 72.0689 89.4188 94.7573 53.1935 62.0148 9.95 77.4589 32.6878 89.7676 102.7387 72.6661 13.5435 340.2533 757.4278 757.4278 732.0832 109.6186 177.3116 159.6261 203.1371 323.1692 808.1195 261.9503 459.6982 275.193 123.0404 368.2616 188.6472 271.267 816.5374;
	2.3298 31.4805 91.5006 115.2346 15.25 24.0167 26.3058 18.9241 28.2661 26.599 49.1679 73.3488 110.4263 67.9646 189.9034 71.545 88.7688 94.0684 92.4051 62.9763 8.7686 56.0389 57.5051 89.2343 101.7925 72.8159 14.0864 298.6117 683.0168 683.0168 689.1404 104.9454 308.0169 162.1012 213.0781 291.4205 665.1936 235.8506 456.1528 272.6586 123.2666 266.4249 173.0019 279.6662 672.1227;
	2.4056 32.5056 90.0919 113.3017 15.1715 14.1608 24.926 18.2552 27.8554 30.1966 55.818 83.2695 125.3618 68.591 197.7052 74.4843 92.4157 97.9331 91.9008 68.8986 8.3087 33.042 73.7266 88.7758 99.1149 72.3444 13.9451 307.7702 576.0691 576.0691 624.3481 103.1167 306.336 177.3452 215.0419 245.7895 482.9783 214.7049 459.0157 265.4863 119.7564 157.091 137.9212 270.2309 488.0094;
	2.2946 31.0055 90.5902 115.2541 13.9803 18.0172 21.8839 18.9084 27.5746 28.463 52.6133 78.4887 118.1644 68.0316 203.3202 76.5997 95.0404 100.7144 91.1901 71.4577 7.2946 42.0402 70.2201 88.5117 99.3014 74.1337 14.13 476.0752 465.7116 465.7116 475.5404 97.3952 303.967 183.9324 213.2883 198.7036 448.5559 196.6841 454.7922 265.9858 121.7924 199.8709 117.3385 247.7425 453.2284;
	3.4359 46.4259 89.9332 88.3481 15.1676 27.6549 16.3363 18.7829 23.9546 27.7101 51.2217 76.4127 115.0389 63.708 200.8867 75.6829 93.9029 99.509 90.1352 70.6302 5.4454 64.5281 69.4317 88.0936 99.564 74.2957 13.9678 517.8253 486.035 486.035 446.0004 55.4802 300.4505 181.8024 199.7331 207.3749 521.6843 178.145 455.4479 266.6893 122.7183 306.785 83.8316 275.0892 527.1185;
	2.9868 40.3586 86.8395 57.6537 14.8215 31.3356 14.0369 18.4746 26.5805 24.2913 44.9021 66.985 100.8456 63.4117 189.9603 71.5664 88.7954 94.0966 87.2605 68.3643 4.679 73.1164 67.749 86.6087 102.3067 74.7117 13.555 588.6805 564.5697 564.5697 454.8463 31.0738 290.8685 175.97 198.8043 240.8831 593.8187 128.4337 180.771 274.0357 117.5608 347.6165 100.9452 265.3237 600.0043;
	3.1227 42.1947 85.0011 54.0641 14.4518 29.9662 27.7148 18.6153 25.6745 7.4081 13.6937 20.4284 30.7548 63.2084 174.9241 65.9016 81.7668 86.6484 70.3728 68.327 9.2383 69.9211 39.6335 87.8791 102.3605 72.9934 13.409 704.3578 580.2559 580.2559 404.6087 28.8722 234.576 175.8739 198.167 247.5759 793.8334 85.3545 398.8207 274.18 119.1196 332.4251 105.1745 250.0046 802.1025;
