function loadprofile = ex_load_profilesh1
%EX_LOAD_PROFILE  Example load profile data file for stochastic unit commitment.
% 2022.03.12
% Andres F. Ramirez

%% define constants
[CT_LABEL, CT_PROB, CT_TABLE, CT_TBUS, CT_TGEN, CT_TBRCH, CT_TAREABUS, ...
    CT_TAREAGEN, CT_TAREABRCH, CT_ROW, CT_COL, CT_CHGTYPE, CT_REP, ...
    CT_REL, CT_ADD, CT_NEWVAL, CT_TLOAD, CT_TAREALOAD, CT_LOAD_ALL_PQ, ...
    CT_LOAD_FIX_PQ, CT_LOAD_DIS_PQ, CT_LOAD_ALL_P, CT_LOAD_FIX_P, ...
    CT_LOAD_DIS_P, CT_TGENCOST, CT_TAREAGENCOST, CT_MODCOST_F, ...
    CT_MODCOST_X] = idx_ct;

loadprofile = struct( ...
    'type', 'mpcData', ...
    'table', CT_TAREALOAD, ...
    'rows', [1:11], ...
    'col', CT_LOAD_ALL_P, ...
    'chgtype', 1, ...
    'values', [] );
loadprofile.values(:,1,:) = [
	1413.5518 908.3 1556.9036 557.7368 797.7795 1141.5129 865.827 261.2846 554.1752 4700.8 1764.2862;
	1425.6335 909.5 1565.7 544.1044 806.9916 1135.3879 862.9056 250.6296 561.1481 4571.2513 1713.5603;
	1415.4438 898.561 1546.5203 549.6507 791.2455 1143.8905 854.7601 254.781 532.3504 4577.8977 1711.8;
	1449.7288 910.3234 1585.7651 562.6904 797.9849 1154.0782 885.7 259.9959 558.3 4593.4138 1719.0263;
	1495.3891 931.83 1658.5973 585.4 833.4576 1197.7745 934.377 284.1862 579.3 4744.218 1832.7244;
	1555.2 980.0071 1737.7257 611.3 873.383 1280.2898 998.421 307.1224 605.2768 4902.3 1886.5858;
	1592.931 969.5624 1741.466 624.2556 925.5477 1298.7217 1008.668 310.7641 622.9429 4918.2505 1859.6494;
	1631.3433 960.733 1780.8157 625.2904 950.6239 1326.1291 1037.5605 303.4156 632.27 4978.6256 1799.35;
	1629.1 959.7644 1786.8713 620.1 939.2 1314.9805 1015.5415 303.1396 631.5297 4984.0155 1613.7484;
	1638.4577 965.5955 1719.8457 602.0281 911.3968 1322.2454 1027.4351 295.0348 634.5627 5177.1788 1407.1119;
	1644.9621 978.4027 1717.6454 591.7455 909.1089 1299.2379 1019.5342 270.4791 648.6 5197.7821 1465.0884;
	1645.6027 947.489 1644.355 571.0303 860.0401 1285.3856 1002.6269 259.8002 637.9948 5214.6531 1441.9742;
	1655.6427 973.0015 1663.3792 570.2788 849.522 1267.1082 1004.7828 281.6479 644.3658 5330.374 1452.0029;
	1666.6615 1021.6797 1718.7921 574.744 857.5013 1349.3481 1029.382 304.8774 655.2 5462.3796 1907.9855;
	1753.1017 1018.5387 1715.4743 579.6 875.0627 1351.5461 1043.4739 325.1 670.1522 5489.3801 2003.3787;
	1719.4935 973.2788 1702.537 575.4 891.41 1383.6107 1101.52 295.5852 675.0195 5590.7198 2094.7345;
	1690.802 1060.7387 1774.2275 591.4002 928.7488 1457.6428 1151.0589 321.591 734.1852 5668.4048 2179.8;
	1801.0766 1138.0349 1866.114 611.6206 998.4607 1507.2058 1224.4797 359.5375 789.0007 5989.862 2346.0027;
	1824.1254 1144.5243 1831.2798 615.0695 990.4858 1512.4889 1218.9409 343.1997 794.4179 6066.7563 2374.1472;
	1743.0 1070.4962 1792.5782 591.2957 935.2191 1424.1696 1117.7042 307.8544 719.5059 5660.2175 2210.1875;
	1653.3099 1000.5663 1689.6409 572.1735 895.1591 1329.9793 1052.8715 302.6 656.8706 5350.9854 2037.1888;
	1555.4376 942.8108 1557.794 538.5051 774.8422 1218.1625 956.8604 266.5011 603.8 5050.2689 1844.8662;
	1501.7582 886.6818 1505.9917 531.4173 740.987 1059.2965 873.9376 216.3743 496.8244 4548.2 1561.1683;
	1451.9336 865.3067 1497.2079 532.0964 732.5519 1057.3137 859.6977 242.4424 468.4898 4429.0939 1542.2653;
];
