function loadprofile = ex_load_profilesh1
%EX_LOAD_PROFILE  Example load profile data file for stochastic unit commitment.
% 2022.03.12
% Andres F. Ramirez

%% define constants
[CT_LABEL, CT_PROB, CT_TABLE, CT_TBUS, CT_TGEN, CT_TBRCH, CT_TAREABUS, ...
    CT_TAREAGEN, CT_TAREABRCH, CT_ROW, CT_COL, CT_CHGTYPE, CT_REP, ...
    CT_REL, CT_ADD, CT_NEWVAL, CT_TLOAD, CT_TAREALOAD, CT_LOAD_ALL_PQ, ...
    CT_LOAD_FIX_PQ, CT_LOAD_DIS_PQ, CT_LOAD_ALL_P, CT_LOAD_FIX_P, ...
    CT_LOAD_DIS_P, CT_TGENCOST, CT_TAREAGENCOST, CT_MODCOST_F, ...
    CT_MODCOST_X] = idx_ct;

loadprofile = struct( ...
    'type', 'mpcData', ...
    'table', CT_TAREALOAD, ...
    'rows', [1:11], ...
    'col', CT_LOAD_ALL_P, ...
    'chgtype', 1, ...
    'values', [] );
loadprofile.values(:,1,:) = [
	1495.6461 928.2557 1592.0689 649.3682 807.9898 1203.6512 872.6707 270.4 541.9285 4735.0596 1860.6886;
	1465.4087 897.0877 1537.2301 634.7633 779.6655 1149.3376 840.1 261.1385 514.8284 4502.7643 1752.2047;
	1462.4899 907.5939 1558.4761 633.6013 809.0997 1175.6211 841.1436 255.8379 521.495 4487.603 1760.8;
	1484.3645 908.8121 1573.7721 614.5576 827.6524 1188.8903 867.3083 254.5058 531.8646 4565.1594 1803.6888;
	1526.5893 943.2308 1627.6483 626.0 876.3 1248.6067 910.4405 266.7961 550.9793 4632.022 1842.4859;
	1557.6369 977.5576 1696.7214 634.0 928.3 1309.5099 941.4368 289.4 571.675 4749.4859 1869.4905;
	1580.1504 1004.0543 1688.0517 615.4362 962.6 1347.7748 995.6967 299.6281 606.5401 5029.2764 1987.9602;
	1591.7209 1029.4293 1706.6275 620.2 1030.41 1372.0056 1066.38 333.2821 656.1698 5249.6423 2076.4897;
	1627.7876 1052.7425 1758.2167 632.2553 1047.2499 1360.9036 1083.222 359.0 663.7 5330.9734 2016.1062;
	1584.6021 1014.6273 1738.9972 625.9 1042.0184 1374.5409 1097.3071 369.9686 658.5 5438.9152 1934.6763;
	1613.5503 1044.5921 1765.237 619.4642 1042.7886 1386.8053 1087.6631 380.7948 687.7 5482.3211 1923.2329;
	1602.7171 1023.2955 1703.5682 588.5614 977.6733 1325.4219 1036.0759 361.4445 650.211 5313.7576 1855.5501;
	1590.9 1017.7857 1687.985 584.8743 956.5486 1363.7126 1060.7755 378.7743 656.2 5290.4072 1954.7151;
	1584.0 1006.1396 1666.8583 581.8765 942.3522 1359.5921 1065.5055 351.3471 645.0 5314.0725 1964.674;
	1581.1703 946.559 1642.3603 566.5481 910.8744 1385.6 1070.5613 321.9 639.7 5274.9922 1873.6736;
	1613.2735 1010.1569 1671.0353 581.1181 918.3518 1383.4687 1083.2198 329.0159 646.7779 5303.3234 2047.1882;
	1641.5195 990.5433 1592.2915 591.1007 947.3143 1454.8911 1102.9746 331.7998 636.3031 5396.1693 2057.1704;
	1681.7556 1057.3002 1664.9114 613.4164 980.0684 1528.4014 1159.6153 339.5499 687.2482 5502.1953 2134.5094;
	1638.4988 1045.7079 1742.9983 597.2365 981.1656 1476.1 1133.4245 326.4851 700.7693 5241.2054 2016.0328;
	1585.7514 1038.2597 1703.3594 580.4 945.4533 1411.9123 1092.0014 336.8005 686.556 5333.3 2146.1181;
	1575.7336 977.0998 1616.4837 554.7657 855.5 1300.3127 1000.7467 304.3234 634.1249 4892.4053 1902.6596;
	1520.6645 932.2687 1549.5158 551.221 806.7 1234.573 892.1008 268.8449 583.2117 4160.3492 1729.7729;
	1426.0194 878.4398 1557.4561 569.8 769.4027 1105.8497 847.0868 250.4235 531.4 4445.795 1551.5;
	1368.0411 845.2417 1506.823 561.0978 710.2 1072.3197 817.0943 243.6 509.5762 4457.2429 1612.3405;
];
