function windprofile = ex_wind_profilesh1
%EX_WIND_PROFILE_D  Example wind_load_nyiso profile data for deterministic unit commitment.
% 2022.03.12
% Andres F. Ramirez


%% define constants
[GEN_BUS, PG, QG, QMAX, QMIN, VG, MBASE, GEN_STATUS, PMAX, PMIN, ...
    MU_PMAX, MU_PMIN, MU_QMAX, MU_QMIN, PC1, PC2, QC1MIN, QC1MAX, ...
    QC2MIN, QC2MAX, RAMP_AGC, RAMP_10, RAMP_30, RAMP_Q, APF] = idx_gen;
[CT_LABEL, CT_PROB, CT_TABLE, CT_TBUS, CT_TGEN, CT_TBRCH, CT_TAREABUS, ...
    CT_TAREAGEN, CT_TAREABRCH, CT_ROW, CT_COL, CT_CHGTYPE, CT_REP, ...
    CT_REL, CT_ADD, CT_NEWVAL, CT_TLOAD, CT_TAREALOAD, CT_LOAD_ALL_PQ, ...
    CT_LOAD_FIX_PQ, CT_LOAD_DIS_PQ, CT_LOAD_ALL_P, CT_LOAD_FIX_P, ...
    CT_LOAD_DIS_P, CT_TGENCOST, CT_TAREAGENCOST, CT_MODCOST_F, ...
    CT_MODCOST_X] = idx_ct;

windprofile = struct( ...
    'type', 'mpcData', ...
    'table', CT_TGEN, ...
    'rows', [1:45], ...
    'col', PMAX, ...
    'chgtype', 1, ...
    'values', [] );
windprofile.values(:,1,:) = [
	3.9106 52.8409 85.8301 116.593 15.2627 35.8052 31.0742 8.3038 26.2168 13.1264 24.2639 36.197 54.4944 49.8595 189.6783 71.4602 88.6636 93.9569 79.1559 70.6026 10.3581 83.5456 32.9034 40.0547 51.6069 30.1915 5.183 1189.5463 810.0671 810.0671 633.7391 66.5094 263.8531 181.7314 156.3163 345.6286 1168.2505 200.6661 467.1404 138.2329 116.5355 397.1995 211.2142 121.0175 1180.4198;
	3.4056 46.0167 78.9835 44.5374 15.1846 29.8854 31.2715 8.3346 2.9352 13.3183 24.6186 36.7261 55.291 42.2406 193.7361 72.989 90.5604 95.967 84.666 70.5004 10.4238 69.7326 28.2539 36.2144 47.1017 30.203 6.0765 1175.4383 806.1255 806.1255 686.1658 48.6104 282.2199 181.4683 132.4299 343.9469 1191.4686 198.1228 475.854 126.1653 119.5887 331.5289 213.6204 101.4334 1203.8797;
	3.3413 45.1484 88.5651 47.8205 15.3039 26.5752 31.9004 7.2107 8.0156 13.3671 24.7089 36.8608 55.4938 43.5079 202.2943 76.2132 94.5608 100.2063 86.8719 69.5227 10.6335 62.0088 28.8389 38.2325 44.891 31.7353 6.4205 1183.2036 809.3902 809.3902 690.357 71.7099 289.5729 178.9517 136.4031 345.3398 1197.1191 201.1778 478.8051 120.2438 35.4591 294.8073 216.6314 140.6252 1209.5891;
	3.4509 46.6291 84.6673 47.872 14.7292 14.6967 31.5821 7.5865 0.0567 12.6683 23.4172 34.9338 52.5927 29.5633 197.0782 74.2481 92.1226 97.6224 85.9938 67.6103 10.5274 34.2923 27.2438 35.2982 39.2053 32.0307 5.7815 1212.9128 822.0471 822.0471 724.2819 91.8934 286.6459 174.0292 92.6848 350.7401 1232.9568 229.1184 472.0503 105.0141 37.2638 163.0356 214.5833 123.3008 1245.8001;
	3.6675 49.5559 81.3505 37.0907 14.9927 21.5119 31.1081 7.222 0.3541 12.8559 23.7639 35.4511 53.3715 34.3115 184.3316 69.4458 86.1643 91.3084 87.1234 69.1779 10.3694 50.1945 9.7852 28.3684 39.0265 61.5614 5.8057 1148.2242 826.2328 826.2328 753.3598 93.7732 290.4113 178.0641 107.571 352.526 1202.0314 233.4013 477.3101 104.5352 31.687 238.639 207.3727 200.7527 1214.5525;
	3.7353 50.4715 92.097 109.4607 14.7099 33.1937 30.8114 7.4819 0.0358 12.3659 22.8583 34.1 51.3374 30.8354 181.8316 68.504 84.9957 90.0701 87.3981 65.7028 10.2705 77.4519 1.2007 30.4092 52.3338 68.0236 5.6247 1070.4666 786.7991 786.7991 686.0117 99.1324 291.3269 169.1192 96.6731 335.701 1121.744 223.1996 459.1755 140.1799 64.501 368.2283 208.194 258.3663 1133.4288;
	3.946 53.3196 93.4501 119.5197 15.1173 35.4204 31.0732 12.4003 7.3824 13.0891 24.195 36.0942 54.3397 42.5808 191.2001 72.0335 89.3749 94.7108 77.9991 70.5537 10.3577 82.6476 23.6564 50.9949 100.67 76.0787 12.7797 1077.1083 836.4178 836.4178 773.779 111.0741 259.9971 181.6055 133.4967 356.8716 1238.8036 290.2776 457.6192 269.6519 112.5458 392.9304 216.0132 284.7333 1251.7078;
	3.8931 52.6046 92.0897 118.8829 14.9203 35.2958 31.4474 19.0711 8.9956 12.8061 23.6719 35.3138 53.1647 63.1969 191.7075 72.2247 89.6121 94.9621 81.1465 62.5168 10.4825 82.3569 26.0084 56.6957 104.6912 74.9178 14.151 972.0446 811.0383 811.0383 747.7457 112.6558 270.4883 160.9183 198.1308 346.043 1157.6052 309.6876 452.6315 280.4229 120.2502 391.5482 217.0201 286.0505 1169.6636;
	3.865 52.2247 91.6412 115.8679 14.8315 35.0935 30.3882 18.2574 8.9017 13.4926 24.9409 37.2069 56.0148 65.3432 191.1379 72.0101 89.3459 94.6799 45.9887 63.2171 10.1294 81.8848 26.5254 86.8811 103.107 73.2489 13.9785 748.2068 837.5095 837.5095 777.4108 109.9873 153.2957 162.7209 204.8597 357.3374 1156.6151 302.2541 451.8781 276.1794 118.9025 389.3038 217.0019 277.455 1168.6632;
	3.7715 50.9607 90.4265 112.9855 15.2339 33.9909 30.3025 18.1256 15.8766 12.6369 23.3592 34.8473 52.4624 64.1451 177.436 66.848 82.941 87.8927 48.3294 53.65 10.1008 79.312 23.5019 87.5593 100.9929 71.3344 13.5018 544.8008 838.9354 838.9354 744.111 105.8991 161.0981 138.0953 201.1034 357.9458 1056.4404 255.5244 444.046 270.5168 112.1671 377.0721 212.6449 268.433 1067.445;
	3.7927 51.2477 89.4904 111.5585 15.1092 33.0931 30.7043 18.0466 26.0532 18.2567 33.7473 50.3444 75.7932 69.5611 196.7135 74.1107 91.9521 97.4418 40.265 61.5951 10.2348 77.2173 27.0683 83.6174 97.6115 74.3634 13.3516 398.9386 806.4836 806.4836 712.8498 96.2345 134.2166 158.5459 218.0834 344.0997 908.5562 251.8708 445.4015 261.4595 114.3255 367.1133 205.3176 265.4592 918.0203;
	3.348 45.2382 89.3109 115.0349 14.8547 31.8685 30.113 18.2762 26.3725 20.4528 37.8067 56.4002 84.9102 68.7945 192.7765 72.6274 90.1118 95.4916 54.0602 62.2609 10.0377 74.3599 35.2831 83.1385 96.9173 75.4784 13.0685 298.6139 791.757 791.757 680.5141 103.6088 180.2006 160.2598 215.6802 337.8163 732.5352 238.1677 453.5722 259.6 117.63 353.5281 196.9948 268.6447 740.1658;
	2.0442 27.6221 88.7773 112.3311 14.5401 19.3656 25.4762 18.5982 25.9174 29.1287 53.844 80.3246 120.9283 65.5358 189.4517 71.3748 88.5576 93.8447 91.3423 61.2388 8.4921 45.1863 60.7008 84.2279 95.6595 75.8806 13.8899 262.0559 699.0134 699.0134 582.6564 96.6554 304.4742 157.6289 205.4636 298.2457 607.6107 205.8685 419.4423 256.2307 119.3496 214.8286 168.4187 274.4939 613.9399;
	2.3029 31.1177 86.5261 111.3502 15.0893 11.9877 25.5769 18.5072 26.456 31.405 58.0516 86.6016 130.3782 66.3449 192.8673 72.6616 90.1543 95.5366 89.7544 68.0393 8.5256 27.9714 75.2905 85.3435 97.2912 74.8486 13.9932 256.5372 607.9588 607.9588 564.583 96.8261 299.1812 175.1333 208.0001 259.3958 409.8277 194.0169 456.3002 260.6014 118.571 132.9839 140.2916 260.4893 414.0968;
	2.2109 29.8742 87.8028 111.517 13.2832 0.0788 20.7831 18.4744 26.1696 30.7298 56.8036 84.7399 127.5754 66.8173 199.4338 75.1355 93.2237 98.7893 87.4814 70.3949 6.9277 0.1839 72.9573 84.2606 96.4075 73.4649 13.9373 376.9847 483.7555 483.7555 420.6816 85.7797 291.6047 181.1966 209.4814 206.4024 370.0119 172.1607 458.4003 258.2344 119.0647 0.8745 114.7604 251.3054 373.8662;
	3.5458 47.9113 92.2829 90.0968 15.2392 26.2666 16.255 18.8196 23.2952 30.7915 56.9176 84.9098 127.8313 59.3966 198.3242 74.7175 92.705 98.2397 89.0561 71.3234 5.4183 61.2888 75.0468 86.9388 99.3662 75.06 13.9725 464.7301 543.6689 543.6689 412.9608 44.3432 296.8538 183.5865 186.2164 231.9654 459.9897 147.0875 462.538 266.1594 122.6037 291.3844 87.5163 270.8982 464.7813;
	3.2227 43.5462 94.3785 68.8213 14.8682 31.9258 14.0248 18.9264 27.7851 29.0184 53.6402 80.0206 120.4705 63.2532 190.308 71.6974 88.9579 94.2689 84.1169 70.9848 4.6749 74.4935 74.8189 86.7588 104.3679 75.0656 13.9668 508.0404 591.3772 591.3772 426.5977 16.9845 280.3895 182.7152 198.3072 252.321 538.2498 95.7804 187.4893 279.557 120.4187 354.1636 110.1512 270.9187 543.8566;
	3.6695 49.5836 91.7449 64.1371 14.5971 32.2471 28.8154 18.9543 26.7864 13.3579 24.6918 36.8354 55.4554 65.558 177.5357 66.8856 82.9876 87.9421 62.6846 69.1847 9.6051 75.2433 50.7998 86.2602 103.2616 74.7075 13.7686 697.2833 632.835 632.835 403.1613 23.291 208.9485 178.0815 205.5332 270.0096 767.5518 71.0817 414.6994 276.5936 118.2217 357.728 121.8058 252.4238 775.5471;
