function windprofile = ex_wind_profilesh1
%EX_WIND_PROFILE_D  Example wind_load_nyiso profile data for deterministic unit commitment.
% 2022.03.12
% Andres F. Ramirez


%% define constants
[GEN_BUS, PG, QG, QMAX, QMIN, VG, MBASE, GEN_STATUS, PMAX, PMIN, ...
    MU_PMAX, MU_PMIN, MU_QMAX, MU_QMIN, PC1, PC2, QC1MIN, QC1MAX, ...
    QC2MIN, QC2MAX, RAMP_AGC, RAMP_10, RAMP_30, RAMP_Q, APF] = idx_gen;
[CT_LABEL, CT_PROB, CT_TABLE, CT_TBUS, CT_TGEN, CT_TBRCH, CT_TAREABUS, ...
    CT_TAREAGEN, CT_TAREABRCH, CT_ROW, CT_COL, CT_CHGTYPE, CT_REP, ...
    CT_REL, CT_ADD, CT_NEWVAL, CT_TLOAD, CT_TAREALOAD, CT_LOAD_ALL_PQ, ...
    CT_LOAD_FIX_PQ, CT_LOAD_DIS_PQ, CT_LOAD_ALL_P, CT_LOAD_FIX_P, ...
    CT_LOAD_DIS_P, CT_TGENCOST, CT_TAREAGENCOST, CT_MODCOST_F, ...
    CT_MODCOST_X] = idx_ct;

windprofile = struct( ...
    'type', 'mpcData', ...
    'table', CT_TGEN, ...
    'rows', [1:45], ...
    'col', PMAX, ...
    'chgtype', 1, ...
    'values', [] );
windprofile.values(:,1,:) = [
	3.85 52.0225 86.1662 119.1811 15.0291 36.0881 29.6548 7.3924 27.1385 12.2877 22.7137 33.8844 51.0127 40.3515 178.1248 67.1075 83.263 88.2339 86.3083 71.8511 9.8849 84.2057 30.9987 47.7397 46.8289 30.5932 4.9795 1208.8791 782.6344 782.6344 639.4688 88.4356 287.6944 184.945 126.5074 333.924 1189.9632 202.1817 445.3506 125.4344 116.7468 400.3378 210.2809 106.8678 1202.3587;
	3.3265 44.9482 79.3485 49.1026 14.9065 30.4485 29.7206 7.1614 9.7776 11.6295 21.4969 32.0692 48.28 39.2325 181.066 68.2156 84.6379 89.6909 86.8516 72.2289 9.9069 71.0464 14.8753 39.2071 38.687 30.7923 5.4834 1249.7344 804.4546 804.4546 722.292 79.5501 289.5052 185.9175 122.9991 343.234 1274.8969 205.364 456.0051 103.6258 114.9304 337.7751 214.0554 95.8282 1288.1771;
	3.2208 43.5198 90.7221 52.2853 14.9296 25.348 30.3068 6.3247 9.6847 12.8028 23.6658 35.3048 53.1511 39.5477 188.0707 70.8545 87.9121 93.1606 86.0421 67.6096 10.1023 59.1454 18.0287 41.5718 36.3711 30.9716 6.021 1257.3351 823.7798 823.7798 733.5573 96.5916 286.8069 174.0274 123.9875 351.4794 1254.1769 203.6891 466.2302 97.4225 29.4368 281.1943 216.1318 131.3492 1267.2412;
	3.6697 49.5853 90.4565 53.9536 15.2073 15.8343 31.6956 7.2125 10.8282 12.2905 22.7188 33.892 51.0242 27.9365 191.6836 72.2157 89.6009 94.9502 86.5838 66.1341 10.5652 36.9466 23.6291 41.7327 35.9273 32.2604 5.5917 1246.2963 836.9624 836.9624 760.3073 98.9715 288.6128 170.2293 87.5848 357.104 1282.684 231.9567 468.051 96.234 38.6095 175.6547 216.1158 129.0014 1296.0453;
	3.8025 51.3795 83.8666 40.9067 14.8321 22.0256 31.2621 6.8166 11.11 9.8629 18.2313 27.1976 40.9458 33.136 170.51 64.2386 79.7035 84.4619 87.5623 64.7483 10.4207 51.393 0.0737 28.5356 36.2834 63.9447 5.5837 1259.704 833.527 833.527 764.1999 95.084 291.8743 166.6623 103.8859 355.6382 1296.807 230.3071 465.0051 97.1878 38.2508 244.3371 207.7348 195.5648 1310.3154;
	3.8819 52.4524 94.6765 112.9856 14.7984 33.8287 31.2236 6.8779 11.6632 12.3363 22.8035 34.0183 51.2144 31.7235 182.7712 68.858 85.4349 90.5355 90.505 62.1699 10.4079 78.9336 1.3543 33.3349 55.5856 67.9925 5.4363 1189.7945 842.4817 842.4817 788.0636 97.1624 301.6832 160.0255 99.4576 359.4588 1258.19 231.2088 475.0764 148.8901 69.5985 375.273 207.3 249.0419 1271.2961;
	3.9023 52.7291 91.9313 115.0528 14.6894 34.6854 31.2162 11.1007 10.7873 10.8274 20.0142 29.8573 44.95 40.6805 188.0236 70.8368 87.8901 93.1373 84.7379 65.2369 10.4054 80.9327 19.7571 46.1942 98.8367 75.0265 11.4237 1151.0706 817.8624 817.8624 743.6447 106.9423 282.4597 167.9199 127.5387 348.9546 1280.124 266.664 467.2427 264.7411 109.8226 384.7771 204.405 274.3879 1293.4586;
	3.8602 52.1591 93.4824 119.5014 14.7465 34.7972 32.0013 18.9999 11.3429 11.4897 21.2385 31.6837 47.6996 63.5753 193.2671 72.8123 90.3411 95.7346 87.8863 58.209 10.6671 81.1934 24.804 55.3222 104.4576 74.5518 14.0923 1055.4675 812.8207 812.8207 767.8295 112.7652 292.9545 149.8302 199.317 346.8035 1274.1936 291.0507 476.342 279.7971 119.8573 386.0165 205.6639 283.0166 1287.4664;
	3.8053 51.4174 94.8673 118.5295 14.4985 34.7418 30.4322 18.7877 8.8583 12.304 22.7437 33.9292 51.0802 65.4757 192.9227 72.6825 90.1801 95.564 56.117 65.5381 10.1441 81.0642 27.3464 87.4782 105.0715 73.4775 14.1158 788.8774 837.7984 837.7984 767.6396 111.1554 187.0566 168.6951 205.2751 357.4606 1226.5001 290.6306 466.8843 281.4415 119.1679 385.4024 207.6809 280.252 1239.2761;
	3.8566 52.1112 94.8722 118.9012 14.907 35.0338 31.1201 18.6963 20.6978 10.0763 18.6259 27.7861 41.8318 62.5813 182.9876 68.9395 85.5361 90.6427 57.2624 55.9527 10.3734 81.7456 21.7521 88.3921 103.1873 71.2137 13.9528 602.935 818.9879 818.9879 731.583 105.3823 190.8745 144.0223 196.2009 349.4348 1128.8132 259.9857 471.6284 276.3945 118.8319 388.642 211.6662 277.0062 1140.5716;
	3.6813 49.7419 93.3686 112.6699 14.4062 34.5085 30.6296 17.9423 27.3947 15.4835 28.621 42.6969 64.28 68.7076 191.5738 72.1743 89.5496 94.8959 38.5304 65.2983 10.2099 80.5198 21.0763 83.4636 100.3555 71.1351 14.0075 430.4796 784.4926 784.4926 715.4409 90.6407 128.4348 168.0781 215.4077 334.7169 932.9361 246.7228 465.0397 268.8093 118.1968 382.8143 203.3029 265.8837 942.6541;
	3.0293 40.9329 92.5421 116.4216 14.1403 32.4051 28.4462 17.8154 26.2706 18.4292 34.0661 50.8199 76.5092 63.9181 185.0793 69.7275 86.5138 91.6788 51.8432 54.6212 9.4821 75.6119 31.9553 84.0725 99.9762 73.059 13.6892 319.6579 736.4002 736.4002 681.0859 100.2205 172.8107 140.595 200.3919 314.1974 777.9439 238.5926 451.014 267.7934 117.6672 359.4806 188.3409 263.3722 786.0475;
	1.751 23.6598 91.0436 112.7264 13.9263 21.1557 24.2484 18.3612 25.9905 26.4952 48.976 73.0625 109.9952 64.2396 186.4857 70.2574 87.1712 92.3755 89.7289 63.4749 8.0828 49.3633 60.5186 82.8938 100.2231 71.3157 13.9911 320.139 710.5875 710.5875 638.4486 98.6534 299.0963 163.3845 201.3999 303.184 694.7966 218.1268 428.4473 268.4548 117.6918 234.6871 169.7048 267.1702 702.0341;
	2.0862 28.1898 89.9417 111.0833 13.9563 13.5982 25.1346 18.7513 26.4864 29.7452 54.9835 82.0245 123.4875 64.1742 187.751 70.7341 87.7627 93.0023 87.9147 67.741 8.3782 31.7292 73.6296 84.0746 102.7664 72.8427 14.124 308.7107 559.7455 559.7455 575.809 94.9897 293.0489 174.3655 201.1949 238.8247 502.0562 183.544 444.3447 275.2671 119.9704 150.8496 134.7068 270.7679 507.286;
	1.9787 26.7367 89.9274 109.7448 10.6777 2.0331 22.1631 18.1574 25.7845 26.3053 48.6249 72.5387 109.2067 61.3949 193.1744 72.7773 90.2978 95.6887 87.6681 70.7344 7.3877 4.7438 71.0473 84.2796 99.4857 70.8424 13.9081 457.7651 474.8428 474.8428 429.4091 86.1198 292.227 182.0706 192.4812 202.5996 455.7189 174.4303 432.0906 266.4795 119.2328 22.5534 106.934 262.7123 460.466;
	3.2956 44.5311 93.3685 85.1693 14.0649 26.7762 16.7156 18.5597 21.5875 28.408 52.5118 78.3372 117.9363 55.1911 189.1454 71.2594 88.4145 93.693 86.729 69.1439 5.5719 62.4779 71.4791 88.492 100.7905 73.0403 13.8115 504.8714 502.2617 502.2617 402.6812 47.6173 289.0965 177.9765 173.0315 214.2983 496.8074 141.9623 437.0858 269.9745 119.0517 297.0377 80.6272 278.1998 501.9825;
	2.8356 38.3145 93.6216 62.4518 14.1664 31.5035 14.378 18.6849 26.976 27.2194 50.3146 75.0595 113.0017 60.2353 180.7313 68.0895 84.4814 89.525 85.4783 68.5856 4.7927 73.5081 71.9617 89.5813 105.5642 75.3447 14.0209 573.4916 509.0513 509.0513 411.6994 29.6604 284.9278 176.5395 188.8459 217.1952 547.7233 93.8776 167.4987 282.7614 116.7606 349.4783 103.427 274.8726 553.4287;
	3.4114 46.0955 90.4034 60.565 14.1018 32.2257 27.8278 18.5434 25.5423 11.8631 21.9288 32.7135 49.2499 62.8665 154.6702 58.2711 72.2993 76.6157 71.0661 68.9884 9.2759 75.1932 49.7229 89.0364 103.5974 73.3468 13.6261 685.6329 605.2385 605.2385 406.9268 27.8067 236.887 177.5763 197.095 258.2351 776.8126 74.1927 386.224 277.493 118.3091 357.4901 113.7933 258.7008 784.9043;
