function solarprofile = ex_solar_profilesh1
%EX_WIND_PROFILE_D  Example wind_load_nyiso profile data for deterministic unit commitment.
% 2022.03.12
% Andres F. Ramirez


%% define constants
[GEN_BUS, PG, QG, QMAX, QMIN, VG, MBASE, GEN_STATUS, PMAX, PMIN, ...
    MU_PMAX, MU_PMIN, MU_QMAX, MU_QMIN, PC1, PC2, QC1MIN, QC1MAX, ...
    QC2MIN, QC2MAX, RAMP_AGC, RAMP_10, RAMP_30, RAMP_Q, APF] = idx_gen;
[CT_LABEL, CT_PROB, CT_TABLE, CT_TBUS, CT_TGEN, CT_TBRCH, CT_TAREABUS, ...
    CT_TAREAGEN, CT_TAREABRCH, CT_ROW, CT_COL, CT_CHGTYPE, CT_REP, ...
    CT_REL, CT_ADD, CT_NEWVAL, CT_TLOAD, CT_TAREALOAD, CT_LOAD_ALL_PQ, ...
    CT_LOAD_FIX_PQ, CT_LOAD_DIS_PQ, CT_LOAD_ALL_P, CT_LOAD_FIX_P, ...
    CT_LOAD_DIS_P, CT_TGENCOST, CT_TAREAGENCOST, CT_MODCOST_F, ...
    CT_MODCOST_X] = idx_ct;

solarprofile = struct( ...
    'type', 'mpcData', ...
    'table', CT_TGEN, ...
    'rows', [1:12], ...
    'col', PMAX, ...
    'chgtype', 1, ...
    'values', [] );
solarprofile.values(:,1,:) = [
	0.0 0.0 0.0 0.0 0.0 0.0 0.0 0.0 0.0 0.0 0.0 0.0;
	0.0 0.0 0.0 0.0 0.0 0.0 0.0 0.0 0.0 0.0 0.0 0.0;
	0.0 0.0 0.0 0.0 0.0 0.0 0.0 0.0 0.0 0.0 0.0 0.0;
	0.0 0.0 0.0 0.0 0.0 0.0 0.0 0.0 0.0 0.0 0.0 0.0;
	0.0 0.0 0.0 0.0 0.0 0.0 0.0 0.0 0.0 0.0 0.0 0.0;
	0.0 0.0 0.0 0.0 0.0 0.0 0.0 0.0 0.0 0.0 0.0 0.0;
	0.4508 0.2036 0.3101 0.3414 0.7362 0.0 0.0 0.0315 3.3011 12.1871 4.4867 22.071;
	0.5373 0.282 0.2355 0.7246 0.6403 4.638 0.5797 6.6678 52.5344 32.6468 6.7362 59.1235;
	0.5077 0.2103 0.1591 1.2507 1.2174 14.4845 1.8106 12.758 89.013 60.5434 12.8778 109.6445;
	0.7204 0.3098 0.477 1.947 5.927 37.5866 4.6983 16.7874 137.1623 60.023 25.7003 108.702;
	0.862 0.5772 0.7764 2.6726 9.9875 35.5787 4.4473 16.4216 118.2903 75.1111 37.3975 136.0267;
	1.2213 1.0994 1.0999 3.3922 11.5954 30.868 3.8585 16.3747 118.8731 91.9689 41.184 166.5561;
	3.1775 2.7699 2.0964 3.4313 9.1171 98.0781 12.2598 34.2447 176.6016 139.832 50.572 253.2367;
	2.9297 2.3126 1.8993 2.4154 6.4497 91.0811 11.3851 33.9746 195.3527 87.2429 39.7574 157.9975;
	2.061 1.2936 1.2317 1.5962 5.081 107.3389 13.4174 30.2792 211.8388 57.9964 27.382 105.0319;
	1.1791 0.2775 0.7645 0.7411 2.3014 112.4196 14.0524 20.0004 128.518 17.0245 17.5262 30.8315;
	0.2467 0.2189 0.1533 0.4948 1.1522 35.8984 4.4873 7.5353 35.1046 19.0813 10.8624 34.5563;
	0.0 0.0 0.0 0.0 0.0 0.0 0.0 0.0 0.0 0.0 0.0 0.0;
	0.0 0.0 0.0 0.0 0.0 0.0 0.0 0.0 0.0 0.0 0.0 0.0;
	0.0 0.0 0.0 0.0 0.0 0.0 0.0 0.0 0.0 0.0 0.0 0.0;
	0.0 0.0 0.0 0.0 0.0 0.0 0.0 0.0 0.0 0.0 0.0 0.0;
	0.0 0.0 0.0 0.0 0.0 0.0 0.0 0.0 0.0 0.0 0.0 0.0;
	0.0 0.0 0.0 0.0 0.0 0.0 0.0 0.0 0.0 0.0 0.0 0.0;
	0.0 0.0 0.0 0.0 0.0 0.0 0.0 0.0 0.0 0.0 0.0 0.0;
];
