function windprofile = ex_wind_profilesh1
%EX_WIND_PROFILE_D  Example wind_load_nyiso profile data for deterministic unit commitment.
% 2022.03.12
% Andres F. Ramirez


%% define constants
[GEN_BUS, PG, QG, QMAX, QMIN, VG, MBASE, GEN_STATUS, PMAX, PMIN, ...
    MU_PMAX, MU_PMIN, MU_QMAX, MU_QMIN, PC1, PC2, QC1MIN, QC1MAX, ...
    QC2MIN, QC2MAX, RAMP_AGC, RAMP_10, RAMP_30, RAMP_Q, APF] = idx_gen;
[CT_LABEL, CT_PROB, CT_TABLE, CT_TBUS, CT_TGEN, CT_TBRCH, CT_TAREABUS, ...
    CT_TAREAGEN, CT_TAREABRCH, CT_ROW, CT_COL, CT_CHGTYPE, CT_REP, ...
    CT_REL, CT_ADD, CT_NEWVAL, CT_TLOAD, CT_TAREALOAD, CT_LOAD_ALL_PQ, ...
    CT_LOAD_FIX_PQ, CT_LOAD_DIS_PQ, CT_LOAD_ALL_P, CT_LOAD_FIX_P, ...
    CT_LOAD_DIS_P, CT_TGENCOST, CT_TAREAGENCOST, CT_MODCOST_F, ...
    CT_MODCOST_X] = idx_ct;

windprofile = struct( ...
    'type', 'mpcData', ...
    'table', CT_TGEN, ...
    'rows', [1:45], ...
    'col', PMAX, ...
    'chgtype', 1, ...
    'values', [] );
windprofile.values(:,1,:) = [
	3.9298 53.1001 85.6368 112.6707 15.1736 36.1823 30.235 7.6373 27.0952 12.6469 23.3775 34.8747 52.5036 38.8532 194.0882 73.1216 90.7249 96.1414 92.3735 72.7652 10.0783 84.4255 33.9299 38.6017 50.1278 30.6451 5.3082 1232.3058 811.0184 811.0184 702.4139 86.8045 307.9118 187.2977 121.81 346.0345 1240.4662 213.6277 445.3883 134.2709 118.3809 401.3827 210.7191 133.3717 1253.3877;
	3.2695 44.1782 77.0184 44.832 15.0683 28.8969 30.0935 7.0579 9.8908 13.682 25.291 37.7292 56.8012 38.1525 192.4832 72.5169 89.9747 95.3463 91.8081 70.9428 10.0312 67.4261 29.7627 35.9268 41.3966 30.1052 5.8565 1232.1318 816.1527 816.1527 722.3357 76.5873 306.0271 182.6071 119.6132 348.2252 1247.4595 212.3072 455.0099 110.8838 114.8858 320.5632 205.3262 110.8783 1260.4539;
	3.1895 43.0978 90.0613 52.3126 15.1593 25.3624 30.1723 6.6846 8.8548 13.131 24.2725 36.2098 54.5137 35.5857 194.3251 73.2108 90.8357 96.2587 91.2822 61.3937 10.0574 59.1788 28.6639 42.6172 44.2595 31.9665 6.0742 1235.2166 798.9002 798.9002 722.6439 92.5594 304.2739 158.0276 111.5659 340.8641 1222.3275 213.7859 444.6943 118.5523 33.4803 281.3532 209.5356 148.9357 1235.0601;
	3.5848 48.4385 88.3431 54.2213 15.2031 15.1294 30.7739 7.5787 11.6234 14.4322 26.6776 39.7978 59.9153 24.1074 193.6492 72.9562 90.5197 95.9239 91.6632 66.7474 10.258 35.302 32.6981 43.0428 50.1888 35.9552 5.877 1241.6722 824.609 824.609 757.856 97.853 305.5442 171.8079 75.5798 351.8332 1243.0791 242.1604 458.939 134.4343 35.2495 167.836 212.4396 131.5512 1256.0279;
	3.8551 52.0915 83.656 44.9746 15.02 24.3391 31.3385 6.9609 11.3958 11.8349 21.8766 32.6356 49.1327 28.5266 172.1854 64.8699 80.4867 85.2919 92.4882 65.9768 10.4462 56.7912 3.4853 31.5938 43.629 64.6535 5.6362 1250.6666 828.8953 828.8953 782.0861 102.4393 308.294 169.8244 89.4347 353.662 1262.0002 247.9354 467.6281 116.8634 38.0734 270.0015 212.7029 208.6739 1275.146;
	3.8686 52.2735 93.5879 117.6032 15.0616 33.9467 30.0732 7.6004 10.5179 12.3915 22.9055 34.1705 51.4435 25.5221 177.2281 66.7697 82.8439 87.7898 92.616 66.021 10.0244 79.2089 0.7942 37.2425 60.5359 70.624 6.1046 1176.3178 778.2419 778.2419 706.315 108.2641 308.7201 169.9383 80.0153 332.0499 1175.8034 229.0292 458.5752 162.1497 70.9709 376.5819 208.247 258.0105 1188.0513;
	3.9131 52.8743 93.918 120.6488 15.0455 35.1988 28.7601 11.7434 10.0416 12.2928 22.7231 33.8984 51.0338 35.8338 187.2431 70.5427 87.5253 92.7506 86.5769 67.2891 9.5867 82.1305 23.5568 55.6493 104.748 75.227 12.0619 1128.1999 784.6226 784.6226 725.1757 112.966 288.5897 173.2023 112.3438 334.7723 1236.6179 286.057 440.7003 280.575 113.4709 390.4717 208.835 280.55 1249.4994;
	3.8313 51.7688 94.9018 120.9174 15.105 34.8239 29.2888 19.0942 9.6667 11.7415 21.7041 32.3782 48.7452 58.7101 186.2541 70.1701 87.0629 92.2607 86.4467 59.7158 9.7629 81.2558 23.1969 68.0895 106.7446 75.4222 14.1457 1046.3042 788.3141 788.3141 745.9834 114.3374 288.1556 153.7087 184.064 336.3473 1215.7373 307.7393 445.5653 285.9231 122.5488 386.3133 207.9662 285.8091 1228.4012;
	3.8818 52.4516 95.1914 120.9651 15.3982 35.1745 30.4545 18.8314 10.1086 14.3597 26.5438 39.5981 59.6147 65.0648 193.2878 72.82 90.3508 95.7449 51.6402 65.9454 10.1515 82.0739 30.769 89.967 106.7605 72.8716 14.1395 796.2916 840.1233 840.1233 780.9117 115.0076 172.134 169.7435 203.9869 358.4526 1238.0385 327.2296 475.7856 285.9656 122.5623 390.203 218.2245 283.0629 1250.9347;
	3.8774 52.3922 95.1587 121.052 15.3872 35.0913 30.9436 18.6567 20.6189 13.0071 24.0435 35.8681 53.9992 63.1584 184.0367 69.3347 86.0264 91.1624 55.7093 58.1436 10.3145 81.8797 25.6301 90.1391 106.7726 74.9226 14.1024 636.7846 837.875 837.875 777.4049 112.6485 185.6978 149.6618 198.01 357.4934 1107.901 289.9846 467.5099 285.9982 122.2244 389.2793 216.1863 283.159 1119.4416;
	3.7451 50.6052 94.0804 121.0001 15.1216 34.775 30.2157 18.778 26.8941 18.7171 34.5982 51.6138 77.7043 67.4513 193.2595 72.8094 90.3376 95.7308 41.2499 64.9523 10.0719 81.1418 26.2903 89.7063 106.7237 74.7812 14.1501 443.7493 780.0853 780.0853 703.5483 101.9047 137.4997 167.1873 211.469 332.8364 901.4846 260.5052 459.8592 285.8672 123.5716 385.7712 205.3647 274.4297 910.875;
	2.8977 39.1546 92.9139 120.4487 15.1131 32.9372 28.3185 17.7849 26.7287 20.5408 37.9693 56.6427 85.2753 63.1852 188.2857 70.9356 88.0126 93.2671 52.474 62.7357 9.4395 76.8536 34.0353 89.2989 105.4412 74.652 13.6171 320.0299 740.7384 740.7384 648.0704 106.192 174.9134 161.4818 198.0941 316.0484 745.8277 237.7862 442.4482 282.4318 122.6643 365.3837 185.784 270.8115 753.5967;
	1.872 25.2947 92.8956 118.9617 14.338 21.8499 25.0151 18.5329 27.2751 28.805 53.2456 79.4319 119.5843 63.1108 187.9039 70.7917 87.8342 93.078 90.4081 64.494 8.3384 50.9831 59.4431 87.7842 105.3371 74.5736 14.0857 317.2123 692.3753 692.3753 628.3447 105.9296 301.3602 166.0078 197.8609 295.4135 662.3997 223.9929 429.3915 282.1529 120.9326 242.3884 162.3748 275.9572 669.2997;
	2.0678 27.9401 91.6035 114.9842 14.5259 13.2002 25.1196 18.1881 27.6989 30.8887 57.0974 85.178 128.235 60.3905 191.9522 72.3169 89.7265 95.0833 90.0074 68.6138 8.3732 30.8004 73.0004 88.5972 105.8522 74.5929 13.8504 298.1511 590.0566 590.0566 592.4107 104.8299 300.0246 176.6121 189.3323 251.7575 472.3924 204.7682 431.29 283.5327 121.5436 146.4338 134.6818 270.154 477.3131;
	2.1376 28.8839 91.0328 116.1583 12.4394 3.6896 20.9231 18.4748 26.5272 29.9428 55.3488 82.5695 124.308 59.2651 199.2063 75.0498 93.1174 98.6766 89.0573 71.7497 6.9744 8.6091 72.167 89.8109 106.5092 74.8931 13.9803 426.2459 498.2606 498.2606 430.488 97.7706 296.8577 184.6839 185.8041 212.5912 416.822 180.1524 416.6488 285.2924 119.6725 40.9303 109.7135 261.2058 421.1639;
	3.1354 42.3662 90.5754 88.1717 14.288 27.6115 16.719 18.7096 22.8157 29.0222 53.647 80.0308 120.486 55.7814 195.5679 73.6791 91.4166 96.8743 91.2345 70.3993 5.573 64.4268 70.6172 89.8498 105.8912 74.6603 13.9684 490.2735 540.6862 540.6862 404.9405 54.3555 304.1152 181.2079 174.8824 230.6928 485.911 160.3776 439.4179 283.6372 120.3222 306.3034 72.6923 277.8283 490.9725;
	3.1611 42.7128 92.1431 63.5888 14.7846 33.9492 13.6155 18.3682 25.9092 27.2484 50.3683 75.1396 113.1223 44.5358 187.9431 70.8065 87.8525 93.0974 87.4945 68.9417 4.5385 79.2148 68.6125 89.557 105.6782 74.4294 13.7968 539.946 589.145 589.145 430.3287 32.8274 291.6484 177.4562 139.6258 251.3685 586.3202 121.2929 166.4162 283.0666 121.5076 376.61 111.6997 280.5843 592.4277;
	3.5584 48.0812 91.9402 64.3292 14.4928 33.8481 28.6539 18.8168 26.7032 12.9837 24.0002 35.8036 53.9021 53.9668 166.5694 62.754 77.8615 82.5099 66.8727 69.3788 9.5513 78.979 46.1643 89.9242 106.0501 73.3654 13.9727 665.1522 601.1296 601.1296 382.086 28.7786 222.9091 178.5811 169.1931 256.482 765.0517 77.5542 403.5516 284.0627 121.4328 375.4886 118.1678 270.3661 773.021;
