function solarprofile = ex_solar_profilesh1
%EX_WIND_PROFILE_D  Example wind_load_nyiso profile data for deterministic unit commitment.
% 2022.03.12
% Andres F. Ramirez


%% define constants
[GEN_BUS, PG, QG, QMAX, QMIN, VG, MBASE, GEN_STATUS, PMAX, PMIN, ...
    MU_PMAX, MU_PMIN, MU_QMAX, MU_QMIN, PC1, PC2, QC1MIN, QC1MAX, ...
    QC2MIN, QC2MAX, RAMP_AGC, RAMP_10, RAMP_30, RAMP_Q, APF] = idx_gen;
[CT_LABEL, CT_PROB, CT_TABLE, CT_TBUS, CT_TGEN, CT_TBRCH, CT_TAREABUS, ...
    CT_TAREAGEN, CT_TAREABRCH, CT_ROW, CT_COL, CT_CHGTYPE, CT_REP, ...
    CT_REL, CT_ADD, CT_NEWVAL, CT_TLOAD, CT_TAREALOAD, CT_LOAD_ALL_PQ, ...
    CT_LOAD_FIX_PQ, CT_LOAD_DIS_PQ, CT_LOAD_ALL_P, CT_LOAD_FIX_P, ...
    CT_LOAD_DIS_P, CT_TGENCOST, CT_TAREAGENCOST, CT_MODCOST_F, ...
    CT_MODCOST_X] = idx_ct;

solarprofile = struct( ...
    'type', 'mpcData', ...
    'table', CT_TGEN, ...
    'rows', [1:12], ...
    'col', PMAX, ...
    'chgtype', 1, ...
    'values', [] );
solarprofile.values(:,1,:) = [
	0.0 0.0 0.0 0.0 0.0 0.0 0.0 0.0 0.0 0.0 0.0 0.0;
	0.0 0.0 0.0 0.0 0.0 0.0 0.0 0.0 0.0 0.0 0.0 0.0;
	0.0 0.0 0.0 0.0 0.0 0.0 0.0 0.0 0.0 0.0 0.0 0.0;
	0.0 0.0 0.0 0.0 0.0 0.0 0.0 0.0 0.0 0.0 0.0 0.0;
	0.0 0.0 0.0 0.0 0.0 0.0 0.0 0.0 0.0 0.0 0.0 0.0;
	0.0 0.0 0.0 0.0 0.0 0.0 0.0 0.0 0.0 0.0 0.0 0.0;
	0.0 0.1844 0.0208 0.1896 0.312 9.3488 1.1686 1.5648 0.0 12.9668 3.7812 23.483;
	0.0 0.0834 0.0 0.7356 0.4053 31.2409 3.9051 3.7719 10.8041 31.2307 2.5017 56.5589;
	0.0011 0.1796 0.2068 0.7924 0.6422 29.0861 3.6358 5.4807 20.5236 44.1768 11.1755 80.0045;
	1.8756 1.2621 1.8538 0.0 0.4005 20.8635 2.6079 9.8741 32.5663 29.9064 35.3594 54.1607;
	1.8984 1.3898 2.1018 0.0 0.3498 19.6262 2.4533 8.2047 20.0472 33.3805 40.5148 60.4523;
	1.7909 1.2391 2.0966 0.0 0.305 21.359 2.6699 6.4783 10.4745 44.1647 36.2985 79.9825;
	3.5071 1.8461 2.621 0.6537 0.0 44.9389 5.6174 20.7971 17.172 113.6753 26.2964 205.8667;
	3.4816 2.2075 2.4592 0.6527 0.0 40.1923 5.024 21.299 26.2032 114.8643 25.2882 208.0199;
	3.3003 1.9493 2.3038 0.5557 0.0 42.0266 5.2533 19.4457 42.1641 82.7048 25.1674 149.7789;
	2.5643 1.4771 2.1615 0.0095 0.0 83.6624 10.4578 9.9379 72.2526 36.2366 17.9306 65.6246;
	0.2704 0.224 0.1886 0.3909 0.4585 46.27 5.7837 6.5765 31.6824 20.6209 9.9381 37.3446;
	0.0 0.0 0.0 0.0 0.0 0.0 0.0 0.0 0.0 0.0 0.0 0.0;
	0.0 0.0 0.0 0.0 0.0 0.0 0.0 0.0 0.0 0.0 0.0 0.0;
	0.0 0.0 0.0 0.0 0.0 0.0 0.0 0.0 0.0 0.0 0.0 0.0;
	0.0 0.0 0.0 0.0 0.0 0.0 0.0 0.0 0.0 0.0 0.0 0.0;
	0.0 0.0 0.0 0.0 0.0 0.0 0.0 0.0 0.0 0.0 0.0 0.0;
	0.0 0.0 0.0 0.0 0.0 0.0 0.0 0.0 0.0 0.0 0.0 0.0;
	0.0 0.0 0.0 0.0 0.0 0.0 0.0 0.0 0.0 0.0 0.0 0.0;
];
