function solarprofile = ex_solar_profilesh1
%EX_WIND_PROFILE_D  Example wind_load_nyiso profile data for deterministic unit commitment.
% 2022.03.12
% Andres F. Ramirez


%% define constants
[GEN_BUS, PG, QG, QMAX, QMIN, VG, MBASE, GEN_STATUS, PMAX, PMIN, ...
    MU_PMAX, MU_PMIN, MU_QMAX, MU_QMIN, PC1, PC2, QC1MIN, QC1MAX, ...
    QC2MIN, QC2MAX, RAMP_AGC, RAMP_10, RAMP_30, RAMP_Q, APF] = idx_gen;
[CT_LABEL, CT_PROB, CT_TABLE, CT_TBUS, CT_TGEN, CT_TBRCH, CT_TAREABUS, ...
    CT_TAREAGEN, CT_TAREABRCH, CT_ROW, CT_COL, CT_CHGTYPE, CT_REP, ...
    CT_REL, CT_ADD, CT_NEWVAL, CT_TLOAD, CT_TAREALOAD, CT_LOAD_ALL_PQ, ...
    CT_LOAD_FIX_PQ, CT_LOAD_DIS_PQ, CT_LOAD_ALL_P, CT_LOAD_FIX_P, ...
    CT_LOAD_DIS_P, CT_TGENCOST, CT_TAREAGENCOST, CT_MODCOST_F, ...
    CT_MODCOST_X] = idx_ct;

solarprofile = struct( ...
    'type', 'mpcData', ...
    'table', CT_TGEN, ...
    'rows', [1:12], ...
    'col', PMAX, ...
    'chgtype', 1, ...
    'values', [] );
solarprofile.values(:,1,:) = [
	0.0 0.0 0.0 0.0 0.0 0.0 0.0 0.0 0.0 0.0 0.0 0.0;
	0.0 0.0 0.0 0.0 0.0 0.0 0.0 0.0 0.0 0.0 0.0 0.0;
	0.0 0.0 0.0 0.0 0.0 0.0 0.0 0.0 0.0 0.0 0.0 0.0;
	0.0 0.0 0.0 0.0 0.0 0.0 0.0 0.0 0.0 0.0 0.0 0.0;
	0.0 0.0 0.0 0.0 0.0 0.0 0.0 0.0 0.0 0.0 0.0 0.0;
	0.0 0.0 0.0 0.0 0.0 0.0 0.0 0.0 0.0 0.0 0.0 0.0;
	0.0 0.0 0.0 0.4764 1.1408 0.0 0.0 0.0 4.961 14.4184 4.2204 26.1119;
	0.0 0.0 0.0 1.3286 1.5752 0.0 0.0 0.7541 5.5205 29.7466 12.151 53.8713;
	0.206 0.0 0.0 2.0847 1.5371 5.6846 0.7106 3.305 8.7334 40.2377 23.7874 72.8708;
	1.1675 0.3154 0.1037 1.9607 0.9324 27.6789 3.4599 4.5757 44.9692 41.53 23.3296 75.2111;
	0.6597 0.1466 0.0105 1.8521 1.4715 41.7643 5.2205 2.9415 64.4101 57.0507 16.1043 103.3192;
	0.3303 0.0556 0.0 1.8053 1.8547 49.7971 6.2246 1.3549 82.2264 55.3585 9.2984 100.2546;
	1.1137 1.1086 0.0 2.3648 1.3006 87.895 10.9869 1.3497 85.5081 43.2825 10.0515 78.3849;
	1.4752 1.5395 0.2692 2.0834 0.9035 59.9324 7.4915 2.9148 70.5315 32.3704 11.5106 58.623;
	1.6168 1.3854 0.5186 1.9363 0.7465 54.5548 6.8193 4.9995 53.0227 31.802 10.3732 57.5936;
	1.6263 1.0041 1.0374 1.3808 1.0877 91.4036 11.4255 6.279 33.2533 38.4293 5.4605 69.5957;
	0.3206 0.2375 0.1674 0.7544 1.2909 45.9284 5.741 7.2162 27.6077 21.3469 7.3033 38.6594;
	0.0 0.0 0.0 0.0 0.0 0.0 0.0 0.0 0.0 0.0 0.0 0.0;
	0.0 0.0 0.0 0.0 0.0 0.0 0.0 0.0 0.0 0.0 0.0 0.0;
	0.0 0.0 0.0 0.0 0.0 0.0 0.0 0.0 0.0 0.0 0.0 0.0;
	0.0 0.0 0.0 0.0 0.0 0.0 0.0 0.0 0.0 0.0 0.0 0.0;
	0.0 0.0 0.0 0.0 0.0 0.0 0.0 0.0 0.0 0.0 0.0 0.0;
	0.0 0.0 0.0 0.0 0.0 0.0 0.0 0.0 0.0 0.0 0.0 0.0;
	0.0 0.0 0.0 0.0 0.0 0.0 0.0 0.0 0.0 0.0 0.0 0.0;
];
