function loadprofile = ex_load_profilesh1
%EX_LOAD_PROFILE  Example load profile data file for stochastic unit commitment.
% 2022.03.12
% Andres F. Ramirez

%% define constants
[CT_LABEL, CT_PROB, CT_TABLE, CT_TBUS, CT_TGEN, CT_TBRCH, CT_TAREABUS, ...
    CT_TAREAGEN, CT_TAREABRCH, CT_ROW, CT_COL, CT_CHGTYPE, CT_REP, ...
    CT_REL, CT_ADD, CT_NEWVAL, CT_TLOAD, CT_TAREALOAD, CT_LOAD_ALL_PQ, ...
    CT_LOAD_FIX_PQ, CT_LOAD_DIS_PQ, CT_LOAD_ALL_P, CT_LOAD_FIX_P, ...
    CT_LOAD_DIS_P, CT_TGENCOST, CT_TAREAGENCOST, CT_MODCOST_F, ...
    CT_MODCOST_X] = idx_ct;

loadprofile = struct( ...
    'type', 'mpcData', ...
    'table', CT_TAREALOAD, ...
    'rows', [1:11], ...
    'col', CT_LOAD_ALL_P, ...
    'chgtype', 1, ...
    'values', [] );
loadprofile.values(:,1,:) = [
	1492.2 902.0378 1625.1584 583.0 819.8 1261.3 935.6 285.423 599.7993 5069.8222 2074.2446;
	1453.8028 885.4932 1582.0 579.5311 807.041 1209.0 878.6975 263.679 557.5026 4718.2164 1851.046;
	1473.2 896.5173 1610.6792 583.8248 831.8145 1254.4066 897.375 266.6 551.4175 4787.713 1911.2499;
	1475.4616 896.8299 1592.9236 575.2 825.5178 1235.1125 901.698 263.3 558.3908 4806.0731 1926.4042;
	1533.9978 941.0168 1694.5346 596.8221 909.4021 1320.9414 976.4325 281.3267 604.7379 5175.2096 2040.7475;
	1574.8917 998.2405 1768.3657 627.6 959.8079 1369.5588 1011.4974 313.9741 654.023 5189.6149 2096.0376;
	1618.479 1026.6117 1823.2791 635.5 997.6 1456.6164 1106.0015 340.2781 709.2657 5426.4598 2263.6102;
	1634.262 1082.0224 1874.5169 643.8 1051.5 1531.3043 1174.4885 354.7 748.4176 5628.9652 2347.4218;
	1681.2 1101.266 1893.0697 637.1278 1045.5241 1565.4211 1191.4816 357.0684 743.6378 5775.326 2355.0669;
	1662.9186 1094.6383 1870.4305 628.9553 1013.3164 1515.0747 1197.8083 349.0835 739.949 5852.5061 2336.3639;
	1628.5834 1085.7473 1839.7776 626.0 969.8009 1461.3291 1152.2013 343.7817 723.3 5655.3747 2275.5682;
	1581.3781 1047.2119 1804.9077 604.2343 917.4176 1439.1045 1117.2744 319.277 695.1908 5511.7429 2119.4458;
	1590.8296 1057.3613 1813.339 598.6293 940.8887 1484.7903 1098.809 335.5893 671.4 5493.8258 2247.4805;
	1570.4465 1038.5514 1790.7 594.956 935.4632 1382.942 1090.7133 366.7528 672.6707 5478.347 2203.9759;
	1494.6189 1026.8202 1751.8838 600.1 921.0215 1394.4146 1060.1021 341.4 647.5897 5413.2514 2160.2706;
	1580.5141 1034.1487 1802.3086 626.3891 895.861 1418.9136 1081.7325 352.0213 649.7 5421.6333 2207.7709;
	1603.7565 1043.7542 1848.8432 647.4163 952.2546 1453.9959 1135.1898 379.9158 660.6578 5504.2087 2298.8207;
	1614.9759 1103.3175 1919.7932 647.369 984.3091 1501.2476 1147.2224 356.2594 670.1073 5486.0761 2316.5553;
	1669.9565 1112.2121 1942.3 628.4734 1002.8 1525.8886 1149.0894 363.2463 677.6095 5613.4213 2291.8801;
	1614.5906 1023.356 1808.9 618.2182 939.1154 1416.1584 1086.2113 345.6 658.9266 5393.9429 2195.7882;
	1542.2143 951.2002 1712.8794 594.6 850.2231 1297.6759 996.0987 326.0154 607.675 5217.7805 2019.8017;
	1527.9839 935.7554 1627.4927 574.0626 827.6175 1240.4628 915.188 304.2083 580.1448 5042.5131 1952.703;
	1487.3726 881.097 1589.8471 576.5498 825.1225 1137.3274 860.3931 282.1 519.2 4780.3274 1740.0133;
	1467.2278 892.6313 1565.0561 565.6228 779.744 1105.6302 839.6225 268.5861 492.7288 4501.3928 1620.3603;
];
