function solarprofile = ex_solar_profilesh1
%EX_WIND_PROFILE_D  Example wind_load_nyiso profile data for deterministic unit commitment.
% 2022.03.12
% Andres F. Ramirez


%% define constants
[GEN_BUS, PG, QG, QMAX, QMIN, VG, MBASE, GEN_STATUS, PMAX, PMIN, ...
    MU_PMAX, MU_PMIN, MU_QMAX, MU_QMIN, PC1, PC2, QC1MIN, QC1MAX, ...
    QC2MIN, QC2MAX, RAMP_AGC, RAMP_10, RAMP_30, RAMP_Q, APF] = idx_gen;
[CT_LABEL, CT_PROB, CT_TABLE, CT_TBUS, CT_TGEN, CT_TBRCH, CT_TAREABUS, ...
    CT_TAREAGEN, CT_TAREABRCH, CT_ROW, CT_COL, CT_CHGTYPE, CT_REP, ...
    CT_REL, CT_ADD, CT_NEWVAL, CT_TLOAD, CT_TAREALOAD, CT_LOAD_ALL_PQ, ...
    CT_LOAD_FIX_PQ, CT_LOAD_DIS_PQ, CT_LOAD_ALL_P, CT_LOAD_FIX_P, ...
    CT_LOAD_DIS_P, CT_TGENCOST, CT_TAREAGENCOST, CT_MODCOST_F, ...
    CT_MODCOST_X] = idx_ct;

solarprofile = struct( ...
    'type', 'mpcData', ...
    'table', CT_TGEN, ...
    'rows', [1:12], ...
    'col', PMAX, ...
    'chgtype', 1, ...
    'values', [] );
solarprofile.values(:,1,:) = [
	0.0 0.0 0.0 0.0 0.0 0.0 0.0 0.0 0.0 0.0 0.0 0.0;
	0.0 0.0 0.0 0.0 0.0 0.0 0.0 0.0 0.0 0.0 0.0 0.0;
	0.0 0.0 0.0 0.0 0.0 0.0 0.0 0.0 0.0 0.0 0.0 0.0;
	0.0 0.0 0.0 0.0 0.0 0.0 0.0 0.0 0.0 0.0 0.0 0.0;
	0.0 0.0 0.0 0.0 0.0 0.0 0.0 0.0 0.0 0.0 0.0 0.0;
	0.0 0.0 0.0 0.0 0.0 0.0 0.0 0.0 0.0 0.0 0.0 0.0;
	0.3429 0.4437 0.3241 0.3813 0.0 54.8155 6.8519 6.568 3.866 12.8041 6.9587 23.1883;
	1.3619 1.0412 0.6914 1.3688 1.1045 38.2752 4.7844 11.6547 0.8407 31.2274 15.8454 56.553;
	1.7639 1.2989 1.0087 3.4 3.1267 35.5144 4.4393 20.3741 6.6486 53.6517 29.4735 97.1636;
	2.6409 2.2234 1.9405 9.3709 5.9252 82.392 10.299 38.7419 85.9951 52.4784 37.7942 95.0388;
	2.9748 2.5651 2.4895 10.6017 5.944 98.8013 12.3502 40.0803 116.1116 40.7259 34.0177 73.7549;
	3.2546 2.9825 3.1181 10.5992 5.181 104.803 13.1004 34.7949 116.2206 38.6574 22.8927 70.0088;
	3.9914 3.0225 2.5568 7.0793 3.4186 137.4481 17.181 41.6866 78.0994 143.6072 42.6166 260.0735;
	2.8809 2.1322 1.3202 5.4279 3.0511 102.9665 12.8708 29.4326 56.3082 204.8694 45.0808 371.0197;
	1.1644 0.9268 0.4879 4.1795 2.7073 82.4603 10.3075 19.7999 43.4195 240.7758 46.3082 436.0464;
	0.0 0.4342 0.3939 2.6251 0.7801 44.408 5.551 4.9454 25.273 108.999 40.2488 197.3978;
	0.267 0.275 0.2271 0.7937 0.5377 34.6985 4.3373 6.1869 22.4362 19.8893 10.7674 36.0196;
	0.0 0.0 0.0 0.0 0.0 0.0 0.0 0.0 0.0 0.0 0.0 0.0;
	0.0 0.0 0.0 0.0 0.0 0.0 0.0 0.0 0.0 0.0 0.0 0.0;
	0.0 0.0 0.0 0.0 0.0 0.0 0.0 0.0 0.0 0.0 0.0 0.0;
	0.0 0.0 0.0 0.0 0.0 0.0 0.0 0.0 0.0 0.0 0.0 0.0;
	0.0 0.0 0.0 0.0 0.0 0.0 0.0 0.0 0.0 0.0 0.0 0.0;
	0.0 0.0 0.0 0.0 0.0 0.0 0.0 0.0 0.0 0.0 0.0 0.0;
	0.0 0.0 0.0 0.0 0.0 0.0 0.0 0.0 0.0 0.0 0.0 0.0;
];
