function windprofile = ex_wind_profilesh1
%EX_WIND_PROFILE_D  Example wind_load_nyiso profile data for deterministic unit commitment.
% 2022.03.12
% Andres F. Ramirez


%% define constants
[GEN_BUS, PG, QG, QMAX, QMIN, VG, MBASE, GEN_STATUS, PMAX, PMIN, ...
    MU_PMAX, MU_PMIN, MU_QMAX, MU_QMIN, PC1, PC2, QC1MIN, QC1MAX, ...
    QC2MIN, QC2MAX, RAMP_AGC, RAMP_10, RAMP_30, RAMP_Q, APF] = idx_gen;
[CT_LABEL, CT_PROB, CT_TABLE, CT_TBUS, CT_TGEN, CT_TBRCH, CT_TAREABUS, ...
    CT_TAREAGEN, CT_TAREABRCH, CT_ROW, CT_COL, CT_CHGTYPE, CT_REP, ...
    CT_REL, CT_ADD, CT_NEWVAL, CT_TLOAD, CT_TAREALOAD, CT_LOAD_ALL_PQ, ...
    CT_LOAD_FIX_PQ, CT_LOAD_DIS_PQ, CT_LOAD_ALL_P, CT_LOAD_FIX_P, ...
    CT_LOAD_DIS_P, CT_TGENCOST, CT_TAREAGENCOST, CT_MODCOST_F, ...
    CT_MODCOST_X] = idx_ct;

windprofile = struct( ...
    'type', 'mpcData', ...
    'table', CT_TGEN, ...
    'rows', [1:45], ...
    'col', PMAX, ...
    'chgtype', 1, ...
    'values', [] );
windprofile.values(:,1,:) = [
	3.8655 52.2315 82.912 115.5713 14.4064 34.254 31.0226 7.3459 27.0941 10.1815 18.8203 28.0762 42.2685 42.3282 179.373 67.5777 83.8465 88.8522 83.8758 69.4951 10.3409 79.926 3.6959 24.6928 43.1931 16.925 5.1713 1279.0623 757.3342 757.3342 630.3078 86.1337 279.5861 178.8805 132.7046 323.1292 1259.6892 197.9662 451.1698 115.6958 115.4818 379.9911 205.4412 112.1257 1272.811;
	3.2505 43.9217 74.5228 43.1578 14.6161 27.6811 31.2034 7.1187 10.4148 11.4289 21.1261 31.516 47.4471 40.4851 184.8651 69.6469 86.4137 91.5727 85.3677 70.5089 10.4011 64.5893 17.5712 25.8585 38.0939 2.4638 5.3271 1276.7297 787.2035 787.2035 693.1867 73.0289 284.5592 181.4902 126.9263 335.8735 1295.3318 189.2162 463.1234 102.0373 111.3416 307.076 212.4966 87.5034 1308.8248;
	3.2402 43.7828 89.3773 49.6456 14.6529 24.756 31.1554 6.652 9.6755 12.1541 22.4666 33.5158 50.4578 38.0329 188.6168 71.0603 88.1674 93.4311 85.4132 67.5953 10.3851 57.7641 26.3011 31.6769 40.1643 15.6889 5.8672 1250.8635 801.4968 801.4968 693.1407 89.0028 284.7107 173.9905 119.2384 341.972 1272.1715 196.0637 458.8297 107.5829 25.504 274.6269 214.1704 130.4318 1285.4233;
	3.62 48.9141 89.7197 56.9912 14.8758 15.5487 32.2224 7.7069 12.0692 12.5072 23.1194 34.4896 51.9239 26.3705 191.4832 72.1402 89.5073 94.851 85.4675 69.7226 10.7408 36.2802 27.3843 37.3583 44.0312 25.3744 5.7624 1265.1247 831.5064 831.5064 743.9772 93.6081 284.8918 179.466 82.675 354.776 1291.5392 223.1464 475.4184 117.9407 37.7269 172.4866 217.9655 117.4594 1304.9928;
	3.8564 52.1087 85.2436 46.3746 14.7433 24.3188 31.7661 7.4242 11.0783 11.6035 21.4488 31.9974 48.172 35.2091 172.8733 65.129 80.8082 85.6326 85.0966 69.3384 10.5887 56.7438 4.4143 28.718 44.6896 56.4487 5.5768 1236.481 847.033 847.033 775.2384 102.5259 283.6555 178.4771 110.3851 361.4008 1304.8548 236.4764 471.5051 119.7043 36.6543 269.7761 213.7014 194.6034 1318.447;
	3.9135 52.8806 93.921 116.3852 14.8297 34.4698 31.7637 7.6551 11.0361 12.947 23.9323 35.7022 53.7495 28.6321 184.4641 69.4958 86.2262 91.3741 89.5412 69.8011 10.5879 80.4296 1.4329 31.605 58.3774 61.1956 5.7926 1161.9739 825.907 825.907 749.9738 104.2785 298.4707 179.6682 89.7655 352.387 1238.6692 222.3389 465.1954 156.3679 77.8104 382.3853 214.5838 247.0336 1251.572;
	3.9561 53.4559 93.17 120.5171 14.8947 35.2557 31.0161 11.7998 10.1228 11.4406 21.1477 31.5482 47.4957 34.8092 189.9891 71.5773 88.8088 94.1109 81.9485 70.6057 10.3387 82.2632 19.3611 52.4023 104.2815 72.6481 11.5788 1098.1313 828.7941 828.7941 780.9997 117.8579 273.1616 181.7393 109.1315 353.6188 1257.2809 285.9822 443.9729 279.3255 116.5379 391.1027 216.3403 276.3791 1270.3776;
	3.8948 52.6274 94.2561 120.1674 15.0182 35.0123 30.3044 19.1131 10.3643 11.497 21.252 31.7038 47.7299 56.351 187.0663 70.4761 87.4426 92.6631 82.6326 61.1552 10.1015 81.6953 24.692 61.1431 106.3622 74.3943 14.1272 985.9486 807.7529 807.7529 757.5847 117.9928 275.4419 157.4136 176.668 344.6413 1188.0304 289.9018 451.4324 284.8989 121.9924 388.4029 210.1815 283.6877 1200.4057;
	3.866 52.2376 94.3259 117.211 15.1115 34.628 27.7338 18.5365 6.1351 10.9479 20.2371 30.1897 45.4505 51.9153 192.822 72.6446 90.1331 95.5141 43.7276 63.9545 9.2446 80.7987 26.6962 89.347 106.0574 73.7453 13.9412 663.212 804.9833 804.9833 750.2875 117.4883 145.7586 164.619 162.7615 343.4596 1108.7637 292.0263 440.0407 284.0824 121.1033 384.14 210.3642 280.0842 1120.3133;
	3.8335 51.799 93.2684 118.5211 14.8091 34.1527 28.671 18.4894 19.8334 10.3485 19.129 28.5367 42.9619 55.9071 183.5914 69.167 85.8183 90.9418 44.032 59.1221 9.557 79.6895 23.7276 89.6214 104.51 71.7878 13.9928 562.0618 806.1727 806.1727 765.6653 114.7167 146.7734 152.1805 175.2764 343.967 974.2884 277.8723 450.2556 279.9374 120.8449 378.8667 208.1433 270.1936 984.4372;
	3.9141 52.8878 94.781 120.0948 15.1698 34.7589 29.8654 18.76 27.5434 16.1378 29.8304 44.5011 66.9962 66.8289 198.1706 74.6596 92.6332 98.1636 34.3888 68.4627 9.9551 81.1041 29.3981 89.7315 105.4653 73.1968 14.0805 398.2447 778.5099 778.5099 727.0616 105.3575 114.6293 176.2231 209.5176 332.1642 810.9877 270.6482 442.9674 282.4963 121.2887 385.5922 209.0571 271.7432 819.4355;
	3.4556 46.6922 94.9047 117.8762 15.2961 32.9546 29.0142 18.5869 27.4197 19.0156 35.15 52.4369 78.9434 62.3832 188.4575 71.0003 88.0929 93.3522 38.4334 63.0192 9.6714 76.8942 36.144 87.8342 103.6114 74.6071 14.0165 293.169 676.5061 676.5061 664.0745 106.2878 128.1113 162.2116 195.5797 288.6426 674.3569 245.8501 444.0789 277.5305 122.0157 365.5769 191.7822 275.8331 681.3814;
	2.2837 30.8583 94.5659 119.3461 14.9783 22.8278 25.9783 18.9292 27.4375 26.386 48.7742 72.7615 109.542 63.5405 188.6635 71.0779 88.1892 93.4543 89.9181 66.2473 8.6594 53.2649 61.7251 87.1234 104.1358 71.675 14.1487 318.8094 691.7597 691.7597 660.2431 112.1056 299.7271 170.5208 199.2081 295.1508 683.0069 248.0998 433.7382 278.9352 121.5881 253.2367 178.9247 267.4704 690.1215;
	2.6403 35.6759 94.172 118.2528 15.2823 15.9792 26.0061 18.9274 27.3244 30.0683 55.5809 82.9158 124.8292 64.7071 188.5806 71.0466 88.1505 93.4132 89.1286 72.9116 8.6687 37.2847 73.5975 85.8555 102.0548 74.1441 14.1499 320.0872 619.7463 619.7463 613.9135 107.413 297.0952 187.6746 202.8656 264.4251 505.6315 223.7157 443.3215 273.3612 122.8329 177.2621 153.4227 266.1126 510.8985;
	2.2727 30.7087 92.8726 115.6924 12.6808 18.1678 21.6568 18.7448 25.806 28.7739 53.1881 79.3461 119.4551 65.8278 197.4494 74.3879 92.2961 97.8063 89.5423 73.3693 7.2189 42.3915 73.7429 86.9178 102.778 74.7788 14.1089 464.6785 494.5518 494.5518 446.6406 92.4038 298.4744 188.8528 206.3791 211.0088 440.3921 198.6339 442.3539 275.2982 119.4266 201.5414 125.151 255.9801 444.9795;
	3.4666 46.8414 93.915 91.186 14.6484 30.2626 16.1495 19.0152 20.4743 28.7089 53.068 79.167 119.1855 59.0343 201.3176 75.8452 94.1043 99.7224 91.5993 73.7523 5.3832 70.6127 75.1248 88.637 105.2909 74.6376 14.0879 486.6155 518.1899 518.1899 402.732 47.2521 305.3308 189.8386 185.0804 221.0944 476.2305 163.1394 450.2264 282.0291 119.0384 335.713 94.417 274.4916 481.1912;
	3.2476 43.8819 93.3284 68.5319 14.7752 34.2343 14.0287 18.8488 26.5972 27.4965 50.8269 75.8237 114.1522 62.5699 203.9171 76.8246 95.3194 101.0101 91.666 73.9178 4.6762 79.8801 74.2664 88.1869 106.0983 75.4772 13.9435 519.4574 561.888 561.888 427.8221 27.7888 305.5534 190.2647 196.165 239.7389 534.6592 123.5616 182.783 284.1919 117.0324 379.7726 112.5126 274.4488 540.2286;
	3.7513 50.688 93.8238 69.5503 14.7357 33.7409 28.7499 19.0397 26.7416 12.6854 23.4488 34.9809 52.6636 65.6458 192.5069 72.5258 89.9858 95.358 77.1213 73.5581 9.5833 78.7288 54.6343 89.8073 106.6017 74.4554 14.0284 687.1118 632.4061 632.4061 407.3111 26.0114 257.0711 189.3388 205.8083 269.8266 766.8528 83.6965 421.3589 285.5403 118.9928 374.2993 128.3913 271.9779 774.8408;
