function windprofile = ex_wind_profilesh1
%EX_WIND_PROFILE_D  Example wind_load_nyiso profile data for deterministic unit commitment.
% 2022.03.12
% Andres F. Ramirez


%% define constants
[GEN_BUS, PG, QG, QMAX, QMIN, VG, MBASE, GEN_STATUS, PMAX, PMIN, ...
    MU_PMAX, MU_PMIN, MU_QMAX, MU_QMIN, PC1, PC2, QC1MIN, QC1MAX, ...
    QC2MIN, QC2MAX, RAMP_AGC, RAMP_10, RAMP_30, RAMP_Q, APF] = idx_gen;
[CT_LABEL, CT_PROB, CT_TABLE, CT_TBUS, CT_TGEN, CT_TBRCH, CT_TAREABUS, ...
    CT_TAREAGEN, CT_TAREABRCH, CT_ROW, CT_COL, CT_CHGTYPE, CT_REP, ...
    CT_REL, CT_ADD, CT_NEWVAL, CT_TLOAD, CT_TAREALOAD, CT_LOAD_ALL_PQ, ...
    CT_LOAD_FIX_PQ, CT_LOAD_DIS_PQ, CT_LOAD_ALL_P, CT_LOAD_FIX_P, ...
    CT_LOAD_DIS_P, CT_TGENCOST, CT_TAREAGENCOST, CT_MODCOST_F, ...
    CT_MODCOST_X] = idx_ct;

windprofile = struct( ...
    'type', 'mpcData', ...
    'table', CT_TGEN, ...
    'rows', [1:45], ...
    'col', PMAX, ...
    'chgtype', 1, ...
    'values', [] );
windprofile.values(:,1,:) = [
	3.7748 51.0064 81.4053 113.7901 14.7594 34.3879 31.3932 6.2098 26.4774 11.0008 20.3347 30.3354 45.6698 43.3346 161.6406 60.8972 75.5576 80.0685 73.6897 68.9211 10.4644 80.2385 27.1682 34.228 38.6513 26.6712 3.7137 1299.9339 806.0504 806.0504 673.2854 91.5198 245.6325 177.4031 135.8598 343.9148 1272.5051 211.0032 455.6453 103.5303 112.8113 381.4765 211.4984 118.753 1285.7603;
	3.323 44.9014 75.1826 45.6758 15.0258 27.3059 31.1593 7.1776 9.6756 12.2151 22.5794 33.6841 50.7112 39.6034 164.9295 62.1362 77.095 81.6977 82.8747 69.148 10.3864 63.7137 25.2445 29.1764 27.3352 26.0407 3.1843 1334.1605 825.1939 825.1939 742.5585 82.9269 276.2491 177.9872 124.162 352.0827 1323.6843 202.8951 455.6526 73.2192 113.1894 302.9134 213.8807 102.0622 1337.4727;
	3.1727 42.8698 84.9146 42.9508 15.0096 21.0991 31.2188 3.7149 9.3551 10.169 18.7973 28.0419 42.217 37.7755 176.5827 66.5265 82.5421 87.47 79.0862 60.54 10.4063 49.2312 19.5011 11.3648 0.0 22.7361 1.7649 1293.4605 827.1878 827.1878 735.1418 90.8626 263.6205 155.8301 118.4313 352.9335 1300.353 197.589 456.2543 0.0 25.3842 234.0592 209.7139 135.2527 1313.8983;
	3.542 47.8605 83.4087 47.8598 14.3375 13.0048 31.825 6.6752 8.4868 10.9246 20.194 30.1255 45.3538 19.9478 186.7221 70.3465 87.2817 92.4926 83.7253 63.6831 10.6083 30.3445 23.0793 30.5886 8.6634 28.8339 3.5032 1287.509 822.5645 822.5645 718.921 94.5184 279.0842 163.9204 62.5389 350.9609 1293.4395 219.3747 438.2599 23.2056 34.4779 144.2665 211.9131 122.9504 1306.9128;
	3.8354 51.8246 81.5625 40.3111 14.5693 19.0038 31.5274 4.9823 10.0871 10.3496 19.1312 28.5399 42.9667 26.0261 174.6639 65.8036 81.6452 86.5195 84.3395 62.3901 10.5091 44.3421 0.2288 22.0856 23.2389 59.2285 0.3384 1267.6723 806.8863 806.8863 717.1274 100.3834 281.1318 160.5922 81.5954 344.2715 1283.694 230.5026 440.8806 62.247 34.0146 210.8151 207.3377 205.2058 1297.0658;
	3.8156 51.5567 93.1904 111.7149 14.5962 32.0613 31.2217 5.8498 8.6804 11.3474 20.9755 31.2913 47.1089 27.3465 183.7832 69.2392 85.908 91.0368 88.2954 62.9606 10.4072 74.8096 0.2175 30.5936 48.9276 68.4798 1.5937 1184.5959 784.527 784.527 723.7639 107.0878 294.3181 162.0607 85.7351 334.7315 1217.1622 237.4691 441.7759 131.0561 63.7083 355.6663 206.3458 263.3499 1229.841;
	3.8265 51.7049 93.9067 118.9739 14.4584 32.9922 30.9601 10.4605 8.0507 10.4913 19.3931 28.9306 43.5549 35.5119 190.1317 71.631 88.8755 94.1815 82.7555 67.7724 10.32 76.9817 0.8325 52.1197 99.0272 75.8038 9.3625 1100.4773 751.0299 751.0299 682.9245 113.9142 275.8517 174.4462 111.3347 320.4394 1205.4219 280.1697 439.441 265.2515 108.2345 365.9932 200.1511 286.6664 1217.9783;
	3.7176 50.2329 93.7733 119.071 14.5645 33.0241 30.2985 18.2715 6.7506 9.9238 18.3441 27.3658 41.199 58.3121 183.9639 69.3073 85.9924 91.1263 84.1955 51.9988 10.0995 77.0561 0.0 58.6969 104.4446 76.3995 13.412 1012.1914 734.5428 734.5428 701.7436 115.9437 280.6516 133.8451 182.8162 313.4049 1115.535 296.7864 448.3229 279.7623 118.1879 366.3469 201.5763 286.886 1127.1552;
	3.741 50.5485 94.1252 119.5868 14.8388 34.1441 29.2368 18.0366 4.9911 12.6525 23.3879 34.8902 52.527 59.4994 189.7669 71.4936 88.705 94.0008 50.8567 59.818 9.7456 79.6695 21.3246 88.8991 105.0485 75.834 13.4502 767.1944 791.8042 791.8042 719.621 112.8762 169.5223 153.9717 186.5387 337.8365 1108.2073 307.8916 444.1997 281.3799 119.011 378.7715 210.7082 283.7774 1119.7512;
	3.8288 51.735 93.0885 120.4855 15.0304 34.7103 29.759 18.3124 19.3954 12.5808 23.2554 34.6924 52.2293 57.7554 186.9103 70.4174 87.3697 92.5858 56.7658 56.9892 9.9197 80.9907 23.2705 90.0467 104.8629 74.7639 13.3916 615.5732 811.4839 811.4839 724.3043 110.2867 189.2193 146.6903 181.0711 346.2331 1060.7949 280.2323 442.4107 280.8827 118.8668 385.0529 213.4116 283.8347 1071.8448;
	3.6896 49.8549 90.307 117.827 14.3217 33.5445 29.9465 17.5625 25.8202 17.5445 32.4307 48.3803 72.8363 66.9055 193.7569 72.9968 90.5701 95.9772 43.472 62.4341 9.9822 78.2705 1.8792 87.3592 102.9068 73.0122 13.2976 434.3125 756.869 756.869 671.5177 100.1096 144.9066 160.7056 209.7578 322.9308 891.567 261.9735 426.4388 275.6433 118.6217 372.1202 203.0095 270.1814 900.8541;
	3.346 45.2112 89.7562 118.142 14.7318 32.0617 28.9239 17.9213 27.2545 20.4779 37.8531 56.4694 85.0143 66.6491 187.4229 70.6105 87.6093 92.8397 54.7538 52.2856 9.6413 74.8106 20.0673 89.4512 104.3161 75.7936 13.2558 331.1063 780.562 780.562 668.7105 106.0128 182.5128 134.5834 208.954 333.0398 786.2764 248.564 435.3841 279.418 120.3758 355.671 199.0745 277.076 794.4668;
	2.1248 28.7101 89.5113 116.9662 14.2072 20.8583 24.7511 18.3442 26.3005 26.6987 49.3521 73.6236 110.84 63.5838 187.8859 70.7849 87.8257 93.0691 90.9471 54.2569 8.2504 48.6694 50.6373 87.37 102.838 73.4194 13.771 341.764 690.3946 690.3946 588.2929 101.4967 303.157 139.6574 199.3437 294.5684 677.6108 216.0072 385.6021 275.459 120.916 231.3883 172.8369 275.7956 684.6693;
	2.3122 31.2432 88.9696 112.345 14.0664 12.2262 24.3392 17.6186 26.1874 30.091 55.6227 82.9782 124.9232 64.0391 199.3155 75.091 93.1684 98.7307 92.0865 66.0376 8.1131 28.5278 70.1941 84.8989 100.4117 72.6447 13.3829 329.5777 610.3801 610.3801 546.4981 98.3857 306.9551 169.9809 200.7713 260.4289 510.7199 191.589 430.3772 268.96 122.3631 135.6293 144.5563 269.3131 516.0399;
	2.3052 31.1479 89.4059 112.8996 12.5171 0.206 20.645 17.5964 26.9814 29.34 54.2345 80.9072 121.8054 65.2478 196.3213 73.9629 91.7688 97.2475 92.4608 69.4265 6.8817 0.4807 69.8434 83.7183 96.7989 71.3923 13.5327 486.9784 489.6031 489.6031 408.4474 89.6386 308.2025 178.7041 204.5607 208.8973 451.1162 174.7686 445.5342 259.2826 121.7786 2.2854 118.3203 261.4129 455.8153;
	3.5934 48.5541 94.5172 91.1159 14.5782 25.6823 15.4178 18.4111 23.7729 28.8233 53.2794 79.4823 119.6602 61.6638 193.3919 72.8593 90.3995 95.7964 92.3871 67.9951 5.1393 59.9253 68.7475 87.2836 102.5748 74.5882 13.7319 530.2647 504.1035 504.1035 373.465 45.8009 307.9571 175.0197 193.3244 215.0841 487.7816 150.4704 451.644 274.7538 123.9553 284.9021 88.6443 286.4021 492.8626;
	3.5094 47.4199 95.3904 67.2549 15.2069 32.3573 13.3428 18.5983 27.6276 28.2215 52.1669 77.8228 117.1618 61.6402 188.6267 71.064 88.172 93.436 91.8897 67.5452 4.4476 75.5003 70.0748 90.0729 106.2562 76.2109 13.8586 632.1307 543.7492 543.7492 375.8259 28.0215 306.2991 173.8616 193.2503 231.9997 584.623 104.7371 189.0017 284.6148 123.8578 358.95 108.6994 287.1527 590.7129;
	3.7917 51.2346 94.968 64.0048 14.8313 32.8488 26.7079 18.7161 26.3397 12.9592 23.9548 35.7359 53.8002 59.1953 182.7966 68.8676 85.4468 90.5481 82.0797 70.381 8.9026 76.6473 47.5832 89.588 105.4501 74.6395 13.9486 720.2926 583.6382 583.6382 364.6183 28.6798 273.599 181.1609 185.5852 249.019 774.5547 72.0363 402.9839 282.4556 123.976 364.4032 120.6711 283.5486 782.623;
