function windprofile = ex_wind_profilesh1
%EX_WIND_PROFILE_D  Example wind_load_nyiso profile data for deterministic unit commitment.
% 2022.03.12
% Andres F. Ramirez


%% define constants
[GEN_BUS, PG, QG, QMAX, QMIN, VG, MBASE, GEN_STATUS, PMAX, PMIN, ...
    MU_PMAX, MU_PMIN, MU_QMAX, MU_QMIN, PC1, PC2, QC1MIN, QC1MAX, ...
    QC2MIN, QC2MAX, RAMP_AGC, RAMP_10, RAMP_30, RAMP_Q, APF] = idx_gen;
[CT_LABEL, CT_PROB, CT_TABLE, CT_TBUS, CT_TGEN, CT_TBRCH, CT_TAREABUS, ...
    CT_TAREAGEN, CT_TAREABRCH, CT_ROW, CT_COL, CT_CHGTYPE, CT_REP, ...
    CT_REL, CT_ADD, CT_NEWVAL, CT_TLOAD, CT_TAREALOAD, CT_LOAD_ALL_PQ, ...
    CT_LOAD_FIX_PQ, CT_LOAD_DIS_PQ, CT_LOAD_ALL_P, CT_LOAD_FIX_P, ...
    CT_LOAD_DIS_P, CT_TGENCOST, CT_TAREAGENCOST, CT_MODCOST_F, ...
    CT_MODCOST_X] = idx_ct;

windprofile = struct( ...
    'type', 'mpcData', ...
    'table', CT_TGEN, ...
    'rows', [1:45], ...
    'col', PMAX, ...
    'chgtype', 1, ...
    'values', [] );
windprofile.values(:,1,:) = [
	3.6705 49.5965 75.3948 109.7952 14.8522 34.2382 31.0863 4.1233 26.0138 12.0615 22.2955 33.2605 50.0735 38.7066 175.6571 66.1778 82.1095 87.0115 86.2707 71.2853 10.3621 79.889 29.5228 32.9268 39.9033 18.8171 2.4363 1275.3899 777.1647 777.1647 681.9918 81.1523 287.569 183.4885 121.3505 331.5903 1262.6114 195.575 443.147 106.8839 110.2807 379.8153 202.9703 110.5361 1275.7636;
	2.9601 39.9976 71.0502 43.9137 15.0342 27.8453 31.8602 5.6683 7.7188 13.4375 24.839 37.0549 55.786 41.0276 185.3619 69.834 86.6459 91.8188 86.6133 71.8027 10.6201 64.9723 25.9204 30.7355 34.3094 24.419 4.4021 1326.4277 807.5656 807.5656 749.7053 70.2265 288.7109 184.8204 128.6269 344.5613 1323.601 198.8446 474.3874 91.9002 113.6172 308.8969 207.6271 83.4476 1337.3885;
	3.1791 42.9571 87.5734 49.955 15.0191 24.5572 32.2164 6.2282 7.6734 14.7498 27.2648 40.6737 61.234 38.1128 193.7245 72.9846 90.5549 95.9612 89.5934 67.2538 10.7388 57.3001 28.8602 40.2522 39.3444 26.9044 5.8174 1294.0069 823.9066 823.9066 771.302 85.4061 298.6446 173.1115 119.4888 351.5335 1305.0318 207.9332 474.8609 105.3867 34.241 272.4212 212.7619 124.5243 1318.6259;
	3.5142 47.484 83.947 49.6996 14.7397 14.6348 31.9673 6.8467 9.526 13.3228 24.6269 36.7385 55.3096 26.9154 192.1175 72.3792 89.8038 95.1652 84.1333 63.4162 10.6558 34.1478 27.5228 37.1129 37.249 30.0852 5.0881 1266.8454 830.32 830.32 754.6487 91.0492 280.4444 163.2335 84.3834 354.2698 1279.6456 228.8926 467.5756 99.7741 37.6116 162.3483 212.1258 110.8445 1292.9753;
	3.7844 51.1358 82.4172 41.937 14.9894 22.0867 31.9793 7.0632 10.5455 12.3714 22.8684 34.1152 51.3602 29.5872 173.1519 65.234 80.9385 85.7706 85.6989 66.7523 10.6598 51.5355 15.1549 28.7151 39.016 61.8347 5.0653 1219.903 800.5002 800.5002 742.7806 87.1697 285.663 171.8206 92.7599 341.5468 1248.4551 223.7812 472.7324 104.5071 40.1997 245.0147 207.7513 195.2661 1261.4598;
	3.6817 49.7474 90.2134 106.6912 15.0009 32.4958 31.2231 6.5452 10.2218 13.966 25.8159 38.5122 57.9799 27.0003 185.0973 69.7343 86.5222 91.6877 88.6128 67.9137 10.4077 75.8236 41.9686 31.1993 46.4644 65.802 4.0512 1151.6137 778.4247 778.4247 704.9702 100.3461 295.3759 174.8101 84.6496 332.1279 1203.5333 222.3548 466.4627 124.4583 67.7667 360.4871 208.0956 228.1748 1216.0701;
	3.8496 52.0162 89.8011 115.6966 14.821 34.1751 31.1247 12.2148 10.6679 14.0233 25.9219 38.6704 58.218 37.4551 190.0079 71.5844 88.8177 94.1202 82.3073 69.2421 10.3749 79.7419 31.0555 52.1235 98.0164 74.6079 10.7672 1157.1444 788.1563 788.1563 714.9772 101.8881 274.3578 178.2294 117.4267 336.28 1271.7041 271.73 468.2521 262.544 102.6027 379.116 214.9237 270.5541 1284.951;
	3.7815 51.0959 86.9891 111.3394 14.5318 31.4986 30.6691 19.1131 10.4237 12.6902 23.4576 34.9942 52.6836 61.2348 183.4561 69.116 85.7551 90.8748 72.4672 54.059 10.223 73.4968 29.7744 51.5997 101.206 74.7469 13.8416 1001.9035 745.4993 745.4993 718.7345 104.1311 241.5572 139.148 191.9795 318.0797 1192.3083 282.5417 465.58 271.0876 116.3971 349.4247 203.4896 271.189 1204.7281;
	3.8674 52.257 91.5305 116.6322 14.8558 32.9234 30.4506 18.9651 9.5417 12.3435 22.8168 34.0382 51.2444 62.4714 187.6996 70.7148 87.7387 92.9768 43.227 61.2625 10.1502 76.8214 29.4572 86.5362 100.7084 72.1659 13.7758 789.1257 763.3801 763.3801 675.8923 105.4039 144.0901 157.6898 195.8563 325.7088 1182.2278 276.3763 474.7174 269.7547 118.2176 365.2307 211.2838 268.797 1194.5427;
	3.8804 52.4333 91.3542 119.8732 14.796 33.5481 30.4874 19.0427 19.4693 11.9541 22.097 32.9644 49.6277 61.4687 184.3997 69.4715 86.1961 91.3422 50.5914 53.5169 10.1625 78.2789 28.6764 88.6388 100.2764 73.1071 13.5323 622.4125 820.3429 820.3429 743.9927 110.6698 168.6381 137.7525 192.7128 350.013 1173.7269 278.0025 473.4264 268.5975 114.7356 372.1601 212.3422 266.4653 1185.9532;
	3.6678 49.5601 88.8847 117.0944 14.7578 31.5344 29.5042 18.8696 25.7626 17.9127 33.1113 49.3955 74.3647 66.8476 199.2555 75.0683 93.1404 98.701 36.7601 66.7865 9.8347 73.5803 31.9554 86.8202 99.6348 74.0153 13.7018 443.7299 755.8691 755.8691 694.4253 98.4663 122.5336 171.9085 209.5763 322.5041 927.8271 258.106 450.0461 266.8789 115.4961 349.8218 196.0216 253.3075 937.492;
	3.0578 41.3177 88.8941 114.5776 14.9511 30.3367 26.5437 18.6659 25.6126 18.758 34.6738 51.7265 77.874 62.7489 195.7194 73.7362 91.4875 96.9494 51.0899 65.149 8.8479 70.7856 34.7284 85.1031 98.5119 76.2436 13.5956 322.0506 754.487 754.487 667.5223 104.912 170.2996 167.6937 196.7263 321.9144 780.5387 250.6082 429.6656 263.8713 117.2647 336.5349 178.3031 259.5285 788.6694;
	1.9669 26.5773 90.6984 112.019 14.8283 15.7613 20.2177 18.8953 25.0909 26.4315 48.8581 72.8867 109.7306 63.4186 191.6607 72.2071 89.5902 94.9389 89.4877 66.4648 6.7392 36.7765 59.9158 87.8645 102.4359 75.0275 14.0232 296.3552 681.3624 681.3624 613.0377 99.4564 298.2925 171.0806 198.8258 290.7146 684.1022 222.331 390.253 274.3819 120.626 174.8459 159.8252 269.8261 691.2283;
	1.8245 24.6536 87.5225 111.1428 14.7068 5.4718 22.3774 18.1941 25.9699 27.9368 51.6408 77.038 115.9802 63.7078 195.8374 73.7806 91.5426 97.0078 88.877 70.5381 7.4591 12.7675 71.3339 84.3248 100.044 73.4686 13.7409 309.2721 625.3575 625.3575 576.0587 98.5574 296.2565 181.5653 199.7325 266.8192 517.074 202.9944 435.4514 267.9751 123.0607 60.7006 131.6919 253.1251 522.4602;
	1.7302 23.3795 88.522 111.2568 12.7592 0.0 17.6463 18.1063 25.7235 23.2411 42.9608 64.089 96.4857 59.659 195.148 73.5209 91.2203 96.6663 86.0542 71.661 5.8821 0.0 68.5485 86.327 101.2165 72.2505 13.7497 464.0668 476.0046 476.0046 398.3736 91.7767 286.8474 184.4556 187.039 203.0953 432.429 184.1311 419.8192 271.1155 119.8871 0.0 103.1544 239.9618 436.9334;
	2.8769 38.8733 88.8431 80.7214 13.8806 21.9981 11.49 18.615 19.6048 26.4129 48.8239 72.8356 109.6536 36.7364 193.6094 72.9412 90.5011 95.9042 88.6383 72.0598 3.83 51.3288 69.4395 86.3698 100.5483 75.2289 13.9053 488.573 480.9827 480.9827 359.7967 44.7153 295.4611 185.4822 115.1737 205.2193 464.2713 158.4223 411.1826 269.3257 118.8815 244.0318 73.9372 260.7305 469.1074;
	3.0369 41.0348 86.9239 56.1639 14.0287 28.5589 7.8631 18.2812 24.2069 21.0877 38.9803 58.1509 87.5459 58.2782 190.3093 71.6979 88.9585 94.2695 86.6843 71.6698 2.621 66.6375 68.7258 85.9241 102.7712 73.9424 13.6656 561.3465 557.061 557.061 419.6405 26.0075 288.9478 184.4783 182.7101 237.6794 586.1809 123.4804 131.1916 275.2801 119.2384 316.8139 97.1135 257.6409 592.2869;
	3.6359 49.1292 86.8303 56.8336 14.4787 31.4283 25.2595 18.6872 25.647 0.9488 1.7538 2.6163 3.9388 54.2879 184.937 69.6739 86.4473 91.6083 75.4344 72.8967 8.4198 73.3327 45.4673 86.9293 102.8324 73.5332 13.7544 662.5389 604.3995 604.3995 387.8676 24.2177 251.4479 187.6363 170.1999 257.8771 767.8304 84.9555 341.5568 275.4441 120.881 348.6444 112.9358 253.4301 775.8287;
