function solarprofile = ex_solar_profilesh1
%EX_WIND_PROFILE_D  Example wind_load_nyiso profile data for deterministic unit commitment.
% 2022.03.12
% Andres F. Ramirez


%% define constants
[GEN_BUS, PG, QG, QMAX, QMIN, VG, MBASE, GEN_STATUS, PMAX, PMIN, ...
    MU_PMAX, MU_PMIN, MU_QMAX, MU_QMIN, PC1, PC2, QC1MIN, QC1MAX, ...
    QC2MIN, QC2MAX, RAMP_AGC, RAMP_10, RAMP_30, RAMP_Q, APF] = idx_gen;
[CT_LABEL, CT_PROB, CT_TABLE, CT_TBUS, CT_TGEN, CT_TBRCH, CT_TAREABUS, ...
    CT_TAREAGEN, CT_TAREABRCH, CT_ROW, CT_COL, CT_CHGTYPE, CT_REP, ...
    CT_REL, CT_ADD, CT_NEWVAL, CT_TLOAD, CT_TAREALOAD, CT_LOAD_ALL_PQ, ...
    CT_LOAD_FIX_PQ, CT_LOAD_DIS_PQ, CT_LOAD_ALL_P, CT_LOAD_FIX_P, ...
    CT_LOAD_DIS_P, CT_TGENCOST, CT_TAREAGENCOST, CT_MODCOST_F, ...
    CT_MODCOST_X] = idx_ct;

solarprofile = struct( ...
    'type', 'mpcData', ...
    'table', CT_TGEN, ...
    'rows', [1:12], ...
    'col', PMAX, ...
    'chgtype', 1, ...
    'values', [] );
solarprofile.values(:,1,:) = [
	0.0 0.0 0.0 0.0 0.0 0.0 0.0 0.0 0.0 0.0 0.0 0.0;
	0.0 0.0 0.0 0.0 0.0 0.0 0.0 0.0 0.0 0.0 0.0 0.0;
	0.0 0.0 0.0 0.0 0.0 0.0 0.0 0.0 0.0 0.0 0.0 0.0;
	0.0 0.0 0.0 0.0 0.0 0.0 0.0 0.0 0.0 0.0 0.0 0.0;
	0.0 0.0 0.0 0.0 0.0 0.0 0.0 0.0 0.0 0.0 0.0 0.0;
	0.0 0.0 0.0 0.0 0.0 0.0 0.0 0.0 0.0 0.0 0.0 0.0;
	1.025 0.8497 0.3251 0.4839 3.2006 27.3921 3.424 9.9251 3.2259 11.9151 3.8517 21.5784;
	1.8116 1.0738 0.6145 1.3782 5.0663 24.2041 3.0255 39.3337 49.1396 25.5973 7.4102 46.3568;
	1.8588 1.1061 0.7974 2.4379 5.551 23.5354 2.9419 50.0715 89.1474 51.2394 18.182 92.7949;
	2.9358 1.5093 1.1004 2.7679 4.4544 27.0939 3.3867 31.9119 101.7285 98.7564 37.4593 178.8485;
	3.8006 2.2308 1.7219 3.3232 4.6464 36.7913 4.5989 22.0339 114.7215 183.4814 54.7953 332.286;
	4.3275 2.5099 2.0336 3.1306 4.3724 43.3675 5.4209 19.8694 118.0618 228.9594 51.6029 414.6469;
	4.1564 3.0656 1.4568 2.4242 3.0556 52.4519 6.5565 40.5222 79.0849 196.7096 44.4817 356.2422;
	2.9267 1.9585 0.8558 1.4307 2.0995 25.3491 3.1686 33.8007 33.4181 130.608 25.2328 236.5318;
	1.5476 0.8358 0.3302 0.8679 1.1341 10.2323 1.279 22.9073 6.3868 74.6963 11.5394 135.2755;
	0.8275 0.3833 0.2737 0.4804 0.0 0.0 0.0 4.6864 0.0 38.7502 0.0 70.1768;
	0.2683 0.2871 0.1672 0.4881 0.5184 28.5983 3.5748 6.7577 22.3317 21.6676 6.9157 39.2402;
	0.0 0.0 0.0 0.0 0.0 0.0 0.0 0.0 0.0 0.0 0.0 0.0;
	0.0 0.0 0.0 0.0 0.0 0.0 0.0 0.0 0.0 0.0 0.0 0.0;
	0.0 0.0 0.0 0.0 0.0 0.0 0.0 0.0 0.0 0.0 0.0 0.0;
	0.0 0.0 0.0 0.0 0.0 0.0 0.0 0.0 0.0 0.0 0.0 0.0;
	0.0 0.0 0.0 0.0 0.0 0.0 0.0 0.0 0.0 0.0 0.0 0.0;
	0.0 0.0 0.0 0.0 0.0 0.0 0.0 0.0 0.0 0.0 0.0 0.0;
	0.0 0.0 0.0 0.0 0.0 0.0 0.0 0.0 0.0 0.0 0.0 0.0;
];
