function solarprofile = ex_solar_profilesh1
%EX_WIND_PROFILE_D  Example wind_load_nyiso profile data for deterministic unit commitment.
% 2022.03.12
% Andres F. Ramirez


%% define constants
[GEN_BUS, PG, QG, QMAX, QMIN, VG, MBASE, GEN_STATUS, PMAX, PMIN, ...
    MU_PMAX, MU_PMIN, MU_QMAX, MU_QMIN, PC1, PC2, QC1MIN, QC1MAX, ...
    QC2MIN, QC2MAX, RAMP_AGC, RAMP_10, RAMP_30, RAMP_Q, APF] = idx_gen;
[CT_LABEL, CT_PROB, CT_TABLE, CT_TBUS, CT_TGEN, CT_TBRCH, CT_TAREABUS, ...
    CT_TAREAGEN, CT_TAREABRCH, CT_ROW, CT_COL, CT_CHGTYPE, CT_REP, ...
    CT_REL, CT_ADD, CT_NEWVAL, CT_TLOAD, CT_TAREALOAD, CT_LOAD_ALL_PQ, ...
    CT_LOAD_FIX_PQ, CT_LOAD_DIS_PQ, CT_LOAD_ALL_P, CT_LOAD_FIX_P, ...
    CT_LOAD_DIS_P, CT_TGENCOST, CT_TAREAGENCOST, CT_MODCOST_F, ...
    CT_MODCOST_X] = idx_ct;

solarprofile = struct( ...
    'type', 'mpcData', ...
    'table', CT_TGEN, ...
    'rows', [1:12], ...
    'col', PMAX, ...
    'chgtype', 1, ...
    'values', [] );
solarprofile.values(:,1,:) = [
	0.0 0.0 0.0 0.0 0.0 0.0 0.0 0.0 0.0 0.0 0.0 0.0;
	0.0 0.0 0.0 0.0 0.0 0.0 0.0 0.0 0.0 0.0 0.0 0.0;
	0.0 0.0 0.0 0.0 0.0 0.0 0.0 0.0 0.0 0.0 0.0 0.0;
	0.0 0.0 0.0 0.0 0.0 0.0 0.0 0.0 0.0 0.0 0.0 0.0;
	0.0 0.0 0.0 0.0 0.0 0.0 0.0 0.0 0.0 0.0 0.0 0.0;
	0.0 0.0 0.0 0.0 0.0 0.0 0.0 0.0 0.0 0.0 0.0 0.0;
	0.0 0.0 0.0 0.4447 0.9916 52.274 6.5343 6.7457 5.4924 7.439 3.7823 13.4721;
	0.5676 0.056 0.2803 1.2238 1.7404 36.6678 4.5835 6.2448 1.5409 28.1133 6.2017 50.9133;
	0.9722 0.482 0.6536 2.033 2.5073 41.7599 5.22 8.9643 6.5711 55.831 11.7373 101.1102;
	1.1074 1.1027 1.3415 2.2919 3.3535 85.1205 10.6401 19.3649 71.0056 36.03 12.3459 65.2505;
	0.7148 1.167 1.3141 2.0368 4.3549 92.7047 11.5881 34.6976 110.3202 29.5856 16.1112 53.5797;
	0.6193 1.2066 1.2839 1.7886 4.1468 67.3346 8.4168 41.2533 115.0565 30.0865 14.9212 54.4868;
	1.6379 2.0996 1.6961 1.9535 1.4305 37.0061 4.6258 38.9814 77.8121 43.6873 1.6691 79.118;
	1.7393 2.1034 1.7369 1.9852 0.7215 19.9275 2.4909 19.7104 51.4561 53.0927 2.0821 96.1511;
	1.4217 1.5896 1.3226 2.1725 0.42 18.9134 2.3642 7.8725 45.0574 40.0156 3.722 72.4685;
	1.2584 1.1818 1.1754 2.7222 0.1506 19.3242 2.4155 1.424 64.6622 19.8275 14.63 35.9076;
	0.324 0.2956 0.1795 0.9073 0.5397 28.5778 3.5722 6.6681 30.6126 20.5949 11.0959 37.2975;
	0.0 0.0 0.0 0.0 0.0 0.0 0.0 0.0 0.0 0.0 0.0 0.0;
	0.0 0.0 0.0 0.0 0.0 0.0 0.0 0.0 0.0 0.0 0.0 0.0;
	0.0 0.0 0.0 0.0 0.0 0.0 0.0 0.0 0.0 0.0 0.0 0.0;
	0.0 0.0 0.0 0.0 0.0 0.0 0.0 0.0 0.0 0.0 0.0 0.0;
	0.0 0.0 0.0 0.0 0.0 0.0 0.0 0.0 0.0 0.0 0.0 0.0;
	0.0 0.0 0.0 0.0 0.0 0.0 0.0 0.0 0.0 0.0 0.0 0.0;
	0.0 0.0 0.0 0.0 0.0 0.0 0.0 0.0 0.0 0.0 0.0 0.0;
];
