function loadprofile = ex_load_profilesh1
%EX_LOAD_PROFILE  Example load profile data file for stochastic unit commitment.
% 2022.03.12
% Andres F. Ramirez

%% define constants
[CT_LABEL, CT_PROB, CT_TABLE, CT_TBUS, CT_TGEN, CT_TBRCH, CT_TAREABUS, ...
    CT_TAREAGEN, CT_TAREABRCH, CT_ROW, CT_COL, CT_CHGTYPE, CT_REP, ...
    CT_REL, CT_ADD, CT_NEWVAL, CT_TLOAD, CT_TAREALOAD, CT_LOAD_ALL_PQ, ...
    CT_LOAD_FIX_PQ, CT_LOAD_DIS_PQ, CT_LOAD_ALL_P, CT_LOAD_FIX_P, ...
    CT_LOAD_DIS_P, CT_TGENCOST, CT_TAREAGENCOST, CT_MODCOST_F, ...
    CT_MODCOST_X] = idx_ct;

loadprofile = struct( ...
    'type', 'mpcData', ...
    'table', CT_TAREALOAD, ...
    'rows', [1:11], ...
    'col', CT_LOAD_ALL_P, ...
    'chgtype', 1, ...
    'values', [] );
loadprofile.values(:,1,:) = [
	1480.854 926.7 1611.045 608.1081 849.8056 1263.1855 909.4865 277.7 531.0 4797.8616 1904.8337;
	1462.7472 915.6567 1586.9393 597.7764 830.4215 1221.0338 883.24 272.5625 511.2179 4584.2478 1833.1363;
	1456.7 920.4715 1585.911 596.5 820.1062 1261.8191 900.1 272.8599 520.3 4538.1358 1897.1405;
	1488.4912 927.1 1590.6021 602.973 830.8 1267.9441 912.9163 266.0 544.4 4626.3738 1900.7523;
	1518.7668 974.7 1656.0691 618.333 907.8 1331.2095 963.2749 287.3363 562.5 4763.188 1956.7503;
	1565.6324 1027.5218 1750.2 628.9371 991.5844 1404.27 1026.3766 302.9657 620.1202 4966.9818 2059.1672;
	1587.4435 1048.1442 1788.4119 637.1026 1021.3575 1455.2754 1099.3024 310.0 664.4344 5242.3087 2123.616;
	1607.9151 1048.5593 1804.9211 635.2893 1040.7279 1513.0774 1161.15 337.9 688.2212 5361.1907 2200.8174;
	1646.9802 1091.8269 1880.0818 619.0133 1055.3327 1552.8351 1180.104 352.6196 718.9932 5643.1599 2280.0105;
	1677.8371 1143.2865 1935.6454 628.6 1100.1339 1579.8322 1206.9507 356.3846 733.4403 5642.8167 2243.6839;
	1678.07 1118.2139 1932.8943 607.5 1068.9 1573.5008 1165.5007 337.8541 693.6965 5566.2974 2142.2255;
	1690.507 1137.8609 1940.6277 613.2056 1069.9066 1576.957 1171.5751 328.0 695.3 5666.285 2271.0352;
	1667.5 1089.949 1863.1312 602.4646 1049.1445 1540.4073 1193.3216 326.6 722.1739 5687.321 2276.6623;
	1651.3131 1122.6563 1848.222 596.1801 1018.895 1490.8775 1118.9726 329.709 647.9908 5570.9915 2161.4;
	1635.6 1103.4401 1830.3927 586.4128 1030.6234 1485.6881 1107.7176 325.3387 643.1167 5560.5503 2155.0117;
	1613.5292 1106.0015 1895.3499 616.5012 1083.3059 1547.8 1148.3892 327.4 653.8 5630.2764 2155.7611;
	1666.8584 1123.3484 1840.7977 617.2 1044.0 1572.2759 1129.2297 341.3748 656.2864 5643.3126 2196.8545;
	1702.6 1146.549 1930.7761 623.7 1097.8415 1609.2913 1168.5027 332.7192 676.985 5702.0462 2297.5;
	1770.1 1167.9891 1935.9 613.7267 1076.6139 1592.0182 1175.3683 354.1 677.2422 5770.2974 2307.415;
	1715.5512 1122.8 1896.1013 592.3646 1039.0464 1565.2064 1140.6409 344.3568 657.8 5785.8732 2246.9395;
	1652.1418 1062.147 1786.749 569.1176 962.4468 1423.6736 1063.7 331.5001 608.5658 5458.7089 2078.6563;
	1568.4803 999.962 1696.9871 550.8375 882.2235 1300.7447 981.4 295.206 529.4812 5226.1376 1904.4905;
	1535.0133 942.1055 1638.9138 533.6 853.7681 1182.7137 903.8229 291.0219 506.3072 4920.6333 1754.6;
	1463.9639 921.6321 1612.8708 542.726 855.2148 1110.2239 863.9 269.3 466.2988 4624.0088 1671.1441;
];
