function windprofile = ex_wind_profilesh1
%EX_WIND_PROFILE_D  Example wind_load_nyiso profile data for deterministic unit commitment.
% 2022.03.12
% Andres F. Ramirez


%% define constants
[GEN_BUS, PG, QG, QMAX, QMIN, VG, MBASE, GEN_STATUS, PMAX, PMIN, ...
    MU_PMAX, MU_PMIN, MU_QMAX, MU_QMIN, PC1, PC2, QC1MIN, QC1MAX, ...
    QC2MIN, QC2MAX, RAMP_AGC, RAMP_10, RAMP_30, RAMP_Q, APF] = idx_gen;
[CT_LABEL, CT_PROB, CT_TABLE, CT_TBUS, CT_TGEN, CT_TBRCH, CT_TAREABUS, ...
    CT_TAREAGEN, CT_TAREABRCH, CT_ROW, CT_COL, CT_CHGTYPE, CT_REP, ...
    CT_REL, CT_ADD, CT_NEWVAL, CT_TLOAD, CT_TAREALOAD, CT_LOAD_ALL_PQ, ...
    CT_LOAD_FIX_PQ, CT_LOAD_DIS_PQ, CT_LOAD_ALL_P, CT_LOAD_FIX_P, ...
    CT_LOAD_DIS_P, CT_TGENCOST, CT_TAREAGENCOST, CT_MODCOST_F, ...
    CT_MODCOST_X] = idx_ct;

windprofile = struct( ...
    'type', 'mpcData', ...
    'table', CT_TGEN, ...
    'rows', [1:45], ...
    'col', PMAX, ...
    'chgtype', 1, ...
    'values', [] );
windprofile.values(:,1,:) = [
	3.8717 52.315 80.7714 109.5286 14.7594 33.2993 31.1203 6.7677 27.6431 11.6935 21.6153 32.2458 48.5459 41.029 166.5416 62.7436 77.8485 82.4962 84.3514 68.2766 10.3734 77.6983 32.5252 34.7651 35.1139 20.4034 4.332 1176.1837 779.6415 779.6415 631.07 81.552 281.1714 175.7442 128.6314 332.647 1231.393 195.5821 465.3711 94.0551 111.0115 369.3997 198.8724 94.2308 1244.22;
	3.1227 42.1945 72.5391 35.2599 14.5001 25.1195 30.2036 6.2448 8.2823 11.6177 21.4751 32.0366 48.2309 35.2133 169.9837 64.0404 79.4575 84.2012 83.7865 69.2569 10.0679 58.6122 25.5427 31.6714 28.756 16.6413 4.3355 1188.8569 767.9726 767.9726 691.2565 70.3293 279.2883 178.2674 110.3985 327.6683 1265.9373 199.6532 462.9011 77.0249 112.0097 278.659 203.935 51.8921 1279.1242;
	3.1545 42.6236 86.0076 46.6798 14.4182 21.8616 32.2254 6.0563 9.747 10.6922 19.7644 29.4846 44.389 35.3931 184.7102 69.5885 86.3413 91.496 87.6028 68.6678 10.7418 51.0104 21.0418 34.608 24.5134 10.7843 5.4806 1227.9009 786.9043 786.9043 738.5457 90.5905 292.0092 176.751 110.9623 335.7458 1283.8837 207.0392 478.054 65.661 27.9672 242.518 211.1299 109.4787 1297.2575;
	3.4382 46.457 81.229 44.2989 14.1267 13.718 32.0916 6.2163 12.3134 6.9932 12.9269 19.2843 29.0325 23.8995 190.0788 71.6111 88.8508 94.1553 85.2472 69.6613 10.6972 32.0086 23.5658 32.0897 31.1864 13.1287 5.1037 1231.0032 773.0953 773.0953 681.0475 93.0618 284.1573 179.3083 74.9282 329.854 1253.9463 223.3569 472.1766 83.5349 38.4285 152.1779 211.4275 17.1631 1267.0082;
	3.6437 49.2344 76.1158 37.6603 14.3116 19.9812 32.208 6.5135 12.1962 3.1787 5.8757 8.7655 13.1963 25.9112 170.6613 64.2956 79.7742 84.5369 89.292 69.7957 10.736 46.6229 0.0385 19.2362 23.8269 52.5821 5.206 1223.7855 761.7723 761.7723 714.7483 98.7424 297.6401 179.6544 81.2351 325.0229 1262.4468 237.951 469.4491 63.822 38.4866 221.6585 205.4553 127.2937 1275.5973;
	3.6298 49.0468 88.6047 105.9532 14.5281 27.9998 31.636 7.4974 11.0317 9.6897 17.9113 26.7202 40.2271 24.8368 194.5499 73.2955 90.9408 96.3701 91.3614 71.6968 10.5453 65.3328 0.5709 28.1142 46.3916 61.4475 5.0646 1169.3079 728.7289 728.7289 730.5375 107.9175 304.538 184.5479 77.8668 310.9243 1238.7929 251.0718 463.8105 124.2632 71.6972 310.6109 204.4678 211.0483 1251.697;
	3.7564 50.7573 84.93 111.0802 14.4614 30.3148 31.0209 11.0677 10.4409 11.3167 20.9188 31.2067 46.9815 36.0676 201.6297 75.9628 94.2502 99.8771 84.9276 73.7215 10.3403 70.7346 23.6716 38.4675 95.6883 72.1644 10.7937 1090.0995 739.3968 739.3968 695.3047 110.3635 283.0921 189.7592 113.0769 315.476 1239.9337 290.5698 455.7965 256.3078 108.4683 336.2927 205.4797 249.0803 1252.8497;
	3.797 51.306 89.0704 111.9502 14.3818 30.5141 29.7482 18.8312 9.301 10.1085 18.6854 27.875 41.9656 54.3147 195.4438 73.6323 91.3586 96.8129 84.5173 63.0018 9.9161 71.1996 17.3769 50.2593 102.7074 71.9636 13.6856 1002.1184 712.419 712.419 609.7789 106.4263 281.7244 162.1667 170.2838 303.9654 1172.2952 299.0778 435.1417 275.1092 121.2443 338.5034 204.7129 264.0826 1184.5066;
	3.6942 49.9166 89.2966 111.247 14.6013 32.0552 29.2797 18.0825 9.8758 12.0437 22.2626 33.2115 49.9997 53.7252 202.9679 76.467 94.8757 100.5399 55.3263 67.3379 9.7599 74.7955 26.0093 85.3829 103.2821 70.6384 13.4951 757.5618 756.732 756.732 660.2537 107.2837 184.4211 173.328 168.4358 322.8723 1145.1718 308.9939 428.7035 276.6485 120.9935 355.599 210.0878 256.1149 1157.1007;
	3.7008 50.0058 90.7063 115.282 14.7758 32.6821 29.5749 18.8323 21.7185 12.5318 23.1648 34.5573 52.0258 57.0737 190.9902 71.9545 89.2768 94.6068 54.982 59.9476 9.8583 76.2583 27.5567 87.9991 103.9726 69.7178 13.8106 635.4194 780.9249 780.9249 663.5809 105.5812 183.2735 154.3053 178.9338 333.1946 1128.202 275.06 439.4992 278.4981 119.3654 362.5538 208.4709 266.5194 1139.9541;
	3.878 52.4004 92.1456 116.0376 15.1087 34.2945 30.8054 18.5165 28.4173 19.7409 36.4907 54.437 81.9546 68.0527 202.138 76.1543 94.4878 100.1288 43.2898 69.1614 10.2685 80.0204 30.8823 84.6341 104.0605 70.2906 13.7801 498.2198 793.7204 793.7204 771.5462 107.2821 144.2993 178.0215 213.3545 338.6541 1007.2757 290.0022 453.2161 278.7335 123.3873 380.4398 215.2221 263.0942 1017.7682;
	3.4547 46.6806 89.8994 113.7025 15.1163 32.4834 29.7173 18.0394 28.4161 22.1072 40.8648 60.9623 91.7784 68.0519 203.3128 76.5969 95.0369 100.7107 58.787 67.9542 9.9058 75.7945 38.5155 83.2507 101.2449 72.8661 13.3715 352.4854 785.6788 785.6788 728.0 105.9621 195.9567 174.9143 213.3518 335.223 797.5868 256.6216 452.5055 271.1918 123.3605 360.3487 203.2632 258.0065 805.895;
	2.2075 29.8283 91.2425 114.6106 15.0763 21.2743 26.6017 18.6352 28.384 29.4671 54.4695 81.2577 122.333 66.0976 196.4717 74.0196 91.8391 97.322 92.0289 66.1038 8.8672 49.6401 61.169 84.7979 104.3035 72.4278 13.8742 374.4916 740.0338 740.0338 710.8867 105.5578 306.7629 170.1513 207.225 315.7477 730.0745 246.3688 443.8487 279.3843 122.0582 236.0033 185.2822 264.3086 737.6794;
	2.5899 34.9956 92.8292 117.7155 15.3407 12.6449 25.7511 18.0951 28.1015 31.3303 57.9137 86.3958 130.0684 65.8592 201.1628 75.7869 94.0319 99.6458 91.1854 71.5599 8.5837 29.5048 74.3242 86.0716 104.6653 72.9979 13.7248 363.7532 660.5763 660.5763 674.0408 104.5428 303.9515 184.1955 206.4774 281.8459 571.1329 226.196 460.0016 280.3534 121.5925 140.2741 150.2154 261.6889 577.0823;
	2.3412 31.6351 91.9256 115.8603 13.9156 4.1064 22.0509 18.3965 28.2935 30.7379 56.8185 84.762 127.6087 65.988 201.919 76.0718 94.3854 100.0203 91.1137 72.8105 7.3503 9.5816 74.849 87.2476 105.5451 71.2266 13.8277 513.4106 527.0198 527.0198 475.9944 93.8392 303.7125 187.4145 206.8813 224.8618 469.4851 209.537 459.453 282.7102 120.8071 45.5539 121.7177 252.4876 474.3756;
	3.1442 42.4846 87.1989 83.2289 14.3827 24.66 15.3425 18.0513 23.3593 29.0969 53.7852 80.237 120.7963 56.0919 199.421 75.1307 93.2177 98.783 90.1035 70.9655 5.1142 57.54 72.87 84.7828 99.6439 70.5158 13.5437 526.233 531.0461 531.0461 445.8383 51.1393 300.3449 182.6655 175.8558 226.5797 483.8365 168.6173 439.1454 266.9032 118.8821 273.5617 84.268 252.3658 488.8764;
	2.8378 38.3443 86.6508 60.6322 14.3481 27.3065 13.5645 17.9467 25.993 26.232 48.4894 72.3367 108.9025 61.9062 193.6777 72.9669 90.533 95.938 87.3961 71.6741 4.5215 63.7153 70.9173 83.6473 101.4289 69.4518 13.5491 620.4597 602.8323 602.8323 454.604 30.9076 291.3205 184.4894 194.0844 257.2085 617.8216 121.1711 161.1388 271.6846 116.4184 302.9206 101.6694 255.7132 624.2572;
	3.6459 49.2635 88.597 58.3665 15.1308 31.868 29.1745 18.5285 26.7933 12.7242 23.5206 35.0881 52.8249 66.221 192.9218 72.6822 90.1797 95.5636 78.8735 73.7141 9.7248 74.3587 46.7627 84.7613 101.4784 71.5507 13.6641 708.0033 652.3947 652.3947 428.7995 28.8368 262.9117 189.7403 207.6119 278.3551 828.5164 85.3304 414.8557 271.817 119.5433 353.5224 121.2257 254.675 837.1468;
