function loadprofile = ex_load_profilesh1
%EX_LOAD_PROFILE  Example load profile data file for stochastic unit commitment.
% 2022.03.12
% Andres F. Ramirez

%% define constants
[CT_LABEL, CT_PROB, CT_TABLE, CT_TBUS, CT_TGEN, CT_TBRCH, CT_TAREABUS, ...
    CT_TAREAGEN, CT_TAREABRCH, CT_ROW, CT_COL, CT_CHGTYPE, CT_REP, ...
    CT_REL, CT_ADD, CT_NEWVAL, CT_TLOAD, CT_TAREALOAD, CT_LOAD_ALL_PQ, ...
    CT_LOAD_FIX_PQ, CT_LOAD_DIS_PQ, CT_LOAD_ALL_P, CT_LOAD_FIX_P, ...
    CT_LOAD_DIS_P, CT_TGENCOST, CT_TAREAGENCOST, CT_MODCOST_F, ...
    CT_MODCOST_X] = idx_ct;

loadprofile = struct( ...
    'type', 'mpcData', ...
    'table', CT_TAREALOAD, ...
    'rows', [1:11], ...
    'col', CT_LOAD_ALL_P, ...
    'chgtype', 1, ...
    'values', [] );
loadprofile.values(:,1,:) = [
	1420.1622 901.4664 1658.2655 491.8089 833.5 1238.5 954.4892 300.4779 568.1645 5196.6648 2108.911;
	1387.9839 894.5754 1624.8394 509.7248 826.8509 1215.5955 922.6878 268.3507 549.2 4782.0513 1893.7085;
	1393.6424 895.0425 1634.3438 491.2862 815.1915 1227.6087 934.6172 269.7 542.8204 4812.2185 1933.4567;
	1424.0884 917.1 1669.2391 536.5226 850.619 1256.7 940.0101 270.4 538.3215 4846.9997 1861.037;
	1460.7204 955.6223 1734.4837 543.5454 887.1229 1321.4106 984.8151 286.2935 560.3392 4915.2369 1912.5;
	1519.8743 1007.2107 1822.9289 557.4 917.8008 1363.7986 1029.2675 308.967 592.0772 5071.8275 1978.7159;
	1477.3845 1050.0675 1848.8856 573.9962 1008.0172 1455.3608 1095.942 335.3282 609.1951 5198.2033 2055.125;
	1492.0326 1081.6721 1848.662 611.1 1044.1755 1517.7975 1138.3 338.2 626.0899 5299.2276 2132.5;
	1521.7883 1103.8757 1902.3347 593.7 1053.8199 1539.9711 1205.098 352.8308 633.995 5465.7474 2270.2414;
	1570.4395 1118.7951 1898.5233 592.822 984.6355 1499.4875 1170.7383 320.5 648.7853 5541.8643 2339.595;
	1547.3644 1112.5734 1910.0694 579.8538 997.4126 1531.4281 1204.8 337.2811 666.0 5647.199 2455.0517;
	1565.8257 1121.3503 1924.6809 557.2998 976.9734 1557.3982 1212.2814 321.9 679.6467 5603.3859 2432.9628;
	1554.6294 1104.8417 1921.552 549.1782 957.602 1519.7888 1182.9765 325.7958 662.6 5544.4198 2424.2594;
	1548.0384 1127.3031 1901.1743 549.8303 944.0 1536.5964 1204.1693 323.7 670.7502 5509.7 2407.7929;
	1571.8546 1158.1054 1934.2415 556.0699 996.4833 1584.3496 1259.7075 325.4658 658.5871 5560.2395 2510.3178;
	1494.7395 1129.3342 1912.0871 562.0 993.6452 1585.7685 1175.3819 326.2984 657.421 5534.7463 2457.891;
	1557.0977 1175.6 2028.438 568.4185 1005.1236 1623.7809 1256.3701 335.6362 690.2118 5745.8206 2736.3477;
	1648.7469 1216.5777 2098.7126 593.099 1041.5 1624.6952 1261.5082 358.3 699.2 5779.6216 2665.389;
	1684.6898 1238.4262 2091.3706 577.1161 1063.2117 1621.3155 1219.8226 351.1 698.5532 5841.7079 2561.5623;
	1645.4885 1186.3388 2009.9829 550.0098 1010.2956 1547.3313 1188.544 350.4866 685.4 5822.7824 2564.0837;
	1575.3611 1094.3561 1886.9577 526.2565 947.1689 1411.0 1122.0823 341.9146 641.8281 5745.4658 2429.0471;
	1542.1 1027.4678 1775.0891 515.0442 876.6276 1339.9657 1033.381 300.3044 593.5988 5277.3695 2161.1054;
	1541.8827 945.1 1715.2657 486.55 851.9737 1196.9779 989.0683 251.9965 523.0 4979.6775 1937.4631;
	1503.5063 921.8862 1654.8548 476.144 830.7201 1152.8338 981.3745 264.4058 521.8508 4819.5675 1897.0009;
];
