function windprofile = ex_wind_profilesh1
%EX_WIND_PROFILE_D  Example wind_load_nyiso profile data for deterministic unit commitment.
% 2022.03.12
% Andres F. Ramirez


%% define constants
[GEN_BUS, PG, QG, QMAX, QMIN, VG, MBASE, GEN_STATUS, PMAX, PMIN, ...
    MU_PMAX, MU_PMIN, MU_QMAX, MU_QMIN, PC1, PC2, QC1MIN, QC1MAX, ...
    QC2MIN, QC2MAX, RAMP_AGC, RAMP_10, RAMP_30, RAMP_Q, APF] = idx_gen;
[CT_LABEL, CT_PROB, CT_TABLE, CT_TBUS, CT_TGEN, CT_TBRCH, CT_TAREABUS, ...
    CT_TAREAGEN, CT_TAREABRCH, CT_ROW, CT_COL, CT_CHGTYPE, CT_REP, ...
    CT_REL, CT_ADD, CT_NEWVAL, CT_TLOAD, CT_TAREALOAD, CT_LOAD_ALL_PQ, ...
    CT_LOAD_FIX_PQ, CT_LOAD_DIS_PQ, CT_LOAD_ALL_P, CT_LOAD_FIX_P, ...
    CT_LOAD_DIS_P, CT_TGENCOST, CT_TAREAGENCOST, CT_MODCOST_F, ...
    CT_MODCOST_X] = idx_ct;

windprofile = struct( ...
    'type', 'mpcData', ...
    'table', CT_TGEN, ...
    'rows', [1:45], ...
    'col', PMAX, ...
    'chgtype', 1, ...
    'values', [] );
windprofile.values(:,1,:) = [
	3.9081 52.8072 78.7626 110.0135 15.0352 34.6325 32.5065 5.969 26.7505 9.5327 17.621 26.2871 39.5751 43.4552 183.6133 69.1753 85.8286 90.9527 86.5092 69.9167 10.8355 80.8093 2.1918 4.9315 44.9529 23.4088 4.1314 1272.9238 802.7037 802.7037 703.561 91.4621 288.364 179.9656 136.238 342.4869 1302.2439 225.2191 462.4833 120.4096 100.3024 384.1903 209.3314 111.8878 1315.8089;
	3.2642 44.1071 71.8369 36.1851 14.964 27.3692 31.8321 5.7078 9.1757 1.4663 2.7104 4.0434 6.0873 40.5621 179.7733 67.7285 84.0335 89.0505 87.7606 69.4856 10.6107 63.8615 1.2288 0.0 35.1733 16.1636 4.8779 1264.1996 788.7071 788.7071 733.4677 79.0029 292.5353 178.8562 127.1675 336.515 1297.0219 209.7295 459.9703 94.2141 103.3183 303.6156 202.8907 96.0596 1310.5325;
	3.3474 45.2309 87.0756 44.5735 15.2912 24.621 32.2577 6.6352 6.3472 10.9955 20.325 30.3209 45.6479 36.8048 184.7226 69.5932 86.3471 91.5021 85.9498 66.0787 10.7526 57.449 23.1693 27.7656 39.5855 24.3161 5.8903 1294.7983 801.4607 801.4607 750.7431 94.9142 286.4994 170.0867 115.3881 341.9566 1300.6552 219.802 447.0814 106.0327 27.2471 273.1291 212.2629 137.4576 1314.2037;
	3.677 49.6846 86.6537 51.1417 15.4 15.0998 32.6033 7.5806 10.8086 11.4677 21.1978 31.6229 47.6082 29.8147 188.8982 71.1663 88.2989 93.5705 84.6866 66.5798 10.8678 35.2329 23.4235 32.0358 36.2987 28.2458 5.6224 1294.7216 834.1424 834.1424 793.3104 101.0732 282.2886 171.3767 93.473 355.9007 1326.8242 248.5233 461.5283 97.2286 35.3892 167.5073 217.9392 124.0865 1340.6452;
	3.9227 53.0041 84.816 46.7626 15.3577 23.2608 32.3108 7.5078 9.7067 1.8372 3.3961 5.0663 7.6274 31.3958 174.437 65.7181 81.5391 86.4071 87.9065 66.0563 10.7703 54.2752 0.0445 26.8685 40.4666 62.2117 5.5239 1221.0088 820.4444 820.4444 770.3242 105.3665 293.0217 170.029 98.4301 350.0563 1272.7542 252.297 458.382 108.3928 33.629 258.0399 214.8771 196.5162 1286.012;
	3.9297 53.0992 93.3388 112.7793 15.2938 34.6353 32.1453 7.2296 10.8853 7.6105 14.068 20.9866 31.5952 29.085 186.6893 70.3341 87.2664 92.4763 89.9846 68.3176 10.7151 80.8157 0.2184 30.7251 52.7098 66.9556 5.0091 1107.2035 790.6927 790.6927 734.7025 108.2005 299.9485 175.8498 91.1853 337.3622 1175.3676 239.1581 455.7961 141.187 62.9989 384.2208 215.9757 244.5226 1187.6111;
	3.9878 53.8838 92.2628 116.047 15.2616 34.388 31.7464 11.0227 10.095 1.226 2.2662 3.3807 5.0897 37.5723 189.9162 71.5498 88.7748 94.0747 83.7478 69.0463 10.5821 80.2386 0.0 49.4471 98.3072 74.9513 10.2893 1024.5745 769.1551 769.1551 684.2694 106.8587 279.1593 177.7254 117.7941 328.1728 1184.6211 268.1075 442.5808 263.3227 96.0885 381.477 215.2284 279.7324 1196.9609;
	3.9314 53.122 93.7798 120.0366 15.3672 34.1847 31.6846 18.7296 11.2458 10.8082 19.9789 29.8045 44.8706 62.6226 188.4241 70.9877 88.0773 93.3357 81.6195 58.3032 10.5615 79.7642 15.9259 61.9531 105.8902 75.6622 13.491 972.7521 773.8251 773.8251 753.392 110.9351 272.0648 150.0725 196.3303 330.1654 1192.281 298.7576 449.3233 283.6345 115.0808 379.2218 213.8334 285.8675 1204.7006;
	3.929 53.0891 94.4162 119.2812 15.1219 34.2145 31.0676 18.0864 9.8525 11.5816 21.4084 31.9371 48.0811 57.8211 193.1505 72.7683 90.2866 95.6769 46.9185 66.047 10.3559 79.8339 23.5216 88.8468 105.965 74.2769 13.3962 788.1688 805.1517 805.1517 765.7387 101.9833 156.3951 170.0051 181.2769 343.5314 1178.4089 298.9306 440.0201 283.8348 119.5081 379.5533 215.1908 274.8946 1190.684;
	3.9172 52.9295 94.7836 119.8212 15.0576 33.8563 31.9706 18.3326 21.2688 11.1706 20.6488 30.8039 46.3751 57.8648 182.197 68.6417 85.1665 90.2511 49.7838 56.6227 10.6569 78.998 17.1765 88.792 104.1953 75.3277 13.3038 609.5297 811.9685 811.9685 778.7337 104.1509 165.9459 145.747 181.414 346.4399 1106.2982 271.2579 450.5091 279.0946 113.6425 375.5792 214.2135 275.0641 1117.8221;
	3.9278 53.0726 94.7805 120.6686 15.2434 34.4473 31.6597 18.1802 28.3516 18.2788 33.7881 50.4051 75.8846 66.6381 198.5404 74.7989 92.8061 98.3468 40.4368 68.5499 10.5532 80.377 24.3563 87.8956 103.7392 74.1501 13.0532 435.9143 776.1362 776.1362 761.1216 97.4089 134.7893 176.4475 208.9195 331.1515 943.4297 272.3282 441.8604 277.8729 116.1637 382.1351 212.2221 270.9899 953.2571;
	3.5921 48.5374 93.6092 120.2624 15.2294 32.5796 30.447 18.517 28.4372 18.9577 35.0431 52.2774 78.7033 65.452 196.0152 73.8476 91.6257 97.0959 52.1192 70.2903 10.149 76.019 16.2338 88.0137 103.2569 75.2346 13.4418 295.2732 732.8306 732.8306 722.2067 104.217 173.7306 180.9274 205.2009 312.6744 745.1801 250.959 451.8265 276.581 115.2551 361.4161 199.8094 266.1678 752.9424;
	2.68 36.2126 94.7448 119.5754 15.3655 23.9683 25.8365 18.8967 28.4453 27.8064 51.3997 76.6782 115.4387 67.6276 200.593 75.5722 93.7656 99.3635 91.1591 71.7936 8.6122 55.926 58.348 88.2679 104.6504 74.7757 13.7351 302.2111 658.7567 658.7567 651.2406 101.8457 303.8636 184.7968 212.0217 281.0695 652.3189 221.3537 439.8479 280.3135 115.9005 265.888 185.5084 273.6469 659.1139;
	2.8067 37.925 94.5382 118.0678 15.216 14.5671 25.6957 18.7372 27.8844 31.1203 57.5254 85.8165 129.1963 66.5738 203.4051 76.6317 95.08 100.7565 90.842 72.2456 8.5652 33.9898 73.2579 87.1406 105.0745 74.1093 13.748 283.4335 588.1964 588.1964 626.7244 96.542 302.8067 185.9603 208.7178 250.9638 485.5288 208.8256 456.0647 281.4495 116.6277 161.5974 154.2759 273.2159 490.5864;
	2.585 34.9294 92.6623 116.3026 13.2731 9.931 21.7954 18.4488 27.2507 29.7518 54.9957 82.0428 123.515 63.3721 203.9987 76.8553 95.3575 101.0505 91.3467 73.3594 7.2651 23.1724 72.1888 87.3118 104.4113 72.6213 13.9483 393.3512 453.3819 453.3819 423.777 80.659 304.4889 188.8273 198.68 193.443 395.938 179.1922 447.5077 279.6732 114.4599 110.168 125.5406 260.6462 400.0624;
	3.6132 48.8221 92.4798 86.9954 14.5511 27.5913 15.5812 18.6221 22.957 29.9504 55.363 82.5906 124.3397 38.1716 200.0645 75.3731 93.5185 99.1017 90.489 72.8963 5.1937 64.3796 72.8709 87.5567 104.8028 72.9814 13.9031 488.1416 483.5801 483.5801 406.1252 45.9124 301.6301 187.6354 119.673 206.3275 444.8619 159.2079 434.4023 280.7218 113.3549 306.079 83.4098 271.054 449.4958;
	3.4951 47.2261 93.2705 66.66 14.6868 31.1771 13.8485 19.0114 26.8205 28.4111 52.5175 78.3458 117.9491 46.9185 191.989 72.3307 89.7437 95.1015 90.4873 69.0105 4.6162 72.7465 72.8923 88.2061 106.1208 75.3073 13.9416 539.1801 553.7499 553.7499 434.3333 27.4817 301.6243 177.6333 147.0959 236.2666 524.6971 108.5316 171.5374 284.2521 115.0344 345.8574 107.285 276.4869 530.1627;
	3.79 51.2117 93.5508 64.1091 14.7711 31.4172 27.5683 18.8749 25.7434 10.8676 20.0887 29.9684 45.1172 48.5948 186.2659 70.1746 87.0685 92.2666 76.6261 69.2967 9.1894 73.3067 42.4588 89.3503 106.3978 74.2826 13.5375 647.5576 594.9415 594.9415 400.0358 27.1374 255.4202 178.3699 152.3512 253.8417 734.1983 81.4685 388.6274 284.994 114.185 348.5211 109.997 269.2009 741.8462;
