function solarprofile = ex_solar_profilesh1
%EX_WIND_PROFILE_D  Example wind_load_nyiso profile data for deterministic unit commitment.
% 2022.03.12
% Andres F. Ramirez


%% define constants
[GEN_BUS, PG, QG, QMAX, QMIN, VG, MBASE, GEN_STATUS, PMAX, PMIN, ...
    MU_PMAX, MU_PMIN, MU_QMAX, MU_QMIN, PC1, PC2, QC1MIN, QC1MAX, ...
    QC2MIN, QC2MAX, RAMP_AGC, RAMP_10, RAMP_30, RAMP_Q, APF] = idx_gen;
[CT_LABEL, CT_PROB, CT_TABLE, CT_TBUS, CT_TGEN, CT_TBRCH, CT_TAREABUS, ...
    CT_TAREAGEN, CT_TAREABRCH, CT_ROW, CT_COL, CT_CHGTYPE, CT_REP, ...
    CT_REL, CT_ADD, CT_NEWVAL, CT_TLOAD, CT_TAREALOAD, CT_LOAD_ALL_PQ, ...
    CT_LOAD_FIX_PQ, CT_LOAD_DIS_PQ, CT_LOAD_ALL_P, CT_LOAD_FIX_P, ...
    CT_LOAD_DIS_P, CT_TGENCOST, CT_TAREAGENCOST, CT_MODCOST_F, ...
    CT_MODCOST_X] = idx_ct;

solarprofile = struct( ...
    'type', 'mpcData', ...
    'table', CT_TGEN, ...
    'rows', [1:12], ...
    'col', PMAX, ...
    'chgtype', 1, ...
    'values', [] );
solarprofile.values(:,1,:) = [
	0.0 0.0 0.0 0.0 0.0 0.0 0.0 0.0 0.0 0.0 0.0 0.0;
	0.0 0.0 0.0 0.0 0.0 0.0 0.0 0.0 0.0 0.0 0.0 0.0;
	0.0 0.0 0.0 0.0 0.0 0.0 0.0 0.0 0.0 0.0 0.0 0.0;
	0.0 0.0 0.0 0.0 0.0 0.0 0.0 0.0 0.0 0.0 0.0 0.0;
	0.0 0.0 0.0 0.0 0.0 0.0 0.0 0.0 0.0 0.0 0.0 0.0;
	0.0 0.0 0.0 0.0 0.0 0.0 0.0 0.0 0.0 0.0 0.0 0.0;
	1.6161 0.8439 0.8111 3.4402 2.4635 15.6975 1.9622 34.4966 61.0455 11.0409 6.2505 19.9952;
	1.1838 0.8704 1.6318 2.7666 3.5089 25.1634 3.1454 42.633 79.2057 5.746 8.3277 10.4061;
	1.435 1.0748 2.0823 2.3931 3.5582 31.3055 3.9132 35.3676 67.8036 7.0242 7.9828 12.7208;
	3.825 1.9459 3.8176 2.4299 4.0057 46.6599 5.8325 17.5133 65.7947 3.6567 12.681 6.6223;
	4.2058 2.0038 2.9128 3.0939 4.8566 76.7248 9.5906 16.5195 87.5864 19.1617 19.6212 34.7019;
	2.9763 1.2826 2.1442 3.4812 5.4742 89.5656 11.1957 16.6745 110.7159 42.4877 21.1993 76.9456;
	1.1565 0.141 0.6486 3.1903 5.4386 89.3903 11.1738 30.0056 100.1347 85.9507 19.6035 155.6573;
	0.5543 0.0 0.2695 2.1538 4.7045 31.0079 3.876 22.3969 52.8076 62.5791 15.6474 113.3311;
	0.4909 0.0 0.1114 1.6832 3.9589 5.0987 0.6373 15.3228 14.8056 30.9845 13.9065 56.1131;
	1.1628 0.2669 0.3488 0.9039 1.6895 0.0 0.0 4.006 0.0 14.7534 17.8991 26.7184;
	0.2415 0.223 0.1471 0.9567 1.1381 28.5145 3.5643 6.5439 22.204 21.6391 11.2225 39.1886;
	0.0 0.0 0.0 0.0 0.0 0.0 0.0 0.0 0.0 0.0 0.0 0.0;
	0.0 0.0 0.0 0.0 0.0 0.0 0.0 0.0 0.0 0.0 0.0 0.0;
	0.0 0.0 0.0 0.0 0.0 0.0 0.0 0.0 0.0 0.0 0.0 0.0;
	0.0 0.0 0.0 0.0 0.0 0.0 0.0 0.0 0.0 0.0 0.0 0.0;
	0.0 0.0 0.0 0.0 0.0 0.0 0.0 0.0 0.0 0.0 0.0 0.0;
	0.0 0.0 0.0 0.0 0.0 0.0 0.0 0.0 0.0 0.0 0.0 0.0;
	0.0 0.0 0.0 0.0 0.0 0.0 0.0 0.0 0.0 0.0 0.0 0.0;
];
