function solarprofile = ex_solar_profilesh1
%EX_WIND_PROFILE_D  Example wind_load_nyiso profile data for deterministic unit commitment.
% 2022.03.12
% Andres F. Ramirez


%% define constants
[GEN_BUS, PG, QG, QMAX, QMIN, VG, MBASE, GEN_STATUS, PMAX, PMIN, ...
    MU_PMAX, MU_PMIN, MU_QMAX, MU_QMIN, PC1, PC2, QC1MIN, QC1MAX, ...
    QC2MIN, QC2MAX, RAMP_AGC, RAMP_10, RAMP_30, RAMP_Q, APF] = idx_gen;
[CT_LABEL, CT_PROB, CT_TABLE, CT_TBUS, CT_TGEN, CT_TBRCH, CT_TAREABUS, ...
    CT_TAREAGEN, CT_TAREABRCH, CT_ROW, CT_COL, CT_CHGTYPE, CT_REP, ...
    CT_REL, CT_ADD, CT_NEWVAL, CT_TLOAD, CT_TAREALOAD, CT_LOAD_ALL_PQ, ...
    CT_LOAD_FIX_PQ, CT_LOAD_DIS_PQ, CT_LOAD_ALL_P, CT_LOAD_FIX_P, ...
    CT_LOAD_DIS_P, CT_TGENCOST, CT_TAREAGENCOST, CT_MODCOST_F, ...
    CT_MODCOST_X] = idx_ct;

solarprofile = struct( ...
    'type', 'mpcData', ...
    'table', CT_TGEN, ...
    'rows', [1:12], ...
    'col', PMAX, ...
    'chgtype', 1, ...
    'values', [] );
solarprofile.values(:,1,:) = [
	0.0 0.0 0.0 0.0 0.0 0.0 0.0 0.0 0.0 0.0 0.0 0.0;
	0.0 0.0 0.0 0.0 0.0 0.0 0.0 0.0 0.0 0.0 0.0 0.0;
	0.0 0.0 0.0 0.0 0.0 0.0 0.0 0.0 0.0 0.0 0.0 0.0;
	0.0 0.0 0.0 0.0 0.0 0.0 0.0 0.0 0.0 0.0 0.0 0.0;
	0.0 0.0 0.0 0.0 0.0 0.0 0.0 0.0 0.0 0.0 0.0 0.0;
	0.0 0.0 0.0 0.0 0.0 0.0 0.0 0.0 0.0 0.0 0.0 0.0;
	0.0 0.3367 0.2608 0.7679 6.2035 84.4407 10.5551 14.0966 12.0691 13.2992 4.1874 24.085;
	0.6603 1.0426 0.7671 1.3411 11.8987 136.8601 17.1075 11.7478 39.5836 60.0697 13.1118 108.7866;
	1.1797 1.3676 1.2133 2.0807 12.592 134.958 16.8698 11.4004 54.3271 70.9786 25.9161 128.5427;
	2.5629 2.1902 2.505 2.4996 9.5746 153.2806 19.1601 17.5088 89.9722 40.4025 29.2635 73.1691;
	2.1293 1.4226 2.3421 2.2666 6.6553 107.4082 13.426 14.2217 74.9106 32.2425 25.1475 58.3914;
	2.0767 0.9463 2.2029 1.8179 4.8624 94.0989 11.7624 12.3687 76.3935 38.4877 18.9048 69.7014;
	5.9935 2.1053 3.111 1.6262 3.8715 212.2105 26.5263 41.6171 132.4839 94.2388 16.3295 170.667;
	7.9597 2.52 2.743 1.5077 4.403 202.8564 25.357 46.7284 150.304 93.1163 21.444 168.6342;
	6.0012 2.2156 2.3605 1.3497 4.6995 184.3845 23.0481 50.721 140.3343 69.9786 25.7713 126.7317;
	2.0751 1.8399 2.2122 0.7523 2.6452 61.5351 7.6919 35.1375 71.2687 34.7847 31.3726 62.9953;
	0.2895 0.2809 0.2424 0.4086 0.5527 28.5142 3.5643 7.2898 25.9671 20.7907 13.7765 37.652;
	0.0 0.0 0.0 0.0 0.0 0.0 0.0 0.0 0.0 0.0 0.0 0.0;
	0.0 0.0 0.0 0.0 0.0 0.0 0.0 0.0 0.0 0.0 0.0 0.0;
	0.0 0.0 0.0 0.0 0.0 0.0 0.0 0.0 0.0 0.0 0.0 0.0;
	0.0 0.0 0.0 0.0 0.0 0.0 0.0 0.0 0.0 0.0 0.0 0.0;
	0.0 0.0 0.0 0.0 0.0 0.0 0.0 0.0 0.0 0.0 0.0 0.0;
	0.0 0.0 0.0 0.0 0.0 0.0 0.0 0.0 0.0 0.0 0.0 0.0;
	0.0 0.0 0.0 0.0 0.0 0.0 0.0 0.0 0.0 0.0 0.0 0.0;
];
