function solarprofile = ex_solar_profilesh1
%EX_WIND_PROFILE_D  Example wind_load_nyiso profile data for deterministic unit commitment.
% 2022.03.12
% Andres F. Ramirez


%% define constants
[GEN_BUS, PG, QG, QMAX, QMIN, VG, MBASE, GEN_STATUS, PMAX, PMIN, ...
    MU_PMAX, MU_PMIN, MU_QMAX, MU_QMIN, PC1, PC2, QC1MIN, QC1MAX, ...
    QC2MIN, QC2MAX, RAMP_AGC, RAMP_10, RAMP_30, RAMP_Q, APF] = idx_gen;
[CT_LABEL, CT_PROB, CT_TABLE, CT_TBUS, CT_TGEN, CT_TBRCH, CT_TAREABUS, ...
    CT_TAREAGEN, CT_TAREABRCH, CT_ROW, CT_COL, CT_CHGTYPE, CT_REP, ...
    CT_REL, CT_ADD, CT_NEWVAL, CT_TLOAD, CT_TAREALOAD, CT_LOAD_ALL_PQ, ...
    CT_LOAD_FIX_PQ, CT_LOAD_DIS_PQ, CT_LOAD_ALL_P, CT_LOAD_FIX_P, ...
    CT_LOAD_DIS_P, CT_TGENCOST, CT_TAREAGENCOST, CT_MODCOST_F, ...
    CT_MODCOST_X] = idx_ct;

solarprofile = struct( ...
    'type', 'mpcData', ...
    'table', CT_TGEN, ...
    'rows', [1:12], ...
    'col', PMAX, ...
    'chgtype', 1, ...
    'values', [] );
solarprofile.values(:,1,:) = [
	0.0 0.0 0.0 0.0 0.0 0.0 0.0 0.0 0.0 0.0 0.0 0.0;
	0.0 0.0 0.0 0.0 0.0 0.0 0.0 0.0 0.0 0.0 0.0 0.0;
	0.0 0.0 0.0 0.0 0.0 0.0 0.0 0.0 0.0 0.0 0.0 0.0;
	0.0 0.0 0.0 0.0 0.0 0.0 0.0 0.0 0.0 0.0 0.0 0.0;
	0.0 0.0 0.0 0.0 0.0 0.0 0.0 0.0 0.0 0.0 0.0 0.0;
	0.0 0.0 0.0 0.0 0.0 0.0 0.0 0.0 0.0 0.0 0.0 0.0;
	1.4102 0.5396 0.8823 0.5297 1.7586 9.0606 1.1326 0.5379 0.1918 14.1703 8.7908 25.6626;
	1.0626 1.8355 1.0776 1.3664 4.3568 12.6009 1.5751 2.6678 0.0 165.8428 69.3165 300.3423;
	0.9407 1.6951 1.1462 1.775 3.9649 14.5633 1.8204 3.8694 0.0 208.5811 101.8396 377.7416;
	0.7824 1.0411 1.3765 0.8141 2.0107 24.5835 3.0729 11.5848 22.3594 55.3523 37.1017 100.2433;
	1.0456 0.6025 1.6227 0.8156 2.5621 76.7101 9.5888 22.1652 59.8768 36.1142 21.0785 65.4031;
	1.4411 0.7573 2.0335 0.9389 3.6187 118.6456 14.8307 40.6947 92.7819 29.2323 10.6816 52.9398;
	2.7905 2.6783 2.7687 0.908 4.2585 99.9886 12.4986 62.8726 68.1402 42.5526 8.4911 77.063;
	1.9626 2.2862 2.1255 0.6872 3.6967 25.3651 3.1706 57.1241 36.3383 53.9283 14.0458 97.6645;
	1.1218 1.2145 1.2328 0.6815 2.4696 2.4727 0.3091 38.4277 18.3012 50.2152 17.6019 90.9401;
	0.8109 0.4216 0.5906 0.5871 0.4882 2.187 0.2734 7.4039 12.3898 37.5903 17.8713 68.0763;
	0.2494 0.2272 0.1488 0.5005 0.676 37.7379 4.7172 7.1257 24.6759 22.2285 10.5459 40.256;
	0.0 0.0 0.0 0.0 0.0 0.0 0.0 0.0 0.0 0.0 0.0 0.0;
	0.0 0.0 0.0 0.0 0.0 0.0 0.0 0.0 0.0 0.0 0.0 0.0;
	0.0 0.0 0.0 0.0 0.0 0.0 0.0 0.0 0.0 0.0 0.0 0.0;
	0.0 0.0 0.0 0.0 0.0 0.0 0.0 0.0 0.0 0.0 0.0 0.0;
	0.0 0.0 0.0 0.0 0.0 0.0 0.0 0.0 0.0 0.0 0.0 0.0;
	0.0 0.0 0.0 0.0 0.0 0.0 0.0 0.0 0.0 0.0 0.0 0.0;
	0.0 0.0 0.0 0.0 0.0 0.0 0.0 0.0 0.0 0.0 0.0 0.0;
];
