function loadprofile = ex_load_profilesh1
%EX_LOAD_PROFILE  Example load profile data file for stochastic unit commitment.
% 2022.03.12
% Andres F. Ramirez

%% define constants
[CT_LABEL, CT_PROB, CT_TABLE, CT_TBUS, CT_TGEN, CT_TBRCH, CT_TAREABUS, ...
    CT_TAREAGEN, CT_TAREABRCH, CT_ROW, CT_COL, CT_CHGTYPE, CT_REP, ...
    CT_REL, CT_ADD, CT_NEWVAL, CT_TLOAD, CT_TAREALOAD, CT_LOAD_ALL_PQ, ...
    CT_LOAD_FIX_PQ, CT_LOAD_DIS_PQ, CT_LOAD_ALL_P, CT_LOAD_FIX_P, ...
    CT_LOAD_DIS_P, CT_TGENCOST, CT_TAREAGENCOST, CT_MODCOST_F, ...
    CT_MODCOST_X] = idx_ct;

loadprofile = struct( ...
    'type', 'mpcData', ...
    'table', CT_TAREALOAD, ...
    'rows', [1:11], ...
    'col', CT_LOAD_ALL_P, ...
    'chgtype', 1, ...
    'values', [] );
loadprofile.values(:,1,:) = [
	1490.9193 928.7038 1602.1 580.905 841.5919 1286.5 918.7546 292.0078 559.5028 4800.338 1882.4437;
	1468.2282 919.2379 1590.719 580.5 843.1143 1277.7587 905.888 285.8034 537.8087 4660.341 1823.8211;
	1450.8 923.6 1614.5587 582.6844 859.6251 1304.6594 909.5 294.4142 544.6633 4650.2047 1837.206;
	1489.9 941.0 1626.7546 590.4404 868.8591 1307.3697 930.3409 298.3 549.1453 4674.8517 1838.0368;
	1483.4904 967.3823 1678.7461 612.2 932.9109 1394.5538 943.5811 304.7799 559.7481 4713.011 1843.0488;
	1511.2 1014.1502 1744.3 632.6989 998.4139 1440.3245 1024.4106 328.1358 621.2711 4945.4631 1954.5472;
	1580.1 1047.1032 1784.7925 633.8944 1035.0962 1477.7 1063.6 336.8027 646.456 5054.925 2040.0567;
	1638.3114 1073.257 1826.151 650.1964 1071.0703 1519.1101 1100.6946 345.5193 661.2924 5199.3283 2098.8202;
	1652.157 1115.2516 1838.7017 649.7124 1065.2334 1560.3 1119.1846 382.7861 686.0137 5326.6747 2164.0054;
	1687.2143 1158.0358 1832.3218 621.6491 1052.6649 1549.8952 1126.8991 395.0485 709.635 5486.4818 2199.7801;
	1678.8921 1127.2818 1788.285 615.4149 1017.7 1462.815 1062.6297 391.0935 687.2612 5494.8154 2239.4558;
	1694.6366 1162.6 1821.2546 608.3833 1028.7036 1454.4 1067.9975 388.1944 766.4754 5526.0196 2290.8431;
	1687.8 1163.4825 1817.2627 604.2595 1013.7702 1409.1494 1057.8878 374.4739 724.6464 5500.4028 2312.8396;
	1730.1982 1210.0 1826.9045 594.6993 1014.9356 1409.2477 1055.5074 388.6271 732.2038 5537.4932 2406.3779;
	1705.9708 1175.741 1833.352 598.165 1030.1433 1416.5379 1051.5551 381.5083 732.9959 5501.5286 2478.5076;
	1754.3 1197.9044 1874.2842 603.6346 1051.345 1473.7343 1082.0263 389.5422 738.475 5623.0877 2402.7402;
	1763.1047 1247.0551 1940.3065 619.9264 1096.5671 1533.9908 1129.4545 422.2458 804.3286 5783.7903 2597.7064;
	1769.1774 1246.8076 1981.3325 631.6 1122.6041 1597.5727 1170.8076 423.4527 804.9846 5891.9035 2669.7226;
	1801.631 1297.7773 1987.1014 629.1771 1100.57 1571.8892 1150.6794 422.4416 798.7284 5806.4256 2588.0293;
	1765.3869 1206.7557 1878.9898 591.5959 1014.2611 1453.7933 1097.3142 412.6065 733.6285 5567.3243 2412.8384;
	1744.0192 1133.6746 1781.978 561.7216 953.7342 1383.6 1034.1 372.9833 702.7211 5333.658 2310.2845;
	1642.5283 1063.9627 1659.801 551.5 860.3 1263.103 948.7112 342.7353 638.3785 5039.6833 2033.4456;
	1561.0973 1040.1414 1606.3 568.0259 790.8159 1140.9 859.1521 286.6468 556.3377 4670.5256 1775.6135;
	1528.9865 1015.7127 1581.3114 582.5489 794.3733 1131.7899 855.3 259.6 536.2414 4488.2906 1723.3;
];
