function windprofile = ex_wind_profilesh1
%EX_WIND_PROFILE_D  Example wind_load_nyiso profile data for deterministic unit commitment.
% 2022.03.12
% Andres F. Ramirez


%% define constants
[GEN_BUS, PG, QG, QMAX, QMIN, VG, MBASE, GEN_STATUS, PMAX, PMIN, ...
    MU_PMAX, MU_PMIN, MU_QMAX, MU_QMIN, PC1, PC2, QC1MIN, QC1MAX, ...
    QC2MIN, QC2MAX, RAMP_AGC, RAMP_10, RAMP_30, RAMP_Q, APF] = idx_gen;
[CT_LABEL, CT_PROB, CT_TABLE, CT_TBUS, CT_TGEN, CT_TBRCH, CT_TAREABUS, ...
    CT_TAREAGEN, CT_TAREABRCH, CT_ROW, CT_COL, CT_CHGTYPE, CT_REP, ...
    CT_REL, CT_ADD, CT_NEWVAL, CT_TLOAD, CT_TAREALOAD, CT_LOAD_ALL_PQ, ...
    CT_LOAD_FIX_PQ, CT_LOAD_DIS_PQ, CT_LOAD_ALL_P, CT_LOAD_FIX_P, ...
    CT_LOAD_DIS_P, CT_TGENCOST, CT_TAREAGENCOST, CT_MODCOST_F, ...
    CT_MODCOST_X] = idx_ct;

windprofile = struct( ...
    'type', 'mpcData', ...
    'table', CT_TGEN, ...
    'rows', [1:45], ...
    'col', PMAX, ...
    'chgtype', 1, ...
    'values', [] );
windprofile.values(:,1,:) = [
	3.7753 51.0126 80.4337 111.355 15.0277 33.84 31.1838 6.4937 26.8189 13.2502 24.4929 36.5386 55.0086 38.3205 169.5503 63.8771 79.2549 83.9865 81.9982 66.8714 10.3946 78.9599 32.9321 29.7989 46.7803 22.4365 4.589 1219.5289 792.9518 792.9518 625.7314 74.6894 273.3274 172.127 120.1401 338.3261 1197.4212 198.7456 456.2245 125.3045 104.6502 375.3981 199.4954 115.534 1209.8943;
	2.9322 39.6203 70.1411 41.5549 14.8983 25.4102 29.605 5.9483 9.5597 12.6145 23.3176 34.7853 52.3691 26.6421 179.5704 67.6521 83.9387 88.95 84.2456 68.7748 9.8683 59.2905 28.5016 28.4274 37.2177 26.755 3.6977 1194.8643 756.4806 756.4806 617.5981 71.9595 280.8188 177.0266 83.5266 322.765 1189.846 188.4633 440.1262 99.6902 106.8945 281.8838 196.2124 96.9775 1202.2402;
	2.8314 38.2589 86.2006 42.7754 14.9137 22.9219 30.3527 3.7235 9.0798 11.0251 20.3797 30.4024 45.7707 34.7336 189.4334 71.3679 88.5491 93.8356 86.8945 63.289 10.1176 53.4845 28.0091 25.882 34.869 25.0197 1.9259 1239.8212 773.1879 773.1879 684.5186 88.5549 289.6482 162.9061 108.8946 329.8935 1203.5281 189.7972 443.4951 93.3991 12.5226 254.2805 199.8229 127.2187 1216.0648;
	2.8625 38.6784 80.7931 2.9919 12.8147 4.7395 29.7925 1.169 0.921 0.509 0.9408 1.4035 2.113 2.5621 190.5861 71.8022 89.0879 94.4066 85.3529 61.5744 9.9308 11.0588 1.4101 2.5023 27.6105 14.5055 1.1005 1247.9913 764.5671 764.5671 634.6306 96.5927 284.5096 158.4926 8.0324 326.2153 1188.1346 204.7735 440.2367 73.9566 30.9559 52.5768 179.7705 99.2695 1200.511;
	2.402 32.457 72.9843 28.9201 13.1105 16.1649 29.7821 1.691 0.9028 8.1885 15.1363 22.5804 33.9946 24.0996 169.1171 63.7139 79.0524 83.772 84.4252 57.3162 9.9274 37.7182 0.0248 7.6905 33.02 52.9628 1.2643 1232.4905 766.6133 766.6133 672.4417 99.0281 281.4173 147.532 75.5556 327.0883 1185.9593 208.9454 438.1832 88.4465 32.987 179.3229 183.5912 115.8903 1198.3131;
	2.1208 28.6564 90.4845 106.9051 13.8256 31.6314 31.1655 0.6928 9.8147 9.5594 17.6704 26.3608 39.686 25.3499 183.6751 69.1985 85.8574 90.9833 88.2734 63.6947 10.3885 73.8067 0.0207 18.2271 49.3961 62.941 3.5013 1174.7165 761.7785 761.7785 703.5854 103.5108 294.2445 163.9502 79.4754 325.0255 1142.6538 210.6136 444.8348 132.311 53.5638 350.8979 184.2408 216.3408 1154.5565;
	2.4617 33.2625 87.2774 103.1867 13.33 26.328 30.8189 7.4057 8.1398 11.4457 21.1572 31.5624 47.517 39.0673 188.1189 70.8727 87.9347 93.1845 70.9715 66.9983 10.273 61.4319 24.1316 32.9191 95.7555 73.4764 8.6368 1111.908 765.327 765.327 684.31 106.0962 236.5716 172.4538 122.4812 326.5395 1204.7167 238.6851 439.884 256.4879 100.6608 292.0648 178.8131 262.9408 1217.2658;
	3.6016 48.6656 88.8271 113.5234 14.3034 32.6802 29.3972 18.0312 4.0212 10.5559 19.5125 29.1088 43.8231 61.9051 186.7654 70.3628 87.3019 92.514 76.2468 49.4426 9.7991 76.2539 20.3595 44.141 99.59 73.8476 13.223 955.7681 733.7058 733.7058 672.8943 107.2769 254.1561 127.2654 194.0809 313.0478 1136.0375 244.6567 434.1691 266.7588 115.2883 362.5329 181.2347 271.5311 1147.8713;
	3.5893 48.4999 88.95 115.1888 14.4058 32.9571 30.2571 17.8933 9.1332 11.9658 22.1187 32.9967 49.6763 65.3257 193.4134 72.8674 90.4095 95.8071 42.8674 61.2308 10.0857 76.8998 13.1737 83.6849 99.7507 72.4996 13.2132 733.8508 783.4167 783.4167 707.2676 111.4553 142.8912 157.6081 204.8048 334.2578 1103.7035 266.1768 445.9913 267.1895 116.5527 365.6037 193.0319 263.1072 1115.2004;
	3.6672 49.5519 87.2061 115.6145 14.5221 33.8635 31.105 18.0643 19.0238 8.5666 15.8353 23.6231 35.5645 62.337 175.2204 66.0133 81.9054 86.7952 45.6259 51.5796 10.3683 79.0147 0.0 85.3728 97.8614 73.1827 12.9087 568.1396 807.9304 807.9304 744.6905 110.2844 152.0862 132.7661 195.4349 344.717 1021.4967 249.1993 445.299 262.1287 113.247 375.6587 200.776 263.1761 1032.1373;
	3.6742 49.6471 87.76 114.4305 14.2767 34.1299 30.5803 18.6443 26.2554 10.3529 19.1371 28.5489 42.9802 68.4604 193.0747 72.7398 90.2512 95.6393 18.0454 63.8377 10.1934 79.6365 1.9971 81.4934 97.7673 72.9422 13.2235 454.9929 784.555 784.555 712.2366 100.4778 60.1514 164.3185 214.6326 334.7435 897.3108 250.0316 455.0644 261.8766 118.3201 378.6145 199.7472 262.411 906.6578;
	3.1937 43.1541 86.7836 112.2986 14.2945 32.7615 30.1509 18.4892 27.7521 18.6445 34.464 51.4136 77.4029 66.8414 187.5515 70.6589 87.6694 92.9034 34.3516 59.4777 10.0503 76.4436 32.9694 80.1302 94.9546 72.4182 12.953 318.4386 790.4013 790.4013 691.482 106.3813 114.5055 153.0957 209.5568 337.2379 753.7061 225.4661 459.2283 254.3428 118.3622 363.4348 191.5992 255.678 761.5572;
	2.0052 27.0948 86.5684 110.9561 13.9607 22.6023 26.9216 18.1946 27.7776 26.6969 49.3488 73.6187 110.8325 65.3186 183.7522 69.2276 85.8935 91.0214 89.3226 54.531 8.9739 52.7387 55.6308 62.8928 90.2827 70.2077 13.4818 295.7132 716.6711 716.6711 652.7693 101.2385 297.742 140.3628 204.7826 305.7797 659.1049 220.3275 441.9454 241.8286 117.7673 250.7346 179.8496 243.5941 665.9705;
	2.3877 32.2627 88.578 114.8854 14.4851 14.6465 26.6892 18.0402 27.2216 29.1163 53.821 80.2904 120.8767 67.3075 183.1393 68.9967 85.607 90.7179 86.8478 58.5061 8.8964 34.1753 68.5212 75.225 98.2603 72.2017 13.3182 306.1127 631.5942 631.5942 603.7848 95.5308 289.4927 150.5949 211.0181 269.4802 491.9067 199.8096 448.7181 263.1973 121.0884 162.479 155.3679 258.7379 497.0307;
	2.2272 30.0941 89.2131 115.6723 11.7028 0.1442 22.2174 17.889 26.947 28.3026 52.317 78.0467 117.4988 66.2268 192.2269 72.4204 89.8549 95.2194 87.8149 68.2139 7.4058 0.3366 65.8655 82.0509 99.1105 70.6157 13.5302 474.0162 521.1159 521.1159 458.3513 90.9701 292.7163 175.5828 207.63 222.3428 449.6075 192.9057 440.8488 265.4747 119.7329 1.6001 115.3399 238.7669 454.2909;
	3.4687 46.8698 90.2816 89.5834 14.4067 26.1599 17.154 18.4471 22.2952 28.6909 53.0348 79.1174 119.1109 57.39 194.8461 73.4071 91.0792 96.5168 86.8858 69.2985 5.718 61.0397 69.5459 85.0961 103.5147 72.2181 13.5271 526.6649 538.0331 538.0331 434.0932 48.5547 289.6192 178.3744 179.9253 229.5608 506.6894 168.8197 447.2144 277.2714 119.8017 290.2 85.7037 259.1422 511.9675;
	3.4185 46.1911 92.2147 64.5195 14.1571 32.7598 16.3617 18.4762 27.9369 27.6373 51.0871 76.212 114.7367 63.2564 194.6359 73.3279 90.981 96.4127 88.9275 68.7501 5.4539 76.4396 68.9652 84.32 104.474 72.9868 13.7036 583.5866 629.9108 629.9108 488.3827 30.7867 296.425 176.963 198.3174 268.7619 608.6361 121.6275 201.1614 279.841 120.423 363.4158 120.0573 260.9737 614.976;
	3.8417 51.9094 91.2764 64.1886 14.336 33.6665 30.4797 18.7825 27.547 13.3875 24.7465 36.9169 55.5783 67.5112 185.8237 70.008 86.8618 92.0476 81.8252 69.1281 10.1599 78.5552 48.7109 87.1533 105.901 72.9681 13.5424 659.6401 637.5917 637.5917 436.5001 29.787 272.7506 177.936 211.6567 272.0391 770.1049 86.676 427.1398 283.6635 120.4457 373.4738 123.4331 262.9906 778.1269;
