function loadprofile = ex_load_profilesh1
%EX_LOAD_PROFILE  Example load profile data file for stochastic unit commitment.
% 2022.03.12
% Andres F. Ramirez

%% define constants
[CT_LABEL, CT_PROB, CT_TABLE, CT_TBUS, CT_TGEN, CT_TBRCH, CT_TAREABUS, ...
    CT_TAREAGEN, CT_TAREABRCH, CT_ROW, CT_COL, CT_CHGTYPE, CT_REP, ...
    CT_REL, CT_ADD, CT_NEWVAL, CT_TLOAD, CT_TAREALOAD, CT_LOAD_ALL_PQ, ...
    CT_LOAD_FIX_PQ, CT_LOAD_DIS_PQ, CT_LOAD_ALL_P, CT_LOAD_FIX_P, ...
    CT_LOAD_DIS_P, CT_TGENCOST, CT_TAREAGENCOST, CT_MODCOST_F, ...
    CT_MODCOST_X] = idx_ct;

loadprofile = struct( ...
    'type', 'mpcData', ...
    'table', CT_TAREALOAD, ...
    'rows', [1:11], ...
    'col', CT_LOAD_ALL_P, ...
    'chgtype', 1, ...
    'values', [] );
loadprofile.values(:,1,:) = [
	1452.283 894.5535 1596.0562 490.2767 803.7783 1222.4377 867.5173 263.7425 548.401 4786.547 1836.7873;
	1417.7375 886.0 1566.5674 531.8416 778.7105 1196.7667 835.5944 239.0616 523.9848 4623.4532 1738.1256;
	1446.8344 891.1948 1531.9602 558.1769 764.7093 1186.9169 843.9732 244.7 528.8 4598.1859 1718.9297;
	1469.9491 910.1682 1598.6701 551.7 782.844 1236.4899 863.2215 253.4 522.7623 4587.8368 1667.0352;
	1485.9627 943.3569 1660.0196 537.8608 823.2972 1291.8422 901.9349 255.9268 541.4852 4721.8695 1803.8224;
	1533.1862 989.2 1762.2875 559.7754 867.4731 1359.3 961.5571 284.546 583.0 4842.3153 1890.7301;
	1542.5 970.8255 1802.836 555.1824 902.6965 1402.8537 1004.8699 300.8 611.9638 5051.9353 1931.3541;
	1601.3124 1017.2731 1804.1821 592.6732 940.3 1498.0105 1055.9973 290.7036 638.068 5199.0566 1937.7586;
	1604.8116 1000.1513 1763.8759 587.7327 923.0667 1482.0953 1041.8614 303.0376 643.9948 5226.15 1899.0426;
	1639.1785 1021.1233 1796.7803 589.3111 949.668 1494.7 1053.4866 335.9643 646.2 5349.5113 1919.5369;
	1664.4882 1024.4487 1769.7374 574.3585 926.461 1483.9817 1045.1 328.4 637.896 5422.2322 1815.6464;
	1714.5892 1066.6019 1794.3188 561.9572 893.5779 1468.7087 1042.8275 324.8746 646.0349 5506.4214 1839.1434;
	1665.4744 1046.7426 1755.1613 536.7433 888.5643 1459.84 1037.3269 316.5 651.3708 5441.6327 1870.7016;
	1658.7248 1060.7 1779.1351 540.9294 918.7791 1469.8974 1044.4928 331.5317 665.424 5479.5316 1972.2948;
	1670.8624 1098.7 1913.6233 553.3203 972.7539 1508.7179 1090.184 348.8905 691.3717 5545.8728 2109.9278;
	1690.6236 1107.6129 1872.2157 564.0062 961.2046 1497.7218 1099.0248 344.1591 679.9209 5538.7302 2194.2864;
	1696.5142 1099.0982 1886.0 598.5 971.6332 1530.7027 1145.3439 375.509 694.4439 5625.893 2298.0154;
	1716.1147 1137.1161 1927.5158 616.7 1025.3 1556.2023 1171.8335 373.6255 711.7 5631.9504 2337.8783;
	1751.9743 1147.0 1927.9958 608.7234 995.7545 1530.9256 1144.2 350.0775 704.2727 5621.6319 2293.9689;
	1687.4263 1090.7 1840.1589 593.0 959.0 1468.8784 1088.3798 341.9883 673.0 5451.6685 2221.5573;
	1645.5798 1049.0531 1767.4983 579.1199 909.4 1389.1 1023.4126 326.7905 624.3605 5337.0402 2081.7699;
	1573.7759 999.2884 1700.6204 554.3228 825.0 1256.987 936.4687 285.081 573.8 4991.0665 1819.0786;
	1526.8133 943.6 1633.7412 560.7 776.9209 1148.1933 885.476 253.8 507.7 4648.4857 1592.649;
	1468.302 892.9268 1543.8121 562.4518 729.4915 1074.5858 811.2618 238.7 480.4706 4434.4288 1376.3919;
];
