function windprofile = ex_wind_profilesh1
%EX_WIND_PROFILE_D  Example wind_load_nyiso profile data for deterministic unit commitment.
% 2022.03.12
% Andres F. Ramirez


%% define constants
[GEN_BUS, PG, QG, QMAX, QMIN, VG, MBASE, GEN_STATUS, PMAX, PMIN, ...
    MU_PMAX, MU_PMIN, MU_QMAX, MU_QMIN, PC1, PC2, QC1MIN, QC1MAX, ...
    QC2MIN, QC2MAX, RAMP_AGC, RAMP_10, RAMP_30, RAMP_Q, APF] = idx_gen;
[CT_LABEL, CT_PROB, CT_TABLE, CT_TBUS, CT_TGEN, CT_TBRCH, CT_TAREABUS, ...
    CT_TAREAGEN, CT_TAREABRCH, CT_ROW, CT_COL, CT_CHGTYPE, CT_REP, ...
    CT_REL, CT_ADD, CT_NEWVAL, CT_TLOAD, CT_TAREALOAD, CT_LOAD_ALL_PQ, ...
    CT_LOAD_FIX_PQ, CT_LOAD_DIS_PQ, CT_LOAD_ALL_P, CT_LOAD_FIX_P, ...
    CT_LOAD_DIS_P, CT_TGENCOST, CT_TAREAGENCOST, CT_MODCOST_F, ...
    CT_MODCOST_X] = idx_ct;

windprofile = struct( ...
    'type', 'mpcData', ...
    'table', CT_TGEN, ...
    'rows', [1:45], ...
    'col', PMAX, ...
    'chgtype', 1, ...
    'values', [] );
windprofile.values(:,1,:) = [
	3.7574 50.7701 80.4449 112.0392 14.9208 35.9325 30.8719 7.3506 26.8754 12.4734 23.0569 34.3964 51.7835 43.5141 167.2818 63.0224 78.1945 82.8628 87.9299 69.3324 10.2906 83.8426 31.8769 36.8112 47.5131 26.2784 4.8769 1246.7242 825.8043 825.8043 653.9907 87.0851 293.0996 178.4617 136.4225 352.3432 1235.9061 209.9873 435.575 127.2673 117.7715 398.6117 210.7239 104.1578 1248.7801;
	3.2386 43.7602 79.8795 46.3072 15.0924 31.0748 30.3343 7.5822 8.7833 11.4472 21.1599 31.5665 47.5231 38.8064 173.7304 65.4519 81.2089 86.0572 89.6659 70.1326 10.1114 72.5078 24.6819 35.156 40.4189 25.2316 5.1729 1279.9532 843.314 843.314 726.5331 76.5551 298.8864 180.5216 121.6633 359.814 1294.054 207.8374 453.7277 108.2648 118.1035 344.7229 213.4845 94.3395 1307.5338;
	2.978 40.2392 88.2226 46.7581 14.6467 25.8825 30.5433 6.9776 8.6609 11.2433 20.7832 31.0044 46.6769 38.4244 186.1426 70.1282 87.0109 92.2055 89.4533 63.7244 10.1811 60.3926 23.4761 36.3274 38.0578 27.4786 5.8116 1295.194 845.1788 845.1788 761.8158 94.7675 298.1776 164.0267 120.4657 360.6096 1297.2956 212.2597 448.9615 101.9405 36.8747 287.1235 205.6124 128.3124 1310.8091;
	3.1473 42.527 82.3428 4.1705 14.4019 14.5284 31.2356 5.5998 10.2479 4.2462 7.8491 11.7093 17.6283 26.7896 186.477 70.2541 87.1672 92.3712 83.2533 66.5716 10.4119 33.8996 20.4996 30.5052 31.4696 24.3551 2.9031 1341.1144 853.2932 853.2932 805.8936 104.9022 277.5109 171.3554 83.9889 364.0718 1325.6858 242.9524 446.8712 84.2936 36.7196 161.1684 196.9247 101.1541 1339.495;
	3.6006 48.6521 81.4611 34.5599 14.3285 21.546 30.6342 7.1844 9.8579 8.5145 15.7389 23.4794 35.3481 31.7799 146.2462 55.0974 68.3616 72.4429 84.1707 63.6388 10.2114 50.2739 0.4601 19.4147 34.0329 60.9831 4.7597 1295.5347 854.4054 854.4054 817.2442 109.9552 280.569 163.8064 99.6342 364.5463 1320.5182 254.0008 453.6858 91.1597 39.1001 239.0167 188.7224 188.3536 1334.2736;
	3.3965 45.8948 93.4988 107.5019 14.7112 32.2984 31.4043 7.5659 9.1796 10.1919 18.8395 28.1049 42.3117 30.9098 160.1481 60.3348 74.8599 79.3292 88.5207 59.0713 10.4681 75.3628 1.6027 30.1277 51.7595 64.2186 5.1793 1241.8744 848.7762 848.7762 807.433 120.375 295.0691 152.0497 96.9065 362.1445 1318.1188 261.469 451.6823 138.6416 70.2503 358.2964 184.5196 239.6553 1331.8492;
	2.8483 38.4863 93.9772 116.7169 14.5399 33.4679 31.2163 12.221 4.1236 9.4422 17.4538 26.0377 39.1996 40.2212 182.3205 68.6882 85.2242 90.3122 81.9262 65.4263 10.4054 78.0918 19.674 52.2016 100.4006 75.2394 11.6489 1162.6703 850.2836 850.2836 786.3901 120.696 273.0874 168.4073 126.0988 362.7877 1330.7854 303.7495 443.6027 268.9302 104.8106 371.2709 194.3158 274.0377 1344.6478;
	2.1642 29.243 91.0895 106.8252 14.3038 29.8015 30.2743 18.5932 0.0 0.0 0.0 0.0 0.0 62.2568 175.4828 66.1121 82.028 86.9252 80.838 44.6121 10.0914 69.5368 0.0 51.3369 102.0012 73.5184 13.4664 1045.754 805.2306 805.2306 778.3036 118.3239 269.4601 114.8316 195.1834 343.5651 1287.167 314.946 437.1231 273.2175 115.8546 330.5979 186.4648 272.2914 1300.5749;
	3.528 47.6704 90.3718 109.7201 14.631 33.1347 29.5155 17.8829 3.9541 8.7568 16.1869 24.1477 36.3542 61.5362 187.6249 70.6866 87.7037 92.9398 47.2222 58.6862 9.8385 77.3143 1.3252 85.5141 101.1893 72.9229 13.1815 784.8165 847.182 847.182 764.5023 117.2204 157.4075 151.0586 192.9243 361.4643 1243.9727 295.7866 447.0975 271.0429 115.8889 367.5741 212.4125 267.6168 1256.9307;
	3.6909 49.8727 90.2764 112.6502 14.8552 33.7348 29.7034 17.6832 17.6118 9.2116 17.0275 25.4017 38.2421 53.995 185.8547 70.0197 86.8763 92.0629 51.6057 52.9541 9.9011 78.7145 22.6861 87.9839 100.2452 71.6631 13.0308 589.7398 852.0411 852.0411 758.7956 114.0087 172.019 136.3039 169.2815 363.5376 1130.6524 269.1739 436.6342 268.5139 114.0361 374.2314 210.976 269.6536 1142.43;
	3.8007 51.3564 92.8297 114.7806 15.2629 34.4106 30.2823 17.8398 25.8874 17.3413 32.0552 47.8201 71.9928 66.937 192.766 72.6235 90.1069 95.4864 38.5997 64.8557 10.0941 80.2914 29.3245 86.0207 99.9688 72.5825 13.3205 385.4055 805.3342 805.3342 764.1508 104.4789 128.6656 166.9388 209.8565 343.6093 894.0669 264.7083 442.9248 267.7734 119.3989 381.7282 213.792 265.5904 903.3801;
	3.0061 40.6185 88.8724 111.4978 14.9755 31.3288 28.9793 17.4768 26.22 19.1759 35.4464 52.8791 79.6092 64.3509 184.6953 69.5829 86.3343 91.4886 44.7054 56.6242 9.6598 73.1005 35.2901 82.4592 96.0197 73.9833 12.8616 280.0328 781.077 781.077 717.4465 108.3232 149.0179 145.751 201.7488 333.2595 758.4292 240.1627 437.6617 257.1957 119.0055 347.5407 199.1843 262.8272 766.3295;
	1.6852 22.7707 87.3426 111.2133 14.8579 19.7009 25.7909 18.1088 26.0727 27.0675 50.0339 74.6408 112.3713 65.9145 184.5437 69.5258 86.2634 91.4135 89.3587 59.3166 8.597 45.9687 59.4821 82.8401 97.0522 72.5683 13.6197 297.037 718.203 718.203 656.4557 105.9902 297.8622 152.6811 206.6508 306.4333 658.0509 221.0928 427.7711 259.9612 120.1494 218.5482 184.6493 262.5224 664.9055;
	1.6748 22.6307 86.4827 107.9279 14.2428 10.8727 24.2746 17.6509 25.7759 29.5366 54.5979 81.4493 122.6214 62.709 182.6066 68.796 85.358 90.454 86.3894 58.8657 8.0915 25.3697 73.1357 82.1555 95.5751 73.0063 13.4449 263.6795 607.4235 607.4235 613.573 101.8051 287.9646 151.5205 196.6013 259.1674 447.8009 208.8195 425.8957 256.0047 120.6619 120.615 140.5768 257.7553 452.4655;
	1.5386 20.7905 86.6165 108.9172 11.9328 0.0 20.8214 18.2119 25.1053 28.9588 53.5299 79.8561 120.2229 64.8867 190.4196 71.7395 89.0101 94.3241 88.1811 69.5302 6.9405 0.0 74.3491 83.1915 96.6684 73.5689 13.9149 401.4585 460.2103 460.2103 429.8462 90.8182 293.937 178.9709 203.4285 196.3564 376.9419 185.3826 434.6405 258.9332 121.7891 0.0 112.3617 240.4891 380.8683;
	2.727 36.8472 87.9106 80.0387 13.849 24.9197 16.0738 18.5093 16.511 26.7209 49.3931 73.6848 110.9321 61.1119 189.6081 71.4338 88.6308 93.9222 86.7732 69.4921 5.3579 58.146 70.7048 85.528 97.5592 75.3296 13.7854 405.8504 493.1037 493.1037 406.8236 51.2612 289.244 178.8728 191.5941 210.3909 415.6072 166.1599 447.8565 261.3192 121.3416 276.4425 81.7609 263.8739 419.9364;
	3.02 40.8072 89.1467 64.3267 14.1765 32.5875 14.8939 18.5113 25.7984 26.1114 48.2665 72.0041 108.4018 64.0595 183.7242 69.217 85.8804 91.0076 87.5827 68.0301 4.9646 76.0374 71.2891 85.4721 101.8322 74.6764 13.723 560.6547 595.8337 595.8337 455.3121 32.2609 291.9424 175.1097 200.8351 254.2224 572.8024 126.6204 169.858 272.7647 121.5999 361.5036 105.7294 260.8273 578.7691;
	3.6326 49.0839 90.8984 65.1362 14.4046 32.9485 28.2007 19.1137 25.006 13.0542 24.1304 35.9978 54.1946 67.3667 178.3345 67.1865 83.361 88.3378 73.4816 68.6056 9.4002 76.8799 52.1739 87.3972 105.5019 75.5153 13.978 634.1991 630.9048 630.9048 408.9537 28.608 244.9388 176.5911 211.2036 269.186 737.7997 84.7886 390.0838 282.5944 123.6986 365.509 117.0724 269.7121 745.4851;
