function windprofile = ex_wind_profilesh1
%EX_WIND_PROFILE_D  Example wind_load_nyiso profile data for deterministic unit commitment.
% 2022.03.12
% Andres F. Ramirez


%% define constants
[GEN_BUS, PG, QG, QMAX, QMIN, VG, MBASE, GEN_STATUS, PMAX, PMIN, ...
    MU_PMAX, MU_PMIN, MU_QMAX, MU_QMIN, PC1, PC2, QC1MIN, QC1MAX, ...
    QC2MIN, QC2MAX, RAMP_AGC, RAMP_10, RAMP_30, RAMP_Q, APF] = idx_gen;
[CT_LABEL, CT_PROB, CT_TABLE, CT_TBUS, CT_TGEN, CT_TBRCH, CT_TAREABUS, ...
    CT_TAREAGEN, CT_TAREABRCH, CT_ROW, CT_COL, CT_CHGTYPE, CT_REP, ...
    CT_REL, CT_ADD, CT_NEWVAL, CT_TLOAD, CT_TAREALOAD, CT_LOAD_ALL_PQ, ...
    CT_LOAD_FIX_PQ, CT_LOAD_DIS_PQ, CT_LOAD_ALL_P, CT_LOAD_FIX_P, ...
    CT_LOAD_DIS_P, CT_TGENCOST, CT_TAREAGENCOST, CT_MODCOST_F, ...
    CT_MODCOST_X] = idx_ct;

windprofile = struct( ...
    'type', 'mpcData', ...
    'table', CT_TGEN, ...
    'rows', [1:45], ...
    'col', PMAX, ...
    'chgtype', 1, ...
    'values', [] );
windprofile.values(:,1,:) = [
	3.9303 53.1069 88.6327 116.5879 15.4076 35.4205 31.0213 7.8595 27.5478 2.5753 4.7604 7.1016 10.6915 41.1037 160.5695 60.4936 75.0569 79.5379 84.6018 65.629 10.3404 82.6478 3.3837 41.8015 55.393 30.4997 5.0002 1232.9488 821.9144 821.9144 648.7473 87.4368 282.0059 168.9291 128.8656 350.6835 1231.9223 201.0164 451.1973 148.3741 118.7269 392.9314 216.1401 127.9433 1244.7548;
	3.1159 42.1029 75.4801 41.9698 15.2563 25.717 30.5143 7.8197 8.9566 0.693 1.2809 1.9109 2.8768 37.8924 159.0214 59.9104 74.3333 78.7711 83.317 67.9325 10.1714 60.0064 0.0 37.2617 45.9223 29.7198 5.3693 1258.3348 822.8717 822.8717 714.5489 76.3385 277.7234 174.8584 118.7978 351.0919 1278.0625 195.5797 450.6368 123.0062 114.7032 285.2877 204.3033 109.0096 1291.3756;
	3.2353 43.7158 87.1827 43.912 15.3297 22.7814 31.161 7.1329 8.7322 7.7851 14.3906 21.4679 32.3199 37.6922 181.6716 68.4437 84.9209 89.9908 84.9994 59.2596 10.387 53.1567 0.0205 37.3406 39.604 28.4563 6.071 1254.0122 842.9761 842.9761 743.244 86.0412 283.3314 152.5343 118.1702 359.6698 1280.4579 201.258 439.774 106.0821 32.3356 252.7219 213.4063 140.6394 1293.796;
	3.6083 48.7561 85.3535 49.5555 15.1479 14.2598 31.5631 7.3795 10.3153 10.8042 19.9714 29.7935 44.8539 28.6436 186.3421 70.2033 87.1041 92.3043 84.7223 59.5926 10.521 33.2728 19.2243 34.7597 38.3914 31.4043 5.5685 1265.9276 846.2245 846.2245 766.7292 96.0925 282.4078 153.3915 89.8014 361.0558 1285.7271 232.0179 444.6983 102.8341 37.5847 158.1882 209.7341 125.6811 1299.1201;
	3.7999 51.3445 82.603 42.95 14.9033 22.3511 31.5664 7.1912 10.6326 10.2156 18.8834 28.1703 42.4103 33.234 164.4939 61.9721 76.8913 81.4818 84.3769 62.7528 10.5221 52.1526 0.2704 25.1594 41.0081 61.2014 5.3797 1246.5454 834.6926 834.6926 777.3715 98.0159 281.2564 161.5259 104.193 356.1355 1281.3044 224.5069 457.3926 109.843 37.7083 247.9482 211.2344 199.9001 1294.6513;
	3.8408 51.8981 93.9301 115.0267 15.2104 34.1084 31.8065 7.1971 11.0359 10.6697 19.7229 29.4226 44.2956 29.0247 179.0063 67.4396 83.675 88.6705 88.6565 60.2092 10.6022 79.5864 0.1708 31.8834 56.4414 67.3458 5.0657 1196.4792 808.3881 808.3881 785.4831 109.6618 295.5218 154.9787 90.9965 344.9123 1234.2645 234.7159 466.5929 151.1822 72.6546 378.3764 213.4264 243.4652 1247.1214;
	3.9554 53.4457 91.5502 118.2931 15.176 35.1492 32.2059 10.985 11.4363 9.8037 18.122 27.0344 40.7002 39.0687 186.4943 70.2606 87.1752 92.3797 69.9736 65.5903 10.7353 82.0147 20.9032 52.4622 103.0283 74.4491 10.6075 1181.5073 816.8883 816.8883 772.9539 110.3384 233.2454 168.8295 122.4858 348.539 1273.2239 276.8848 466.2148 275.9686 113.2563 389.9213 213.6185 275.087 1286.4867;
	3.9234 53.0137 90.8218 118.2416 15.1904 34.8125 31.9537 18.5297 12.2576 10.0295 18.5393 27.657 41.6375 64.4154 186.1984 70.1492 87.0369 92.2332 76.4339 48.0536 10.6512 81.2292 22.4388 59.8489 105.5334 74.338 13.6212 1039.2223 778.2571 778.2571 758.0948 114.9457 254.7795 123.69 201.951 332.0564 1200.5752 309.9193 461.6187 282.6786 120.9613 386.1871 209.797 279.9082 1213.0812;
	3.9258 53.0466 91.5141 112.9946 15.13 34.2778 31.8736 17.9411 10.5572 11.4749 21.2112 31.6429 47.6382 65.7643 187.8188 70.7596 87.7944 93.0358 41.9232 54.7131 10.6245 79.9815 20.2373 87.2079 102.4298 71.1312 13.5626 809.7728 806.8686 806.8686 769.2312 111.3834 139.7439 140.8316 206.18 344.2639 1183.1619 312.498 458.3678 274.3654 117.8092 380.2549 215.2588 265.0584 1195.4865;
	3.9258 53.0463 89.7705 112.8995 14.9922 33.7843 31.9228 18.274 21.1958 11.071 20.4646 30.5292 45.9615 62.8753 158.1088 59.5666 73.9067 78.319 52.0721 39.2355 10.6409 78.8301 21.0823 87.2361 99.8403 71.1097 13.8222 652.1199 815.2117 815.2117 766.9796 107.4022 173.5737 100.9922 197.1226 347.8237 1086.3723 270.2485 465.3926 267.4294 118.1783 374.7808 215.1407 264.4699 1097.6887;
	3.9138 52.884 88.5847 113.039 14.6048 33.614 31.6741 17.522 27.9535 18.0376 33.3422 49.74 74.8833 68.3693 190.3416 71.7101 88.9736 94.2855 38.568 48.9676 10.558 78.4326 29.6957 83.4933 97.1711 69.9173 13.3225 460.2638 802.3294 802.3294 756.6437 96.5317 128.56 126.0426 214.347 342.3272 928.9395 270.1185 460.2058 260.2796 120.2309 372.8911 209.5606 249.3549 938.6159;
	3.5467 47.9238 88.3672 112.0833 14.4729 31.8808 30.3998 17.413 27.5029 19.0438 35.2021 52.5146 79.0605 65.6955 177.1207 66.7292 82.7936 87.7366 48.8564 46.0422 10.1333 74.3886 31.9613 82.4892 94.9572 72.0054 12.8937 350.3551 775.8626 775.8626 702.9215 98.1979 162.8548 118.5127 205.9642 331.0347 761.1543 240.7407 461.5106 254.3497 118.494 353.6647 199.1843 258.5964 769.083;
	2.1523 29.0824 87.28 111.3801 14.1632 20.8686 26.0406 18.0533 27.6509 27.7851 51.3604 76.6196 115.3504 65.2575 163.5904 61.6317 76.469 81.0343 88.9684 56.3058 8.6802 48.6933 61.2699 82.5739 96.1565 72.028 13.66 307.214 727.7005 727.7005 595.6147 95.6364 296.5613 144.9312 204.5912 310.4855 658.9565 216.1475 453.6464 257.5619 118.6992 231.5018 172.7386 261.9501 665.8207;
	2.3878 32.2651 88.1615 111.9906 14.5251 12.9424 25.5261 17.9096 27.0295 30.0867 55.6149 82.9664 124.9055 63.4187 183.9372 69.2973 85.9799 91.1131 88.0553 65.4465 8.5087 30.1989 72.689 84.6046 100.0638 72.8114 13.616 312.5507 641.9212 641.9212 552.4869 99.2887 293.5176 168.4593 198.8261 273.8864 498.6363 186.3822 451.2836 268.0281 120.5071 143.574 144.8567 261.0872 503.8305;
	2.432 32.8622 93.2974 117.4122 13.6309 16.3762 21.5134 18.4737 26.5235 28.4794 52.6437 78.5341 118.2327 63.8254 186.9929 70.4485 87.4083 92.6267 85.8868 70.0529 7.1711 38.2112 72.2092 89.2236 105.5769 73.1808 13.9356 471.0405 522.6608 522.6608 430.7878 91.5069 286.2892 180.3162 200.1014 223.002 450.3561 182.9587 441.23 282.7953 121.4698 181.6671 127.8103 258.9763 455.0473;
	3.5642 48.1602 92.7583 94.0229 14.9732 28.622 16.2804 18.9201 23.5584 28.6283 52.919 78.9448 118.8509 57.1336 191.0025 71.9591 89.2825 94.6128 88.8943 69.8116 5.4268 66.7846 70.6537 89.0598 104.9099 74.2052 13.9689 487.2689 542.0232 542.0232 419.2943 52.6221 296.3142 179.6951 179.1215 231.2632 508.8145 166.311 460.6728 281.0086 123.3614 317.513 94.4594 269.2185 514.1146;
	3.4114 46.0959 94.093 70.7837 15.2272 33.5132 12.3877 19.0262 26.588 27.2815 50.4295 75.2309 113.2597 52.7751 184.71 69.5884 86.3412 91.4959 84.5691 68.4567 4.1292 78.1975 70.1146 89.8043 105.6786 74.9155 14.0106 573.4902 606.8029 606.8029 459.7016 34.7173 281.8969 176.2077 165.457 258.9026 597.7177 130.0279 175.6293 283.0678 123.4596 371.7731 121.1478 268.6057 603.9439;
	3.7818 51.1009 92.7406 69.0944 15.0903 32.5263 24.3003 19.0259 26.0224 13.0981 24.2117 36.119 54.377 56.8985 171.3075 64.5391 80.0763 84.8569 69.6167 69.0328 8.1001 75.8948 49.7986 89.6954 105.7957 75.0089 13.9191 621.6132 617.9104 617.9104 414.8543 31.6512 232.0558 177.6907 178.3845 263.6418 772.2757 90.732 376.1045 283.3813 124.0733 360.8254 125.2608 260.9707 780.3202;
