function solarprofile = ex_solar_profilesh1
%EX_WIND_PROFILE_D  Example wind_load_nyiso profile data for deterministic unit commitment.
% 2022.03.12
% Andres F. Ramirez


%% define constants
[GEN_BUS, PG, QG, QMAX, QMIN, VG, MBASE, GEN_STATUS, PMAX, PMIN, ...
    MU_PMAX, MU_PMIN, MU_QMAX, MU_QMIN, PC1, PC2, QC1MIN, QC1MAX, ...
    QC2MIN, QC2MAX, RAMP_AGC, RAMP_10, RAMP_30, RAMP_Q, APF] = idx_gen;
[CT_LABEL, CT_PROB, CT_TABLE, CT_TBUS, CT_TGEN, CT_TBRCH, CT_TAREABUS, ...
    CT_TAREAGEN, CT_TAREABRCH, CT_ROW, CT_COL, CT_CHGTYPE, CT_REP, ...
    CT_REL, CT_ADD, CT_NEWVAL, CT_TLOAD, CT_TAREALOAD, CT_LOAD_ALL_PQ, ...
    CT_LOAD_FIX_PQ, CT_LOAD_DIS_PQ, CT_LOAD_ALL_P, CT_LOAD_FIX_P, ...
    CT_LOAD_DIS_P, CT_TGENCOST, CT_TAREAGENCOST, CT_MODCOST_F, ...
    CT_MODCOST_X] = idx_ct;

solarprofile = struct( ...
    'type', 'mpcData', ...
    'table', CT_TGEN, ...
    'rows', [1:12], ...
    'col', PMAX, ...
    'chgtype', 1, ...
    'values', [] );
solarprofile.values(:,1,:) = [
	0.0 0.0 0.0 0.0 0.0 0.0 0.0 0.0 0.0 0.0 0.0 0.0;
	0.0 0.0 0.0 0.0 0.0 0.0 0.0 0.0 0.0 0.0 0.0 0.0;
	0.0 0.0 0.0 0.0 0.0 0.0 0.0 0.0 0.0 0.0 0.0 0.0;
	0.0 0.0 0.0 0.0 0.0 0.0 0.0 0.0 0.0 0.0 0.0 0.0;
	0.0 0.0 0.0 0.0 0.0 0.0 0.0 0.0 0.0 0.0 0.0 0.0;
	0.0071 0.0 0.0121 0.0 0.0 0.0 0.0 0.0 0.0 0.0 0.0 0.0;
	0.4982 0.6995 0.2744 1.9984 2.8591 7.1543 0.8943 0.0 48.1547 12.0141 6.0464 21.7575;
	0.3875 0.6335 0.559 1.6706 2.2674 3.3265 0.4158 0.4095 27.1411 31.9425 15.6055 57.848;
	0.4233 0.7293 0.8478 1.9444 2.2267 0.0 0.0 2.5684 22.3455 57.0474 27.5571 103.3131;
	0.718 0.6437 0.9871 1.6165 3.9107 0.0 0.0 10.5325 53.675 52.8605 29.5482 95.7306;
	0.7407 0.6031 0.6911 2.1314 5.7652 0.0 0.0 15.4354 82.5967 62.0016 26.5686 112.2852;
	0.7007 0.614 0.4423 2.9269 5.7252 0.0 0.0 17.1455 86.9248 59.5396 28.4955 107.8266;
	1.0912 0.8733 0.4239 4.1104 2.7788 42.5902 5.3238 31.3835 45.3976 59.3714 52.3018 107.522;
	0.7258 0.6178 0.1839 3.2202 1.9114 40.069 5.0086 26.3606 28.4797 57.931 46.91 104.9134;
	0.1093 0.1066 0.0 2.0291 2.1947 38.1724 4.7716 24.5638 22.3945 56.3682 34.1465 102.0832;
	0.0 0.0 0.0 0.729 3.4215 44.6687 5.5836 22.1146 28.9322 53.7879 11.6613 97.4102;
	0.2415 0.2168 0.1471 0.435 1.1893 37.7135 4.7142 8.9266 27.5564 24.6643 9.0204 44.6671;
	0.0 0.0 0.0 0.0 0.0 0.0 0.0 0.0 0.0 0.0 0.0 0.0;
	0.0 0.0 0.0 0.0 0.0 0.0 0.0 0.0 0.0 0.0 0.0 0.0;
	0.0 0.0 0.0 0.0 0.0 0.0 0.0 0.0 0.0 0.0 0.0 0.0;
	0.0 0.0 0.0 0.0 0.0 0.0 0.0 0.0 0.0 0.0 0.0 0.0;
	0.0 0.0 0.0 0.0 0.0 0.0 0.0 0.0 0.0 0.0 0.0 0.0;
	0.0 0.0 0.0 0.0 0.0 0.0 0.0 0.0 0.0 0.0 0.0 0.0;
	0.0 0.0 0.0 0.0 0.0 0.0 0.0 0.0 0.0 0.0 0.0 0.0;
];
