function solarprofile = ex_solar_profilesh1
%EX_WIND_PROFILE_D  Example wind_load_nyiso profile data for deterministic unit commitment.
% 2022.03.12
% Andres F. Ramirez


%% define constants
[GEN_BUS, PG, QG, QMAX, QMIN, VG, MBASE, GEN_STATUS, PMAX, PMIN, ...
    MU_PMAX, MU_PMIN, MU_QMAX, MU_QMIN, PC1, PC2, QC1MIN, QC1MAX, ...
    QC2MIN, QC2MAX, RAMP_AGC, RAMP_10, RAMP_30, RAMP_Q, APF] = idx_gen;
[CT_LABEL, CT_PROB, CT_TABLE, CT_TBUS, CT_TGEN, CT_TBRCH, CT_TAREABUS, ...
    CT_TAREAGEN, CT_TAREABRCH, CT_ROW, CT_COL, CT_CHGTYPE, CT_REP, ...
    CT_REL, CT_ADD, CT_NEWVAL, CT_TLOAD, CT_TAREALOAD, CT_LOAD_ALL_PQ, ...
    CT_LOAD_FIX_PQ, CT_LOAD_DIS_PQ, CT_LOAD_ALL_P, CT_LOAD_FIX_P, ...
    CT_LOAD_DIS_P, CT_TGENCOST, CT_TAREAGENCOST, CT_MODCOST_F, ...
    CT_MODCOST_X] = idx_ct;

solarprofile = struct( ...
    'type', 'mpcData', ...
    'table', CT_TGEN, ...
    'rows', [1:12], ...
    'col', PMAX, ...
    'chgtype', 1, ...
    'values', [] );
solarprofile.values(:,1,:) = [
	0.0 0.0 0.0 0.0 0.0 0.0 0.0 0.0 0.0 0.0 0.0 0.0;
	0.0 0.0 0.0 0.0 0.0 0.0 0.0 0.0 0.0 0.0 0.0 0.0;
	0.0 0.0 0.0 0.0 0.0 0.0 0.0 0.0 0.0 0.0 0.0 0.0;
	0.0 0.0 0.0 0.0 0.0 0.0 0.0 0.0 0.0 0.0 0.0 0.0;
	0.0 0.0 0.0 0.0 0.0 0.0 0.0 0.0 0.0 0.0 0.0 0.0;
	0.0 0.0 0.0 0.0 0.0 0.0 0.0 0.0 0.0 0.0 0.0 0.0;
	0.4372 0.2124 0.3419 0.0 3.8405 10.425 1.3031 0.4503 13.2673 15.6878 9.6643 28.4107;
	0.7721 0.7632 0.9228 0.7783 8.6393 100.1436 12.5179 5.0386 61.338 168.4912 56.4308 305.1386;
	1.2585 1.2272 1.2766 1.9766 10.7197 131.0792 16.3849 8.139 82.2894 202.6715 80.26 367.0393;
	4.8464 2.3335 3.2536 3.0176 11.0537 88.6618 11.0827 7.6701 101.8157 62.6116 48.0384 113.39;
	7.7699 2.6134 3.6403 2.1073 10.4606 75.6447 9.4556 8.6845 109.4466 59.7299 49.6297 108.1711;
	5.533 2.616 3.1209 1.7209 9.6182 57.9636 7.2454 12.0228 112.6205 50.2698 46.6395 91.0389;
	3.4713 2.8755 2.4866 2.5432 5.842 52.4239 6.553 35.3178 108.3601 60.5884 47.3038 109.726;
	2.4087 2.2059 1.7349 2.622 4.6447 33.7983 4.2248 27.6892 82.0712 60.1246 31.6827 108.886;
	1.8395 1.1723 0.9942 2.1147 3.4942 21.3585 2.6698 17.1918 43.4137 49.0825 18.1731 88.8887;
	1.6731 0.6819 0.6597 0.5321 1.015 7.1059 0.8882 2.3756 7.3208 36.1797 11.3051 65.5217;
	0.2861 0.2375 0.1521 0.3793 0.6056 30.5421 3.8178 7.0033 22.4098 21.5922 9.1302 39.1036;
	0.0 0.0 0.0 0.0 0.0 0.0 0.0 0.0 0.0 0.0 0.0 0.0;
	0.0 0.0 0.0 0.0 0.0 0.0 0.0 0.0 0.0 0.0 0.0 0.0;
	0.0 0.0 0.0 0.0 0.0 0.0 0.0 0.0 0.0 0.0 0.0 0.0;
	0.0 0.0 0.0 0.0 0.0 0.0 0.0 0.0 0.0 0.0 0.0 0.0;
	0.0 0.0 0.0 0.0 0.0 0.0 0.0 0.0 0.0 0.0 0.0 0.0;
	0.0 0.0 0.0 0.0 0.0 0.0 0.0 0.0 0.0 0.0 0.0 0.0;
	0.0 0.0 0.0 0.0 0.0 0.0 0.0 0.0 0.0 0.0 0.0 0.0;
];
