function windprofile = ex_wind_profilesh1
%EX_WIND_PROFILE_D  Example wind_load_nyiso profile data for deterministic unit commitment.
% 2022.03.12
% Andres F. Ramirez


%% define constants
[GEN_BUS, PG, QG, QMAX, QMIN, VG, MBASE, GEN_STATUS, PMAX, PMIN, ...
    MU_PMAX, MU_PMIN, MU_QMAX, MU_QMIN, PC1, PC2, QC1MIN, QC1MAX, ...
    QC2MIN, QC2MAX, RAMP_AGC, RAMP_10, RAMP_30, RAMP_Q, APF] = idx_gen;
[CT_LABEL, CT_PROB, CT_TABLE, CT_TBUS, CT_TGEN, CT_TBRCH, CT_TAREABUS, ...
    CT_TAREAGEN, CT_TAREABRCH, CT_ROW, CT_COL, CT_CHGTYPE, CT_REP, ...
    CT_REL, CT_ADD, CT_NEWVAL, CT_TLOAD, CT_TAREALOAD, CT_LOAD_ALL_PQ, ...
    CT_LOAD_FIX_PQ, CT_LOAD_DIS_PQ, CT_LOAD_ALL_P, CT_LOAD_FIX_P, ...
    CT_LOAD_DIS_P, CT_TGENCOST, CT_TAREAGENCOST, CT_MODCOST_F, ...
    CT_MODCOST_X] = idx_ct;

windprofile = struct( ...
    'type', 'mpcData', ...
    'table', CT_TGEN, ...
    'rows', [1:45], ...
    'col', PMAX, ...
    'chgtype', 1, ...
    'values', [] );
windprofile.values(:,1,:) = [
	3.9194 52.9603 83.5497 113.2467 15.0864 35.4609 32.3873 6.3378 28.2672 11.7626 21.743 32.4363 48.8327 45.2452 185.5925 69.9209 86.7537 91.933 87.451 69.8398 10.7958 82.742 30.6699 35.9956 42.957 19.3191 4.2811 1246.854 821.3333 821.3333 670.1697 90.813 291.5032 179.7678 141.8497 350.4356 1268.8068 226.8561 478.5881 115.0635 111.8698 393.3792 216.7729 119.26 1282.0236;
	3.4279 46.3188 79.3392 43.5017 15.2783 28.084 31.7507 6.7629 10.9584 12.0378 22.2517 33.1952 49.9752 45.039 189.3012 71.3181 88.4873 93.7701 91.0761 71.4996 10.5836 65.5294 25.1894 36.3615 38.3902 20.1917 4.9976 1252.0939 831.0184 831.0184 725.9271 77.6059 303.5871 184.04 141.2033 354.5679 1276.4725 209.8776 478.1159 102.8308 115.3478 311.5453 217.4261 105.5706 1289.7691;
	3.1754 42.906 89.2989 45.9499 15.3847 26.0223 31.6377 6.2155 10.4116 12.5525 23.203 34.6143 52.1117 40.3268 205.9424 77.5876 96.2661 102.0133 92.9151 71.8673 10.5459 60.7187 28.4359 38.8789 34.4452 25.5642 5.0414 1217.892 808.2033 808.2033 722.3078 93.0453 309.7169 184.9867 126.4299 344.8334 1241.7812 212.4077 475.73 92.2639 28.8292 288.6741 218.6091 135.7395 1254.7165;
	3.5693 48.2294 85.2538 47.9787 15.3262 14.0872 31.1071 7.1192 11.7285 12.1227 22.4087 33.4294 50.3278 27.2484 205.4189 77.3904 96.0214 101.754 91.3653 71.227 10.369 32.8702 28.972 38.2146 33.4514 31.7787 5.1944 1205.5502 814.9496 814.9496 716.1827 96.0284 304.5509 183.3384 85.4275 347.7118 1243.5501 232.2062 465.3102 89.602 35.6576 156.2745 218.5603 120.2518 1256.5038;
	3.8512 52.0386 82.8557 41.4565 15.2387 21.4621 30.66 6.7527 11.201 9.5951 17.7364 26.4592 39.8342 29.707 190.0155 71.5872 88.8212 94.1239 91.0314 70.1303 10.22 50.0783 0.8583 29.9555 36.6338 62.0299 4.8647 1187.6018 820.9841 820.9841 754.5664 99.2115 303.438 180.5154 93.1355 350.2865 1248.9452 243.8837 452.8525 98.1263 32.9871 238.0863 213.1641 194.1789 1261.9551;
	3.6836 49.774 90.5319 106.5247 14.5915 32.1003 29.7532 6.6816 10.3564 8.9078 16.4659 24.5639 36.9808 27.532 188.2634 70.9271 88.0022 93.2561 91.2755 62.3892 9.9177 74.9006 0.3596 29.7928 48.6149 64.4415 4.9643 1093.2599 816.2046 816.2046 749.9295 110.5161 304.2515 160.5899 86.3164 348.2473 1176.9795 247.673 439.5596 130.2184 67.5214 356.0989 210.2003 239.5661 1189.2397;
	3.7684 50.919 89.0893 112.5012 14.5018 33.9716 30.9574 9.4456 10.8963 3.2086 5.9311 8.848 13.3206 38.2841 193.2826 72.8181 90.3484 95.7423 84.33 68.3387 10.3191 79.267 5.2763 46.9177 97.2972 72.744 10.2695 1102.1646 827.2987 827.2987 735.7494 113.6106 281.0999 175.904 120.0258 352.9808 1240.815 287.5019 441.8928 260.6175 105.7295 376.8579 214.9364 269.229 1253.7402;
	3.617 48.8735 90.4909 115.6729 14.5271 34.3813 30.3879 18.7061 10.7845 9.1875 16.983 25.3352 38.1421 60.6835 188.0057 70.8301 87.8817 93.1284 80.7492 59.2085 10.1293 80.223 21.2665 56.7015 104.0111 74.7736 13.7063 1001.9535 804.4258 804.4258 737.774 113.2753 269.164 152.403 190.2511 343.2217 1186.5576 304.2886 442.5514 278.6012 118.3054 381.4029 213.1134 271.4584 1198.9175;
	3.6945 49.9206 91.1936 114.1558 14.5821 33.7026 29.9044 17.5672 8.8172 9.9549 18.4015 27.4514 41.3279 62.6773 198.0862 74.6278 92.5938 98.1218 51.1209 65.1438 9.9681 78.6395 4.854 87.0143 104.1804 73.1738 13.2059 784.1938 827.2597 827.2597 726.5456 109.7092 170.4031 167.6804 196.5018 352.9641 1178.977 316.6432 440.7873 279.0547 118.0931 373.8747 215.042 266.0219 1191.258;
	3.7727 50.978 91.2349 116.5355 14.9141 34.2425 30.5985 17.6226 18.3117 11.044 20.4147 30.4547 45.8494 62.0824 192.5807 72.5536 90.0203 95.3946 54.4127 57.8545 10.1995 79.8993 21.7514 87.7731 101.942 72.379 13.1221 621.5656 828.1737 828.1737 704.6553 110.0743 181.3757 148.9176 194.6368 353.3541 1107.89 290.0797 441.0067 273.0589 117.5529 379.8639 216.1019 267.6686 1119.4305;
	3.7268 50.3567 90.6731 116.0115 14.4416 33.6859 29.437 17.5721 27.1076 17.1233 31.6521 47.2187 71.0875 68.0838 198.7375 74.8732 92.8982 98.4444 42.8251 67.7988 9.8123 78.6004 28.079 83.7106 99.4768 74.3835 13.1829 452.8034 761.7212 761.7212 611.2514 97.7043 142.7502 174.5142 213.4519 325.001 921.9165 277.4051 444.9932 266.4557 117.6064 373.6888 211.4105 257.6607 931.5198;
	3.1378 42.3985 90.1077 113.8161 14.3048 31.5313 28.6871 17.9964 26.9908 19.0981 35.3026 52.6645 79.2862 66.5399 192.465 72.5101 89.9662 95.3373 54.4006 64.9002 9.5624 73.5729 29.2279 83.2503 98.0372 74.7004 13.1826 317.0961 743.9935 743.9935 510.1176 99.3829 181.3354 167.0532 208.6116 317.4372 732.8802 245.8631 444.0993 262.5997 117.4363 349.7867 194.5854 261.4957 740.5144;
	2.1066 28.4645 91.0804 111.9669 14.5718 19.9649 24.447 18.7072 27.3376 26.2994 48.614 72.5226 109.1824 66.4337 194.6207 73.3222 90.9739 96.4051 91.843 63.7349 8.149 46.5848 45.0515 83.9988 98.1 74.8554 13.748 317.6194 675.7184 675.7184 472.3901 95.5375 306.1433 164.0538 208.2785 288.3065 634.3703 219.835 431.1254 262.7679 116.3951 221.4773 178.5325 271.1113 640.9783;
	2.1409 28.928 87.6251 110.8933 14.3731 11.1147 23.9731 18.3858 27.0902 29.7276 54.9511 81.9762 123.4147 64.7645 193.666 72.9625 90.5276 95.9322 90.5115 68.3703 7.991 25.9344 69.7828 83.6099 99.0684 73.6137 13.5409 331.1413 591.7427 591.7427 529.0515 92.9993 301.7051 175.9854 203.0454 252.4769 483.9204 205.235 440.3437 265.3618 119.8418 123.2995 134.135 263.4471 488.9612;
	2.1752 29.3919 90.1345 114.48 13.0383 1.2017 21.1801 18.8279 27.4676 29.5618 54.6445 81.5189 122.7262 63.9211 195.2518 73.56 91.2689 96.7177 87.8487 70.0088 7.06 2.804 69.1048 87.1243 102.4994 73.6214 14.0554 493.8438 491.7815 491.7815 386.1034 86.7369 292.8291 180.2029 200.4013 209.8268 423.1868 189.6732 440.6561 274.5521 121.6687 13.331 121.7586 263.3958 427.595;
	3.4455 46.5561 89.6929 84.6283 14.7819 26.201 15.3385 18.8766 23.2816 28.5362 52.7488 78.6908 118.4686 54.344 192.515 72.5289 89.9896 95.3621 88.8346 68.9649 5.1128 61.1356 67.9888 86.8845 102.7484 73.4229 14.0017 521.0717 520.8263 520.8263 402.2728 49.3911 296.1152 177.5158 170.3758 222.2192 466.8072 169.5794 435.8725 275.219 122.9108 290.6559 89.7292 272.0496 471.6698;
	3.4264 46.2977 91.7803 67.3722 14.8402 33.0282 14.3778 19.1332 27.2571 27.4669 50.7722 75.7421 114.0293 62.7224 186.6465 70.318 87.2464 92.4551 86.3219 67.9808 4.7926 77.0659 69.0254 87.0656 105.7366 74.582 13.9613 578.7031 562.7691 562.7691 417.077 32.4323 287.7396 174.9827 196.6431 240.1148 546.0343 123.8377 188.8481 283.2229 121.7463 366.3932 124.7264 271.0429 551.7222;
	3.7857 51.1535 92.6146 66.4044 14.5867 32.6888 28.8521 18.9805 27.583 14.2488 26.3387 39.2921 59.1541 62.8911 184.8537 69.6426 86.4084 91.5671 77.9584 70.4333 9.6174 76.2738 54.0472 88.2451 105.6303 74.3364 13.753 691.758 604.2683 604.2683 378.8027 30.327 259.8613 181.2954 197.1722 257.8211 768.0292 85.0786 436.323 282.9384 122.0796 362.6274 122.7374 266.4168 776.0295;
