function windprofile = ex_wind_profilesh1
%EX_WIND_PROFILE_D  Example wind_load_nyiso profile data for deterministic unit commitment.
% 2022.03.12
% Andres F. Ramirez


%% define constants
[GEN_BUS, PG, QG, QMAX, QMIN, VG, MBASE, GEN_STATUS, PMAX, PMIN, ...
    MU_PMAX, MU_PMIN, MU_QMAX, MU_QMIN, PC1, PC2, QC1MIN, QC1MAX, ...
    QC2MIN, QC2MAX, RAMP_AGC, RAMP_10, RAMP_30, RAMP_Q, APF] = idx_gen;
[CT_LABEL, CT_PROB, CT_TABLE, CT_TBUS, CT_TGEN, CT_TBRCH, CT_TAREABUS, ...
    CT_TAREAGEN, CT_TAREABRCH, CT_ROW, CT_COL, CT_CHGTYPE, CT_REP, ...
    CT_REL, CT_ADD, CT_NEWVAL, CT_TLOAD, CT_TAREALOAD, CT_LOAD_ALL_PQ, ...
    CT_LOAD_FIX_PQ, CT_LOAD_DIS_PQ, CT_LOAD_ALL_P, CT_LOAD_FIX_P, ...
    CT_LOAD_DIS_P, CT_TGENCOST, CT_TAREAGENCOST, CT_MODCOST_F, ...
    CT_MODCOST_X] = idx_ct;

windprofile = struct( ...
    'type', 'mpcData', ...
    'table', CT_TGEN, ...
    'rows', [1:45], ...
    'col', PMAX, ...
    'chgtype', 1, ...
    'values', [] );
windprofile.values(:,1,:) = [
	3.8738 52.3437 85.2253 114.0984 15.2058 34.9379 30.9084 7.8228 26.6351 10.344 19.1208 28.5244 42.9434 38.3101 170.1371 64.0981 79.5292 84.2772 82.1355 67.4184 10.3028 81.5218 2.6456 36.4599 47.9839 26.3932 5.1738 1235.5101 795.3364 795.3364 574.008 70.9099 273.7851 173.5351 120.1073 339.3435 1235.1934 190.2243 462.2623 128.5282 115.4434 387.5779 200.8099 113.0262 1248.06;
	3.4321 46.375 78.2679 42.2116 15.0998 28.0371 30.9121 7.7882 9.3418 11.2182 20.7366 30.935 46.5724 34.8314 178.9958 67.4356 83.6701 88.6654 87.0212 69.1147 10.304 65.42 1.782 30.1569 39.7023 25.4549 5.4637 1316.8125 819.4239 819.4239 657.0214 67.3027 290.0706 177.9015 109.2012 349.6209 1307.4878 184.4473 464.6203 106.3454 118.7596 311.0253 205.2888 101.7186 1321.1075;
	3.3402 45.1332 90.1108 49.7706 14.8367 24.8158 31.5589 7.3258 9.2293 12.1453 22.4504 33.4916 50.4215 35.3222 187.0532 70.4712 87.4365 92.6566 89.8792 61.0365 10.5196 57.9036 1.4266 31.4436 40.8232 28.0835 6.2294 1290.7791 819.7148 819.7148 704.5776 78.9556 299.5974 157.108 110.7399 349.745 1284.4914 192.9281 465.1973 109.3479 37.627 275.2902 209.9722 139.3349 1297.8715;
	3.6318 49.0736 87.6104 53.2002 14.4386 14.9347 32.3463 7.5965 10.9666 10.9836 20.303 30.2881 45.5985 24.1679 192.2566 72.4316 89.8688 95.2341 88.8497 67.0994 10.7821 34.8475 0.0 32.8517 39.7773 30.582 5.659 1291.3758 816.91 816.91 704.926 83.1015 296.1657 172.7142 75.7696 348.5483 1268.0513 217.3923 478.385 106.5464 39.5579 165.6751 209.384 125.2808 1281.2602;
	3.7953 51.283 86.8307 44.257 14.9371 22.7536 32.3105 7.7921 11.4662 9.817 18.1466 27.0711 40.7554 28.6402 172.0639 64.8241 80.4298 85.2316 89.5234 60.5115 10.7702 53.0918 0.0 26.0793 40.8789 61.8482 5.994 1267.8018 828.6442 828.6442 770.2659 96.2146 298.4113 155.7568 89.7908 353.5549 1282.7894 236.8009 475.5045 109.4972 36.612 252.4134 210.8039 201.1364 1296.1518;
	3.8703 52.296 94.468 115.727 14.8828 34.3077 32.3419 7.8816 11.6113 8.9831 16.6052 24.7717 37.2937 26.1852 186.3022 70.1883 87.0854 92.2846 90.5495 63.3717 10.7806 80.0513 0.0 28.4986 54.9788 66.3766 5.9496 1244.6833 820.3699 820.3699 783.3294 103.882 301.8315 163.119 82.0943 350.0245 1258.715 240.4812 477.1308 147.2647 70.3985 380.5869 213.8031 242.5474 1271.8266;
	3.8282 51.7269 91.9164 118.8558 14.6271 34.0926 31.91 9.8424 10.6381 9.5669 17.6842 26.3814 39.7171 35.5428 189.669 71.4567 88.6592 93.9523 77.3517 68.2345 10.6367 79.5494 0.0 42.0687 96.7535 72.4342 10.5045 1187.2619 834.9214 834.9214 788.0777 112.8592 257.839 175.6358 111.4316 356.2331 1285.2205 290.0176 457.6991 259.1612 102.7491 378.2004 210.8617 266.2883 1298.6082;
	3.7472 50.633 91.7445 118.7292 14.6343 34.2291 31.4869 18.1685 11.2676 12.2743 22.6888 33.8473 50.9568 63.53 193.2003 72.7871 90.3099 95.7015 81.7833 57.3638 10.4956 79.8678 21.8875 47.3365 102.0631 72.4539 13.3469 1083.4243 808.8794 808.8794 781.2785 112.3377 272.611 147.6546 199.1751 345.1219 1224.6125 306.0917 470.8071 273.3833 120.2941 379.7144 207.4316 270.3793 1237.3689;
	3.7292 50.3892 90.0295 115.1761 14.8952 34.3652 29.6103 17.9801 4.6347 12.3022 22.7405 33.9244 51.0729 63.523 195.3689 73.6041 91.3236 96.7758 44.221 63.2949 9.8701 80.1854 25.7878 84.0743 102.7564 72.4942 13.2534 759.7479 804.4457 804.4457 750.0893 113.0606 147.4035 162.9213 199.153 343.2302 1131.8445 300.1218 453.7788 275.2405 118.46 381.2241 212.8702 266.9443 1143.6346;
	3.8286 51.7322 91.7796 119.2129 14.9078 33.5298 29.5771 18.1229 20.0126 11.3008 20.8894 31.1629 46.9156 62.1607 185.5464 69.9035 86.7321 91.9102 52.2847 51.8597 9.859 78.2361 26.8563 87.7928 103.1354 71.6094 13.0525 614.5191 802.4148 802.4148 762.765 114.0366 174.2824 133.4869 194.8821 342.3636 1069.1526 286.6754 454.5152 276.2556 115.3371 371.957 208.6514 269.0191 1080.2896;
	3.7808 51.0866 91.3654 116.5145 14.8004 33.7847 29.6028 17.9431 26.7391 16.6826 30.8375 46.0036 69.2581 68.0857 196.5418 74.046 91.8719 97.3567 40.5719 64.4541 9.8676 78.8309 26.9598 83.784 100.7333 71.1892 13.3354 459.085 756.9767 756.9767 674.2372 95.8647 135.2395 165.905 213.4578 322.9767 895.4677 269.3434 447.7601 269.8214 116.3036 374.7847 204.0586 258.7239 904.7955;
	3.2847 44.3832 92.103 117.0385 14.4724 30.8225 27.2805 18.1449 26.9605 18.4026 34.0169 50.7465 76.3986 66.4885 197.1362 74.2699 92.1497 97.6512 53.8756 66.9877 9.0935 71.9191 36.0252 84.3011 101.322 73.6702 12.9759 343.0009 744.2792 744.2792 635.8602 103.1892 179.5854 172.4266 208.4504 317.5591 729.5148 247.5501 449.4736 271.3983 119.6264 341.9238 194.1189 261.4349 737.1139;
	2.1406 28.9236 94.5101 119.4148 14.2338 21.0284 23.9498 19.1061 27.9797 28.5514 52.7768 78.7326 118.5315 66.3268 203.3249 76.6015 95.0426 100.7168 92.121 67.0458 7.9833 49.0663 65.0397 88.8141 104.236 75.5373 14.0415 332.9954 699.5793 699.5793 606.2745 102.9522 307.0699 172.576 207.9436 298.4872 655.9787 227.4786 427.7207 279.2037 122.206 233.2752 177.8925 276.8494 662.8118;
	2.3901 32.2955 92.4467 116.4111 14.063 13.2599 25.7237 18.5338 27.7396 30.7608 56.8609 84.8253 127.704 68.2594 203.512 76.672 95.13 100.8094 90.6781 71.4379 8.5746 30.9397 74.237 85.735 100.2458 73.7464 13.7087 345.2592 648.9114 648.9114 590.4875 105.3691 302.2604 183.8814 214.0025 276.8689 529.8578 212.7937 456.7576 268.5155 122.214 147.0964 147.613 267.2833 535.3772;
	2.1907 29.6014 91.1417 115.837 11.0101 1.4006 20.5227 18.6776 26.8553 29.9839 55.4247 82.6828 124.4784 65.9364 201.7421 76.0051 94.3027 99.9327 88.8445 72.4075 6.8409 3.268 74.2683 85.0397 101.4558 71.6043 13.9073 511.4777 489.5467 489.5467 419.5914 88.4664 296.1483 186.377 206.7195 208.8733 448.4047 176.0516 441.1228 271.7565 119.8371 15.5372 115.2917 248.8078 453.0756;
	3.3253 44.9316 88.6679 85.9491 13.4543 25.5236 14.9218 18.5652 22.1874 29.5223 54.5715 81.4099 122.5621 58.3252 202.0143 76.1077 94.43 100.0676 90.8873 73.5377 4.9739 59.555 74.3109 85.167 99.1089 72.8603 13.5723 582.2828 532.2606 532.2606 400.2154 54.4095 302.9576 189.2863 182.8574 227.0979 497.4551 157.3998 438.5109 265.4702 120.3035 283.1414 81.3893 268.1873 502.6369;
	3.3052 44.6611 89.6162 63.4066 14.1585 32.7239 13.6935 18.8938 26.9625 27.0879 50.0715 74.6969 112.4558 65.6858 204.3415 76.9845 95.5178 101.2203 92.0664 72.5707 4.5645 76.3558 71.6364 85.4465 103.4875 74.4317 13.6477 662.6482 637.4555 637.4555 435.5456 31.4301 306.888 186.7971 205.9338 271.981 649.7486 113.936 186.1591 277.1986 120.1838 363.0174 107.974 278.0877 656.5168;
	3.7443 50.5932 89.7135 64.7542 14.4684 32.3185 28.1391 19.06 26.9859 12.0587 22.2903 33.2528 50.0619 66.8279 192.4762 72.5143 89.9714 95.3429 78.921 71.9735 9.3797 75.4099 47.0979 86.7434 105.0893 74.8771 13.694 728.4962 653.4177 653.4177 397.131 27.3681 263.0701 185.2599 209.5144 278.7916 830.7037 77.2291 422.1662 281.4892 121.8574 358.5204 114.6771 269.2343 839.3569;
