function windprofile = ex_wind_profilesh1
%EX_WIND_PROFILE_D  Example wind_load_nyiso profile data for deterministic unit commitment.
% 2022.03.12
% Andres F. Ramirez


%% define constants
[GEN_BUS, PG, QG, QMAX, QMIN, VG, MBASE, GEN_STATUS, PMAX, PMIN, ...
    MU_PMAX, MU_PMIN, MU_QMAX, MU_QMIN, PC1, PC2, QC1MIN, QC1MAX, ...
    QC2MIN, QC2MAX, RAMP_AGC, RAMP_10, RAMP_30, RAMP_Q, APF] = idx_gen;
[CT_LABEL, CT_PROB, CT_TABLE, CT_TBUS, CT_TGEN, CT_TBRCH, CT_TAREABUS, ...
    CT_TAREAGEN, CT_TAREABRCH, CT_ROW, CT_COL, CT_CHGTYPE, CT_REP, ...
    CT_REL, CT_ADD, CT_NEWVAL, CT_TLOAD, CT_TAREALOAD, CT_LOAD_ALL_PQ, ...
    CT_LOAD_FIX_PQ, CT_LOAD_DIS_PQ, CT_LOAD_ALL_P, CT_LOAD_FIX_P, ...
    CT_LOAD_DIS_P, CT_TGENCOST, CT_TAREAGENCOST, CT_MODCOST_F, ...
    CT_MODCOST_X] = idx_ct;

windprofile = struct( ...
    'type', 'mpcData', ...
    'table', CT_TGEN, ...
    'rows', [1:45], ...
    'col', PMAX, ...
    'chgtype', 1, ...
    'values', [] );
windprofile.values(:,1,:) = [
	3.6792 49.7137 82.3434 110.1147 14.9755 35.2253 30.0052 7.072 27.2988 13.6043 25.1474 37.5149 56.4785 38.6974 175.353 66.0632 81.9673 86.8609 85.5699 70.6771 10.0017 82.1923 33.9308 36.9858 47.9463 28.2752 5.0741 1125.9732 789.4496 789.4496 684.2658 84.4996 285.2331 181.9231 121.3216 336.8318 1149.9249 214.1967 446.0098 128.4276 118.9295 390.7657 200.6188 124.0546 1161.9033;
	3.1761 42.916 79.0467 44.1679 15.1983 30.4344 30.3947 7.6026 10.8535 15.4706 28.5971 42.6613 64.2263 36.3153 176.6236 66.5419 82.5613 87.4903 87.9931 72.6321 10.1316 71.0135 31.8286 38.2937 45.9783 30.6215 5.7927 1188.9771 798.0689 798.0689 740.6973 75.8606 293.3105 186.9552 113.8534 340.5094 1234.5687 213.2011 465.3656 123.1561 120.3125 337.6186 206.4785 108.88 1247.4288;
	3.0412 41.0927 87.7056 44.7476 14.865 25.6515 30.1543 6.9106 9.4388 14.8575 27.4639 40.9708 61.6813 27.1361 186.3965 70.2238 87.1295 92.3313 85.5209 68.0862 10.0514 59.8534 32.466 32.008 39.5568 28.2906 6.2905 1227.2051 800.6347 800.6347 723.6287 90.7478 285.0697 175.2541 85.0755 341.6041 1235.7519 202.3958 462.2941 105.9557 34.0937 284.5601 208.1269 142.4992 1248.6243;
	3.4976 47.2604 85.5602 48.2704 14.6083 15.1855 30.5028 7.867 11.6333 14.0078 25.8932 38.6276 58.1537 1.0711 186.6663 70.3255 87.2557 92.465 83.2293 66.7327 10.1676 35.4329 29.8449 36.3179 41.4821 31.9834 5.8851 1227.8631 805.152 805.152 753.4113 94.8959 277.4311 171.7703 3.358 343.5315 1238.3128 226.9342 460.8178 111.1128 36.9979 168.4583 203.9106 131.3397 1251.2119;
	3.6683 49.5661 81.3884 38.0432 14.7385 21.3985 29.7498 7.124 10.584 11.1497 20.61 30.7461 46.2881 5.006 167.4904 63.101 78.292 82.9662 83.505 65.4096 9.9166 49.9298 2.2524 23.8196 37.6332 64.2307 5.2682 1174.4015 819.4871 819.4871 755.116 99.7758 278.3501 168.3645 15.6943 349.6478 1234.547 229.0912 442.4682 100.8032 36.3934 237.3803 202.1059 204.7213 1247.4069;
	3.7529 50.7098 94.7866 112.3839 15.1454 33.066 30.0416 7.7955 10.3183 13.4663 24.8923 37.1344 55.9057 0.7558 193.4751 72.8906 90.4384 95.8377 89.1217 67.2385 10.0139 77.1539 14.3909 32.6132 55.6743 71.2598 5.1896 1134.8556 808.6153 808.6153 722.5175 105.2968 297.0725 173.0721 2.3695 345.0092 1195.8192 226.1829 449.315 149.1276 70.4926 366.8117 207.6511 256.0694 1208.2756;
	3.9749 53.7095 95.3939 120.4691 15.3579 35.3335 31.0219 12.4804 10.7028 13.9822 25.846 38.5571 58.0475 27.6151 198.4217 74.7542 92.7506 98.288 84.3941 72.1871 10.3406 82.4449 28.374 56.7208 105.4989 76.505 11.2967 1163.7771 826.6195 826.6195 788.8893 110.8157 281.3138 185.8097 86.5771 352.691 1280.7244 293.0788 457.9014 282.5863 108.6671 391.9668 216.0501 287.4662 1294.0653;
	3.9308 53.1144 95.4202 120.6522 15.4218 35.1856 31.5431 19.0944 12.1526 13.3578 24.6917 36.8352 55.4551 58.6842 192.761 72.6216 90.1046 95.4839 82.306 60.7537 10.5144 82.0997 28.0287 68.4697 106.6646 76.5705 13.9518 1095.907 827.2791 827.2791 779.198 111.8203 274.3532 156.3801 183.983 352.9724 1264.326 303.0292 465.9242 285.7087 121.7529 390.3252 214.2273 287.461 1277.4961;
	3.9087 52.8158 95.2875 119.1139 15.3935 34.3191 30.4786 19.0413 10.4605 13.2125 24.4231 36.4345 54.8519 58.2003 187.8905 70.7867 87.8279 93.0714 33.1685 63.1621 10.1595 80.078 29.1361 89.9092 106.5872 76.4958 13.9049 775.6727 836.8462 836.8462 754.3272 114.0048 110.5616 162.5795 182.4658 357.0544 1232.5386 297.7936 455.0263 285.5013 121.7439 380.7136 212.2595 283.6699 1245.3775;
	3.8878 52.5324 95.2758 119.2934 15.3286 34.0304 30.2405 18.7848 21.0231 13.1539 24.3148 36.2729 54.6086 61.1349 178.922 67.4078 83.6356 88.6288 48.4041 54.8066 10.0802 79.4042 25.9577 90.1051 106.7121 76.0148 13.4647 634.703 836.4034 836.4034 757.9039 106.3107 161.3469 141.0724 191.6661 356.8655 1170.7852 269.871 461.1538 285.8359 120.687 377.5102 203.4356 283.6072 1182.9809;
	3.8614 52.1757 94.8613 118.1808 14.8461 33.9038 29.7413 18.5356 27.3615 19.3787 35.8213 53.4384 80.4511 68.4374 192.1117 72.377 89.8011 95.1623 40.2125 63.8551 9.9138 79.1088 28.9013 90.0712 105.4061 73.0651 13.6092 480.9829 828.2205 828.2205 719.2436 97.5912 134.0416 164.3633 214.5606 353.3741 1032.0582 266.9533 433.55 282.3376 119.5826 376.1058 196.5692 275.5244 1042.8088;
	3.502 47.3193 93.5717 117.3822 14.584 32.0586 29.81 18.0434 27.6656 20.9997 38.8177 57.9083 87.1806 68.693 190.8935 71.918 89.2316 94.5589 50.953 61.7767 9.9367 74.8034 34.2064 88.5044 100.8812 73.2238 13.0579 326.8936 827.7358 827.7358 686.5411 99.0296 169.8433 159.0134 215.3619 353.1673 838.6543 244.7949 448.9822 270.2176 121.7469 355.6369 184.4642 273.415 847.3903;
	2.4316 32.8565 95.2528 120.0476 14.8559 21.3082 26.683 18.9735 27.9818 28.3784 52.457 78.2555 117.8132 67.9235 187.4547 70.6225 87.6242 92.8555 91.432 61.5269 8.8943 49.7192 62.168 90.1934 106.6203 75.0914 14.086 341.1697 759.0001 759.0001 646.1556 103.1094 304.7733 158.3703 212.9493 323.8401 742.5433 225.9849 437.4483 285.5901 123.7884 236.3792 160.0339 286.5024 750.2781;
	2.5052 33.851 95.0813 120.6626 15.059 12.9397 26.2779 18.7363 28.0055 30.9979 57.2992 85.4791 128.6883 65.1364 193.0994 72.7491 90.2627 95.6515 91.4651 70.7305 8.7593 30.1927 74.6996 89.736 106.219 74.2848 13.9971 305.2737 657.1907 657.1907 607.1644 96.6854 304.8836 182.0605 204.2113 280.4014 509.8541 201.7856 448.8113 284.5151 124.056 143.5447 128.2149 280.9172 515.1651;
	2.3955 32.3686 93.6477 120.7641 13.5001 2.8114 22.8701 18.7118 28.0593 30.4476 56.2819 83.9615 126.4036 64.9343 198.7551 74.8798 92.9065 98.4531 91.4305 73.5708 7.6234 6.56 75.2214 89.1405 105.9979 74.0857 13.9457 449.7127 517.5372 517.5372 428.6543 84.5114 304.7683 189.3713 203.5778 220.8159 442.4613 176.2339 454.2241 283.9229 124.0749 31.188 113.1408 264.3063 447.0702;
	3.5284 47.677 92.6031 94.8001 14.2318 27.6261 16.3437 18.8095 23.7911 30.2989 56.0071 83.5516 125.7865 55.8778 194.9393 73.4423 91.1228 96.563 89.7733 72.7267 5.4479 64.461 74.9288 89.9685 105.4664 74.1038 13.9739 484.6193 536.4019 536.4019 428.1948 49.7425 299.2444 187.1988 175.1846 228.8648 490.2462 162.4096 439.1327 282.4994 123.8342 306.466 71.1354 279.3117 495.3529;
	3.3964 45.893 94.3579 75.0504 14.9117 33.5543 14.2184 19.0179 27.4329 28.8981 53.4178 79.6888 119.971 54.6264 188.6097 71.0576 88.1641 93.4276 86.8665 70.9035 4.7395 78.2935 74.9736 90.064 106.2941 74.8201 14.0567 551.4335 587.5631 587.5631 449.9186 26.8235 289.5551 182.5059 171.2612 250.6936 572.9251 112.1923 173.3383 284.7163 123.2668 372.2295 103.7782 269.8704 578.8931;
	3.5971 48.6047 91.7056 69.5134 14.3107 32.702 28.495 18.7597 26.9277 13.4039 24.7768 36.9622 55.6464 60.9132 165.5962 62.3874 77.4066 82.0279 73.8291 68.8735 9.4983 76.3047 52.5973 89.2552 105.4773 73.2307 13.8283 650.0007 624.458 624.458 422.775 26.7019 246.0972 177.2806 190.9712 266.4354 759.102 65.6078 403.8714 282.5285 123.4556 362.7742 105.4131 263.881 767.0093;
