function solarprofile = ex_solar_profilesh1
%EX_WIND_PROFILE_D  Example wind_load_nyiso profile data for deterministic unit commitment.
% 2022.03.12
% Andres F. Ramirez


%% define constants
[GEN_BUS, PG, QG, QMAX, QMIN, VG, MBASE, GEN_STATUS, PMAX, PMIN, ...
    MU_PMAX, MU_PMIN, MU_QMAX, MU_QMIN, PC1, PC2, QC1MIN, QC1MAX, ...
    QC2MIN, QC2MAX, RAMP_AGC, RAMP_10, RAMP_30, RAMP_Q, APF] = idx_gen;
[CT_LABEL, CT_PROB, CT_TABLE, CT_TBUS, CT_TGEN, CT_TBRCH, CT_TAREABUS, ...
    CT_TAREAGEN, CT_TAREABRCH, CT_ROW, CT_COL, CT_CHGTYPE, CT_REP, ...
    CT_REL, CT_ADD, CT_NEWVAL, CT_TLOAD, CT_TAREALOAD, CT_LOAD_ALL_PQ, ...
    CT_LOAD_FIX_PQ, CT_LOAD_DIS_PQ, CT_LOAD_ALL_P, CT_LOAD_FIX_P, ...
    CT_LOAD_DIS_P, CT_TGENCOST, CT_TAREAGENCOST, CT_MODCOST_F, ...
    CT_MODCOST_X] = idx_ct;

solarprofile = struct( ...
    'type', 'mpcData', ...
    'table', CT_TGEN, ...
    'rows', [1:12], ...
    'col', PMAX, ...
    'chgtype', 1, ...
    'values', [] );
solarprofile.values(:,1,:) = [
	0.0 0.0 0.0 0.0 0.0 0.0 0.0 0.0 0.0 0.0 0.0 0.0;
	0.0 0.0 0.0 0.0 0.0 0.0 0.0 0.0 0.0 0.0 0.0 0.0;
	0.0 0.0 0.0 0.0 0.0 0.0 0.0 0.0 0.0 0.0 0.0 0.0;
	0.0 0.0 0.0 0.0 0.0 0.0 0.0 0.0 0.0 0.0 0.0 0.0;
	0.0 0.0 0.0 0.0 0.0 0.0 0.0 0.0 0.0 0.0 0.0 0.0;
	0.0 0.0 0.0 0.0 0.0 0.0 0.0 0.0 0.0 0.0 0.0 0.0;
	0.0452 0.0616 0.1304 0.2429 2.0615 2.6991 0.3374 3.7916 18.2074 0.4496 3.8506 0.8142;
	0.0 0.0 0.2257 0.5633 2.7248 4.7902 0.5988 4.7269 5.288 0.0 5.5536 0.0;
	0.3375 0.2167 0.5176 1.1569 2.9807 9.6656 1.2082 5.601 1.1973 7.0282 8.1895 12.7281;
	2.5132 1.7051 1.9119 2.0313 2.0121 45.4531 5.6816 12.0826 13.9593 9.343 10.2071 16.9203;
	2.7416 1.6694 1.8993 1.9686 2.0936 50.4027 6.3003 9.1631 27.7632 11.7656 8.7258 21.3075;
	2.426 1.1902 1.2773 1.693 1.6426 43.8458 5.4807 6.9955 35.0808 13.2999 8.6514 24.0862;
	2.9003 1.2624 1.2985 1.6185 1.1353 99.8075 12.4759 21.9933 32.1249 25.6605 16.568 46.4713;
	2.9234 1.5698 1.6446 1.4898 0.9085 84.4617 10.5577 22.9543 21.497 26.215 21.9562 47.4755;
	2.6219 1.7608 1.6978 1.2396 0.608 73.8248 9.2281 24.7999 15.4683 22.3024 21.702 40.3898;
	2.5255 1.6683 1.7525 0.6825 0.1578 26.0326 3.2541 12.5683 8.2191 3.8683 15.7474 7.0055;
	0.2546 0.2251 0.1521 0.4209 0.5349 28.4907 3.5613 6.1515 22.1728 16.7456 10.1127 30.3264;
	0.0 0.0 0.0 0.0 0.0 0.0 0.0 0.0 0.0 0.0 0.0 0.0;
	0.0 0.0 0.0 0.0 0.0 0.0 0.0 0.0 0.0 0.0 0.0 0.0;
	0.0 0.0 0.0 0.0 0.0 0.0 0.0 0.0 0.0 0.0 0.0 0.0;
	0.0 0.0 0.0 0.0 0.0 0.0 0.0 0.0 0.0 0.0 0.0 0.0;
	0.0 0.0 0.0 0.0 0.0 0.0 0.0 0.0 0.0 0.0 0.0 0.0;
	0.0 0.0 0.0 0.0 0.0 0.0 0.0 0.0 0.0 0.0 0.0 0.0;
	0.0 0.0 0.0 0.0 0.0 0.0 0.0 0.0 0.0 0.0 0.0 0.0;
];
