function solarprofile = ex_solar_profilesh1
%EX_WIND_PROFILE_D  Example wind_load_nyiso profile data for deterministic unit commitment.
% 2022.03.12
% Andres F. Ramirez


%% define constants
[GEN_BUS, PG, QG, QMAX, QMIN, VG, MBASE, GEN_STATUS, PMAX, PMIN, ...
    MU_PMAX, MU_PMIN, MU_QMAX, MU_QMIN, PC1, PC2, QC1MIN, QC1MAX, ...
    QC2MIN, QC2MAX, RAMP_AGC, RAMP_10, RAMP_30, RAMP_Q, APF] = idx_gen;
[CT_LABEL, CT_PROB, CT_TABLE, CT_TBUS, CT_TGEN, CT_TBRCH, CT_TAREABUS, ...
    CT_TAREAGEN, CT_TAREABRCH, CT_ROW, CT_COL, CT_CHGTYPE, CT_REP, ...
    CT_REL, CT_ADD, CT_NEWVAL, CT_TLOAD, CT_TAREALOAD, CT_LOAD_ALL_PQ, ...
    CT_LOAD_FIX_PQ, CT_LOAD_DIS_PQ, CT_LOAD_ALL_P, CT_LOAD_FIX_P, ...
    CT_LOAD_DIS_P, CT_TGENCOST, CT_TAREAGENCOST, CT_MODCOST_F, ...
    CT_MODCOST_X] = idx_ct;

solarprofile = struct( ...
    'type', 'mpcData', ...
    'table', CT_TGEN, ...
    'rows', [1:12], ...
    'col', PMAX, ...
    'chgtype', 1, ...
    'values', [] );
solarprofile.values(:,1,:) = [
	0.0 0.0 0.0 0.0 0.0 0.0 0.0 0.0 0.0 0.0 0.0 0.0;
	0.0 0.0 0.0 0.0 0.0 0.0 0.0 0.0 0.0 0.0 0.0 0.0;
	0.0 0.0 0.0 0.0 0.0 0.0 0.0 0.0 0.0 0.0 0.0 0.0;
	0.0 0.0 0.0 0.0 0.0 0.0 0.0 0.0 0.0 0.0 0.0 0.0;
	0.0 0.0 0.0 0.0 0.0 0.0 0.0 0.0 0.0 0.0 0.0 0.0;
	0.0 0.0 0.0 0.0 0.0 0.0 0.0 0.0 0.0 0.0 0.0 0.0;
	0.2949 0.6584 0.7173 0.5493 0.9396 10.1773 1.2722 16.9545 71.9009 14.968 5.9995 27.1071;
	0.703 0.9273 1.106 1.0373 3.4363 17.4262 2.1783 16.3803 73.3776 53.8651 14.6003 97.55;
	0.9252 0.8958 1.0189 1.389 4.1919 18.6767 2.3346 8.1369 87.4004 76.7217 28.7382 138.9435;
	0.7925 0.7423 0.2785 1.0532 2.3948 12.0439 1.5055 2.6021 149.796 64.5596 30.9031 116.9178;
	0.1934 0.5055 0.0147 1.1642 1.7599 7.7445 0.9681 3.5489 128.8041 72.5369 29.7333 131.3647;
	0.2295 0.6211 0.0719 1.081 1.1353 11.5728 1.4466 5.1989 102.4252 70.0364 19.7004 126.8364;
	2.1574 1.4211 1.4818 0.6008 0.4028 76.7711 9.5964 9.9453 72.8579 67.0171 0.4764 121.3684;
	2.5232 1.3259 1.7921 0.2569 0.2329 59.9645 7.4956 4.7356 52.1156 49.0984 0.0 88.9175;
	1.8014 0.8428 1.1101 0.2993 0.3706 41.2065 5.1508 1.6322 34.549 31.9178 0.0 57.8033;
	0.6617 0.3515 0.2266 0.1777 0.6667 16.8356 2.1044 0.2443 9.1772 19.7668 0.0 35.7978;
	0.2415 0.223 0.1471 0.4393 1.2407 28.9536 3.6192 7.0944 22.1103 18.9952 8.8976 34.4005;
	0.0 0.0 0.0 0.0 0.0 0.0 0.0 0.0 0.0 0.0 0.0 0.0;
	0.0 0.0 0.0 0.0 0.0 0.0 0.0 0.0 0.0 0.0 0.0 0.0;
	0.0 0.0 0.0 0.0 0.0 0.0 0.0 0.0 0.0 0.0 0.0 0.0;
	0.0 0.0 0.0 0.0 0.0 0.0 0.0 0.0 0.0 0.0 0.0 0.0;
	0.0 0.0 0.0 0.0 0.0 0.0 0.0 0.0 0.0 0.0 0.0 0.0;
	0.0 0.0 0.0 0.0 0.0 0.0 0.0 0.0 0.0 0.0 0.0 0.0;
	0.0 0.0 0.0 0.0 0.0 0.0 0.0 0.0 0.0 0.0 0.0 0.0;
];
