function windprofile = ex_wind_profilesh1
%EX_WIND_PROFILE_D  Example wind_load_nyiso profile data for deterministic unit commitment.
% 2022.03.12
% Andres F. Ramirez


%% define constants
[GEN_BUS, PG, QG, QMAX, QMIN, VG, MBASE, GEN_STATUS, PMAX, PMIN, ...
    MU_PMAX, MU_PMIN, MU_QMAX, MU_QMIN, PC1, PC2, QC1MIN, QC1MAX, ...
    QC2MIN, QC2MAX, RAMP_AGC, RAMP_10, RAMP_30, RAMP_Q, APF] = idx_gen;
[CT_LABEL, CT_PROB, CT_TABLE, CT_TBUS, CT_TGEN, CT_TBRCH, CT_TAREABUS, ...
    CT_TAREAGEN, CT_TAREABRCH, CT_ROW, CT_COL, CT_CHGTYPE, CT_REP, ...
    CT_REL, CT_ADD, CT_NEWVAL, CT_TLOAD, CT_TAREALOAD, CT_LOAD_ALL_PQ, ...
    CT_LOAD_FIX_PQ, CT_LOAD_DIS_PQ, CT_LOAD_ALL_P, CT_LOAD_FIX_P, ...
    CT_LOAD_DIS_P, CT_TGENCOST, CT_TAREAGENCOST, CT_MODCOST_F, ...
    CT_MODCOST_X] = idx_ct;

windprofile = struct( ...
    'type', 'mpcData', ...
    'table', CT_TGEN, ...
    'rows', [1:45], ...
    'col', PMAX, ...
    'chgtype', 1, ...
    'values', [] );
windprofile.values(:,1,:) = [
	3.9355 53.1768 84.0655 114.6302 14.9236 35.6406 31.7775 7.3219 27.2188 12.4105 22.9406 34.2228 51.5223 35.4691 180.7721 68.1048 84.5004 89.5452 81.9787 68.0183 10.5925 83.1615 27.5458 31.0623 46.4619 26.7558 4.6675 1236.7749 802.6034 802.6034 673.0802 84.9195 273.2622 175.0792 111.2003 342.4441 1228.8446 210.4482 457.5108 124.4516 117.5131 395.3735 214.129 109.5998 1241.6451;
	3.3042 44.6474 79.0799 44.0343 14.7762 28.4147 31.2277 7.2297 9.651 13.5962 25.1323 37.4925 56.4447 35.1082 187.17 70.5152 87.4911 92.7145 91.3477 69.865 10.4092 66.301 24.99 23.0213 37.3845 27.6283 4.9771 1232.7309 804.2251 804.2251 714.0833 80.2224 304.4922 179.8326 110.0689 343.136 1237.8113 209.3843 449.253 100.1371 116.6535 315.2137 212.3033 98.5993 1250.7052;
	3.1505 42.5698 87.6264 44.575 14.6636 24.5544 32.1908 6.4898 9.7474 13.0229 24.0726 35.9115 54.0646 36.5585 199.4829 75.154 93.2467 98.8136 90.9537 68.35 10.7303 57.2935 26.1391 5.0115 31.1046 27.2042 5.2418 1243.8198 815.7605 815.7605 718.8347 95.5176 303.1789 175.9332 114.6158 348.0578 1267.6684 214.5409 457.6397 83.316 31.0186 272.3898 213.388 120.9009 1280.8733;
	3.644 49.239 87.6567 51.2655 14.8498 15.379 32.2551 7.4121 11.2916 13.3151 24.6127 36.7173 55.2777 27.2908 194.0936 73.1236 90.7275 96.144 90.6516 65.0844 10.7517 35.8843 28.9115 32.3634 38.7314 31.0397 5.2508 1261.3355 847.8622 847.8622 780.7629 104.5959 302.1719 167.5274 85.5602 361.7545 1300.0517 250.7932 453.4122 103.7448 37.2287 170.6044 216.7738 113.8759 1313.5939;
	3.8779 52.3985 82.6082 43.1144 14.7905 22.2068 31.7904 6.1337 10.9603 12.4033 22.9272 34.2029 51.4923 32.8455 187.1957 70.5249 87.5031 92.7272 92.5698 65.1386 10.5968 51.8159 12.285 16.7718 37.1115 56.1569 2.7894 1272.0278 853.0083 853.0083 779.3 107.8671 308.566 167.6669 102.975 363.9502 1329.0083 256.6977 458.9051 99.4057 34.0026 246.3477 217.6992 186.9641 1342.8521;
	3.9039 52.7496 95.1129 118.5608 15.1022 34.2185 32.1811 7.5528 11.9911 12.7869 23.6364 35.2609 53.0851 25.872 192.7515 72.618 90.1001 95.4792 92.2449 60.4899 10.727 79.8432 15.0705 29.4586 56.9014 68.0102 5.3567 1258.3993 841.9777 841.9777 772.6733 115.3827 307.4829 155.7013 81.1123 359.2438 1359.1499 256.7255 463.1119 152.4146 75.0474 379.5975 218.8987 246.5511 1373.3077;
	3.9883 53.8907 94.9947 120.9958 15.0005 35.5299 31.4032 11.8427 11.7763 12.3071 22.7495 33.9379 51.0933 35.6286 192.9872 72.7068 90.2103 95.596 84.0889 66.3549 10.4677 82.9031 25.312 50.9535 103.5475 73.8831 11.7544 1249.8313 843.04 843.04 767.4098 115.9205 280.2964 170.7977 111.7005 359.6971 1355.2701 293.6355 455.1562 277.3594 114.5127 394.1452 219.8968 275.2266 1369.3875;
	3.9272 53.0656 94.7699 120.6366 15.2854 35.3176 31.5274 18.509 11.919 12.2803 22.6999 33.8638 50.9818 62.4636 192.1658 72.3973 89.8263 95.1891 85.3358 57.141 10.5091 82.4078 28.3881 57.609 105.2239 72.4425 13.6829 1124.9269 822.892 822.892 778.2711 114.0708 284.4528 147.0812 195.8317 351.1006 1322.5964 323.0051 461.4961 281.8497 119.0928 391.7901 219.4038 281.119 1336.3734;
	3.8921 52.5907 94.8763 120.5606 15.3279 35.1661 31.9944 18.2273 13.4775 14.0574 25.9849 38.7643 58.3594 64.163 199.923 75.3198 93.4524 99.0316 55.3676 67.1289 10.6648 82.0542 33.8764 88.258 103.9948 70.7554 13.8286 843.5178 846.5347 846.5347 785.0501 114.0937 184.5586 172.7899 201.1597 361.1881 1337.1798 326.4929 474.4325 278.5575 121.4713 390.1089 219.8304 275.9974 1351.1087;
	3.906 52.7782 93.622 119.7202 15.1763 35.0798 32.1023 17.8552 21.7314 11.747 21.7141 32.3932 48.7677 63.3503 187.1062 70.4912 87.4613 92.6828 58.1789 53.8187 10.7008 81.8528 28.8739 87.8968 102.2113 68.0866 13.2421 662.5193 859.5485 859.5485 803.3199 114.9937 193.9296 138.5295 198.6119 366.7407 1208.7004 303.476 466.7235 273.7802 119.5562 389.1516 217.6521 266.27 1221.291;
	3.8346 51.8136 94.701 120.1589 15.0644 34.8255 31.7794 18.4118 27.941 17.663 32.6497 48.7069 73.328 67.7068 194.7812 73.3827 91.0489 96.4847 41.7502 61.0849 10.5931 81.2595 28.4427 89.1495 104.7152 70.3124 13.4552 474.7069 828.9486 828.9486 756.2819 104.1602 139.1672 157.2327 212.2701 353.6847 1004.1356 283.1672 461.23 280.487 123.0811 386.331 212.4763 269.4367 1014.5953;
	3.3393 45.1212 93.3091 116.1668 15.2094 31.9821 29.5458 18.1983 27.0889 19.6177 36.2631 54.0974 81.4433 64.7863 189.5831 71.4243 88.6191 93.9098 53.3086 58.2712 9.8486 74.6248 36.2335 88.6715 101.6833 71.2883 12.9475 361.6131 798.477 798.477 747.8606 111.3272 177.6952 149.9901 203.1137 340.6835 835.7433 281.2336 438.2437 272.366 123.3532 354.7876 193.9723 265.9067 844.4489;
	1.9825 26.7883 94.3503 114.5615 14.5127 20.9382 24.8235 18.8061 26.0761 27.8168 51.4189 76.7068 115.4817 64.5777 186.8146 70.3813 87.325 92.5384 91.0164 54.4916 8.2745 48.8558 58.9333 88.9001 105.3574 71.4941 13.7714 351.6572 716.1434 716.1434 668.2372 108.2266 303.388 140.2614 202.4597 305.5545 707.0095 248.4764 377.0618 282.2072 122.7172 232.2745 179.0115 274.0922 714.3742;
	2.4277 32.8036 93.7286 111.8286 14.8963 12.9481 25.6092 18.0973 27.2339 30.8016 56.9363 84.9377 127.8732 63.7503 191.0342 71.971 89.2974 94.6286 90.2767 60.3956 8.5364 30.2122 73.2507 86.8919 105.0652 72.8329 13.4468 361.3674 634.3758 634.3758 625.0445 109.4015 300.9225 155.4585 199.8659 270.667 539.6417 219.9692 438.6514 281.4247 122.699 143.6373 145.3631 269.7487 545.2629;
	2.2411 30.2827 92.3086 109.9353 12.928 3.9311 21.6303 17.6774 27.2025 29.8513 55.1797 82.3172 123.9281 64.1864 196.7854 74.1377 91.9857 97.4774 90.1049 69.3727 7.2101 9.1726 72.3024 84.9432 100.8636 70.703 13.406 500.0507 488.3699 488.3699 425.7032 96.2078 300.3496 178.5654 201.2329 208.3711 451.3421 193.9669 442.8533 270.1702 118.8806 43.6093 124.1529 245.6098 456.0436;
	3.2371 43.7406 90.6665 79.9963 14.7425 26.627 15.8945 18.2656 23.8225 29.2801 54.1239 80.7421 121.5568 55.4221 194.8789 73.4195 91.0945 96.533 89.7127 69.0524 5.2982 62.1297 72.5196 86.0467 100.5074 72.453 13.4857 510.7436 485.3469 485.3469 395.6802 48.4583 299.0423 177.741 173.7559 207.0814 493.6123 169.45 442.185 269.2163 119.175 295.3826 87.0315 252.0069 498.7541;
	3.1178 42.1285 89.938 56.5915 15.0186 32.0203 12.7449 17.945 26.8449 26.6119 49.1917 73.3843 110.4797 56.2895 196.4784 74.0221 91.8422 97.3254 91.1193 69.0169 4.2483 74.714 67.9393 85.5722 102.7876 73.1078 13.4976 586.2801 528.5899 528.5899 407.0816 28.6122 303.7311 177.6498 176.4753 225.5317 584.0345 123.4588 153.7991 275.3239 119.8836 355.2119 113.1445 257.6488 590.1182;
	3.595 48.576 90.9225 60.6003 14.7152 32.5937 27.9892 18.1209 27.2935 13.6346 25.2034 37.5985 56.6044 63.9571 198.4595 74.7685 92.7683 98.3067 78.2954 72.3186 9.3297 76.0519 48.4944 86.7856 102.407 72.4484 13.3543 700.0705 603.9219 603.9219 404.5729 29.3665 260.9846 186.1483 200.5142 257.6733 791.795 85.3714 390.4359 274.3046 121.7974 361.5723 127.6327 252.1897 800.0429;
