function solarprofile = ex_solar_profilesh1
%EX_WIND_PROFILE_D  Example wind_load_nyiso profile data for deterministic unit commitment.
% 2022.03.12
% Andres F. Ramirez


%% define constants
[GEN_BUS, PG, QG, QMAX, QMIN, VG, MBASE, GEN_STATUS, PMAX, PMIN, ...
    MU_PMAX, MU_PMIN, MU_QMAX, MU_QMIN, PC1, PC2, QC1MIN, QC1MAX, ...
    QC2MIN, QC2MAX, RAMP_AGC, RAMP_10, RAMP_30, RAMP_Q, APF] = idx_gen;
[CT_LABEL, CT_PROB, CT_TABLE, CT_TBUS, CT_TGEN, CT_TBRCH, CT_TAREABUS, ...
    CT_TAREAGEN, CT_TAREABRCH, CT_ROW, CT_COL, CT_CHGTYPE, CT_REP, ...
    CT_REL, CT_ADD, CT_NEWVAL, CT_TLOAD, CT_TAREALOAD, CT_LOAD_ALL_PQ, ...
    CT_LOAD_FIX_PQ, CT_LOAD_DIS_PQ, CT_LOAD_ALL_P, CT_LOAD_FIX_P, ...
    CT_LOAD_DIS_P, CT_TGENCOST, CT_TAREAGENCOST, CT_MODCOST_F, ...
    CT_MODCOST_X] = idx_ct;

solarprofile = struct( ...
    'type', 'mpcData', ...
    'table', CT_TGEN, ...
    'rows', [1:12], ...
    'col', PMAX, ...
    'chgtype', 1, ...
    'values', [] );
solarprofile.values(:,1,:) = [
	0.0 0.0 0.0 0.0 0.0 0.0 0.0 0.0 0.0 0.0 0.0 0.0;
	0.0 0.0 0.0 0.0 0.0 0.0 0.0 0.0 0.0 0.0 0.0 0.0;
	0.0 0.0 0.0 0.0 0.0 0.0 0.0 0.0 0.0 0.0 0.0 0.0;
	0.0 0.0 0.0 0.0 0.0 0.0 0.0 0.0 0.0 0.0 0.0 0.0;
	0.0 0.0 0.0 0.0 0.0 0.0 0.0 0.0 0.0 0.0 0.0 0.0;
	0.0 0.0 0.0 0.0 0.0 0.0 0.0 0.0 0.0 0.0 0.0 0.0;
	0.6036 0.5549 1.044 0.3847 0.6563 22.6752 2.8344 1.3932 5.8838 12.7989 6.8679 23.179;
	1.4276 0.9764 1.7074 1.05 1.5665 33.3385 4.1673 3.6715 13.6446 53.2962 15.2256 96.5197;
	1.819 1.2478 1.8542 1.7986 2.0507 37.3625 4.6703 5.5492 24.6012 94.7798 24.1053 171.6468;
	3.556 2.4639 3.1022 1.6547 1.0491 62.6658 7.8332 11.2239 94.2149 66.8499 15.101 121.0657;
	2.9177 2.2831 2.2088 1.9622 1.2144 83.8601 10.4825 18.7968 107.5493 70.3639 15.2434 127.4294;
	2.5435 2.0256 1.762 1.9783 1.4084 82.2333 10.2792 21.0593 104.9402 70.0983 13.566 126.9485;
	4.1604 3.0357 2.3516 0.9323 1.1881 86.2156 10.777 22.3695 92.641 98.3842 16.8973 178.1744;
	4.7707 2.9724 2.2759 0.3692 0.8378 49.307 6.1634 11.0394 73.4621 84.4447 19.8339 152.9298;
	5.1573 2.6728 2.0535 0.3363 0.5403 37.6806 4.7101 6.0921 63.04 68.9722 21.675 124.9091;
	4.208 1.9096 2.1798 0.2539 0.4392 36.0229 4.5029 3.6539 60.7305 57.4211 24.6057 103.99;
	0.4367 0.2616 0.1887 0.4834 1.1622 35.7154 4.4644 7.575 29.8153 23.5291 23.2258 42.6113;
	0.0 0.0 0.0 0.0 0.0 0.0 0.0 0.0 0.0 0.0 0.0 0.0;
	0.0 0.0 0.0 0.0 0.0 0.0 0.0 0.0 0.0 0.0 0.0 0.0;
	0.0 0.0 0.0 0.0 0.0 0.0 0.0 0.0 0.0 0.0 0.0 0.0;
	0.0 0.0 0.0 0.0 0.0 0.0 0.0 0.0 0.0 0.0 0.0 0.0;
	0.0 0.0 0.0 0.0 0.0 0.0 0.0 0.0 0.0 0.0 0.0 0.0;
	0.0 0.0 0.0 0.0 0.0 0.0 0.0 0.0 0.0 0.0 0.0 0.0;
	0.0 0.0 0.0 0.0 0.0 0.0 0.0 0.0 0.0 0.0 0.0 0.0;
];
