function loadprofile = ex_load_profilesh1
%EX_LOAD_PROFILE  Example load profile data file for stochastic unit commitment.
% 2022.03.12
% Andres F. Ramirez

%% define constants
[CT_LABEL, CT_PROB, CT_TABLE, CT_TBUS, CT_TGEN, CT_TBRCH, CT_TAREABUS, ...
    CT_TAREAGEN, CT_TAREABRCH, CT_ROW, CT_COL, CT_CHGTYPE, CT_REP, ...
    CT_REL, CT_ADD, CT_NEWVAL, CT_TLOAD, CT_TAREALOAD, CT_LOAD_ALL_PQ, ...
    CT_LOAD_FIX_PQ, CT_LOAD_DIS_PQ, CT_LOAD_ALL_P, CT_LOAD_FIX_P, ...
    CT_LOAD_DIS_P, CT_TGENCOST, CT_TAREAGENCOST, CT_MODCOST_F, ...
    CT_MODCOST_X] = idx_ct;

loadprofile = struct( ...
    'type', 'mpcData', ...
    'table', CT_TAREALOAD, ...
    'rows', [1:11], ...
    'col', CT_LOAD_ALL_P, ...
    'chgtype', 1, ...
    'values', [] );
loadprofile.values(:,1,:) = [
	1517.5738 951.6062 1656.6366 586.8921 821.0025 1199.4769 851.887 311.5771 527.5 4922.2652 1792.3331;
	1490.5586 925.4194 1632.9131 578.8956 794.2099 1186.3745 824.2974 273.783 500.547 4710.6278 1710.9879;
	1488.234 921.4101 1622.024 572.2157 778.3522 1179.572 830.2578 280.2641 493.838 4623.3484 1714.2358;
	1514.6847 938.0465 1673.2346 576.0722 821.2675 1181.6291 838.4334 281.9271 484.345 4651.5453 1737.6;
	1575.3513 973.0476 1692.6371 588.1 842.9363 1224.579 886.1008 281.5975 512.5179 4744.1775 1833.2431;
	1600.2186 1002.6031 1741.7855 586.5 917.813 1318.5524 954.19 305.0982 570.235 4828.1539 1874.0093;
	1609.4154 1032.1644 1799.5188 582.9764 978.6819 1325.3274 1001.3702 299.4549 605.6045 4920.6603 1935.689;
	1630.482 1043.9265 1781.8642 526.7537 1012.9116 1338.4653 1009.9312 295.9051 609.8 4911.6301 1807.1372;
	1630.9125 1061.3049 1772.3227 549.1739 988.5464 1314.2226 1029.5442 295.9022 631.7369 5237.8792 1895.6576;
	1638.8123 1064.2105 1794.3867 564.8124 989.2287 1327.0647 996.7019 302.5117 638.6494 5316.4291 1850.6003;
	1645.3956 1086.0851 1785.0472 583.5757 951.9105 1345.5871 1008.3026 311.8173 618.3325 5340.2759 1917.6984;
	1669.3689 1064.4625 1774.2256 567.3987 936.2 1339.1858 1025.1954 299.9806 626.6123 5523.0 2026.5496;
	1662.1781 1049.4509 1752.4656 554.9427 862.8664 1323.9031 1003.7631 294.8167 595.3601 5430.2802 1981.1249;
	1676.1 1071.8352 1750.4618 572.1498 872.7128 1321.4978 1012.5038 303.4992 597.2655 5525.6793 2002.0;
	1685.4174 1077.7347 1748.4841 558.8353 912.3817 1360.0166 1024.039 307.4681 609.5276 5472.3094 2066.3248;
	1723.6528 1092.5062 1769.8127 575.463 944.7669 1426.5685 1059.5752 308.659 623.7754 5575.8477 2125.5127;
	1679.8 1090.4 1792.4076 588.2004 977.9277 1458.9537 1093.0 343.0831 656.7835 5634.0119 2191.2;
	1715.7364 1086.4855 1874.4606 605.4187 1026.5656 1492.0965 1141.9802 352.8908 695.6 5661.572 2292.3218;
	1766.5254 1108.1764 1892.0062 612.2 974.677 1469.6213 1107.9994 343.8156 664.5364 5654.5794 2184.2395;
	1702.6383 1052.7679 1789.4505 589.1 894.0069 1404.9975 1034.2052 302.882 636.5442 5523.2565 1948.922;
	1630.4235 1013.2576 1709.7974 562.6 853.8151 1319.3267 992.3216 293.3831 604.729 5242.3898 1980.9532;
	1572.6411 960.9066 1599.1981 542.9423 760.1325 1226.7724 892.6614 247.8868 557.2138 4962.3217 1729.9418;
	1546.8667 917.3151 1557.0726 533.8492 702.2804 1084.5728 832.3857 244.4 504.9 4714.7332 1729.4;
	1519.9126 914.1 1524.8194 527.1623 675.6306 1079.4658 804.5599 229.5637 445.2868 4496.6993 1645.172;
];
