function loadprofile = ex_load_profilesh1
%EX_LOAD_PROFILE  Example load profile data file for stochastic unit commitment.
% 2022.03.12
% Andres F. Ramirez

%% define constants
[CT_LABEL, CT_PROB, CT_TABLE, CT_TBUS, CT_TGEN, CT_TBRCH, CT_TAREABUS, ...
    CT_TAREAGEN, CT_TAREABRCH, CT_ROW, CT_COL, CT_CHGTYPE, CT_REP, ...
    CT_REL, CT_ADD, CT_NEWVAL, CT_TLOAD, CT_TAREALOAD, CT_LOAD_ALL_PQ, ...
    CT_LOAD_FIX_PQ, CT_LOAD_DIS_PQ, CT_LOAD_ALL_P, CT_LOAD_FIX_P, ...
    CT_LOAD_DIS_P, CT_TGENCOST, CT_TAREAGENCOST, CT_MODCOST_F, ...
    CT_MODCOST_X] = idx_ct;

loadprofile = struct( ...
    'type', 'mpcData', ...
    'table', CT_TAREALOAD, ...
    'rows', [1:11], ...
    'col', CT_LOAD_ALL_P, ...
    'chgtype', 1, ...
    'values', [] );
loadprofile.values(:,1,:) = [
	1494.525 947.0783 1633.8058 543.0122 842.3 1202.1976 928.6006 262.4391 564.4128 5022.9175 1963.3142;
	1492.4368 938.4925 1629.7029 544.0 827.5313 1185.2961 910.5092 254.321 537.287 4718.4398 1890.0818;
	1482.776 927.5554 1612.4601 501.2632 794.8868 1182.4648 901.0426 256.0 530.9 4653.2062 1866.1058;
	1479.8 933.9437 1637.1679 533.4042 803.4 1201.5011 920.3 260.6424 556.1 4750.7967 1882.8365;
	1520.5529 968.2349 1711.0 560.5 861.1694 1275.7746 954.8147 274.8148 571.2644 4826.2772 1960.7936;
	1566.955 1026.572 1771.2 608.6733 926.217 1298.4351 1008.0691 315.3236 588.2 5036.0419 2006.4281;
	1678.6116 1082.1922 1798.5118 615.6462 962.8896 1380.3956 1058.1214 335.8 618.3976 5280.0222 2121.9043;
	1694.9822 1090.6025 1865.2 624.1303 1010.97 1457.1351 1101.6 380.6333 652.1832 5378.2104 2215.6192;
	1699.3084 1090.867 1874.2904 620.4121 1030.6931 1491.9571 1115.9471 384.8629 663.86 5635.8294 2230.132;
	1739.6157 1105.884 1829.6573 607.8282 1004.1498 1481.632 1156.354 384.0455 674.9 5596.4574 2232.8984;
	1831.0593 1139.6358 1831.2971 613.376 1022.471 1525.9873 1208.151 414.2922 686.6219 5922.5021 2416.3529;
	1794.9479 1117.1169 1784.7118 611.3324 984.3 1464.2433 1179.5837 410.0164 658.4235 6022.7635 2406.9024;
	1762.2 1112.1175 1780.4039 601.6991 966.9315 1413.5082 1154.2657 426.5831 684.6918 6272.1249 2425.2683;
	1772.72 1106.9018 1784.596 586.3038 972.7736 1335.584 1104.9753 393.7505 662.6 5828.8303 2292.4771;
	1745.7575 1111.7 1755.4908 581.4772 972.2159 1345.7379 1071.5116 393.3876 650.8654 5757.495 2246.9044;
	1858.5439 1154.2756 1797.5314 589.4308 966.6671 1349.943 1086.9951 366.6813 664.8303 5633.7997 2262.7367;
	1934.9708 1191.9241 1868.1309 590.5561 1021.8742 1409.1924 1101.8261 364.9773 680.2707 5683.0382 2398.7999;
	1902.7577 1191.0647 1902.826 605.6811 1054.2615 1425.5517 1172.4577 385.3903 722.4 5767.2194 2556.7249;
	1916.5983 1205.7613 1902.2275 611.2784 1068.9856 1484.1533 1174.1037 397.5836 753.0765 5764.2016 2610.614;
	1835.1018 1139.4759 1826.5188 577.0184 986.937 1404.5 1105.2767 366.607 694.3453 5560.2819 2434.2143;
	1780.564 1074.9276 1727.4264 546.5 910.0409 1322.4277 1035.8266 340.2098 666.9023 5361.783 2281.3533;
	1719.4652 1031.9898 1638.8606 531.3 834.8042 1225.1175 945.3 308.9 602.877 5145.6205 2116.4957;
	1711.7183 960.9549 1588.3164 543.1309 791.3959 1088.8774 897.0173 262.7295 591.711 4806.7861 1958.354;
	1594.2221 946.3129 1607.8636 528.9241 772.8605 1122.931 907.1103 270.9552 590.4674 4840.3387 1933.7033;
];
