function solarprofile = ex_solar_profilesh1
%EX_WIND_PROFILE_D  Example wind_load_nyiso profile data for deterministic unit commitment.
% 2022.03.12
% Andres F. Ramirez


%% define constants
[GEN_BUS, PG, QG, QMAX, QMIN, VG, MBASE, GEN_STATUS, PMAX, PMIN, ...
    MU_PMAX, MU_PMIN, MU_QMAX, MU_QMIN, PC1, PC2, QC1MIN, QC1MAX, ...
    QC2MIN, QC2MAX, RAMP_AGC, RAMP_10, RAMP_30, RAMP_Q, APF] = idx_gen;
[CT_LABEL, CT_PROB, CT_TABLE, CT_TBUS, CT_TGEN, CT_TBRCH, CT_TAREABUS, ...
    CT_TAREAGEN, CT_TAREABRCH, CT_ROW, CT_COL, CT_CHGTYPE, CT_REP, ...
    CT_REL, CT_ADD, CT_NEWVAL, CT_TLOAD, CT_TAREALOAD, CT_LOAD_ALL_PQ, ...
    CT_LOAD_FIX_PQ, CT_LOAD_DIS_PQ, CT_LOAD_ALL_P, CT_LOAD_FIX_P, ...
    CT_LOAD_DIS_P, CT_TGENCOST, CT_TAREAGENCOST, CT_MODCOST_F, ...
    CT_MODCOST_X] = idx_ct;

solarprofile = struct( ...
    'type', 'mpcData', ...
    'table', CT_TGEN, ...
    'rows', [1:12], ...
    'col', PMAX, ...
    'chgtype', 1, ...
    'values', [] );
solarprofile.values(:,1,:) = [
	0.0 0.0 0.0 0.0 0.0 0.0 0.0 0.0 0.0 0.0 0.0 0.0;
	0.0 0.0 0.0 0.0 0.0 0.0 0.0 0.0 0.0 0.0 0.0 0.0;
	0.0 0.0 0.0 0.0 0.0 0.0 0.0 0.0 0.0 0.0 0.0 0.0;
	0.0 0.0 0.0 0.0 0.0 0.0 0.0 0.0 0.0 0.0 0.0 0.0;
	0.0 0.0 0.0 0.0 0.0 0.0 0.0 0.0 0.0 0.0 0.0 0.0;
	0.0 0.0 0.0 0.0 0.0 0.0 0.0 0.0 0.0 0.0 0.0 0.0;
	0.5919 0.3369 0.1789 0.7562 0.8222 38.6862 4.8358 1.3631 10.5271 13.071 4.9205 23.6716;
	1.1949 0.8867 0.6538 1.0153 1.4581 13.9651 1.7456 0.0 12.6875 22.0344 6.3833 39.9044;
	1.5527 1.2205 1.0874 1.0791 1.8641 12.7928 1.5991 0.0 14.9079 30.0591 11.3621 54.4373;
	3.8964 2.4562 2.1947 1.4543 3.6493 40.9012 5.1126 1.7403 48.8326 43.7521 32.0705 79.2354;
	3.3843 2.3049 1.7838 1.4476 4.4632 61.082 7.6352 1.9533 36.5424 51.4659 40.0586 93.2051;
	3.0416 2.2267 1.3888 1.6723 5.2348 54.1832 6.7729 1.4227 27.3841 46.5767 40.7847 84.3507;
	5.0005 4.9786 3.0855 4.3093 7.0538 41.4495 5.1812 3.0511 33.2839 64.0661 46.504 116.0241;
	4.9446 4.6345 3.5805 5.2236 7.1663 24.42 3.0525 3.5624 50.0972 65.2358 41.2595 118.1424;
	4.1711 3.2997 3.5734 5.3571 7.2749 26.0747 3.2593 5.5816 73.4169 58.4204 33.5054 105.7997;
	2.4824 1.4485 1.7101 1.8361 3.9263 23.082 2.8853 7.4994 87.3252 37.6286 19.935 68.1456;
	0.2546 0.2189 0.1521 0.4393 1.1684 28.5705 3.5713 7.3609 26.3628 18.5836 10.541 33.655;
	0.0 0.0 0.0 0.0 0.0 0.0 0.0 0.0 0.0 0.0 0.0 0.0;
	0.0 0.0 0.0 0.0 0.0 0.0 0.0 0.0 0.0 0.0 0.0 0.0;
	0.0 0.0 0.0 0.0 0.0 0.0 0.0 0.0 0.0 0.0 0.0 0.0;
	0.0 0.0 0.0 0.0 0.0 0.0 0.0 0.0 0.0 0.0 0.0 0.0;
	0.0 0.0 0.0 0.0 0.0 0.0 0.0 0.0 0.0 0.0 0.0 0.0;
	0.0 0.0 0.0 0.0 0.0 0.0 0.0 0.0 0.0 0.0 0.0 0.0;
	0.0 0.0 0.0 0.0 0.0 0.0 0.0 0.0 0.0 0.0 0.0 0.0;
];
