function solarprofile = ex_solar_profilesh1
%EX_WIND_PROFILE_D  Example wind_load_nyiso profile data for deterministic unit commitment.
% 2022.03.12
% Andres F. Ramirez


%% define constants
[GEN_BUS, PG, QG, QMAX, QMIN, VG, MBASE, GEN_STATUS, PMAX, PMIN, ...
    MU_PMAX, MU_PMIN, MU_QMAX, MU_QMIN, PC1, PC2, QC1MIN, QC1MAX, ...
    QC2MIN, QC2MAX, RAMP_AGC, RAMP_10, RAMP_30, RAMP_Q, APF] = idx_gen;
[CT_LABEL, CT_PROB, CT_TABLE, CT_TBUS, CT_TGEN, CT_TBRCH, CT_TAREABUS, ...
    CT_TAREAGEN, CT_TAREABRCH, CT_ROW, CT_COL, CT_CHGTYPE, CT_REP, ...
    CT_REL, CT_ADD, CT_NEWVAL, CT_TLOAD, CT_TAREALOAD, CT_LOAD_ALL_PQ, ...
    CT_LOAD_FIX_PQ, CT_LOAD_DIS_PQ, CT_LOAD_ALL_P, CT_LOAD_FIX_P, ...
    CT_LOAD_DIS_P, CT_TGENCOST, CT_TAREAGENCOST, CT_MODCOST_F, ...
    CT_MODCOST_X] = idx_ct;

solarprofile = struct( ...
    'type', 'mpcData', ...
    'table', CT_TGEN, ...
    'rows', [1:12], ...
    'col', PMAX, ...
    'chgtype', 1, ...
    'values', [] );
solarprofile.values(:,1,:) = [
	0.0 0.0 0.0 0.0 0.0 0.0 0.0 0.0 0.0 0.0 0.0 0.0;
	0.0 0.0 0.0 0.0 0.0 0.0 0.0 0.0 0.0 0.0 0.0 0.0;
	0.0 0.0 0.0 0.0 0.0 0.0 0.0 0.0 0.0 0.0 0.0 0.0;
	0.0 0.0 0.0 0.0 0.0 0.0 0.0 0.0 0.0 0.0 0.0 0.0;
	0.0 0.0 0.0 0.0 0.0 0.0 0.0 0.0 0.0 0.0 0.0 0.0;
	0.0062 0.0 0.0145 0.0 0.0 0.0 0.0 0.0 0.0 0.0 0.0 0.0;
	0.1977 0.0 0.1594 0.553 0.846 1.2683 0.1585 3.3298 3.095 11.9999 5.3033 21.7319;
	0.2078 0.0 0.193 0.7822 2.0513 15.0379 1.8797 4.3514 14.9205 47.9267 13.6238 86.7956;
	0.5959 0.2539 0.5293 1.1575 3.3876 28.9554 3.6194 9.0558 28.3773 121.3431 25.4917 219.7531;
	2.3038 1.1802 1.8823 1.9809 4.2626 94.9531 11.8691 26.7359 100.9879 111.05 30.7024 201.1122;
	1.7915 0.7809 1.1762 2.0691 3.4234 106.5994 13.3249 23.5689 116.7673 78.6202 32.663 142.3817;
	1.6043 0.821 0.9632 1.9184 2.5247 104.1072 13.0134 20.7093 119.0692 70.1114 29.0062 126.9722;
	5.4531 3.9605 2.8209 2.4241 3.1862 129.8053 16.2257 42.9952 107.8012 101.2438 29.0918 183.3532;
	6.4451 4.6337 3.1288 1.9455 3.4187 92.4469 11.5559 37.3309 85.7603 84.1234 22.5937 152.348;
	4.0563 3.3295 2.4129 1.7514 3.7362 62.4865 7.8108 25.2136 58.871 63.1724 18.0371 114.4056;
	1.2662 1.1139 1.1704 0.7891 1.562 21.9611 2.7451 3.5804 15.7223 29.4372 18.272 53.3109;
	0.2415 0.2168 0.1471 0.4463 0.6274 28.8893 3.6112 6.1431 22.7325 19.1689 13.1299 34.715;
	0.0 0.0 0.0 0.0 0.0 0.0 0.0 0.0 0.0 0.0 0.0 0.0;
	0.0 0.0 0.0 0.0 0.0 0.0 0.0 0.0 0.0 0.0 0.0 0.0;
	0.0 0.0 0.0 0.0 0.0 0.0 0.0 0.0 0.0 0.0 0.0 0.0;
	0.0 0.0 0.0 0.0 0.0 0.0 0.0 0.0 0.0 0.0 0.0 0.0;
	0.0 0.0 0.0 0.0 0.0 0.0 0.0 0.0 0.0 0.0 0.0 0.0;
	0.0 0.0 0.0 0.0 0.0 0.0 0.0 0.0 0.0 0.0 0.0 0.0;
	0.0 0.0 0.0 0.0 0.0 0.0 0.0 0.0 0.0 0.0 0.0 0.0;
];
