function solarprofile = ex_solar_profilesh1
%EX_WIND_PROFILE_D  Example wind_load_nyiso profile data for deterministic unit commitment.
% 2022.03.12
% Andres F. Ramirez


%% define constants
[GEN_BUS, PG, QG, QMAX, QMIN, VG, MBASE, GEN_STATUS, PMAX, PMIN, ...
    MU_PMAX, MU_PMIN, MU_QMAX, MU_QMIN, PC1, PC2, QC1MIN, QC1MAX, ...
    QC2MIN, QC2MAX, RAMP_AGC, RAMP_10, RAMP_30, RAMP_Q, APF] = idx_gen;
[CT_LABEL, CT_PROB, CT_TABLE, CT_TBUS, CT_TGEN, CT_TBRCH, CT_TAREABUS, ...
    CT_TAREAGEN, CT_TAREABRCH, CT_ROW, CT_COL, CT_CHGTYPE, CT_REP, ...
    CT_REL, CT_ADD, CT_NEWVAL, CT_TLOAD, CT_TAREALOAD, CT_LOAD_ALL_PQ, ...
    CT_LOAD_FIX_PQ, CT_LOAD_DIS_PQ, CT_LOAD_ALL_P, CT_LOAD_FIX_P, ...
    CT_LOAD_DIS_P, CT_TGENCOST, CT_TAREAGENCOST, CT_MODCOST_F, ...
    CT_MODCOST_X] = idx_ct;

solarprofile = struct( ...
    'type', 'mpcData', ...
    'table', CT_TGEN, ...
    'rows', [1:12], ...
    'col', PMAX, ...
    'chgtype', 1, ...
    'values', [] );
solarprofile.values(:,1,:) = [
	0.0 0.0 0.0 0.0 0.0 0.0 0.0 0.0 0.0 0.0 0.0 0.0;
	0.0 0.0 0.0 0.0 0.0 0.0 0.0 0.0 0.0 0.0 0.0 0.0;
	0.0 0.0 0.0 0.0 0.0 0.0 0.0 0.0 0.0 0.0 0.0 0.0;
	0.0 0.0 0.0 0.0 0.0 0.0 0.0 0.0 0.0 0.0 0.0 0.0;
	0.0 0.0 0.0 0.0 0.0 0.0 0.0 0.0 0.0 0.0 0.0 0.0;
	0.0 0.0 0.0 0.0 0.0 0.0 0.0 0.0 0.0 0.0 0.0 0.0;
	0.5989 0.3649 0.1585 0.484 1.1151 18.6882 2.336 1.8201 10.0038 11.4865 5.3946 20.8022;
	1.0967 1.0008 0.6325 1.3888 1.0547 26.8345 3.3543 7.7977 23.589 18.4556 8.9057 33.4232;
	1.1737 1.1576 0.9105 2.3707 1.2214 23.9282 2.991 9.1215 30.972 26.4042 10.1682 47.8182;
	1.4374 1.1311 1.0464 2.5817 1.7591 10.3462 1.2933 5.2147 44.6794 28.432 6.8203 51.4905;
	1.379 0.798 0.7001 2.2121 2.1252 1.9867 0.2483 5.6626 32.8621 39.8179 11.6904 72.1104;
	1.435 0.7349 0.6556 1.9122 2.3073 9.3493 1.1687 6.1787 28.8746 45.393 17.5848 82.207;
	1.9295 1.4393 1.5317 2.5121 3.4196 81.525 10.1906 17.1443 40.0783 61.1814 30.4921 110.7999;
	1.6044 1.6619 2.0755 2.0865 3.5001 59.229 7.4036 14.8167 37.7541 55.7716 26.6598 101.0027;
	1.1876 1.4687 1.817 1.4781 3.775 37.7316 4.7165 10.2468 24.6291 42.5666 18.9157 77.0883;
	1.244 1.3901 1.8019 0.4264 2.3944 14.5368 1.8171 6.4188 8.1365 32.3032 15.9314 58.5012;
	0.3181 0.4341 0.3548 0.3798 0.734 33.6973 4.2122 9.0531 22.2829 20.4448 11.2307 37.0257;
	0.0 0.0 0.0 0.0 0.0 0.0 0.0 0.0 0.0 0.0 0.0 0.0;
	0.0 0.0 0.0 0.0 0.0 0.0 0.0 0.0 0.0 0.0 0.0 0.0;
	0.0 0.0 0.0 0.0 0.0 0.0 0.0 0.0 0.0 0.0 0.0 0.0;
	0.0 0.0 0.0 0.0 0.0 0.0 0.0 0.0 0.0 0.0 0.0 0.0;
	0.0 0.0 0.0 0.0 0.0 0.0 0.0 0.0 0.0 0.0 0.0 0.0;
	0.0 0.0 0.0 0.0 0.0 0.0 0.0 0.0 0.0 0.0 0.0 0.0;
	0.0 0.0 0.0 0.0 0.0 0.0 0.0 0.0 0.0 0.0 0.0 0.0;
];
