function windprofile = ex_wind_profilesh1
%EX_WIND_PROFILE_D  Example wind_load_nyiso profile data for deterministic unit commitment.
% 2022.03.12
% Andres F. Ramirez


%% define constants
[GEN_BUS, PG, QG, QMAX, QMIN, VG, MBASE, GEN_STATUS, PMAX, PMIN, ...
    MU_PMAX, MU_PMIN, MU_QMAX, MU_QMIN, PC1, PC2, QC1MIN, QC1MAX, ...
    QC2MIN, QC2MAX, RAMP_AGC, RAMP_10, RAMP_30, RAMP_Q, APF] = idx_gen;
[CT_LABEL, CT_PROB, CT_TABLE, CT_TBUS, CT_TGEN, CT_TBRCH, CT_TAREABUS, ...
    CT_TAREAGEN, CT_TAREABRCH, CT_ROW, CT_COL, CT_CHGTYPE, CT_REP, ...
    CT_REL, CT_ADD, CT_NEWVAL, CT_TLOAD, CT_TAREALOAD, CT_LOAD_ALL_PQ, ...
    CT_LOAD_FIX_PQ, CT_LOAD_DIS_PQ, CT_LOAD_ALL_P, CT_LOAD_FIX_P, ...
    CT_LOAD_DIS_P, CT_TGENCOST, CT_TAREAGENCOST, CT_MODCOST_F, ...
    CT_MODCOST_X] = idx_ct;

windprofile = struct( ...
    'type', 'mpcData', ...
    'table', CT_TGEN, ...
    'rows', [1:45], ...
    'col', PMAX, ...
    'chgtype', 1, ...
    'values', [] );
windprofile.values(:,1,:) = [
	3.7435 50.5825 77.663 105.3215 14.8319 32.0166 31.9599 6.8353 27.7885 10.8964 20.1418 30.0476 45.2365 44.6214 186.314 70.1927 87.0909 92.2904 90.0091 71.1185 10.6533 74.7054 9.3999 27.3215 32.6167 22.8832 4.2052 1243.1007 830.2625 830.2625 687.8119 75.5072 300.0304 183.0593 139.8941 354.2453 1253.1674 194.486 477.9338 87.3662 116.2536 355.1708 200.9603 102.122 1266.2212;
	3.206 43.3197 73.4042 40.2616 15.1293 28.5268 31.6934 7.3338 10.3398 11.0414 20.4099 30.4475 45.8386 40.4003 189.3549 71.3384 88.5124 93.7967 89.8154 70.0871 10.5645 66.5625 5.7865 29.8909 34.3056 24.9059 5.1595 1268.3177 836.0369 836.0369 711.0832 77.5535 299.3847 180.4045 126.6605 356.7091 1309.3669 193.598 479.2031 91.8901 121.0435 316.457 206.4844 85.9481 1323.0061;
	3.1639 42.7518 87.344 42.9837 15.2551 24.1126 31.6156 6.7659 9.4693 10.2843 19.0104 28.3598 42.6956 37.7178 192.3329 72.4603 89.9045 95.2719 87.226 61.3182 10.5385 56.2627 20.1141 35.564 33.2611 27.3301 5.9138 1261.2062 829.9822 829.9822 744.5324 94.3172 290.7533 157.8332 118.2505 354.1258 1288.2762 198.2347 478.8971 89.0921 42.2103 267.4891 209.9052 132.2541 1301.6958;
	3.5838 48.4254 87.4145 43.9427 15.2715 15.2662 31.7517 7.6374 11.5827 10.682 19.7455 29.4564 44.3464 26.3596 191.3856 72.1034 89.4617 94.8027 80.0638 62.0841 10.5839 35.6212 26.7391 37.9284 34.3573 29.6147 5.3357 1281.8559 829.5594 829.5594 757.6249 98.7661 266.8792 159.8045 82.641 353.9453 1289.4793 218.3861 479.7402 92.0286 43.0347 169.3533 212.8439 120.6929 1302.9114;
	3.7066 50.085 84.3731 40.465 15.0297 22.4137 30.6696 7.0611 11.3258 9.359 17.3 25.8082 38.8542 26.6286 170.3207 64.1673 79.615 84.3681 85.4855 65.6603 10.2232 52.2985 0.9341 31.7014 38.9719 56.8469 5.3895 1223.1092 829.4158 829.4158 776.7997 99.1439 284.9516 169.0098 83.4843 353.8841 1271.469 229.9829 476.0033 104.3889 41.3611 248.6422 208.1345 196.9911 1284.7135;
	3.6869 49.8179 94.2738 110.5398 14.9596 33.5665 30.7275 7.3555 10.8765 10.1909 18.8377 28.1022 42.3077 24.3086 186.2789 70.1795 87.0745 92.273 87.6863 65.4662 10.2425 78.3219 0.4401 33.4186 52.6973 60.1219 5.3629 1146.8962 792.9706 792.9706 741.3074 104.339 292.2876 168.5102 76.2107 338.3341 1195.1537 227.6189 469.2404 141.1536 74.1491 372.3646 211.5959 248.8171 1207.6032;
	3.8125 51.5147 93.0579 116.3076 14.8541 34.9474 31.4002 12.3554 9.9486 11.9655 22.1181 32.9959 49.6751 36.6872 191.7727 72.2493 89.6426 94.9944 77.6426 71.2651 10.4667 81.544 25.4501 53.1087 99.123 73.0222 11.9538 1172.1348 818.5569 818.5569 801.3237 110.1378 258.8085 183.4365 115.0194 349.251 1272.4352 290.686 471.8522 265.508 110.061 387.6833 215.0442 266.0821 1285.6897;
	3.6398 49.1819 92.3812 117.9638 14.632 34.5239 31.3339 18.9193 10.1248 11.2727 20.8373 31.0852 46.7986 59.3874 190.1598 71.6416 88.8886 94.1954 83.5013 65.1047 10.4446 80.5558 27.2944 60.7311 104.5338 71.8863 14.0439 1086.1817 812.0319 812.0319 777.0219 114.0872 278.3375 167.5796 186.1875 346.467 1242.9058 309.1011 467.9496 280.0011 116.9652 382.9854 207.295 267.0864 1255.8527;
	3.697 49.9542 92.506 115.9169 15.2015 34.1283 29.356 18.4922 5.2021 11.8436 21.8928 32.6597 49.169 59.4249 195.391 73.6124 91.3339 96.7867 53.0252 68.7913 9.7853 79.6327 30.7542 88.4492 103.8963 72.0671 13.9161 824.2323 811.1766 811.1766 770.2471 112.4041 176.7506 177.0691 186.3051 346.102 1218.6606 316.3058 456.6454 278.2936 121.1678 378.5964 208.1815 267.7863 1231.355;
	3.6521 49.3481 93.3176 119.6449 14.7742 33.7254 28.0615 18.6093 18.2299 12.196 22.5441 33.6314 50.6319 59.5901 184.6312 69.5587 86.3043 91.4568 51.5599 62.4837 9.3538 78.6927 28.5359 89.4114 104.322 70.4241 13.6929 614.0328 804.5502 804.5502 737.2806 98.688 171.8664 160.8332 186.8229 343.2748 1081.1181 264.271 462.2244 279.4338 119.7773 374.1274 210.0165 270.0253 1092.3797;
	3.7137 50.1808 91.579 117.0617 14.7378 34.0915 28.9395 18.2876 26.5529 18.8633 34.8685 52.0169 78.3111 68.987 197.1678 74.2818 92.1645 97.6668 41.419 67.7065 9.6465 79.5467 33.1434 87.7639 102.299 70.5113 13.5002 426.0725 776.8707 776.8707 704.3777 88.7416 138.0634 174.2767 216.2836 331.4648 919.717 255.1108 452.4794 274.0152 116.04 378.1879 204.8182 258.5789 929.2974;
	3.1716 42.855 88.4596 115.7838 15.1477 31.9421 27.4228 18.1653 27.2387 20.3426 37.6029 56.0962 84.4525 64.6658 192.3768 72.4768 89.925 95.2936 53.2792 62.369 9.1409 74.5316 36.9161 85.5297 97.105 71.2167 12.9993 317.1647 768.9157 768.9157 713.7669 95.024 177.5973 160.538 202.7359 328.0707 780.5744 244.0412 442.2905 260.1028 116.4306 354.3445 192.1138 257.2938 788.7054;
	1.9507 26.3579 87.0421 111.4516 14.9407 21.275 22.3495 18.4012 27.4798 28.0354 51.823 77.3098 116.3895 67.2698 192.8289 72.6472 90.1363 95.5176 91.0985 64.1391 7.4498 49.6417 66.2295 82.6488 96.5824 71.2332 13.6358 294.9727 681.2865 681.2865 666.6221 96.3162 303.6616 165.0942 210.9 290.6823 669.0118 235.5308 435.4821 258.7029 118.7462 236.0108 169.6 254.3333 675.9807;
	2.1481 29.0254 86.6251 110.6573 14.6115 12.9421 24.0034 17.8787 28.0989 30.8994 57.1171 85.2075 128.2794 65.4273 196.9017 74.1816 92.0401 97.535 91.4516 68.9398 8.0011 30.1983 75.0398 82.4983 96.9836 71.4779 13.3382 301.7788 597.7731 597.7731 629.2049 98.2161 304.8387 177.4512 205.1234 255.0498 487.6911 219.1678 447.0459 259.7776 119.3765 143.5713 131.2122 256.6474 492.7713;
	2.3227 31.3851 89.1091 114.9112 13.5721 8.5667 19.9382 18.7561 28.0035 30.2431 55.9039 83.3976 125.5546 64.6294 202.2581 76.1996 94.5439 100.1883 90.3569 70.7524 6.6461 19.9891 75.2491 85.978 100.3004 72.2843 13.8971 416.1589 459.9301 459.9301 444.0224 90.2676 301.1898 182.1167 202.6218 196.2368 413.5856 198.5374 442.5288 268.6617 120.3824 95.0337 118.6477 259.7502 417.8938;
	3.5121 47.4557 88.5681 84.847 14.7792 27.0896 13.8229 18.5543 22.4838 30.3137 56.0344 83.5923 125.8478 55.7946 198.309 74.7118 92.6979 98.2321 87.8841 69.6539 4.6076 63.2091 72.2914 86.3025 98.2344 71.6737 13.75 456.9899 457.5609 457.5609 389.846 51.624 292.9469 179.2893 174.9235 195.226 455.4927 172.0992 425.098 263.1279 117.6327 300.514 82.1703 263.9034 460.2374;
	3.3942 45.8632 89.7749 64.3714 15.3041 32.5947 13.1183 18.6685 27.2402 29.2836 54.1302 80.7516 121.5711 59.3358 196.5687 74.0561 91.8844 97.3701 91.3052 69.1067 4.3728 76.0543 73.452 86.1201 103.2166 72.2153 13.4149 536.1292 561.669 561.669 446.1116 30.3245 304.3508 177.8809 186.0258 239.6455 585.7768 132.9395 166.3894 276.473 116.7576 361.5838 111.6405 263.9018 591.8786;
	3.6172 48.8764 89.7672 63.6286 15.035 31.9206 25.3798 18.9573 25.9816 13.7185 25.3584 37.8298 56.9525 60.9111 186.1811 70.1426 87.0288 92.2246 77.7562 71.0574 8.4599 74.4814 52.1125 86.0976 102.0507 72.5778 13.3863 622.8457 550.9917 550.9917 390.0791 28.5361 259.1874 182.9021 190.9646 235.0898 729.665 83.2117 373.7208 273.35 119.1368 354.1061 109.3557 257.3992 737.2657;
