function windprofile = ex_wind_profilesh1
%EX_WIND_PROFILE_D  Example wind_load_nyiso profile data for deterministic unit commitment.
% 2022.03.12
% Andres F. Ramirez


%% define constants
[GEN_BUS, PG, QG, QMAX, QMIN, VG, MBASE, GEN_STATUS, PMAX, PMIN, ...
    MU_PMAX, MU_PMIN, MU_QMAX, MU_QMIN, PC1, PC2, QC1MIN, QC1MAX, ...
    QC2MIN, QC2MAX, RAMP_AGC, RAMP_10, RAMP_30, RAMP_Q, APF] = idx_gen;
[CT_LABEL, CT_PROB, CT_TABLE, CT_TBUS, CT_TGEN, CT_TBRCH, CT_TAREABUS, ...
    CT_TAREAGEN, CT_TAREABRCH, CT_ROW, CT_COL, CT_CHGTYPE, CT_REP, ...
    CT_REL, CT_ADD, CT_NEWVAL, CT_TLOAD, CT_TAREALOAD, CT_LOAD_ALL_PQ, ...
    CT_LOAD_FIX_PQ, CT_LOAD_DIS_PQ, CT_LOAD_ALL_P, CT_LOAD_FIX_P, ...
    CT_LOAD_DIS_P, CT_TGENCOST, CT_TAREAGENCOST, CT_MODCOST_F, ...
    CT_MODCOST_X] = idx_ct;

windprofile = struct( ...
    'type', 'mpcData', ...
    'table', CT_TGEN, ...
    'rows', [1:45], ...
    'col', PMAX, ...
    'chgtype', 1, ...
    'values', [] );
windprofile.values(:,1,:) = [
	3.878 52.4008 83.8063 112.1197 14.8776 35.6829 31.0938 7.4358 26.6258 12.0119 22.2038 33.1237 49.8675 42.2395 186.2086 70.153 87.0417 92.2382 90.6938 69.0997 10.3646 83.26 30.7254 32.9122 42.2027 27.4921 5.4795 1280.3765 806.2476 806.2476 639.6552 88.7861 302.3127 177.8629 132.4264 343.999 1253.1463 207.1054 454.0496 113.043 117.1384 395.842 202.3344 108.4837 1266.1999;
	3.2612 44.066 78.956 44.8728 15.0888 29.9667 30.5356 7.6127 8.4288 11.5049 21.2666 31.7255 47.7626 40.8426 198.3427 74.7245 92.7137 98.2488 92.1786 72.2989 10.1785 69.9223 23.1966 34.0988 38.632 29.2292 6.0813 1311.426 800.7452 800.7452 648.0237 79.0015 307.2619 186.0975 128.0471 341.6513 1278.4607 190.5212 457.5189 103.4786 121.2372 332.4308 207.0953 96.9694 1291.778;
	3.237 43.7393 91.2854 52.2789 15.1382 25.6522 31.0716 7.0251 3.025 11.4596 21.1828 31.6006 47.5745 37.9031 202.6075 76.3312 94.7072 100.3614 92.5608 67.4296 10.3572 59.8551 19.6721 38.9139 39.5329 30.1452 6.6079 1259.2053 799.0148 799.0148 677.4036 89.2399 308.5361 173.5639 118.8314 340.913 1247.9152 196.2672 451.7134 105.8917 39.3923 284.5681 213.5718 138.7396 1260.9143;
	3.438 46.4548 86.5202 49.4963 14.5901 14.6163 31.5368 7.4358 7.6753 10.6787 19.7394 29.4473 44.3328 25.9164 199.3095 75.0887 93.1656 98.7277 87.2185 66.3541 10.5123 34.1048 17.6226 35.0492 35.3513 29.7163 6.0808 1270.8422 809.1638 809.1638 640.5661 91.5926 290.7284 170.7956 81.2513 345.2432 1243.6531 208.0743 444.8581 94.6909 37.9975 162.1438 208.1714 118.4463 1256.6078;
	3.7415 50.5562 84.0698 43.3371 14.8664 22.3672 32.0627 7.7099 10.1053 9.804 18.1225 27.0353 40.7014 30.5381 197.7724 74.5096 92.4471 97.9663 90.4905 69.8938 10.6876 52.1902 0.0705 31.1122 40.2338 65.1528 6.2932 1268.8822 827.6314 827.6314 732.7413 101.1444 301.6351 179.9068 95.7411 353.1227 1270.1599 228.0051 453.9068 107.7692 39.832 248.127 205.1078 199.9629 1283.3908;
	3.6394 49.1761 92.4407 115.0003 14.8414 33.6136 31.4523 7.4033 8.5296 11.7348 21.6916 32.3596 48.7172 28.5195 200.8404 75.6655 93.8812 99.4861 90.8888 71.2361 10.4841 78.4316 2.1407 35.4683 54.6751 69.9334 5.8829 1166.4698 748.3314 748.3314 682.4608 105.5682 302.9626 183.362 89.4124 319.2881 1199.6263 226.3193 460.4132 146.4513 76.4628 372.8863 203.7617 240.6421 1212.1224;
	3.8183 51.5934 92.72 120.2305 15.0909 34.8057 31.633 11.4729 11.0136 12.2273 22.602 33.7177 50.7619 36.2498 194.64 73.3295 90.9829 96.4147 79.2129 71.7675 10.5443 81.2134 25.8669 55.9308 104.6946 75.2659 11.6048 1117.0063 738.4228 738.4228 625.7691 104.3167 264.0429 184.7298 113.6479 315.0604 1229.9143 251.9055 465.5454 280.432 112.114 386.1117 210.4873 276.4665 1242.7259;
	3.7832 51.1187 92.3816 118.1983 15.0535 34.366 30.4143 18.5619 10.3941 11.6586 21.5507 32.1495 48.4008 61.0109 199.8518 75.293 93.4191 98.9964 83.6867 60.0722 10.1381 80.1873 26.6012 61.2316 105.576 74.2791 13.8351 1102.3824 781.8842 781.8842 666.6036 106.3389 278.9555 154.626 191.2774 333.6039 1252.6959 249.1051 463.5926 282.7929 121.8178 381.2332 208.5867 276.214 1265.7448;
	3.7203 50.2695 92.5607 118.1282 14.9185 34.8489 30.0057 17.9768 9.5505 11.67 21.5719 32.181 48.4483 62.2196 196.958 74.2028 92.0664 97.5629 48.5982 62.6763 10.0019 81.3141 26.9339 86.0281 103.2795 71.3272 13.4454 832.3176 822.4883 822.4883 739.7845 110.5235 161.9941 161.3288 195.0669 350.9283 1245.4689 274.4726 445.3614 276.6416 121.901 386.5906 213.4962 267.9008 1258.4425;
	2.3099 31.2112 89.0928 116.2747 14.5437 32.8898 28.8561 17.8293 14.2796 9.7084 17.9459 26.7717 40.3047 55.1898 189.8998 71.5436 88.7671 94.0666 43.211 54.6263 9.6187 76.7428 21.1434 87.8818 100.9936 69.4893 13.0138 613.8434 807.6251 807.6251 679.462 104.0548 144.0367 140.6083 173.0275 344.5867 1114.5753 236.8604 419.5027 270.5186 117.7617 364.8572 202.3754 261.0586 1126.1854;
	3.465 46.8199 88.8285 112.3636 14.2997 32.7552 30.3449 18.3081 26.1745 15.9903 29.5578 44.0944 66.3839 66.8388 196.9529 74.2009 92.064 97.5604 29.9782 64.5479 10.115 76.4288 18.186 85.2531 100.532 72.6482 13.6705 421.3997 728.4832 728.4832 647.8819 94.1069 99.9274 166.1465 209.5485 310.8195 874.6914 234.6526 434.5271 269.282 118.318 363.3642 197.96 260.6207 883.8027;
	2.0298 27.427 88.3806 115.5577 13.9681 29.831 28.0104 18.3434 25.9937 19.228 35.5427 53.0228 79.8255 63.6969 192.6294 72.572 90.043 95.4188 48.6082 59.7382 9.3368 69.6058 26.0359 83.9565 100.8371 73.8398 13.4116 296.8863 729.7931 729.7931 631.3506 97.5828 162.0274 153.7662 199.6983 311.3784 717.9687 226.9286 434.448 270.0994 121.6936 330.9257 173.0579 260.9902 725.4475;
	1.6214 21.9092 91.8604 115.3871 13.9499 18.3787 23.5072 18.9545 24.9215 27.4084 50.664 75.5807 113.7864 62.2943 189.3775 71.3469 88.523 93.8079 89.8918 61.4057 7.8357 42.8836 56.6656 86.4973 104.5352 72.0077 13.9101 288.8097 651.9191 651.9191 595.4124 103.7929 299.6394 158.0585 195.301 278.1521 643.6692 221.3424 378.6175 280.0049 122.8384 203.881 157.9469 270.4431 650.3741;
	1.9155 25.8821 90.9524 114.643 14.3222 12.3787 22.598 18.8382 25.9431 30.5733 56.5143 84.3082 126.9255 58.7587 192.0784 72.3644 89.7855 95.1458 87.9108 68.8872 7.5327 28.8837 72.3358 86.7416 104.2169 72.3386 13.8969 281.3601 589.8609 589.8609 563.4169 101.4031 293.0361 177.3159 184.2165 251.674 500.7933 200.3069 417.0468 279.1524 120.7073 137.3212 131.2376 261.6903 506.0098;
	1.7217 23.2634 91.1534 114.6709 11.696 5.4092 18.4768 19.0237 25.6342 29.3322 54.22 80.8856 121.7729 62.3113 198.7856 74.8913 92.9207 98.4682 87.7687 71.1687 6.1589 12.6215 70.9022 88.9123 105.8032 72.0868 14.1365 426.9202 483.4965 483.4965 420.2087 93.5079 292.5622 183.1884 195.3544 206.2918 445.3504 182.2905 403.0617 283.4013 121.4751 60.0062 109.688 256.6246 449.9894;
	2.8721 38.8081 91.3028 89.7909 14.1779 27.1349 14.7513 19.0335 20.7667 28.534 52.7447 78.6847 118.4594 54.0122 194.5231 73.2854 90.9282 96.3568 87.7277 68.594 4.9171 63.3147 66.4669 88.6409 105.8595 73.4141 13.9587 531.7277 526.5382 526.5382 416.298 52.9347 292.4258 176.561 169.3355 224.6563 533.3318 167.3502 419.3961 283.5522 121.6276 301.0162 81.7701 270.1094 538.8874;
	3.0418 41.102 87.7216 62.3074 14.0562 33.3802 13.9921 18.8893 25.8955 26.872 49.6724 74.1014 111.5593 62.498 190.8384 71.8972 89.2058 94.5316 86.9645 68.2443 4.664 77.8871 69.4693 87.492 104.6058 73.1653 13.9858 635.7751 603.4905 603.4905 437.9661 35.3537 289.8816 175.6609 195.9397 257.4893 657.8934 123.1551 173.6214 280.1942 121.9434 370.2974 114.5454 266.7358 664.7465;
	3.3622 45.4302 86.5444 54.407 13.9568 32.5775 27.5055 18.383 25.9294 12.4763 23.0622 34.4043 51.7955 63.5582 172.6534 65.0462 80.7054 85.5237 72.3692 68.3649 9.1685 76.0142 47.3057 86.2454 101.7842 70.855 13.4236 724.5182 620.2223 620.2223 375.346 32.5809 241.2305 175.9715 199.2636 264.6282 803.9669 77.0673 376.5657 272.6362 121.6706 361.3932 121.2206 258.3375 812.3416;
