function solarprofile = ex_solar_profilesh1
%EX_WIND_PROFILE_D  Example wind_load_nyiso profile data for deterministic unit commitment.
% 2022.03.12
% Andres F. Ramirez


%% define constants
[GEN_BUS, PG, QG, QMAX, QMIN, VG, MBASE, GEN_STATUS, PMAX, PMIN, ...
    MU_PMAX, MU_PMIN, MU_QMAX, MU_QMIN, PC1, PC2, QC1MIN, QC1MAX, ...
    QC2MIN, QC2MAX, RAMP_AGC, RAMP_10, RAMP_30, RAMP_Q, APF] = idx_gen;
[CT_LABEL, CT_PROB, CT_TABLE, CT_TBUS, CT_TGEN, CT_TBRCH, CT_TAREABUS, ...
    CT_TAREAGEN, CT_TAREABRCH, CT_ROW, CT_COL, CT_CHGTYPE, CT_REP, ...
    CT_REL, CT_ADD, CT_NEWVAL, CT_TLOAD, CT_TAREALOAD, CT_LOAD_ALL_PQ, ...
    CT_LOAD_FIX_PQ, CT_LOAD_DIS_PQ, CT_LOAD_ALL_P, CT_LOAD_FIX_P, ...
    CT_LOAD_DIS_P, CT_TGENCOST, CT_TAREAGENCOST, CT_MODCOST_F, ...
    CT_MODCOST_X] = idx_ct;

solarprofile = struct( ...
    'type', 'mpcData', ...
    'table', CT_TGEN, ...
    'rows', [1:12], ...
    'col', PMAX, ...
    'chgtype', 1, ...
    'values', [] );
solarprofile.values(:,1,:) = [
	0.0 0.0 0.0 0.0 0.0 0.0 0.0 0.0 0.0 0.0 0.0 0.0;
	0.0 0.0 0.0 0.0 0.0 0.0 0.0 0.0 0.0 0.0 0.0 0.0;
	0.0 0.0 0.0 0.0 0.0 0.0 0.0 0.0 0.0 0.0 0.0 0.0;
	0.0 0.0 0.0 0.0 0.0 0.0 0.0 0.0 0.0 0.0 0.0 0.0;
	0.0 0.0 0.0 0.0 0.0 0.0 0.0 0.0 0.0 0.0 0.0 0.0;
	0.0 0.0 0.0 0.0 0.0 0.0 0.0 0.0 0.0 0.0 0.0 0.0;
	0.0 0.0 0.0 0.4166 0.3547 187.8287 23.4786 15.5612 9.3284 11.9874 0.0 21.7092;
	0.0 0.3644 0.0151 0.9748 1.4568 119.8629 14.9829 17.2032 6.2933 180.0081 3.848 325.9958;
	0.4328 0.8051 0.4644 1.3066 3.0888 55.3907 6.9238 13.365 7.1317 246.9678 16.3102 447.2602;
	2.1993 2.2908 2.1594 1.1533 4.1992 41.8328 5.2291 6.3738 30.0092 58.5752 18.11 106.08;
	2.8927 2.6755 2.6516 0.8674 4.5351 56.7985 7.0998 6.0745 27.9038 52.9665 17.2905 95.9226;
	3.0593 2.9381 2.5752 0.7911 4.2143 68.9047 8.6131 5.6234 21.8507 61.9738 24.0696 112.235;
	3.4872 3.7347 2.4972 2.3151 2.9459 117.5718 14.6965 11.7309 37.4323 120.4527 52.6024 218.1405;
	2.7673 2.8616 2.1118 2.5922 2.1893 71.746 8.9683 8.4029 57.1872 104.9848 51.6814 190.1282;
	1.9755 2.1342 1.7358 2.2277 1.4737 49.8089 6.2261 5.7205 76.4214 62.05 35.771 112.373;
	1.6686 1.5829 1.6682 0.8917 0.391 33.6445 4.2056 2.5979 87.3369 13.7158 16.4998 24.8395;
	0.4996 0.3852 0.1907 0.412 0.5741 35.2281 4.4035 6.4869 26.3453 21.15 11.9605 38.3028;
	0.0 0.0 0.0 0.0 0.0 0.0 0.0 0.0 0.0 0.0 0.0 0.0;
	0.0 0.0 0.0 0.0 0.0 0.0 0.0 0.0 0.0 0.0 0.0 0.0;
	0.0 0.0 0.0 0.0 0.0 0.0 0.0 0.0 0.0 0.0 0.0 0.0;
	0.0 0.0 0.0 0.0 0.0 0.0 0.0 0.0 0.0 0.0 0.0 0.0;
	0.0 0.0 0.0 0.0 0.0 0.0 0.0 0.0 0.0 0.0 0.0 0.0;
	0.0 0.0 0.0 0.0 0.0 0.0 0.0 0.0 0.0 0.0 0.0 0.0;
	0.0 0.0 0.0 0.0 0.0 0.0 0.0 0.0 0.0 0.0 0.0 0.0;
];
