function windprofile = ex_wind_profilesh1
%EX_WIND_PROFILE_D  Example wind_load_nyiso profile data for deterministic unit commitment.
% 2022.03.12
% Andres F. Ramirez


%% define constants
[GEN_BUS, PG, QG, QMAX, QMIN, VG, MBASE, GEN_STATUS, PMAX, PMIN, ...
    MU_PMAX, MU_PMIN, MU_QMAX, MU_QMIN, PC1, PC2, QC1MIN, QC1MAX, ...
    QC2MIN, QC2MAX, RAMP_AGC, RAMP_10, RAMP_30, RAMP_Q, APF] = idx_gen;
[CT_LABEL, CT_PROB, CT_TABLE, CT_TBUS, CT_TGEN, CT_TBRCH, CT_TAREABUS, ...
    CT_TAREAGEN, CT_TAREABRCH, CT_ROW, CT_COL, CT_CHGTYPE, CT_REP, ...
    CT_REL, CT_ADD, CT_NEWVAL, CT_TLOAD, CT_TAREALOAD, CT_LOAD_ALL_PQ, ...
    CT_LOAD_FIX_PQ, CT_LOAD_DIS_PQ, CT_LOAD_ALL_P, CT_LOAD_FIX_P, ...
    CT_LOAD_DIS_P, CT_TGENCOST, CT_TAREAGENCOST, CT_MODCOST_F, ...
    CT_MODCOST_X] = idx_ct;

windprofile = struct( ...
    'type', 'mpcData', ...
    'table', CT_TGEN, ...
    'rows', [1:45], ...
    'col', PMAX, ...
    'chgtype', 1, ...
    'values', [] );
windprofile.values(:,1,:) = [
	3.9545 53.434 84.8523 114.9202 15.417 36.2009 31.0368 8.6869 28.2572 12.0207 22.22 33.1479 49.904 43.7157 179.884 67.7702 84.0853 89.1053 84.4677 70.7056 10.3456 84.4687 33.1785 36.7519 51.8223 33.0412 5.3984 1271.221 806.8201 806.8201 673.399 79.919 281.5589 181.9963 137.0545 344.2433 1270.2635 197.9387 463.4713 138.8098 122.12 401.5881 218.2429 125.522 1283.4954;
	3.6383 49.1618 76.1711 44.3742 15.3639 31.2698 31.0559 9.2404 10.9959 13.8408 25.5845 38.1671 57.4604 42.3306 188.0515 70.8473 87.9032 93.1511 86.3635 73.334 10.352 72.9629 29.9682 33.2067 42.2981 34.0177 5.9963 1261.7897 808.4528 808.4528 727.2158 77.5535 287.8782 188.762 132.7122 344.9399 1275.8089 189.3639 477.944 113.2984 122.4396 346.8864 218.8083 108.2215 1289.0985;
	3.2998 44.5874 86.6545 46.8203 15.2106 25.8943 31.1533 8.0168 9.349 13.6985 25.3214 37.7746 56.8694 41.1281 191.8911 72.2939 89.6979 95.053 85.3024 70.1754 10.3844 60.42 31.4022 36.7434 41.5868 32.1015 6.2526 1204.5634 811.398 811.398 747.3101 90.405 284.3413 180.6318 128.9423 346.1965 1220.5186 202.9354 478.7592 111.3933 39.6591 287.2538 218.6419 134.6534 1233.2323;
	3.6331 49.0906 85.9018 51.3986 15.1318 15.3803 30.7737 9.4808 10.4407 14.0563 25.9829 38.7614 58.3551 30.3293 200.8166 75.6565 93.8701 99.4743 85.513 70.7689 10.2579 35.8873 32.7571 38.3613 44.1497 37.1851 6.0158 1205.5456 805.6258 805.6258 745.319 93.0552 285.0433 182.1592 95.0865 343.7337 1213.0389 217.7561 473.3156 118.258 45.7023 170.6185 218.408 119.6043 1225.6747;
	3.8015 51.3666 81.6126 41.1487 15.0024 23.0833 30.5642 7.7602 8.722 12.6123 23.3136 34.7793 52.3601 34.6772 176.5159 66.5013 82.5109 87.4369 89.4022 70.6077 10.1881 53.8611 43.3889 27.5707 39.6857 65.7491 5.2696 1116.2205 783.5309 783.5309 742.869 95.8591 298.0074 181.7445 108.7178 334.3065 1220.448 226.5842 468.9062 106.3011 37.615 256.071 215.7526 194.1873 1233.161;
	3.8449 51.9524 95.0265 113.7978 15.33 34.241 31.4535 8.478 10.293 13.8883 25.6724 38.2981 57.6576 30.3639 177.9799 67.0529 83.1952 88.1621 89.6451 65.6897 10.4845 79.8956 65.0927 33.7389 60.924 74.1083 5.5781 1082.1252 792.0267 792.0267 768.1865 109.181 298.817 169.0855 95.1951 337.9314 1199.4732 242.5522 474.1687 163.1894 72.5042 379.8463 217.2731 262.2928 1211.9677;
	3.8912 52.5786 93.8007 116.8019 15.2097 34.6272 30.9457 12.2695 2.1894 13.4309 24.8269 37.0369 55.7588 37.2203 188.4409 70.994 88.0852 93.344 85.7399 68.2817 10.3152 80.7969 31.3197 49.8536 103.5937 76.5421 10.9351 1035.6132 798.789 798.789 768.5823 114.4311 285.7996 175.7572 116.6906 340.8167 1210.127 283.8015 458.8277 277.483 106.0363 384.1315 217.6988 284.8178 1222.7324;
	3.7832 51.12 92.7048 114.0266 15.2848 33.4714 29.4173 18.5075 8.8595 12.5667 23.2293 34.6536 52.1708 57.1051 188.1354 70.8789 87.9424 93.1926 84.715 57.944 9.8058 78.0999 32.9907 57.7527 104.7817 75.2338 13.5234 935.5028 721.893 721.893 641.3532 106.9567 282.3834 149.1479 179.0322 308.0077 1113.06 276.8036 449.4006 280.6652 117.4071 371.3093 211.8392 283.7634 1124.6544;
	3.8213 51.6336 92.1338 110.5722 15.1988 34.3296 28.7 17.8662 7.925 12.2251 22.5979 33.7116 50.7527 62.3017 198.2759 74.6993 92.6825 98.2158 51.6107 68.3282 9.5667 80.1025 31.6783 87.1351 102.5878 73.9004 13.6024 734.6601 791.813 791.813 724.9734 108.3355 172.0357 175.8769 195.3244 337.8402 1148.7122 294.4414 446.5421 274.7887 118.426 380.8301 213.8244 270.687 1160.6779;
	3.8946 52.6247 92.7129 113.7576 15.3999 34.7112 29.635 18.3632 20.0194 11.9247 22.0427 32.8834 49.5058 63.9196 194.3991 73.2387 90.8703 96.2954 59.0108 62.6954 9.8783 80.9928 30.7802 88.9727 103.8504 75.9582 13.836 603.8406 810.9298 810.9298 743.5563 110.2064 196.7025 161.3781 200.3965 345.9967 1125.9904 274.3223 462.5254 278.1708 121.2934 385.0629 215.1562 268.5712 1137.7195;
	3.8759 52.3718 91.123 112.3553 15.3769 34.7811 30.5172 18.4635 28.2265 19.2743 35.6282 53.1503 80.0174 69.6487 202.576 76.3193 94.6925 100.3458 48.119 69.6327 10.1724 81.1559 33.603 89.0691 104.9694 74.7224 14.0879 420.6294 797.6201 797.6201 750.371 99.686 160.3966 179.2348 218.358 340.3179 974.2137 284.2478 464.8595 281.168 118.6763 385.8382 210.412 259.978 984.3618;
	3.3035 44.6376 88.5933 113.1165 15.1757 32.2817 29.8712 18.1038 27.5955 20.2366 37.407 55.8039 84.0124 66.8364 198.9575 74.9561 93.0011 98.5534 61.6303 66.0919 9.9571 75.324 37.9011 88.0139 101.6594 74.8842 13.7143 316.0506 768.3492 768.3492 722.4374 110.0474 205.4344 170.1206 209.5412 327.829 795.6374 274.2426 466.7878 272.3019 118.5958 358.1117 192.6902 263.2475 803.9253;
	2.173 29.362 88.9935 113.0844 14.8276 22.1486 25.8583 18.5387 27.314 27.9698 51.7017 77.1288 116.1169 67.9225 197.9535 74.5778 92.5317 98.056 92.9556 63.2194 8.6194 51.68 63.7871 86.3644 101.9458 74.1542 14.0855 291.1798 716.6727 716.6727 662.8567 106.4306 309.852 162.7269 212.9462 305.7803 695.7857 247.8305 441.1695 273.069 123.2112 245.7016 186.1786 270.7205 703.0335;
	2.2414 30.2866 88.3202 116.3724 15.0792 12.5478 24.9195 18.2187 27.3178 30.7025 56.753 84.6644 127.4617 65.751 194.8857 73.4221 91.0978 96.5364 92.4442 68.9339 8.3065 29.2782 73.444 88.8032 104.2566 73.9126 13.8556 278.2704 583.3861 583.3861 558.8347 102.888 308.1473 177.436 206.1383 248.9114 479.7656 217.2292 450.5085 279.2588 123.0468 139.1967 140.2052 263.7487 484.7632;
	2.2401 30.2691 90.1331 114.3486 13.4537 0.3025 21.4035 18.1394 27.0876 28.5168 52.7129 78.6373 118.3881 64.49 202.6489 76.3468 94.7266 100.3819 91.4305 72.221 7.1345 0.7058 70.2992 87.7438 101.181 73.8844 13.9329 479.813 489.8612 489.8612 425.2285 95.6431 304.7684 185.897 202.1848 209.0074 475.314 205.9412 445.7702 271.0206 121.4165 3.3556 117.5933 256.3263 480.2652;
	3.3234 44.9066 87.8743 86.4624 13.9579 25.5062 15.7115 18.4084 22.2899 28.6924 53.0374 79.1214 119.1168 59.5999 203.833 76.7929 95.2801 100.9684 92.0743 72.8288 5.2372 59.5145 72.0164 86.2753 97.9573 73.3321 13.6981 526.7154 524.294 524.294 414.4712 52.3333 306.9144 187.4615 186.8537 223.6988 512.9993 177.076 438.9135 262.3857 120.566 282.9488 82.5839 267.6502 518.343;
	3.077 41.5764 89.7325 63.2169 14.4282 32.0105 13.508 18.4902 26.1857 27.2711 50.4102 75.202 113.2163 58.6471 193.8907 73.0472 90.6326 96.0435 88.4725 71.8143 4.5027 74.6911 69.9095 87.0177 103.0751 73.9006 13.7459 577.1503 563.6062 563.6062 431.5951 32.367 294.9082 184.8502 183.8667 240.472 610.2252 130.8626 160.8452 276.0941 121.3569 355.1026 115.9129 267.1949 616.5817;
	3.6157 48.8559 90.4568 63.5811 14.703 31.9005 26.0238 18.6805 25.9034 13.4006 24.7709 36.9533 55.6329 63.9194 172.415 64.9563 80.594 85.4055 67.9766 70.3735 8.6746 74.4345 51.5241 88.4863 104.6921 73.3117 13.792 689.8081 583.5549 583.5549 378.4703 30.5564 226.5886 181.1415 200.3959 248.9834 793.7641 84.5212 362.5939 280.4254 120.979 353.8827 119.6844 258.0023 802.0325;
