function solarprofile = ex_solar_profilesh1
%EX_WIND_PROFILE_D  Example wind_load_nyiso profile data for deterministic unit commitment.
% 2022.03.12
% Andres F. Ramirez


%% define constants
[GEN_BUS, PG, QG, QMAX, QMIN, VG, MBASE, GEN_STATUS, PMAX, PMIN, ...
    MU_PMAX, MU_PMIN, MU_QMAX, MU_QMIN, PC1, PC2, QC1MIN, QC1MAX, ...
    QC2MIN, QC2MAX, RAMP_AGC, RAMP_10, RAMP_30, RAMP_Q, APF] = idx_gen;
[CT_LABEL, CT_PROB, CT_TABLE, CT_TBUS, CT_TGEN, CT_TBRCH, CT_TAREABUS, ...
    CT_TAREAGEN, CT_TAREABRCH, CT_ROW, CT_COL, CT_CHGTYPE, CT_REP, ...
    CT_REL, CT_ADD, CT_NEWVAL, CT_TLOAD, CT_TAREALOAD, CT_LOAD_ALL_PQ, ...
    CT_LOAD_FIX_PQ, CT_LOAD_DIS_PQ, CT_LOAD_ALL_P, CT_LOAD_FIX_P, ...
    CT_LOAD_DIS_P, CT_TGENCOST, CT_TAREAGENCOST, CT_MODCOST_F, ...
    CT_MODCOST_X] = idx_ct;

solarprofile = struct( ...
    'type', 'mpcData', ...
    'table', CT_TGEN, ...
    'rows', [1:12], ...
    'col', PMAX, ...
    'chgtype', 1, ...
    'values', [] );
solarprofile.values(:,1,:) = [
	0.0 0.0 0.0 0.0 0.0 0.0 0.0 0.0 0.0 0.0 0.0 0.0;
	0.0 0.0 0.0 0.0 0.0 0.0 0.0 0.0 0.0 0.0 0.0 0.0;
	0.0 0.0 0.0 0.0 0.0 0.0 0.0 0.0 0.0 0.0 0.0 0.0;
	0.0 0.0 0.0 0.0 0.0 0.0 0.0 0.0 0.0 0.0 0.0 0.0;
	0.0 0.0 0.0 0.0 0.0 0.0 0.0 0.0 0.0 0.0 0.0 0.0;
	0.0076 0.0 0.0 0.0 0.0 0.0 0.0 0.0 0.0 0.0 0.0 0.0;
	2.3588 0.7094 0.5582 0.32 1.3032 43.3064 5.4133 14.0554 42.4552 9.7753 4.9455 17.7031;
	2.1989 0.9651 0.7481 0.4888 2.3697 132.2097 16.5262 22.6732 42.1067 9.4585 12.3441 17.1293;
	1.7797 1.0979 1.0073 0.6221 2.6346 108.8496 13.6062 16.3475 28.2167 12.5719 22.0742 22.7679;
	2.8226 2.0733 2.2933 0.5015 2.1048 23.9845 2.9981 6.2576 29.0214 8.8545 27.8705 16.0356;
	2.8563 2.1996 2.6966 0.7747 2.5838 3.612 0.4515 3.8844 23.3506 17.784 39.6991 32.207;
	2.6679 2.2812 2.6907 1.4606 2.9315 8.5456 1.0682 4.0084 27.2246 25.8581 41.0115 46.8291;
	3.5345 3.5793 2.8175 3.114 3.6915 100.0835 12.5104 31.564 64.5506 37.1522 19.8474 67.2829;
	2.8928 2.7102 2.1469 2.2369 3.596 82.691 10.3364 41.3415 72.2741 35.908 11.7562 65.0297;
	2.0988 1.9477 1.5295 1.3604 3.9393 50.7044 6.3381 41.2247 63.2138 27.0113 9.5823 48.9177;
	1.4749 1.0496 1.237 0.5276 3.9971 8.6578 1.0822 16.2029 25.1188 22.6975 17.1171 41.1054;
	0.2799 0.279 0.194 0.7576 1.4906 33.4314 4.1789 7.0872 25.1103 20.9942 13.1386 38.0206;
	0.0 0.0 0.0 0.0 0.0 0.0 0.0 0.0 0.0 0.0 0.0 0.0;
	0.0 0.0 0.0 0.0 0.0 0.0 0.0 0.0 0.0 0.0 0.0 0.0;
	0.0 0.0 0.0 0.0 0.0 0.0 0.0 0.0 0.0 0.0 0.0 0.0;
	0.0 0.0 0.0 0.0 0.0 0.0 0.0 0.0 0.0 0.0 0.0 0.0;
	0.0 0.0 0.0 0.0 0.0 0.0 0.0 0.0 0.0 0.0 0.0 0.0;
	0.0 0.0 0.0 0.0 0.0 0.0 0.0 0.0 0.0 0.0 0.0 0.0;
	0.0 0.0 0.0 0.0 0.0 0.0 0.0 0.0 0.0 0.0 0.0 0.0;
];
