function loadprofile = ex_load_profilesh1
%EX_LOAD_PROFILE  Example load profile data file for stochastic unit commitment.
% 2022.03.12
% Andres F. Ramirez

%% define constants
[CT_LABEL, CT_PROB, CT_TABLE, CT_TBUS, CT_TGEN, CT_TBRCH, CT_TAREABUS, ...
    CT_TAREAGEN, CT_TAREABRCH, CT_ROW, CT_COL, CT_CHGTYPE, CT_REP, ...
    CT_REL, CT_ADD, CT_NEWVAL, CT_TLOAD, CT_TAREALOAD, CT_LOAD_ALL_PQ, ...
    CT_LOAD_FIX_PQ, CT_LOAD_DIS_PQ, CT_LOAD_ALL_P, CT_LOAD_FIX_P, ...
    CT_LOAD_DIS_P, CT_TGENCOST, CT_TAREAGENCOST, CT_MODCOST_F, ...
    CT_MODCOST_X] = idx_ct;

loadprofile = struct( ...
    'type', 'mpcData', ...
    'table', CT_TAREALOAD, ...
    'rows', [1:11], ...
    'col', CT_LOAD_ALL_P, ...
    'chgtype', 1, ...
    'values', [] );
loadprofile.values(:,1,:) = [
	1494.2716 937.1087 1636.9 599.7085 845.5767 1255.3 872.7416 278.4 520.0 4736.3065 1807.4805;
	1480.1 923.3132 1603.1675 592.6964 825.364 1233.1909 841.0889 256.0 492.1996 4522.1878 1696.2305;
	1466.0307 922.6107 1605.1245 591.4451 813.6782 1233.8607 832.3019 253.1701 486.0611 4491.0762 1632.3144;
	1486.8479 950.7 1623.206 591.0622 839.4069 1205.8445 839.376 269.9 504.5199 4533.7205 1721.9415;
	1529.2199 980.1 1676.595 598.1418 896.1126 1275.9415 887.8569 289.3 532.2643 4666.1245 1779.8556;
	1584.7665 1031.1292 1781.4857 622.3362 970.9125 1370.5482 946.331 323.3635 582.5 4859.7764 1884.5637;
	1558.5 1040.0 1808.6455 635.8039 1028.2565 1418.5721 1001.0 332.6267 616.923 5057.4479 1967.8;
	1587.3488 1075.7302 1848.7049 657.0338 1076.2559 1538.8034 1065.9001 348.4266 641.5 5313.0319 2085.5001;
	1666.5163 1119.378 1883.3547 645.6193 1045.0543 1572.5239 1104.3472 351.1 673.2715 5497.1525 2117.4229;
	1697.1238 1122.9758 1868.8703 635.9101 1050.2 1554.7724 1107.1629 343.4185 696.554 5526.3915 2064.032;
	1700.54 1145.4955 1866.0623 618.1925 1024.4061 1532.6502 1050.1408 327.0623 678.7815 5513.0435 1975.8974;
	1666.3802 1085.3046 1805.5673 612.1207 993.4724 1565.7075 1045.601 316.2756 673.2 5468.6664 1974.2926;
	1685.2263 1084.9198 1789.6446 602.9203 952.7823 1540.4392 1053.6 297.5129 661.7 5553.6369 1984.1242;
	1695.477 1108.835 1827.7881 600.7401 983.3516 1497.4 1076.1546 308.2358 680.1553 5586.1696 2052.2759;
	1714.0948 1134.42 1870.966 610.7738 1005.4558 1502.7143 1098.968 325.2 663.471 5604.8765 2101.1496;
	1756.8634 1180.8812 1909.0207 616.3147 1015.3827 1519.3866 1101.5261 360.1924 680.7583 5742.6074 2193.4855;
	1843.6009 1210.1292 1982.1231 629.8133 1058.1037 1550.7324 1132.4011 398.895 696.6687 5922.6157 2281.8641;
	1788.211 1212.8254 1981.5335 627.1973 1066.3149 1545.0227 1146.6 399.3297 727.0 5779.858 2378.0;
	1811.7674 1208.9092 1942.3 638.8754 1069.3 1536.655 1118.2909 381.1311 723.2819 5734.7595 2356.889;
	1750.1808 1163.5883 1862.4329 607.1 1016.9316 1496.0694 1083.1 345.6 683.0132 5595.1152 2233.356;
	1643.3443 1091.7 1750.6 570.195 940.5491 1421.7332 1003.5196 322.7208 650.1 5476.5988 2095.343;
	1570.3921 1024.9122 1651.6173 550.8381 861.5 1339.8891 946.1368 289.7355 585.9 5185.1636 1956.2246;
	1488.8093 931.0668 1565.6554 543.5 786.2108 1200.5513 874.7 249.6 535.8825 4820.4831 1752.5276;
	1529.3183 941.0897 1573.1305 557.0622 795.6927 1209.2398 850.536 255.9112 504.633 4674.4458 1706.244;
];
