function windprofile = ex_wind_profilesh1
%EX_WIND_PROFILE_D  Example wind_load_nyiso profile data for deterministic unit commitment.
% 2022.03.12
% Andres F. Ramirez


%% define constants
[GEN_BUS, PG, QG, QMAX, QMIN, VG, MBASE, GEN_STATUS, PMAX, PMIN, ...
    MU_PMAX, MU_PMIN, MU_QMAX, MU_QMIN, PC1, PC2, QC1MIN, QC1MAX, ...
    QC2MIN, QC2MAX, RAMP_AGC, RAMP_10, RAMP_30, RAMP_Q, APF] = idx_gen;
[CT_LABEL, CT_PROB, CT_TABLE, CT_TBUS, CT_TGEN, CT_TBRCH, CT_TAREABUS, ...
    CT_TAREAGEN, CT_TAREABRCH, CT_ROW, CT_COL, CT_CHGTYPE, CT_REP, ...
    CT_REL, CT_ADD, CT_NEWVAL, CT_TLOAD, CT_TAREALOAD, CT_LOAD_ALL_PQ, ...
    CT_LOAD_FIX_PQ, CT_LOAD_DIS_PQ, CT_LOAD_ALL_P, CT_LOAD_FIX_P, ...
    CT_LOAD_DIS_P, CT_TGENCOST, CT_TAREAGENCOST, CT_MODCOST_F, ...
    CT_MODCOST_X] = idx_ct;

windprofile = struct( ...
    'type', 'mpcData', ...
    'table', CT_TGEN, ...
    'rows', [1:45], ...
    'col', PMAX, ...
    'chgtype', 1, ...
    'values', [] );
windprofile.values(:,1,:) = [
	3.7131 50.1724 77.5735 111.1097 14.817 33.7816 26.966 7.5953 18.1175 4.1071 7.5918 11.3255 17.0505 17.6963 188.5975 71.053 88.1584 93.4216 84.6256 70.7951 8.9887 78.8237 4.9788 35.4431 45.2846 26.6363 5.2595 1238.6149 819.2609 819.2609 686.8752 87.5361 282.0853 182.2267 55.4802 349.5513 1264.7579 215.9907 434.3634 121.2982 114.5656 374.7503 208.965 111.7757 1277.9324;
	3.0091 40.6597 73.7373 41.9489 15.0835 27.3654 27.4666 7.7923 0.0 11.1384 20.5891 30.7149 46.241 27.0061 192.9885 72.7073 90.2109 95.5966 91.6316 72.4524 9.1555 63.8526 24.9595 37.5551 40.1585 30.8456 5.5171 1237.6762 821.4149 821.4149 734.6066 78.0415 305.4386 186.4927 84.6677 350.4704 1283.0115 210.756 435.5485 107.5674 117.126 303.5734 212.3447 109.1786 1296.3762;
	3.0148 40.7359 84.8094 44.8811 14.8699 23.2812 27.3699 7.0805 0.0 13.0542 24.1305 35.998 54.1947 31.1056 198.2783 74.7002 92.6836 98.2169 90.9457 68.9425 9.1233 54.3228 28.4464 40.5814 38.8008 29.562 6.0479 1249.0518 845.4553 845.4553 758.9261 90.978 303.1524 177.4581 97.5203 360.7276 1295.895 212.2417 435.5712 103.9306 31.3037 258.2662 211.0968 140.5645 1309.3939;
	3.3643 45.4586 82.4112 45.0702 14.239 13.8831 30.4089 7.0963 0.1673 12.6203 23.3284 34.8014 52.3933 24.824 193.3489 72.8431 90.3794 95.7751 88.2847 69.9295 10.1363 32.3938 28.5633 32.5548 31.1852 30.77 5.1512 1267.2476 847.0645 847.0645 780.1961 98.2477 294.2824 179.9986 77.8265 361.4142 1305.6015 234.1698 454.0407 83.5317 33.335 154.0094 215.2925 128.4404 1319.2015;
	3.7539 50.7231 81.0511 41.2258 14.553 22.6484 30.9422 7.6422 8.5375 11.288 20.8657 31.1276 46.8624 30.3534 179.8678 67.7642 84.0778 89.0973 91.0108 69.262 10.3141 52.8463 6.1673 25.9316 36.6318 62.7967 5.4393 1240.9482 837.659 837.659 792.0593 105.1597 303.3694 178.2806 95.1621 357.4012 1282.9931 239.5842 452.8237 98.1209 32.4424 251.2465 214.0909 220.4968 1296.3576;
	3.8242 51.6737 92.4928 112.9515 14.6882 33.5728 31.7922 7.2876 11.3278 12.1719 22.4995 33.5648 50.5316 26.3647 188.519 71.0234 88.1217 93.3827 92.384 70.8437 10.5974 78.3364 4.9033 19.1401 44.3346 65.5993 5.1924 1136.575 828.6584 828.6584 781.8528 110.035 307.9466 182.3519 82.6569 353.5609 1264.8871 234.5261 457.5041 118.7534 70.1357 372.4338 214.9564 261.5465 1278.063;
	3.8684 52.2709 91.6839 119.165 14.6785 33.6348 31.7358 11.4908 11.4596 12.0215 22.2215 33.1502 49.9074 38.7388 197.0996 74.2561 92.1326 97.6331 86.7565 73.7201 10.5786 78.4813 25.3861 42.197 97.02 74.3519 11.0639 1130.6833 824.2422 824.2422 757.1887 116.1783 289.1884 189.7558 121.4512 351.6767 1288.1909 282.0932 458.2962 259.875 110.369 373.1223 213.4411 282.4725 1301.6096;
	3.7755 51.0153 91.7431 119.7179 14.7755 33.677 31.3719 18.8552 11.0318 11.5549 21.3591 31.8636 47.9705 62.9286 194.366 73.2263 90.8548 96.279 85.4081 67.6285 10.4573 78.5797 25.7509 56.1495 103.7439 74.7692 14.0128 1029.0466 811.0804 811.0804 741.1209 117.4949 284.6937 174.0759 197.2898 346.061 1234.0004 289.8635 467.5821 277.8854 122.1254 373.5905 212.7455 282.1764 1246.8546;
	3.6863 49.8103 89.8987 115.1792 14.4631 32.5739 29.6685 18.6286 6.9978 11.7232 21.6701 32.3275 48.6688 64.62 198.0716 74.6223 92.587 98.1145 50.4399 71.9542 9.8895 76.0057 26.3173 84.6423 100.5053 74.6935 13.8164 749.9651 823.4484 823.4484 726.5067 113.4701 168.133 185.2103 202.5924 351.338 1199.3999 283.3551 447.1387 269.2105 121.119 361.3528 206.113 271.8775 1211.8936;
	3.638 49.1572 92.2121 117.5003 14.6813 32.3577 29.3897 18.5686 10.0769 11.7884 21.7908 32.5075 48.9399 60.056 195.8118 73.771 91.5306 96.9951 56.3114 65.3279 9.7966 75.5013 25.6575 86.8782 100.6364 75.1463 13.8789 602.0985 809.5326 809.5326 728.6108 116.6832 187.7047 168.1542 188.2835 345.4006 1121.5177 269.3249 435.9499 269.5617 122.4929 358.9546 203.1678 270.6532 1133.2002;
	3.7412 50.5516 94.2828 119.6587 15.0049 32.4698 30.1656 18.3259 26.3324 19.5016 36.0483 53.777 80.961 68.9158 204.7727 77.1469 95.7193 101.4339 40.0529 71.1952 10.0552 75.7629 29.0361 84.4152 101.0918 74.1648 13.8559 442.6307 792.1622 792.1622 718.9363 105.3474 133.5098 183.2567 216.0605 337.9892 970.8948 267.4634 442.7201 270.7817 121.5675 360.1984 199.5264 260.189 981.0083;
	3.0556 41.2885 92.4767 120.1071 14.6589 31.1173 29.5335 18.8529 26.9358 22.5277 41.6422 62.1219 93.5242 67.4429 201.3499 75.8574 94.1194 99.7384 53.0391 67.6013 9.8445 72.6071 36.6131 85.9211 99.9469 74.0372 13.676 342.701 774.2926 774.2926 669.4474 108.1508 176.7971 174.0058 211.4427 330.3648 810.9456 252.7315 451.0595 267.7149 120.4754 345.1951 177.7722 258.242 819.3929;
	1.6949 22.9013 91.3365 117.2235 14.2897 15.1096 24.8529 18.4648 26.1958 30.4458 56.2786 83.9566 126.3961 63.7675 198.8488 74.9151 92.9502 98.4995 91.548 69.7334 8.2843 35.2556 61.0637 85.27 99.5756 72.4565 13.8083 288.1582 681.267 681.267 586.032 105.372 305.1599 179.4939 199.9197 290.6739 650.0693 227.7808 419.4588 266.7203 120.7218 167.6154 116.9062 264.198 656.8409;
	2.0459 27.6449 88.4566 112.907 14.1348 9.2012 24.3599 17.6681 27.0207 31.352 57.9536 86.4554 130.1582 63.0807 201.9997 76.1022 94.4231 100.0603 91.1796 69.63 8.12 21.4694 73.4702 83.2302 98.9065 70.8945 13.4765 243.9843 576.7563 576.7563 552.2884 104.3492 303.9321 179.2277 197.7666 246.0827 475.8142 200.3852 419.1658 264.9281 120.2286 102.0715 120.8162 258.7309 480.7706;
	2.111 28.5246 87.385 114.9458 11.9785 0.0 22.2139 17.4789 27.285 30.4281 56.246 83.9079 126.3229 65.8594 204.2777 76.9605 95.488 101.1887 92.731 73.4216 7.4046 0.0 73.6854 82.8805 94.0453 70.129 13.5177 396.9292 470.435 470.435 411.9662 95.4503 309.1033 188.9874 206.478 200.7189 430.5885 187.4564 436.9604 251.9071 118.4223 0.0 106.3857 225.2827 435.0738;
	3.3872 45.7681 91.8491 97.5684 14.5574 25.57 16.7147 18.513 25.197 30.8379 57.0033 85.0378 128.0239 60.2167 201.9793 76.0945 94.4136 100.0502 90.5996 71.8508 5.5716 59.6633 73.7022 89.0811 101.3624 73.7931 13.8759 524.5867 526.4786 526.4786 417.0803 52.7325 301.9988 184.9442 188.7875 224.6309 516.4421 164.8861 455.796 271.5065 119.6834 283.6564 86.3981 263.5011 521.8217;
	3.2227 43.5464 90.161 68.099 14.2159 31.0269 14.7612 18.9003 28.0604 29.1355 53.8565 80.3432 120.9563 66.3406 193.5219 72.9083 90.4602 95.8609 88.409 71.4327 4.9204 72.3962 72.0018 87.7794 104.6307 74.6781 13.8216 621.6027 588.8518 588.8518 428.3804 29.6339 294.6966 183.868 207.9867 251.2434 626.6193 114.0384 196.3109 280.2609 119.2044 344.1922 102.5688 263.8795 633.1466;
	3.6346 49.1117 91.3534 69.3237 14.4122 32.0047 27.8613 19.038 27.0248 13.1841 24.3706 36.3562 54.734 65.6405 178.3567 67.1948 83.3714 88.3488 73.5876 70.4662 9.2871 74.6776 47.0847 87.8545 104.9838 74.6399 13.6443 720.2699 623.8236 623.8236 370.887 27.4976 245.2919 181.3801 205.7917 266.1647 805.8965 73.3514 426.1797 281.2067 121.6385 355.0389 117.5014 257.5959 814.2912;
