function solarprofile = ex_solar_profilesh1
%EX_WIND_PROFILE_D  Example wind_load_nyiso profile data for deterministic unit commitment.
% 2022.03.12
% Andres F. Ramirez


%% define constants
[GEN_BUS, PG, QG, QMAX, QMIN, VG, MBASE, GEN_STATUS, PMAX, PMIN, ...
    MU_PMAX, MU_PMIN, MU_QMAX, MU_QMIN, PC1, PC2, QC1MIN, QC1MAX, ...
    QC2MIN, QC2MAX, RAMP_AGC, RAMP_10, RAMP_30, RAMP_Q, APF] = idx_gen;
[CT_LABEL, CT_PROB, CT_TABLE, CT_TBUS, CT_TGEN, CT_TBRCH, CT_TAREABUS, ...
    CT_TAREAGEN, CT_TAREABRCH, CT_ROW, CT_COL, CT_CHGTYPE, CT_REP, ...
    CT_REL, CT_ADD, CT_NEWVAL, CT_TLOAD, CT_TAREALOAD, CT_LOAD_ALL_PQ, ...
    CT_LOAD_FIX_PQ, CT_LOAD_DIS_PQ, CT_LOAD_ALL_P, CT_LOAD_FIX_P, ...
    CT_LOAD_DIS_P, CT_TGENCOST, CT_TAREAGENCOST, CT_MODCOST_F, ...
    CT_MODCOST_X] = idx_ct;

solarprofile = struct( ...
    'type', 'mpcData', ...
    'table', CT_TGEN, ...
    'rows', [1:12], ...
    'col', PMAX, ...
    'chgtype', 1, ...
    'values', [] );
solarprofile.values(:,1,:) = [
	0.0 0.0 0.0 0.0 0.0 0.0 0.0 0.0 0.0 0.0 0.0 0.0;
	0.0 0.0 0.0 0.0 0.0 0.0 0.0 0.0 0.0 0.0 0.0 0.0;
	0.0 0.0 0.0 0.0 0.0 0.0 0.0 0.0 0.0 0.0 0.0 0.0;
	0.0 0.0 0.0 0.0 0.0 0.0 0.0 0.0 0.0 0.0 0.0 0.0;
	0.0 0.0 0.0 0.0 0.0 0.0 0.0 0.0 0.0 0.0 0.0 0.0;
	0.0 0.0 0.0 0.0 0.0 0.0 0.0 0.0 0.0 0.0 0.0 0.0;
	0.0 0.0884 0.0 0.4218 0.5428 5.6841 0.7105 1.1381 0.0 9.743 8.6133 17.6446;
	0.7967 0.6455 0.6136 0.7555 0.4056 5.5879 0.6985 1.0808 1.502 18.1432 12.7756 32.8575;
	1.2933 0.9474 0.9587 1.0036 0.5348 10.8397 1.355 2.5576 13.3563 35.3066 17.0082 63.9404;
	1.7782 0.9379 1.1958 1.2745 1.7265 50.5795 6.3224 14.2946 99.5055 56.1207 35.0549 101.6348;
	1.7954 0.8294 1.0833 1.7777 2.9161 87.0247 10.8781 19.9648 139.2592 67.1589 59.6591 121.6252;
	2.4257 1.1744 1.4714 2.1559 3.5887 96.5073 12.0634 20.7057 161.2042 68.8519 78.3079 124.6911;
	4.617 2.7966 2.8669 2.5948 3.7906 127.9473 15.9934 31.2984 128.1419 73.1246 54.3546 132.4292;
	3.4894 2.3114 2.3522 1.9465 3.5067 89.8073 11.2259 22.4002 78.8949 59.2714 39.955 107.3408;
	2.1873 1.3396 1.5869 1.4386 3.4923 65.3029 8.1629 16.5304 28.179 34.512 20.9201 62.5014;
	1.2609 0.8405 0.8861 0.7527 1.8607 30.1005 3.7626 3.9856 0.0 1.7319 9.5714 3.1365;
	0.5835 0.4736 0.2271 0.4353 0.5603 28.9257 3.6157 6.1485 22.1103 5.2138 8.873 9.4423;
	0.0 0.0 0.0 0.0 0.0 0.0 0.0 0.0 0.0 0.0 0.0 0.0;
	0.0 0.0 0.0 0.0 0.0 0.0 0.0 0.0 0.0 0.0 0.0 0.0;
	0.0 0.0 0.0 0.0 0.0 0.0 0.0 0.0 0.0 0.0 0.0 0.0;
	0.0 0.0 0.0 0.0 0.0 0.0 0.0 0.0 0.0 0.0 0.0 0.0;
	0.0 0.0 0.0 0.0 0.0 0.0 0.0 0.0 0.0 0.0 0.0 0.0;
	0.0 0.0 0.0 0.0 0.0 0.0 0.0 0.0 0.0 0.0 0.0 0.0;
	0.0 0.0 0.0 0.0 0.0 0.0 0.0 0.0 0.0 0.0 0.0 0.0;
];
