function solarprofile = ex_solar_profilesh1
%EX_WIND_PROFILE_D  Example wind_load_nyiso profile data for deterministic unit commitment.
% 2022.03.12
% Andres F. Ramirez


%% define constants
[GEN_BUS, PG, QG, QMAX, QMIN, VG, MBASE, GEN_STATUS, PMAX, PMIN, ...
    MU_PMAX, MU_PMIN, MU_QMAX, MU_QMIN, PC1, PC2, QC1MIN, QC1MAX, ...
    QC2MIN, QC2MAX, RAMP_AGC, RAMP_10, RAMP_30, RAMP_Q, APF] = idx_gen;
[CT_LABEL, CT_PROB, CT_TABLE, CT_TBUS, CT_TGEN, CT_TBRCH, CT_TAREABUS, ...
    CT_TAREAGEN, CT_TAREABRCH, CT_ROW, CT_COL, CT_CHGTYPE, CT_REP, ...
    CT_REL, CT_ADD, CT_NEWVAL, CT_TLOAD, CT_TAREALOAD, CT_LOAD_ALL_PQ, ...
    CT_LOAD_FIX_PQ, CT_LOAD_DIS_PQ, CT_LOAD_ALL_P, CT_LOAD_FIX_P, ...
    CT_LOAD_DIS_P, CT_TGENCOST, CT_TAREAGENCOST, CT_MODCOST_F, ...
    CT_MODCOST_X] = idx_ct;

solarprofile = struct( ...
    'type', 'mpcData', ...
    'table', CT_TGEN, ...
    'rows', [1:12], ...
    'col', PMAX, ...
    'chgtype', 1, ...
    'values', [] );
solarprofile.values(:,1,:) = [
	0.0 0.0 0.0 0.0 0.0 0.0 0.0 0.0 0.0 0.0 0.0 0.0;
	0.0 0.0 0.0 0.0 0.0 0.0 0.0 0.0 0.0 0.0 0.0 0.0;
	0.0 0.0 0.0 0.0 0.0 0.0 0.0 0.0 0.0 0.0 0.0 0.0;
	0.0 0.0 0.0 0.0 0.0 0.0 0.0 0.0 0.0 0.0 0.0 0.0;
	0.0 0.0 0.0 0.0 0.0 0.0 0.0 0.0 0.0 0.0 0.0 0.0;
	0.0 0.0 0.0 0.0 0.0 0.0 0.0 0.0 0.0 0.0 0.0 0.0;
	1.5239 0.6897 0.759 0.6481 0.8493 39.0782 4.8848 8.8451 19.925 13.2124 6.9587 23.9277;
	1.7611 0.7008 0.7001 2.6269 3.6817 21.227 2.6534 9.9331 14.7182 37.0976 23.9328 67.1839;
	1.4464 0.7732 0.7499 4.5341 5.5165 23.853 2.9816 6.5786 21.3552 66.1671 30.6849 119.829;
	1.6147 1.0163 1.0453 4.594 5.3793 53.6276 6.7034 6.1435 109.5114 58.6519 17.6493 106.2189;
	2.2938 1.5148 2.0947 3.8464 5.7226 72.7162 9.0895 9.1748 123.3158 69.4364 10.319 125.7498;
	2.5125 1.5223 2.2675 2.6003 4.6995 68.5318 8.5665 15.9318 113.0354 64.4919 6.913 116.7953;
	2.0718 0.6623 1.254 0.933 1.0089 99.1714 12.3964 50.4808 103.0745 16.0651 15.4101 29.0941;
	1.2234 0.2156 0.6546 0.3712 0.4833 63.9156 7.9895 38.2273 86.7501 6.8682 21.7684 12.4383;
	0.5545 0.0244 0.3791 0.2129 0.3435 52.7924 6.5991 19.4081 84.0768 4.4663 21.4595 8.0886;
	0.8104 0.542 1.1767 0.0 0.299 32.8419 4.1052 2.9475 54.2731 25.5072 17.06 46.1936;
	0.2766 0.2445 0.2335 0.3793 0.6219 31.8815 3.9852 6.9015 24.7665 22.2131 9.8144 40.2281;
	0.0 0.0 0.0 0.0 0.0 0.0 0.0 0.0 0.0 0.0 0.0 0.0;
	0.0 0.0 0.0 0.0 0.0 0.0 0.0 0.0 0.0 0.0 0.0 0.0;
	0.0 0.0 0.0 0.0 0.0 0.0 0.0 0.0 0.0 0.0 0.0 0.0;
	0.0 0.0 0.0 0.0 0.0 0.0 0.0 0.0 0.0 0.0 0.0 0.0;
	0.0 0.0 0.0 0.0 0.0 0.0 0.0 0.0 0.0 0.0 0.0 0.0;
	0.0 0.0 0.0 0.0 0.0 0.0 0.0 0.0 0.0 0.0 0.0 0.0;
	0.0 0.0 0.0 0.0 0.0 0.0 0.0 0.0 0.0 0.0 0.0 0.0;
];
