function windprofile = ex_wind_profilesh1
%EX_WIND_PROFILE_D  Example wind_load_nyiso profile data for deterministic unit commitment.
% 2022.03.12
% Andres F. Ramirez


%% define constants
[GEN_BUS, PG, QG, QMAX, QMIN, VG, MBASE, GEN_STATUS, PMAX, PMIN, ...
    MU_PMAX, MU_PMIN, MU_QMAX, MU_QMIN, PC1, PC2, QC1MIN, QC1MAX, ...
    QC2MIN, QC2MAX, RAMP_AGC, RAMP_10, RAMP_30, RAMP_Q, APF] = idx_gen;
[CT_LABEL, CT_PROB, CT_TABLE, CT_TBUS, CT_TGEN, CT_TBRCH, CT_TAREABUS, ...
    CT_TAREAGEN, CT_TAREABRCH, CT_ROW, CT_COL, CT_CHGTYPE, CT_REP, ...
    CT_REL, CT_ADD, CT_NEWVAL, CT_TLOAD, CT_TAREALOAD, CT_LOAD_ALL_PQ, ...
    CT_LOAD_FIX_PQ, CT_LOAD_DIS_PQ, CT_LOAD_ALL_P, CT_LOAD_FIX_P, ...
    CT_LOAD_DIS_P, CT_TGENCOST, CT_TAREAGENCOST, CT_MODCOST_F, ...
    CT_MODCOST_X] = idx_ct;

windprofile = struct( ...
    'type', 'mpcData', ...
    'table', CT_TGEN, ...
    'rows', [1:45], ...
    'col', PMAX, ...
    'chgtype', 1, ...
    'values', [] );
windprofile.values(:,1,:) = [
	3.8931 52.6037 82.5883 114.503 15.1074 35.7171 31.4767 7.3343 27.9065 12.6419 23.3683 34.8609 52.4829 45.5238 188.4351 70.9918 88.0824 93.3411 86.1414 71.87 10.4922 83.34 34.6761 38.6121 49.1334 30.6273 5.2433 1270.2804 813.7022 813.7022 664.3478 85.5913 287.138 184.9936 142.7233 347.1796 1263.896 219.2087 467.4288 131.6073 119.7207 396.2221 214.1315 128.0293 1277.0615;
	3.5393 47.8232 78.4901 45.3557 15.2973 31.1263 31.7012 7.6675 11.9884 12.5224 23.1474 34.5314 51.9868 42.2351 189.1359 71.2558 88.41 93.6882 86.9176 72.5217 10.5671 72.6281 28.8129 38.3504 41.866 30.779 5.6513 1311.8546 842.932 842.932 735.6708 77.7661 289.7254 186.671 132.4128 359.651 1325.1467 219.176 476.1752 112.1412 120.2019 345.2946 215.4683 110.949 1338.9503;
	3.2928 44.4925 89.6052 47.4609 15.3678 24.9136 31.6798 6.2996 10.8294 12.5646 23.2255 34.6479 52.1622 41.9035 192.8058 72.6385 90.1255 95.5061 85.9503 66.6333 10.5599 58.1316 28.7046 37.0053 36.3649 28.8019 5.642 1305.8996 847.788 847.788 740.939 91.0064 286.5011 171.5142 131.3731 361.7229 1330.732 217.2321 478.3153 97.4059 36.3124 276.3744 215.8735 145.8398 1344.5938;
	3.5501 47.9698 86.1844 45.9231 15.267 14.7627 31.927 6.6993 12.5436 11.9576 22.1034 32.974 49.6421 27.9904 193.2418 72.8027 90.3293 95.7221 84.9211 67.5952 10.6423 34.4463 26.9061 34.361 35.1009 31.0518 5.2349 1281.0209 853.4705 853.4705 750.1404 92.0097 283.0702 173.9901 87.7536 364.1474 1334.5167 232.158 480.0169 94.0202 36.674 163.7675 207.6461 129.041 1348.4179;
	3.8815 52.4472 83.4555 40.2853 15.4109 23.9759 32.3435 6.7004 12.9634 11.3015 20.8907 31.1648 46.9185 35.183 186.6439 70.317 87.2452 92.4538 87.1085 72.1769 10.7812 55.9439 1.7951 25.023 36.9866 60.3761 5.1683 1267.4454 855.0469 855.0469 780.6198 95.445 290.3615 185.7834 110.3034 364.82 1326.3887 246.1195 479.7703 99.0711 35.0744 265.973 210.2348 213.153 1340.2052;
	3.893 52.6033 94.9164 115.3423 15.4151 34.9329 32.3674 7.542 13.7324 13.0944 24.2047 36.1087 54.3614 26.4283 193.6825 72.9688 90.5353 95.9404 88.38 68.907 10.7891 81.51 0.1163 30.0599 54.6358 68.9916 5.3259 1234.6387 849.4053 849.4053 770.2442 105.4571 294.5999 177.3669 82.8564 362.4129 1316.434 235.1984 478.3633 146.3458 71.3497 387.5219 215.8713 275.1319 1330.1469;
	3.8644 52.2168 92.6174 115.3392 15.4136 35.4178 32.3479 11.6191 12.3624 12.3897 22.9021 34.1654 51.4358 37.5022 188.8362 71.1429 88.2699 93.5398 59.7728 66.2423 10.7826 82.6416 20.9468 49.2438 99.9413 74.9953 11.0176 1193.3509 838.3376 838.3376 757.8786 110.1932 199.2428 170.5077 117.5743 357.6907 1310.4926 269.3505 467.9482 267.6998 106.8641 392.9016 217.0971 284.2895 1324.1436;
	3.8276 51.7186 90.8174 114.1283 15.3803 34.9838 32.2129 18.4861 12.4141 12.6664 23.4136 34.9285 52.5846 62.7371 188.5037 71.0177 88.1145 93.3751 74.8724 57.14 10.7376 81.6288 21.3395 55.029 103.8658 75.4495 13.563 1040.9608 824.3683 824.3683 719.4571 110.4131 249.5746 147.0784 196.6893 351.7305 1258.7766 272.5408 477.5799 278.2118 119.4766 388.0867 214.6485 283.2933 1271.8889;
	3.8378 51.857 92.8053 113.6468 15.4157 34.7438 31.327 18.2363 10.4255 12.9083 23.8608 35.5956 53.589 59.3337 195.8184 73.7734 91.5337 96.9984 47.926 63.5648 10.4423 81.069 26.0747 87.7932 104.6473 75.8684 13.5078 751.7725 835.6922 835.6922 728.8535 116.296 159.7534 163.616 186.0191 356.562 1206.2734 301.1415 475.3166 280.3052 119.0822 385.425 217.293 278.6768 1218.8388;
	3.9128 52.8701 94.7179 117.7964 15.413 34.989 31.7375 18.2744 21.4493 11.0731 20.4685 30.535 45.9702 58.1231 185.8396 70.014 86.8692 92.0554 42.5233 54.1797 10.5792 81.6411 16.9889 89.0957 102.4556 72.1948 13.3931 609.291 852.0847 852.0847 737.4081 114.7617 141.7445 139.4586 182.2238 363.5561 1133.7903 273.7919 476.6388 274.4348 118.832 388.1449 217.6059 283.5463 1145.6006;
	3.9124 52.8653 95.0093 119.5518 15.4227 34.8484 32.0847 18.3441 28.3818 18.3354 33.8927 50.5613 76.1197 67.6371 198.8385 74.9113 92.9455 98.4944 32.124 68.4758 10.6949 81.313 30.2838 88.4399 102.7737 72.7458 13.4617 456.8297 841.1536 841.1536 742.1862 107.1997 107.0799 176.2569 212.0513 358.8922 990.8778 276.3435 477.0513 275.2867 119.9159 386.5853 216.3302 282.0383 1001.1994;
	3.588 48.4821 93.853 116.3707 15.424 33.1214 31.0809 17.9898 28.3202 17.7658 32.8399 48.9907 73.7552 67.5782 198.3226 74.7169 92.7043 98.2389 49.6909 66.9938 10.3603 77.2832 31.5308 87.8045 99.5257 73.5241 12.8509 325.4301 822.5514 822.5514 688.2697 105.613 165.6363 172.4422 211.8668 350.9553 836.944 238.6145 475.8761 266.5866 119.2764 367.4266 205.4533 282.1472 845.6622;
	2.3069 31.1714 94.4466 117.2659 15.3661 21.6137 25.8553 18.5736 27.2758 26.1246 48.2909 72.0405 108.4565 64.2963 197.067 74.2438 92.1173 97.6169 89.6861 67.9117 8.6184 50.4319 57.943 87.534 100.2964 73.0983 13.7257 307.7443 735.974 735.974 605.0757 105.5772 298.9537 174.8049 201.5776 314.0156 711.8668 234.5028 445.2677 268.651 119.4995 239.7678 184.4137 284.2343 719.2821;
	2.3806 32.1677 94.5949 115.0009 15.4095 12.3779 25.2859 18.4984 27.9692 29.7631 55.0167 82.0741 123.5621 61.6544 200.8694 75.6764 93.8948 99.5004 87.6095 71.1252 8.4286 28.8818 72.5953 88.8522 99.395 73.7853 13.4733 312.3177 623.8128 623.8128 556.0779 103.9077 292.0317 183.0765 193.2948 266.1601 504.9754 205.0192 458.5453 266.2366 120.3845 137.3123 150.4327 273.8861 510.2355;
	2.1687 29.3044 93.6985 115.7149 13.9917 4.1487 20.7533 18.756 26.4191 27.3689 50.591 75.4718 113.6223 62.3048 200.6678 75.6004 93.8005 99.4006 87.3744 72.9292 6.9178 9.6803 69.521 89.5715 100.5401 72.5049 13.8519 461.406 494.4052 494.4052 407.968 91.7522 291.248 187.7199 195.3339 210.9462 438.8183 180.216 448.3803 269.3038 119.7505 46.0227 121.7926 260.7016 443.3893;
	3.4125 46.1098 94.3866 90.2373 15.3485 26.7554 16.8507 18.9995 24.3541 27.9104 51.5919 76.9649 115.8703 53.3898 195.7979 73.7657 91.5241 96.9883 85.661 70.7072 5.6169 62.4292 69.2671 89.6508 103.7649 75.3342 14.086 509.1982 564.3256 564.3256 399.2426 50.6711 285.5367 182.0005 167.3842 240.7789 512.8383 157.2516 450.5015 277.9416 122.66 296.8063 89.1289 276.7602 518.1804;
	3.2358 43.7231 93.064 64.6082 15.3775 32.748 14.3336 18.999 27.6867 25.4222 46.9926 70.1037 105.5407 58.4323 190.8578 71.9046 89.2149 94.5412 88.288 69.523 4.7779 76.4119 67.8346 89.2443 104.9875 75.1842 14.0265 568.4566 638.1066 638.1066 418.6437 30.5933 294.2935 178.9525 183.193 272.2588 611.9554 112.9365 180.2977 281.2164 122.3444 363.284 114.2522 272.6118 618.3299;
	3.7318 50.4249 94.6388 68.3407 15.3132 33.6806 28.8887 19.0353 27.223 12.3604 22.8481 34.0849 51.3146 62.4895 179.3306 67.5618 83.8266 88.8312 72.5869 69.4035 9.6296 78.588 47.2129 89.817 106.4341 74.1134 14.133 678.2427 669.0107 669.0107 383.4543 30.135 241.9565 178.6449 195.913 285.4446 780.8762 80.0067 427.6651 285.0914 123.8703 373.6299 121.9906 271.8868 789.0103;
