function solarprofile = ex_solar_profilesh1
%EX_WIND_PROFILE_D  Example wind_load_nyiso profile data for deterministic unit commitment.
% 2022.03.12
% Andres F. Ramirez


%% define constants
[GEN_BUS, PG, QG, QMAX, QMIN, VG, MBASE, GEN_STATUS, PMAX, PMIN, ...
    MU_PMAX, MU_PMIN, MU_QMAX, MU_QMIN, PC1, PC2, QC1MIN, QC1MAX, ...
    QC2MIN, QC2MAX, RAMP_AGC, RAMP_10, RAMP_30, RAMP_Q, APF] = idx_gen;
[CT_LABEL, CT_PROB, CT_TABLE, CT_TBUS, CT_TGEN, CT_TBRCH, CT_TAREABUS, ...
    CT_TAREAGEN, CT_TAREABRCH, CT_ROW, CT_COL, CT_CHGTYPE, CT_REP, ...
    CT_REL, CT_ADD, CT_NEWVAL, CT_TLOAD, CT_TAREALOAD, CT_LOAD_ALL_PQ, ...
    CT_LOAD_FIX_PQ, CT_LOAD_DIS_PQ, CT_LOAD_ALL_P, CT_LOAD_FIX_P, ...
    CT_LOAD_DIS_P, CT_TGENCOST, CT_TAREAGENCOST, CT_MODCOST_F, ...
    CT_MODCOST_X] = idx_ct;

solarprofile = struct( ...
    'type', 'mpcData', ...
    'table', CT_TGEN, ...
    'rows', [1:12], ...
    'col', PMAX, ...
    'chgtype', 1, ...
    'values', [] );
solarprofile.values(:,1,:) = [
	0.0 0.0 0.0 0.0 0.0 0.0 0.0 0.0 0.0 0.0 0.0 0.0;
	0.0 0.0 0.0 0.0 0.0 0.0 0.0 0.0 0.0 0.0 0.0 0.0;
	0.0 0.0 0.0 0.0 0.0 0.0 0.0 0.0 0.0 0.0 0.0 0.0;
	0.0 0.0 0.0 0.0 0.0 0.0 0.0 0.0 0.0 0.0 0.0 0.0;
	0.0 0.0 0.0 0.0 0.0 0.0 0.0 0.0 0.0 0.0 0.0 0.0;
	0.0 0.0 0.0 0.0 0.0 0.0 0.0 0.0 0.0 0.0 0.0 0.0;
	0.0 0.0 0.0 0.4962 0.2911 0.0 0.0 0.0 4.9421 13.908 5.0257 25.1875;
	0.0 0.2515 0.0 1.2226 2.0501 11.9331 1.4916 2.3182 29.5578 50.6675 9.3249 91.7591;
	0.0 0.4992 0.1637 1.7046 3.7006 21.7756 2.7219 4.7704 77.8134 67.5792 14.7381 122.3864;
	0.5375 0.8578 0.7454 1.3922 4.0796 14.826 1.8533 4.8331 201.663 52.0896 26.4933 94.3345;
	0.6577 0.7668 0.9448 1.7801 3.4176 7.9417 0.9927 3.8482 218.8063 46.7539 32.9386 84.6716;
	1.2676 1.2594 1.8649 2.344 2.5352 2.9809 0.3726 3.0935 214.2848 43.3187 33.7626 78.4505;
	4.1007 5.0087 9.3535 3.2792 2.1269 13.4621 1.6828 10.5557 177.6673 83.9515 41.0772 152.0366;
	3.9268 5.765 9.0025 2.6167 2.0624 15.0898 1.8862 8.0914 137.1971 80.0751 35.7605 145.0165;
	2.5937 3.1867 3.639 2.0612 1.9907 6.765 0.8456 3.2099 88.4964 67.4148 29.1667 122.0887;
	0.9712 1.1615 0.8135 1.0096 0.7978 2.3833 0.2979 0.0 28.1612 47.0762 18.463 85.2552;
	0.2415 0.2251 0.1471 0.9661 0.5544 29.432 3.679 6.1431 22.938 21.7292 10.3996 39.3517;
	0.0 0.0 0.0 0.0 0.0 0.0 0.0 0.0 0.0 0.0 0.0 0.0;
	0.0 0.0 0.0 0.0 0.0 0.0 0.0 0.0 0.0 0.0 0.0 0.0;
	0.0 0.0 0.0 0.0 0.0 0.0 0.0 0.0 0.0 0.0 0.0 0.0;
	0.0 0.0 0.0 0.0 0.0 0.0 0.0 0.0 0.0 0.0 0.0 0.0;
	0.0 0.0 0.0 0.0 0.0 0.0 0.0 0.0 0.0 0.0 0.0 0.0;
	0.0 0.0 0.0 0.0 0.0 0.0 0.0 0.0 0.0 0.0 0.0 0.0;
	0.0 0.0 0.0 0.0 0.0 0.0 0.0 0.0 0.0 0.0 0.0 0.0;
];
