function loadprofile = ex_load_profilesh1
%EX_LOAD_PROFILE  Example load profile data file for stochastic unit commitment.
% 2022.03.12
% Andres F. Ramirez

%% define constants
[CT_LABEL, CT_PROB, CT_TABLE, CT_TBUS, CT_TGEN, CT_TBRCH, CT_TAREABUS, ...
    CT_TAREAGEN, CT_TAREABRCH, CT_ROW, CT_COL, CT_CHGTYPE, CT_REP, ...
    CT_REL, CT_ADD, CT_NEWVAL, CT_TLOAD, CT_TAREALOAD, CT_LOAD_ALL_PQ, ...
    CT_LOAD_FIX_PQ, CT_LOAD_DIS_PQ, CT_LOAD_ALL_P, CT_LOAD_FIX_P, ...
    CT_LOAD_DIS_P, CT_TGENCOST, CT_TAREAGENCOST, CT_MODCOST_F, ...
    CT_MODCOST_X] = idx_ct;

loadprofile = struct( ...
    'type', 'mpcData', ...
    'table', CT_TAREALOAD, ...
    'rows', [1:11], ...
    'col', CT_LOAD_ALL_P, ...
    'chgtype', 1, ...
    'values', [] );
loadprofile.values(:,1,:) = [
	1504.2208 928.5 1615.7652 579.1558 792.1411 1283.3357 912.3471 266.4423 541.3 4665.9833 1801.9595;
	1501.1 932.0006 1612.5794 581.3008 779.9 1232.684 893.3274 260.5 523.6977 4539.9113 1735.2432;
	1492.2826 927.9232 1591.4754 590.8 773.4378 1229.8038 886.1802 266.2033 521.5 4546.2694 1730.6827;
	1487.1648 942.1443 1631.2965 589.5175 799.4464 1250.8491 894.8316 276.2 523.39 4624.3128 1755.799;
	1499.1966 967.9055 1661.5 610.1151 838.5 1321.4831 939.4 291.9 544.2 4701.4258 1823.9076;
	1559.1193 1009.7196 1719.2445 618.7184 886.4003 1357.846 987.4974 320.3866 564.2 4848.6364 1892.2;
	1621.8 1038.648 1800.651 626.7 919.9934 1427.2 1056.5251 321.8921 596.5068 5070.8207 1987.8625;
	1650.7586 1044.9436 1810.7435 615.3236 957.8997 1462.9836 1130.0595 348.5 621.4849 5295.7986 2057.2923;
	1633.3858 1016.596 1787.6893 606.2 930.1653 1477.836 1129.0217 340.3 617.6492 5450.19 2049.5606;
	1667.0684 1051.1 1794.3319 602.7828 926.6724 1490.1317 1152.1258 328.0161 631.7962 5631.9929 2129.9899;
	1640.2085 1048.3448 1834.3497 597.2342 926.514 1488.6585 1099.6684 308.7711 611.2111 5567.1981 1999.0053;
	1683.3262 1083.485 1827.578 584.2 905.5233 1511.1053 1162.2193 326.8 629.5889 5599.4064 2087.2763;
	1689.0465 1076.6011 1803.981 583.3977 883.6492 1462.629 1130.713 319.5413 606.6343 5486.3714 1999.1703;
	1706.8167 1090.5299 1849.8516 585.3602 878.9476 1448.7958 1087.9172 326.6299 585.5706 5530.9484 2041.679;
	1653.6039 1086.8443 1852.8646 589.2 885.6796 1430.0052 1053.0221 334.9 581.8864 5473.9031 2066.3231;
	1669.9944 1122.5835 1927.3135 576.6 930.7234 1483.5129 1085.3255 340.2518 616.6138 5472.0862 2169.2686;
	1707.4668 1146.9534 1996.7067 596.3 966.3717 1530.1776 1132.7373 360.5 636.533 5652.0043 2259.1145;
	1761.6027 1177.1021 1986.7 597.5147 991.4623 1551.9865 1177.8882 358.4857 681.2278 5735.5431 2395.8461;
	1757.3706 1181.6368 1993.6459 604.7 963.4976 1555.5805 1171.8817 351.1 675.3205 5874.8648 2436.7031;
	1709.6 1107.87 1913.2231 589.0 913.6332 1430.2532 1094.9553 334.1 643.6812 5657.6234 2295.1126;
	1654.706 1074.8861 1809.4156 575.2605 840.1974 1365.3799 1003.4407 315.1 579.9706 5408.0426 2121.3;
	1581.8713 1023.7 1692.1434 546.9254 797.7134 1260.5748 936.6471 303.0106 554.411 5159.0471 1957.3142;
	1550.0776 951.7299 1716.8177 556.6 783.5913 1169.8912 865.1 268.9445 502.1437 5208.3386 1775.8627;
	1510.5695 952.3653 1641.8307 557.5 739.7874 1177.9845 829.1013 266.5 479.0772 4876.8814 1683.3;
];
