function windprofile = ex_wind_profilesh1
%EX_WIND_PROFILE_D  Example wind_load_nyiso profile data for deterministic unit commitment.
% 2022.03.12
% Andres F. Ramirez


%% define constants
[GEN_BUS, PG, QG, QMAX, QMIN, VG, MBASE, GEN_STATUS, PMAX, PMIN, ...
    MU_PMAX, MU_PMIN, MU_QMAX, MU_QMIN, PC1, PC2, QC1MIN, QC1MAX, ...
    QC2MIN, QC2MAX, RAMP_AGC, RAMP_10, RAMP_30, RAMP_Q, APF] = idx_gen;
[CT_LABEL, CT_PROB, CT_TABLE, CT_TBUS, CT_TGEN, CT_TBRCH, CT_TAREABUS, ...
    CT_TAREAGEN, CT_TAREABRCH, CT_ROW, CT_COL, CT_CHGTYPE, CT_REP, ...
    CT_REL, CT_ADD, CT_NEWVAL, CT_TLOAD, CT_TAREALOAD, CT_LOAD_ALL_PQ, ...
    CT_LOAD_FIX_PQ, CT_LOAD_DIS_PQ, CT_LOAD_ALL_P, CT_LOAD_FIX_P, ...
    CT_LOAD_DIS_P, CT_TGENCOST, CT_TAREAGENCOST, CT_MODCOST_F, ...
    CT_MODCOST_X] = idx_ct;

windprofile = struct( ...
    'type', 'mpcData', ...
    'table', CT_TGEN, ...
    'rows', [1:45], ...
    'col', PMAX, ...
    'chgtype', 1, ...
    'values', [] );
windprofile.values(:,1,:) = [
	3.9386 53.2192 87.4529 117.709 15.3969 36.1797 31.483 7.6722 28.0575 12.6711 23.4224 34.9415 52.6043 42.3683 176.5709 66.522 82.5366 87.4642 83.7233 69.3494 10.4943 84.4192 30.5044 43.9758 51.7624 27.3891 5.0516 1336.9668 815.7186 815.7186 709.0669 82.2243 279.0778 178.5054 132.8304 348.0399 1302.9787 199.7082 459.5153 138.6492 122.3921 401.353 216.376 123.5025 1316.5513;
	3.2573 44.0126 80.0347 46.2197 15.0107 29.4993 30.7824 7.7192 10.0206 11.4041 21.0803 31.4476 47.3443 28.4053 161.7804 60.9498 75.6229 80.1377 84.0647 68.1571 10.2608 68.8316 21.722 37.8194 41.7006 27.8815 5.4558 1323.1415 824.1699 824.1699 741.3586 75.6941 280.2157 175.4366 89.0545 351.6458 1316.975 198.8909 454.211 111.698 118.8335 327.2453 210.6106 107.3903 1330.6934;
	3.0616 41.3695 87.3417 44.6232 14.5458 24.6268 31.317 6.1467 9.6293 1.5422 2.8508 4.2528 6.4025 34.0705 175.8273 66.2419 82.189 87.0959 82.1825 52.6542 10.439 57.4626 2.8561 38.4859 37.3021 23.4239 4.9489 1334.0028 826.4751 826.4751 744.3565 90.3024 273.9417 135.5321 106.8156 352.6294 1300.485 204.2548 456.1769 99.9164 32.1461 273.1938 205.9793 132.4772 1314.0317;
	3.4909 47.1695 82.4889 46.5939 14.6292 14.8719 31.6776 7.1436 11.6982 9.9188 18.3348 27.3519 41.1781 24.2831 181.0722 68.2179 84.6407 89.6939 72.8587 49.4801 10.5592 34.701 3.8156 34.9508 35.8381 27.4236 4.8492 1277.4441 813.7634 813.7634 746.0182 92.7057 242.8625 127.3618 76.1307 347.2057 1266.4825 221.0126 465.0139 95.9948 35.5204 164.9786 208.0208 120.5471 1279.675;
	3.7375 50.5023 80.3609 41.6236 14.4724 22.3374 30.6771 6.9644 11.817 6.1731 11.4108 17.0227 25.6276 19.2581 134.6469 50.7274 62.9396 66.6972 76.4454 47.7098 10.2257 52.1206 0.0043 26.4587 39.4383 61.6703 4.9353 1238.6342 830.761 830.761 768.2105 95.6206 254.818 122.8052 60.3768 354.458 1278.8215 230.5372 454.7275 105.6384 37.8306 247.7963 203.5351 199.2949 1292.1425;
	3.8572 52.119 91.0 109.8276 14.6421 33.5897 30.2301 4.7948 10.6601 11.5161 21.2874 31.7566 47.8094 9.3301 177.5607 66.895 82.9993 87.9545 88.3596 60.1597 10.0767 78.3759 1.0665 30.0902 52.1127 60.2649 4.0648 1193.1178 802.5614 802.5614 746.0915 108.04 294.5322 154.8512 29.2512 342.4262 1223.6514 237.5394 456.1795 139.5877 73.0619 372.6213 210.1702 243.3134 1236.3978;
	3.8593 52.1478 88.6199 112.9827 14.4567 33.8653 30.5885 9.4454 9.6197 10.266 18.9766 28.3094 42.6196 26.7701 186.8547 70.3964 87.3437 92.5583 80.3515 67.0191 10.1962 79.019 21.7463 46.9298 98.0492 73.2402 10.2833 1161.5398 816.4947 816.4947 781.7662 112.9274 267.8383 172.5075 83.928 348.3711 1280.8436 287.6171 448.3529 262.6317 112.3439 375.6788 204.9379 275.4592 1294.1857;
	3.8393 51.8776 87.7731 115.3254 14.453 34.278 30.8308 17.9813 10.3364 10.1307 18.7265 27.9363 42.0579 52.0775 190.5194 71.7771 89.0567 94.3736 83.8774 56.7434 10.2769 79.982 20.6108 52.6183 102.6179 71.2325 13.373 1148.3701 809.6391 809.6391 769.0673 114.3447 279.5915 146.0577 163.2701 345.446 1269.2276 303.3647 463.5714 274.8692 118.552 380.2573 210.9138 269.9201 1282.4487;
	3.8211 51.6317 87.4335 111.0536 14.5312 34.6883 31.0585 18.0347 9.7615 13.0193 24.0661 35.9018 54.05 60.4813 196.9248 74.1903 92.0509 97.5465 51.216 69.4995 10.3528 80.9395 32.368 85.527 102.7668 71.431 13.3279 869.3749 845.0618 845.0618 779.577 112.4143 170.7201 178.8919 189.6172 360.5597 1235.7039 293.3108 469.7392 275.2681 119.5739 384.8094 215.9355 262.992 1248.5758;
	3.8419 51.9131 89.2034 111.2671 14.9064 34.7091 30.3227 18.9114 17.1542 12.247 22.6384 33.772 50.8435 56.6934 188.5985 71.0534 88.1589 93.4221 56.4154 63.2412 10.1076 80.988 31.9308 87.5641 102.7539 72.6744 13.661 630.8171 836.1023 836.1023 785.0461 111.2206 188.0513 162.7829 177.7414 356.737 1135.0014 284.4117 457.059 275.2337 117.4975 385.0399 211.7783 276.5518 1146.8243;
	3.8494 52.0134 90.9072 111.9946 15.129 34.2928 31.1829 18.0503 25.9525 16.9051 31.2489 46.6172 70.182 67.3745 199.2374 75.0615 93.1319 98.692 45.744 68.652 10.3943 80.0166 29.7226 82.3381 98.2433 69.6585 13.2042 489.1476 835.0106 835.0106 791.0997 105.5012 152.48 176.7104 211.2282 356.2712 986.7186 303.555 461.1804 263.1518 117.893 380.4219 208.9248 265.4261 996.9969;
	3.3493 45.2559 91.0022 113.6152 14.7188 32.782 30.0538 18.6669 26.9729 18.2922 33.8128 50.442 75.9402 65.1546 199.68 75.2283 93.3388 98.9112 52.7656 65.3505 10.0179 76.4913 33.4985 82.0226 96.7543 71.6784 13.3143 336.9757 828.9225 828.9225 731.6197 108.6707 175.8853 168.2125 204.2686 353.6736 805.8839 259.6579 453.4327 259.1634 117.1585 363.6613 189.966 269.0071 814.2786;
	1.8826 25.4377 88.2621 109.3753 14.2223 21.2305 26.9214 18.6016 27.2433 26.5679 49.1104 73.2631 110.2972 67.9659 192.6148 72.5665 90.0362 95.4115 91.8788 65.4819 8.9738 49.5377 59.4038 81.0189 94.9495 69.5238 13.7049 330.4156 751.895 751.895 669.5427 108.2072 306.2627 168.5505 213.0822 320.8085 691.6506 245.5803 433.2788 254.3289 116.201 235.5165 167.3035 259.4996 698.8553;
	2.1249 28.7121 86.6316 108.8304 14.0893 12.3306 26.2936 17.9822 27.3712 30.2835 55.9785 83.5089 125.7222 67.4197 194.6331 73.3269 90.9797 96.4113 90.6739 69.2849 8.7645 28.7714 73.1841 80.7317 96.5879 68.2382 13.4198 310.7879 643.2128 643.2128 623.0174 100.2228 302.2465 178.3394 211.3698 274.4375 513.0492 222.9632 462.7956 258.7175 119.2631 136.7876 136.8957 258.2353 518.3935;
	1.7224 23.2737 83.2887 93.8289 8.8677 0.0 21.8748 17.5282 26.3982 28.1527 52.0399 77.6333 116.8766 63.1263 197.4352 74.3826 92.2895 97.7993 91.5278 72.2347 7.2916 0.0 72.3831 68.4411 90.2442 66.0968 13.2699 473.2584 503.4181 503.4181 457.3519 89.223 305.0927 185.9322 197.9095 214.7917 442.2468 200.0878 453.6112 241.7256 116.8074 0.0 100.305 227.4769 446.8536;
	2.7495 37.1518 80.1155 53.399 10.3965 21.3006 15.1458 17.8089 20.7456 27.9168 51.6039 76.9828 115.8972 56.3237 195.7785 73.7584 91.5151 96.9787 90.2553 70.7123 5.0486 49.7015 69.0753 64.7863 82.6645 69.1881 12.9029 501.8182 518.682 518.682 434.5289 49.4644 300.8511 182.0137 176.5823 221.3043 471.7683 172.9743 442.8427 221.4227 117.0311 236.295 67.2043 253.5128 476.6826;
	2.5521 34.4846 79.2067 22.4605 12.2565 29.4929 10.6988 18.1298 25.619 24.6704 45.6028 68.0304 102.4194 57.2734 192.3227 72.4565 89.8997 95.2668 90.5283 69.8507 3.5663 68.8167 69.6935 74.5409 87.3545 72.113 13.4232 565.5882 571.6019 571.6019 455.7738 27.6045 301.7612 179.7959 179.5598 243.8835 577.824 123.7709 147.505 233.9852 117.3869 327.1743 97.0419 255.0928 583.843;
	3.5642 48.1596 88.2116 56.9773 13.9306 32.7148 28.4558 18.6804 26.4425 10.8118 19.9855 29.8144 44.8855 63.9995 175.9619 66.2926 82.252 87.1625 72.1478 69.5691 9.4853 76.3345 48.0338 84.7916 101.7763 71.7217 13.735 722.699 636.4626 636.4626 432.1552 20.6529 240.4927 179.0711 200.6471 271.5574 792.4231 84.067 395.5461 272.6152 119.8499 362.9158 116.4745 258.8444 800.6775;
