function loadprofile = ex_load_profilesh1
%EX_LOAD_PROFILE  Example load profile data file for stochastic unit commitment.
% 2022.03.12
% Andres F. Ramirez

%% define constants
[CT_LABEL, CT_PROB, CT_TABLE, CT_TBUS, CT_TGEN, CT_TBRCH, CT_TAREABUS, ...
    CT_TAREAGEN, CT_TAREABRCH, CT_ROW, CT_COL, CT_CHGTYPE, CT_REP, ...
    CT_REL, CT_ADD, CT_NEWVAL, CT_TLOAD, CT_TAREALOAD, CT_LOAD_ALL_PQ, ...
    CT_LOAD_FIX_PQ, CT_LOAD_DIS_PQ, CT_LOAD_ALL_P, CT_LOAD_FIX_P, ...
    CT_LOAD_DIS_P, CT_TGENCOST, CT_TAREAGENCOST, CT_MODCOST_F, ...
    CT_MODCOST_X] = idx_ct;

loadprofile = struct( ...
    'type', 'mpcData', ...
    'table', CT_TAREALOAD, ...
    'rows', [1:11], ...
    'col', CT_LOAD_ALL_P, ...
    'chgtype', 1, ...
    'values', [] );
loadprofile.values(:,1,:) = [
	1446.194 908.9495 1480.1046 564.6569 723.5792 1178.1942 850.9373 281.6799 505.4 4685.2643 1820.0753;
	1411.6656 898.8 1472.6095 560.8704 713.344 1167.7455 842.1285 263.1649 499.3995 4524.9984 1749.4009;
	1404.2496 885.7677 1500.4526 560.8779 738.7325 1155.0465 831.8992 262.393 500.023 4483.0791 1751.1;
	1412.3472 903.1414 1495.5245 577.3 738.0644 1193.2662 866.0402 282.8973 527.1 4575.4707 1779.1783;
	1460.3482 963.9 1623.9529 577.7 833.1424 1262.6778 916.5427 306.4 572.2585 4738.5025 1921.3054;
	1509.2636 1003.0783 1671.9014 566.7981 861.6074 1328.3461 966.3755 324.0172 599.3831 4828.1089 1979.0856;
	1508.8636 1024.0291 1703.6178 546.7831 915.6374 1374.6358 1028.2014 327.8648 648.4139 4982.467 2017.2305;
	1519.0714 1047.3 1690.3294 573.4968 928.3992 1415.6 1064.0858 343.9858 665.8507 5180.4947 2072.3382;
	1542.2541 1066.8572 1783.1087 574.6875 970.8924 1455.8776 1111.8209 357.4 689.6661 5331.7055 2144.4102;
	1545.2113 1050.9311 1770.9041 565.9171 994.1737 1500.3429 1086.8966 362.631 699.4 5345.0091 2086.6566;
	1613.6539 1071.5233 1775.0404 586.4753 994.414 1514.1466 1135.5035 358.4152 722.287 5349.3773 2144.1152;
	1602.8776 1074.1 1754.1406 555.0 939.4602 1434.2883 1126.1727 318.3 720.0142 5388.2734 2138.101;
	1589.501 1082.9589 1723.2538 554.6085 934.1274 1397.5573 1096.072 344.2818 688.4 5408.011 2179.1957;
	1610.5531 1108.6128 1760.9057 537.5682 918.5434 1400.2263 1093.6665 350.801 701.655 5477.5933 2156.6443;
	1645.6546 1152.0317 1767.9408 523.4016 945.4 1462.7055 1154.7156 371.7996 710.986 5565.9898 2184.4782;
	1684.6656 1186.4886 1767.8 551.4809 942.3186 1496.8448 1150.4867 372.5291 719.2909 5762.4492 2288.4016;
	1709.3792 1181.0959 1826.7532 581.366 1003.7895 1513.588 1202.9122 378.929 715.568 5805.8198 2400.9558;
	1755.732 1248.8225 1955.6691 601.2 1078.5005 1620.6335 1285.8433 396.276 752.4308 6033.8337 2533.4104;
	1784.3162 1262.6719 1927.9409 581.9 1049.5529 1589.6575 1234.32 399.2083 737.9342 6028.1562 2457.6471;
	1701.3612 1175.8432 1842.6833 563.4815 969.9032 1491.7301 1165.2943 365.507 712.4286 5818.1783 2345.9919;
	1630.0629 1094.8427 1734.0559 531.1402 887.3 1375.7 1068.848 339.1246 654.6517 5475.9198 2180.5517;
	1551.332 1039.756 1636.2 520.4553 803.7246 1272.0979 970.2 307.2 599.0553 5169.845 2010.0346;
	1472.5656 968.2182 1567.317 527.7799 729.2775 1124.1022 875.8832 267.2013 518.0 4519.8433 1703.5182;
	1442.5168 971.6485 1553.7665 520.674 738.7465 1089.9 850.3315 243.7 489.343 4304.5612 1611.0335;
];
