function loadprofile = ex_load_profilesh1
%EX_LOAD_PROFILE  Example load profile data file for stochastic unit commitment.
% 2022.03.12
% Andres F. Ramirez

%% define constants
[CT_LABEL, CT_PROB, CT_TABLE, CT_TBUS, CT_TGEN, CT_TBRCH, CT_TAREABUS, ...
    CT_TAREAGEN, CT_TAREABRCH, CT_ROW, CT_COL, CT_CHGTYPE, CT_REP, ...
    CT_REL, CT_ADD, CT_NEWVAL, CT_TLOAD, CT_TAREALOAD, CT_LOAD_ALL_PQ, ...
    CT_LOAD_FIX_PQ, CT_LOAD_DIS_PQ, CT_LOAD_ALL_P, CT_LOAD_FIX_P, ...
    CT_LOAD_DIS_P, CT_TGENCOST, CT_TAREAGENCOST, CT_MODCOST_F, ...
    CT_MODCOST_X] = idx_ct;

loadprofile = struct( ...
    'type', 'mpcData', ...
    'table', CT_TAREALOAD, ...
    'rows', [1:11], ...
    'col', CT_LOAD_ALL_P, ...
    'chgtype', 1, ...
    'values', [] );
loadprofile.values(:,1,:) = [
	1446.1321 877.8396 1564.7 581.2529 734.1897 1221.6915 773.7962 249.6749 483.4712 4639.4721 1662.7218;
	1404.2609 864.2 1562.7129 587.7 731.362 1209.3299 764.9407 237.9375 481.013 4492.8747 1673.757;
	1408.3469 876.0476 1573.2343 579.3021 725.8429 1237.3174 749.1971 237.7772 475.7 4411.4394 1614.3824;
	1412.1811 887.9916 1603.7 586.1 740.7986 1228.6606 780.8766 249.7095 476.1398 4541.1 1701.9943;
	1462.1767 920.6522 1665.3 595.1 775.8792 1265.9585 813.4727 262.2469 509.0635 4636.6935 1795.9985;
	1536.1824 965.9358 1723.4275 627.9753 822.9983 1299.8 839.911 264.114 564.0917 4859.1199 1845.1592;
	1567.9702 979.6029 1774.4216 622.9504 873.7966 1343.278 864.9147 288.5862 596.8316 5062.5966 1826.632;
	1600.3546 1036.0992 1819.9253 632.7215 904.1366 1397.9 888.9569 304.6199 615.9003 5194.7453 1881.266;
	1625.79 1041.5445 1834.5664 625.3073 933.1851 1392.7004 995.8313 337.6 639.4 5292.0 1948.6129;
	1635.2 1026.3807 1796.7631 609.8 894.2503 1372.3437 992.9752 351.4694 652.9742 5433.9769 1992.8801;
	1641.439 1051.2546 1830.9491 595.0601 892.4357 1420.6 1024.4209 369.3 663.6 5591.0 2079.2761;
	1638.8426 1031.1072 1798.7204 600.8 864.4632 1419.4033 1012.2603 340.4681 633.7035 5522.9334 2062.212;
	1565.6154 1006.3666 1756.5223 585.3065 860.9362 1364.3072 975.2266 347.6852 643.8871 5477.6311 2025.6686;
	1592.4951 1020.7339 1746.3201 596.332 883.8874 1355.6001 968.0401 349.8095 628.5621 5435.2868 1943.3609;
	1612.6773 1042.0509 1755.7138 571.5289 955.0934 1426.2 968.3921 334.6221 638.5008 5413.9732 2050.0146;
	1654.0001 1071.5108 1792.7541 591.4 948.5941 1442.5505 1037.0214 327.4146 655.0804 5483.9417 2121.0752;
	1654.3212 1088.7 1873.802 603.2377 996.5674 1487.4619 1093.0 335.6441 673.7 5548.0607 2226.6818;
	1702.6 1103.5387 1947.0473 616.6944 1049.6595 1557.5616 1143.1046 354.4563 718.2334 5692.8333 2385.8325;
	1758.2571 1134.4008 1979.9258 626.1921 1044.6219 1587.0617 1160.4851 369.8688 739.5121 5681.5764 2390.5481;
	1682.0769 1078.4662 1864.6134 596.0 999.9 1447.9836 1093.4243 355.3391 687.0714 5532.2386 2263.6648;
	1632.1675 1059.4621 1788.4346 575.6615 945.6 1392.0594 1035.0 332.3813 654.6536 5336.9555 2122.538;
	1560.7481 997.0582 1694.3936 541.6301 875.5284 1298.9546 959.6 310.9055 606.3521 5131.3847 1981.1226;
	1467.3 916.1833 1557.1438 511.46 794.447 1132.5181 851.3993 262.4553 515.6288 4699.7791 1752.2496;
	1456.8395 890.4122 1515.9099 534.9 742.3142 1075.7433 813.0532 232.5971 469.8094 4396.6795 1655.0609;
];
