function windprofile = ex_wind_profilesh1
%EX_WIND_PROFILE_D  Example wind_load_nyiso profile data for deterministic unit commitment.
% 2022.03.12
% Andres F. Ramirez


%% define constants
[GEN_BUS, PG, QG, QMAX, QMIN, VG, MBASE, GEN_STATUS, PMAX, PMIN, ...
    MU_PMAX, MU_PMIN, MU_QMAX, MU_QMIN, PC1, PC2, QC1MIN, QC1MAX, ...
    QC2MIN, QC2MAX, RAMP_AGC, RAMP_10, RAMP_30, RAMP_Q, APF] = idx_gen;
[CT_LABEL, CT_PROB, CT_TABLE, CT_TBUS, CT_TGEN, CT_TBRCH, CT_TAREABUS, ...
    CT_TAREAGEN, CT_TAREABRCH, CT_ROW, CT_COL, CT_CHGTYPE, CT_REP, ...
    CT_REL, CT_ADD, CT_NEWVAL, CT_TLOAD, CT_TAREALOAD, CT_LOAD_ALL_PQ, ...
    CT_LOAD_FIX_PQ, CT_LOAD_DIS_PQ, CT_LOAD_ALL_P, CT_LOAD_FIX_P, ...
    CT_LOAD_DIS_P, CT_TGENCOST, CT_TAREAGENCOST, CT_MODCOST_F, ...
    CT_MODCOST_X] = idx_ct;

windprofile = struct( ...
    'type', 'mpcData', ...
    'table', CT_TGEN, ...
    'rows', [1:45], ...
    'col', PMAX, ...
    'chgtype', 1, ...
    'values', [] );
windprofile.values(:,1,:) = [
	3.8231 51.6589 81.2127 110.0663 14.6439 34.8421 30.6074 6.135 26.2679 0.0 0.0 0.0 0.0 38.7603 184.9229 69.6686 86.4407 91.6014 84.6238 67.7237 10.2025 81.2983 2.2065 28.6742 19.4528 9.4508 3.7179 1219.136 795.3598 795.3598 617.5512 83.6751 282.0793 174.321 121.5189 339.3535 1233.7142 198.8893 457.9074 52.1058 109.882 386.5154 213.7137 116.4539 1246.5654;
	3.4584 46.7311 82.9665 49.1452 15.3509 30.4539 31.542 7.5575 10.5867 11.3661 21.01 31.3428 47.1864 42.7176 191.1291 72.0068 89.3417 94.6756 86.8433 71.6826 10.514 71.059 22.3452 41.9048 40.2554 27.5857 5.3181 1294.743 839.1139 839.1139 721.3006 79.7168 289.4775 184.5113 133.9253 358.0219 1313.0062 200.0455 478.7172 107.8271 109.8795 337.8349 218.8077 110.1602 1326.6833;
	3.3175 44.8268 91.5543 51.6287 15.2144 25.3598 32.2225 6.5546 10.3586 11.6306 21.499 32.0723 48.2846 42.4056 197.0118 74.223 92.0916 97.5896 89.2773 66.7525 10.7408 59.1729 25.0103 43.2032 40.4841 29.9564 5.6872 1307.4673 851.3875 851.3875 788.9927 97.457 297.5909 171.8212 132.9472 363.2587 1318.7385 218.7838 478.2639 108.4394 23.985 281.3248 218.825 141.0664 1332.4753;
	3.5674 48.2038 88.2583 51.5895 15.1034 14.2915 31.4188 7.5941 11.3262 10.4261 19.2725 28.7509 43.2843 25.0684 193.1345 72.7623 90.2791 95.6689 85.6345 66.4214 10.4729 33.3468 23.9685 46.8525 41.4457 32.8187 5.8341 1271.4872 819.7624 819.7624 771.5015 97.9402 285.4483 170.969 78.593 349.7653 1250.0743 227.4171 471.7258 111.0152 36.6127 158.5402 211.8472 128.797 1263.096;
	3.9058 52.7763 86.7772 43.3516 15.183 22.5288 31.8482 7.5299 11.4533 10.735 19.8435 29.6026 44.5665 31.279 179.8455 67.7557 84.0673 89.0863 87.6134 65.6458 10.6161 52.5672 0.3557 38.8163 45.2037 66.5454 5.4594 1243.9976 830.306 830.306 801.5774 103.1772 292.0446 168.9726 98.0639 354.2639 1249.2039 232.7027 474.5249 121.0814 37.8008 249.9195 206.4911 223.3061 1262.2164;
	3.8503 52.0265 93.0238 111.0461 14.9122 33.0776 31.5178 6.3371 10.959 11.3459 20.9728 31.2872 47.1027 28.2422 195.1779 73.5321 91.2343 96.6811 91.0129 68.5641 10.5059 77.1811 0.1866 38.8847 55.5857 62.0606 5.2708 1165.4422 815.5443 815.5443 775.4188 108.3257 303.3763 176.4841 88.5431 347.9656 1153.3314 218.2268 463.3647 148.8903 65.9073 366.9408 198.9921 256.2451 1165.3452;
	3.9573 53.4718 92.1005 116.8624 14.8797 34.293 30.7594 9.3539 10.3331 11.4364 21.1401 31.5368 47.4785 37.5739 202.3369 76.2293 94.5807 100.2274 84.2411 70.7675 10.2531 80.0171 16.8118 58.7563 101.5469 72.418 10.8254 1094.0212 809.5813 809.5813 757.5549 103.6613 280.8036 182.1557 117.7992 345.4214 1213.6336 251.4726 456.1333 272.0006 102.2398 380.4239 191.0204 281.096 1226.2756;
	3.9116 52.8539 92.0593 118.0676 15.3142 34.5899 30.4132 18.2465 10.5307 11.6643 21.5613 32.1652 48.4246 62.3832 194.2969 73.2002 90.8225 96.2448 79.8253 58.6633 10.1377 80.7097 23.8273 64.5966 104.3869 72.181 13.4803 1002.1154 828.3304 828.3304 791.9561 110.6747 266.0844 150.9995 195.5798 353.421 1177.0037 298.5981 459.1735 279.6077 117.6376 383.7171 197.5887 281.6337 1189.2642;
	3.8792 52.4164 89.0494 113.3631 15.1235 33.5661 29.9174 18.0947 9.7834 10.6348 19.6584 29.3264 44.1507 61.8164 193.7337 72.988 90.5592 95.9657 48.4493 64.8138 9.9725 78.3208 21.4231 89.0138 102.6468 71.4462 13.26 751.2043 832.3214 832.3214 776.4494 105.6757 161.4977 166.831 193.8027 355.1238 1171.9091 301.9261 451.7859 274.9469 117.6353 372.3596 193.6838 268.3619 1184.1165;
	3.8213 51.6348 88.8803 114.5197 15.276 34.1108 31.2577 17.8298 21.9442 10.3968 19.2183 28.6699 43.1624 59.326 189.2491 71.2985 88.4629 93.7443 51.9007 58.6569 10.4192 79.5919 23.8085 89.0617 100.5481 69.799 13.0918 558.509 814.8056 814.8056 766.1302 107.8628 173.0024 150.9831 185.9951 347.6504 1033.6831 274.7001 468.9031 269.3253 116.075 378.4026 188.3951 270.1885 1044.4506;
	3.8335 51.7984 93.8538 117.4772 14.8184 33.7949 31.3653 18.2511 28.1921 17.2848 31.9507 47.6642 71.7582 67.9724 193.0582 72.7336 90.2435 95.6312 42.3151 66.0464 10.4551 78.8548 30.4033 89.4165 103.5131 72.2999 13.5611 414.606 787.2175 787.2175 762.9842 103.6385 141.0503 170.0035 213.1028 335.8795 903.0996 277.5439 465.3567 277.2672 118.8864 374.8981 200.5415 267.5658 912.5069;
	3.315 44.7932 92.8844 116.9265 14.8483 32.4556 30.5023 18.7594 28.4169 19.6026 36.2351 54.0556 81.3804 65.0343 191.5309 72.1581 89.5295 94.8746 52.4899 64.5275 10.1674 75.7297 37.8816 88.7544 103.8558 72.8874 13.3754 328.2046 797.0627 797.0627 746.6346 108.6873 174.9663 166.0939 203.8914 340.0801 793.0745 259.3669 472.2234 278.1851 116.9621 360.0408 185.4886 264.499 801.3357;
	2.0558 27.778 92.6755 111.9843 14.6916 21.0313 26.2818 18.7934 27.5336 26.5281 49.0368 73.1533 110.1319 63.3454 197.0706 74.2452 92.119 97.6187 92.1416 65.6614 8.7606 49.0731 62.4057 87.0213 103.9268 71.876 13.8081 297.0408 674.8613 674.8613 649.1979 108.4027 307.1387 169.0127 198.5963 287.9408 656.3193 229.1624 439.2228 278.3755 119.7955 233.3078 159.6524 266.8983 663.156;
	2.3878 32.2647 92.4225 113.4048 15.1933 13.2708 27.0595 18.2856 28.3478 31.1834 57.642 85.9906 129.4584 64.6593 197.8606 74.5428 92.4883 98.01 91.8105 71.1589 9.0198 30.9651 75.8565 87.7268 103.8416 69.8006 13.5365 309.2716 621.8731 621.8731 635.3175 101.2622 306.035 183.1631 202.7158 265.3325 489.0969 206.7449 452.2964 278.1472 121.631 147.217 132.4156 267.5691 494.1917;
	2.2575 30.504 93.6208 116.6753 13.7898 8.5387 23.5204 18.465 28.0311 29.9725 55.4038 82.6515 124.4314 64.3385 201.1121 75.7678 94.0082 99.6206 89.5054 70.4533 7.8401 19.9237 72.5882 89.5183 104.7053 69.6991 13.7229 467.4848 502.9759 502.9759 478.4908 94.1328 298.3514 181.3469 201.71 214.6031 449.809 191.1143 460.2346 280.4607 119.4293 94.7231 115.4139 265.5411 454.4945;
	3.3819 45.6975 93.4095 88.5935 15.2764 27.7729 17.4464 19.094 24.9766 29.4689 54.4728 81.2627 122.3406 58.915 200.9552 75.7087 93.9349 99.5429 90.0373 70.9116 5.8155 64.8033 72.5127 89.6905 102.3948 72.2567 14.028 530.264 548.8832 548.8832 444.5178 50.5685 300.1244 182.5266 184.7065 234.1902 508.2646 162.704 463.7275 274.2717 121.456 308.0935 84.1858 276.1537 513.559;
	3.3933 45.8514 93.4157 65.9231 15.3906 33.3354 16.8802 19.091 28.2614 29.0532 53.7045 80.1165 120.6149 61.6774 199.7075 75.2386 93.3517 98.9249 91.1135 72.0811 5.6267 77.7826 73.8989 89.5155 105.1376 73.0959 14.0357 591.1403 621.4982 621.4982 471.763 32.7714 303.7115 185.537 193.3671 265.1726 616.5283 126.9349 216.7485 281.6187 123.1625 369.8005 116.4255 270.555 622.9504;
	3.6323 49.0799 92.8616 63.6651 14.7457 32.3481 31.2881 18.9603 28.0951 14.6758 27.128 40.4697 60.9269 65.1922 187.3704 70.5907 87.5848 92.8137 72.873 73.1946 10.4294 75.479 54.11 89.5393 104.8596 73.5396 13.9165 748.679 660.2141 660.2141 459.2595 32.9641 242.9101 188.4031 204.3865 281.6914 851.7535 92.0457 441.0692 280.8738 121.9909 358.8488 117.2681 268.5476 860.6259;
