function loadprofile = ex_load_profilesh1
%EX_LOAD_PROFILE  Example load profile data file for stochastic unit commitment.
% 2022.03.12
% Andres F. Ramirez

%% define constants
[CT_LABEL, CT_PROB, CT_TABLE, CT_TBUS, CT_TGEN, CT_TBRCH, CT_TAREABUS, ...
    CT_TAREAGEN, CT_TAREABRCH, CT_ROW, CT_COL, CT_CHGTYPE, CT_REP, ...
    CT_REL, CT_ADD, CT_NEWVAL, CT_TLOAD, CT_TAREALOAD, CT_LOAD_ALL_PQ, ...
    CT_LOAD_FIX_PQ, CT_LOAD_DIS_PQ, CT_LOAD_ALL_P, CT_LOAD_FIX_P, ...
    CT_LOAD_DIS_P, CT_TGENCOST, CT_TAREAGENCOST, CT_MODCOST_F, ...
    CT_MODCOST_X] = idx_ct;

loadprofile = struct( ...
    'type', 'mpcData', ...
    'table', CT_TAREALOAD, ...
    'rows', [1:11], ...
    'col', CT_LOAD_ALL_P, ...
    'chgtype', 1, ...
    'values', [] );
loadprofile.values(:,1,:) = [
	1453.5249 947.1483 1621.9888 589.684 866.9247 1219.4995 886.4551 264.213 540.6939 4537.2995 1744.3066;
	1430.668 933.607 1597.9642 584.8376 856.1031 1206.1334 863.3851 250.7 513.2042 4391.9862 1700.0644;
	1415.8534 912.9092 1557.3971 589.5841 842.6047 1185.3774 870.4778 251.4314 506.1669 4423.9041 1709.9455;
	1422.1479 931.3041 1594.2 590.0888 859.7731 1214.6925 873.0489 249.2465 514.4776 4472.4849 1717.1221;
	1443.8285 969.9016 1644.8903 605.9156 913.443 1261.0197 920.6668 275.0811 553.9458 4611.4528 1834.7;
	1491.0087 1008.9526 1734.4346 614.3 956.7 1311.8685 988.8912 297.5 582.8057 4829.2071 1915.2493;
	1508.7996 1036.6 1784.1034 611.3338 1020.4903 1404.6148 1028.7187 313.3795 599.1902 4970.3681 2008.3816;
	1521.4311 1046.4317 1792.2987 613.6999 1012.4 1426.063 1050.0615 312.6 616.4534 5031.8014 2047.0189;
	1592.9599 1058.4 1812.0502 617.3986 1036.3143 1452.8742 1039.8439 329.7623 619.217 5134.297 1968.8129;
	1616.1443 1045.4835 1795.4626 625.7 1022.9714 1492.9159 1047.309 308.1712 608.9108 5093.0721 1934.5584;
	1627.3488 1057.7 1795.8337 635.9626 991.3317 1457.2603 1035.4 311.7 565.4353 4774.4918 1949.016;
	1592.8202 978.9104 1730.3337 631.9876 967.1462 1411.2126 996.5228 310.1646 571.363 4955.4471 1923.2124;
	1598.1141 998.9562 1716.5439 609.9 934.6 1366.2961 971.1953 313.3394 546.3549 4157.5451 1903.2843;
	1650.6576 1029.6716 1702.5453 608.156 903.3076 1341.8016 1007.3186 296.3 524.4264 4360.9122 1923.9795;
	1686.6262 1049.8645 1698.1388 603.2744 885.7 1344.5264 1055.2441 318.1976 547.1409 4916.6757 2018.4116;
	1715.6399 1082.0 1756.6712 608.8907 898.5799 1390.0863 1082.0233 318.3354 583.738 4818.4864 2094.7644;
	1686.6 1094.2405 1807.451 613.0122 920.2638 1430.4949 1078.8676 326.3573 615.3111 5279.8683 2187.2222;
	1754.2755 1156.2 1860.325 623.2 978.7975 1484.6764 1145.1 354.4102 657.8908 5332.8715 2332.6681;
	1753.4416 1157.1 1862.9 629.2 990.2 1478.1446 1130.8057 351.5114 660.971 5284.8904 2302.1812;
	1727.6312 1139.911 1827.3126 596.45 945.7075 1415.389 1084.6338 337.6028 614.3759 5095.6574 2167.1261;
	1678.6518 1071.837 1753.6438 580.9487 908.4054 1312.3574 1005.3083 306.6051 571.1987 4951.8962 1972.8409;
	1621.3282 1010.6978 1644.5175 557.2222 826.4122 1217.769 927.2922 261.0499 521.1437 4500.7172 1736.9497;
	1458.0293 903.0774 1483.1074 545.6608 718.6999 1079.0569 804.7135 239.5812 434.704 4026.0285 1639.9878;
	1440.1083 890.829 1471.8214 552.3758 729.1251 1052.195 819.4605 236.5155 442.4338 3979.2893 1622.0887;
];
