function windprofile = ex_wind_profilesh1
%EX_WIND_PROFILE_D  Example wind_load_nyiso profile data for deterministic unit commitment.
% 2022.03.12
% Andres F. Ramirez


%% define constants
[GEN_BUS, PG, QG, QMAX, QMIN, VG, MBASE, GEN_STATUS, PMAX, PMIN, ...
    MU_PMAX, MU_PMIN, MU_QMAX, MU_QMIN, PC1, PC2, QC1MIN, QC1MAX, ...
    QC2MIN, QC2MAX, RAMP_AGC, RAMP_10, RAMP_30, RAMP_Q, APF] = idx_gen;
[CT_LABEL, CT_PROB, CT_TABLE, CT_TBUS, CT_TGEN, CT_TBRCH, CT_TAREABUS, ...
    CT_TAREAGEN, CT_TAREABRCH, CT_ROW, CT_COL, CT_CHGTYPE, CT_REP, ...
    CT_REL, CT_ADD, CT_NEWVAL, CT_TLOAD, CT_TAREALOAD, CT_LOAD_ALL_PQ, ...
    CT_LOAD_FIX_PQ, CT_LOAD_DIS_PQ, CT_LOAD_ALL_P, CT_LOAD_FIX_P, ...
    CT_LOAD_DIS_P, CT_TGENCOST, CT_TAREAGENCOST, CT_MODCOST_F, ...
    CT_MODCOST_X] = idx_ct;

windprofile = struct( ...
    'type', 'mpcData', ...
    'table', CT_TGEN, ...
    'rows', [1:45], ...
    'col', PMAX, ...
    'chgtype', 1, ...
    'values', [] );
windprofile.values(:,1,:) = [
	3.8797 52.4227 86.3717 119.6842 15.269 35.4145 31.0477 7.8047 28.116 12.9054 23.8554 35.5875 53.5768 43.1963 193.7544 72.9959 90.5689 95.976 86.2909 70.6371 10.3492 82.6339 33.3089 40.4584 51.475 28.9309 5.1158 1209.7069 806.3621 806.3621 626.0937 84.6429 287.6365 181.8202 135.4261 344.0478 1222.4414 203.786 460.622 137.8793 111.2762 392.8651 214.1318 117.1371 1235.1752;
	3.4617 46.7751 80.417 49.4193 15.2703 29.3935 31.3441 7.6436 11.3808 12.805 23.6699 35.3108 53.1602 40.7052 188.5186 71.0233 88.1215 93.3825 86.5848 71.3795 10.448 68.5849 28.713 36.6377 41.3091 29.9351 5.6077 1250.1075 830.2607 830.2607 652.3281 73.6503 288.616 183.7309 127.6164 354.2446 1295.3999 191.9497 464.3579 110.6494 110.7022 326.072 217.6489 109.3004 1308.8936;
	3.2378 43.7495 91.0802 52.496 14.8665 25.2926 31.2472 7.2171 10.06 12.7237 23.5196 35.0866 52.8227 39.2175 192.1187 72.3796 89.8043 95.1658 88.8747 70.0433 10.4157 59.0161 30.5671 39.4192 40.7635 31.8775 5.7509 1200.8467 829.378 829.378 696.5421 88.893 296.249 180.2917 122.9521 353.8679 1266.2214 206.2176 467.1264 109.188 27.8179 280.5794 212.6153 143.3819 1279.4112;
	3.5641 48.1588 89.9823 53.856 15.1784 15.4976 31.0407 7.8723 11.6834 13.0153 24.0587 35.8908 54.0334 24.8712 197.0917 74.2532 92.1289 97.6292 89.0251 69.8142 10.3469 36.1612 33.8446 39.7266 39.6441 32.4319 5.2509 1247.7584 828.3221 828.3221 690.8232 95.9386 296.7502 179.7019 77.9745 353.4174 1287.6389 225.7472 452.556 106.1895 32.7338 171.9205 216.1863 128.0112 1301.0518;
	3.8827 52.4641 90.3133 49.7124 15.3789 24.8665 32.1565 7.9567 13.0856 12.4928 23.0928 34.4499 51.8641 30.4758 188.4724 71.0059 88.0999 93.3596 89.8114 69.4894 10.7188 58.0219 43.928 30.4585 39.69 64.7842 5.3396 1167.6314 814.6355 814.6355 674.5905 92.6912 299.3712 178.8658 95.5458 347.5778 1238.6349 225.1289 465.7262 106.3125 31.7232 275.8529 216.9129 215.8287 1251.5374;
	3.8768 52.3834 95.2366 117.9846 15.3774 34.3417 31.1615 8.0637 11.6054 12.4515 23.0164 34.3359 51.6925 24.2897 189.4467 71.3729 88.5553 93.8422 91.4761 67.8986 10.3872 80.1307 17.4582 34.7354 55.0297 71.7386 5.3278 1118.3267 789.6869 789.6869 669.6711 102.7793 304.9204 174.7711 76.1516 336.9331 1220.6206 224.9152 447.0774 147.4009 50.7276 380.9644 212.2553 263.8891 1233.3354;
	3.9046 52.7591 93.961 120.2324 15.2895 35.3349 30.8723 11.2962 11.776 11.3458 20.9725 31.2868 47.1021 29.0476 191.7819 72.2527 89.6469 94.9989 84.091 68.1429 10.2908 82.4482 25.0843 50.7959 98.865 74.0638 9.0277 1067.8759 791.6847 791.6847 643.9414 98.1811 280.3034 175.3999 91.0683 337.7855 1247.0287 265.0297 440.0512 264.8169 94.9354 391.9821 214.8906 279.4717 1260.0186;
	3.8011 51.3617 93.0353 120.0379 15.2134 35.0848 30.1677 18.4871 11.0561 11.6586 21.5507 32.1494 48.4008 55.6044 188.8349 71.1425 88.2693 93.5392 82.8479 58.648 10.0559 81.8644 26.0079 53.7255 103.4854 74.2419 13.3099 1005.6151 768.6561 768.6561 609.6648 100.3654 276.1595 150.9602 174.3272 327.9599 1210.2026 272.3769 451.1875 277.1931 115.4671 389.2069 213.808 282.9061 1222.8089;
	3.7164 50.2165 94.3746 119.6601 14.9751 34.6149 29.2075 17.978 8.1206 11.3154 20.9164 31.2031 46.9761 54.1154 191.4087 72.1121 89.4724 94.8141 50.3109 64.7733 9.7358 80.768 21.4696 85.6374 103.399 74.7082 13.1791 774.9697 790.9977 790.9977 625.9971 100.3381 167.7031 166.7266 169.659 337.4924 1153.5478 274.0243 439.9544 276.9617 116.7113 383.9943 207.2645 279.7903 1165.564;
	3.7946 51.2732 95.2042 120.6323 15.2173 34.4627 30.2358 18.5066 18.9825 10.737 19.8472 29.6081 44.5748 56.3446 193.5658 72.9248 90.4808 95.8826 55.988 58.8692 10.0786 80.4129 5.0373 88.1989 104.6208 74.2324 13.1378 610.2923 811.8258 811.8258 696.2339 99.066 186.6265 151.5294 176.6481 346.379 1111.8854 273.7491 442.7442 280.2342 112.6243 382.306 207.1288 283.6337 1123.4676;
	3.623 48.9546 93.209 115.8565 14.8459 32.9655 30.0889 17.3851 26.4401 15.7005 29.0221 43.2952 65.1807 65.8918 200.29 75.4581 93.6239 99.2134 40.2066 65.3737 10.0296 76.9195 24.0163 82.3913 96.8189 70.4092 12.6534 433.3853 778.136 778.136 711.5969 89.6338 134.0221 168.2721 206.5796 332.0047 934.4492 284.9383 453.3865 259.3364 111.582 365.6972 190.7609 260.3347 944.183;
	3.2221 43.538 93.1667 114.3539 14.9069 31.4074 28.8056 17.8041 26.7128 18.2271 33.6924 50.2625 75.6699 63.1951 197.4487 74.3877 92.2958 97.806 52.4898 62.9657 9.6019 73.2839 33.0013 81.9602 97.4342 73.3282 12.1389 331.6071 765.7026 765.7026 694.1 94.0302 174.9661 162.0738 198.1251 326.6998 795.8532 273.3303 446.454 260.9843 114.7328 348.4125 178.4786 262.5132 804.1434;
	2.1821 29.4854 93.3906 113.1039 14.9405 21.2382 26.1338 18.1853 27.3814 27.6608 51.1306 76.2768 114.8344 63.4109 189.6292 71.4417 88.6406 93.9326 92.0451 65.4373 8.7113 49.5557 61.1675 81.5532 97.17 70.9998 13.4431 335.2337 694.7982 694.7982 631.9978 98.4056 306.817 168.4359 198.8016 296.4473 659.8105 250.8857 429.5124 260.2769 120.327 235.6022 169.9623 268.0412 666.6835;
	2.3959 32.3736 93.3985 111.4343 14.8932 13.7544 26.6769 18.0496 27.2824 30.807 56.9462 84.9526 127.8956 66.7852 196.5543 74.0507 91.8777 97.3629 91.9783 70.5753 8.8923 32.0936 72.9277 80.9467 98.3154 71.9768 13.2599 322.6981 652.5157 652.5157 619.1297 95.4357 306.5944 181.661 209.3807 278.4067 519.0187 230.5626 460.2661 263.3448 120.2148 152.5822 150.9889 265.9425 524.4251;
	2.2347 30.1959 88.7398 108.5322 12.9693 2.3975 22.2498 17.7164 26.5453 28.8829 53.3895 79.6467 119.9076 63.2517 201.1707 75.7899 94.0356 99.6497 92.125 72.3906 7.4166 5.5942 70.4003 81.6821 96.1033 70.0374 13.3895 446.6504 505.4189 505.4189 439.4612 86.5486 307.0834 186.3336 198.3025 215.6454 430.5757 204.7052 457.6139 257.4195 117.3946 26.5967 121.8867 238.5404 435.0608;
	3.2657 44.1271 87.8667 79.7313 14.0284 26.5775 15.8334 18.447 20.3563 26.7771 49.4971 73.8399 111.1656 55.9346 196.9156 74.1868 92.0466 97.5419 92.4691 71.0117 5.2778 62.0141 69.589 83.1336 97.6187 72.5989 13.5756 515.5006 504.2261 504.2261 385.3613 41.6844 308.2304 182.7844 175.3626 215.1365 488.1307 167.8625 456.9003 261.4786 118.7243 294.8326 88.6784 261.9113 493.2154;
	3.2583 44.0275 89.2685 59.2145 14.5433 33.3629 14.2139 18.4061 25.9086 24.0365 44.4312 66.2826 99.7881 53.5945 186.0183 70.0813 86.9527 92.144 87.1813 67.7675 4.738 77.8469 69.0573 71.4196 100.1627 73.6393 13.5409 601.3858 562.3499 562.3499 427.8498 20.1151 290.6044 174.4338 168.0261 239.936 602.5168 126.8484 175.2675 268.2929 116.9504 370.1062 119.6184 268.303 608.7931;
	3.6761 49.6724 88.5658 61.4334 14.4799 33.7987 30.0994 18.1816 26.4861 10.2736 18.9905 28.3301 42.6508 57.9353 172.826 65.1112 80.7861 85.6091 76.8261 69.1282 10.0331 78.8636 46.9635 84.2722 98.4561 72.3589 13.2708 733.7133 624.6408 624.6408 439.0639 29.1254 256.0871 177.9362 181.6348 266.5134 793.2229 97.8347 420.2803 263.7217 120.6659 374.9399 128.0467 254.5305 801.4856;
