function loadprofile = ex_load_profilesh1
%EX_LOAD_PROFILE  Example load profile data file for stochastic unit commitment.
% 2022.03.12
% Andres F. Ramirez

%% define constants
[CT_LABEL, CT_PROB, CT_TABLE, CT_TBUS, CT_TGEN, CT_TBRCH, CT_TAREABUS, ...
    CT_TAREAGEN, CT_TAREABRCH, CT_ROW, CT_COL, CT_CHGTYPE, CT_REP, ...
    CT_REL, CT_ADD, CT_NEWVAL, CT_TLOAD, CT_TAREALOAD, CT_LOAD_ALL_PQ, ...
    CT_LOAD_FIX_PQ, CT_LOAD_DIS_PQ, CT_LOAD_ALL_P, CT_LOAD_FIX_P, ...
    CT_LOAD_DIS_P, CT_TGENCOST, CT_TAREAGENCOST, CT_MODCOST_F, ...
    CT_MODCOST_X] = idx_ct;

loadprofile = struct( ...
    'type', 'mpcData', ...
    'table', CT_TAREALOAD, ...
    'rows', [1:11], ...
    'col', CT_LOAD_ALL_P, ...
    'chgtype', 1, ...
    'values', [] );
loadprofile.values(:,1,:) = [
	1465.045 945.829 1609.5 574.0349 787.4973 1223.7693 879.5835 265.8288 524.7979 4468.3164 1780.6575;
	1448.817 919.2584 1578.4201 572.9098 770.2081 1172.9837 857.1591 252.4454 502.2 4336.3832 1726.8338;
	1501.3412 937.2315 1595.7163 576.8841 770.3101 1216.6 865.4288 255.3829 499.0343 4411.4142 1732.3434;
	1488.2205 931.5072 1629.2232 584.8 773.6616 1193.9583 871.72 261.5834 511.8325 4303.3455 1717.039;
	1514.5218 968.8287 1694.4785 603.9183 806.2936 1250.5768 905.3148 255.5 525.2295 4474.4168 1769.8174;
	1564.939 1004.3 1729.8128 622.734 852.895 1307.0669 958.0 282.1271 537.8982 4550.5947 1865.855;
	1573.0497 1041.1757 1793.0 618.633 908.0127 1350.1736 992.0314 315.1305 564.0 4805.8709 1977.699;
	1619.2315 1056.49 1823.1841 621.6 939.3221 1405.152 1037.8 310.0771 606.5539 4960.0837 2037.0;
	1620.0284 1069.1333 1831.0995 641.9259 943.1717 1407.3389 1062.2157 317.9441 633.2405 5114.6354 2121.9476;
	1587.2093 1084.2902 1849.7918 629.5 947.9605 1440.2207 1068.1008 336.6 639.7832 5215.4648 2048.3074;
	1631.323 1101.6021 1817.4857 619.1261 936.2 1374.5067 1069.0 332.6775 637.2829 5256.9704 1995.7385;
	1633.2874 1117.7513 1820.4605 630.8483 948.578 1413.0797 1047.7137 318.3 628.1 5261.2232 1959.7219;
	1666.1535 1117.829 1791.8 610.9021 918.8022 1430.7161 1079.6005 288.7423 629.454 5080.4617 1935.0866;
	1644.7362 1111.0296 1813.4819 597.066 891.3863 1414.4151 1029.3733 293.9101 613.3114 4806.1068 1914.288;
	1671.6578 1111.732 1768.1317 592.5 924.4363 1477.2772 1096.5633 290.1313 619.5916 5097.1998 2059.6526;
	1673.8809 1169.483 1823.0895 609.2092 942.1569 1494.8588 1116.0845 302.8492 609.4836 5050.2834 2130.9676;
	1703.4019 1199.1238 1884.1814 626.9296 978.9636 1622.6604 1214.0659 334.8586 648.488 5413.6006 2238.4992;
	1762.8377 1230.1 1946.8857 645.7369 1016.1754 1657.7381 1282.845 357.8958 699.1371 5534.2115 2389.3934;
	1779.9317 1219.6074 1944.4427 637.1935 1026.4023 1601.6944 1224.6 344.3059 690.8081 5455.3957 2313.658;
	1740.8093 1206.1543 1868.1663 612.5942 957.1 1511.992 1160.2953 332.2756 676.2746 5471.7679 2285.034;
	1630.0464 1106.2779 1755.9 585.2176 868.8414 1389.1 1062.7655 293.7 625.5 5223.47 2130.8344;
	1616.644 1068.6377 1671.4 547.1131 820.6428 1301.3991 1032.3217 280.8 583.178 5032.873 1990.4435;
	1556.5381 990.5604 1570.2956 558.9151 755.7267 1140.2195 907.7252 250.0898 535.6227 4743.2779 1754.813;
	1589.6836 959.9666 1635.4 568.7238 770.3534 1134.5424 888.0351 238.7 498.304 4558.2 1719.6413;
];
