function loadprofile = ex_load_profilesh1
%EX_LOAD_PROFILE  Example load profile data file for stochastic unit commitment.
% 2022.03.12
% Andres F. Ramirez

%% define constants
[CT_LABEL, CT_PROB, CT_TABLE, CT_TBUS, CT_TGEN, CT_TBRCH, CT_TAREABUS, ...
    CT_TAREAGEN, CT_TAREABRCH, CT_ROW, CT_COL, CT_CHGTYPE, CT_REP, ...
    CT_REL, CT_ADD, CT_NEWVAL, CT_TLOAD, CT_TAREALOAD, CT_LOAD_ALL_PQ, ...
    CT_LOAD_FIX_PQ, CT_LOAD_DIS_PQ, CT_LOAD_ALL_P, CT_LOAD_FIX_P, ...
    CT_LOAD_DIS_P, CT_TGENCOST, CT_TAREAGENCOST, CT_MODCOST_F, ...
    CT_MODCOST_X] = idx_ct;

loadprofile = struct( ...
    'type', 'mpcData', ...
    'table', CT_TAREALOAD, ...
    'rows', [1:11], ...
    'col', CT_LOAD_ALL_P, ...
    'chgtype', 1, ...
    'values', [] );
loadprofile.values(:,1,:) = [
	1474.602 945.7636 1740.2476 601.5467 851.8615 1253.4 912.9797 276.3 552.2 4712.7471 1818.7054;
	1404.0797 912.4958 1671.0782 586.1636 824.7 1208.7903 864.8036 251.8066 517.0741 4424.141 1713.4276;
	1410.3597 924.6564 1702.9845 588.4196 836.5967 1233.6031 872.4 253.3778 521.3 4442.9543 1728.1532;
	1431.5033 934.3 1705.5729 601.1 851.3762 1237.4 892.9543 253.4072 522.6784 4469.5873 1753.4421;
	1464.1 978.2401 1792.295 620.0688 900.0503 1303.4398 948.8 274.1 542.6519 4581.7144 1821.1868;
	1531.5342 1008.9269 1856.4702 627.0 942.6 1354.1673 978.334 286.3794 565.7328 4701.012 1858.3037;
	1575.2978 1036.795 1895.0419 647.266 973.4321 1409.8999 1028.1427 306.4795 576.826 4775.6258 1851.8056;
	1590.5286 1039.0 1865.1442 650.1 1001.22 1462.8037 1041.8545 337.2908 575.5545 4648.0271 1824.3857;
	1643.2433 1051.4 1854.4 630.5 992.7991 1477.821 1075.5638 330.4426 584.3638 5066.4845 1949.5983;
	1661.7646 1050.8 1848.8534 626.2725 969.8562 1444.4146 1027.8798 322.6 593.9138 5002.5396 1937.7845;
	1687.2288 1048.3224 1872.9292 619.4 949.2663 1495.1717 1044.7762 318.9759 616.5439 5161.2773 1889.557;
	1630.4399 1030.7 1830.0198 606.6609 922.4963 1439.3408 990.878 314.351 605.1523 5074.8966 1853.4495;
	1649.8926 1019.337 1804.1303 598.6867 871.9146 1438.1794 1042.7258 294.9071 596.6055 5198.3539 1665.2047;
	1616.7274 1019.6328 1775.2408 592.6113 881.3553 1416.2067 1012.7314 269.8208 586.8998 4965.3816 1537.0782;
	1626.6219 1063.1334 1816.7 588.0129 929.0916 1436.8 1044.5627 290.0012 572.4997 5028.4078 1687.8104;
	1639.2128 1099.613 1866.3249 592.9494 946.0267 1474.4219 1063.6051 303.0445 562.474 5258.6547 1763.1124;
	1662.0784 1098.0326 1906.639 602.2962 952.4978 1503.6665 1089.589 321.1712 612.383 5334.7699 1935.0701;
	1730.6805 1178.1 2004.4566 606.5536 995.5521 1537.3648 1154.2864 341.8026 674.1659 5524.5007 2323.8903;
	1695.0404 1160.869 1985.3862 597.5685 974.2616 1502.6018 1109.2797 331.9992 644.6321 5395.8933 2200.9447;
	1652.0104 1100.669 1915.678 575.1723 943.2535 1436.2442 1063.1945 333.7 612.4107 5356.3469 2075.087;
	1598.7 1025.3568 1772.3 541.4905 852.2819 1305.9 948.4134 290.278 551.8809 4945.7261 1828.8779;
	1494.5845 957.457 1658.8 545.785 780.1961 1221.8333 899.5692 276.5691 507.486 4865.9797 1746.9162;
	1484.7299 913.7114 1633.7827 524.7816 772.1 1142.0768 853.3853 257.9 459.1259 4558.7461 1606.399;
	1467.4661 910.0 1638.285 503.3943 754.7698 1121.8722 854.9334 258.691 447.3157 4456.108 1549.3079;
];
