function loadprofile = ex_load_profilesh1
%EX_LOAD_PROFILE  Example load profile data file for stochastic unit commitment.
% 2022.03.12
% Andres F. Ramirez

%% define constants
[CT_LABEL, CT_PROB, CT_TABLE, CT_TBUS, CT_TGEN, CT_TBRCH, CT_TAREABUS, ...
    CT_TAREAGEN, CT_TAREABRCH, CT_ROW, CT_COL, CT_CHGTYPE, CT_REP, ...
    CT_REL, CT_ADD, CT_NEWVAL, CT_TLOAD, CT_TAREALOAD, CT_LOAD_ALL_PQ, ...
    CT_LOAD_FIX_PQ, CT_LOAD_DIS_PQ, CT_LOAD_ALL_P, CT_LOAD_FIX_P, ...
    CT_LOAD_DIS_P, CT_TGENCOST, CT_TAREAGENCOST, CT_MODCOST_F, ...
    CT_MODCOST_X] = idx_ct;

loadprofile = struct( ...
    'type', 'mpcData', ...
    'table', CT_TAREALOAD, ...
    'rows', [1:11], ...
    'col', CT_LOAD_ALL_P, ...
    'chgtype', 1, ...
    'values', [] );
loadprofile.values(:,1,:) = [
	1538.7834 977.4435 1691.1492 605.3 859.0762 1204.9531 883.3553 271.3427 566.2537 4665.1024 1830.877;
	1500.2443 949.7882 1663.0225 599.3 839.7 1207.2356 846.1485 251.6842 531.7274 4439.1983 1732.8904;
	1528.9978 948.6934 1659.8075 593.5561 827.6647 1207.1774 878.8 269.2504 533.0713 4435.6651 1739.6;
	1539.8674 969.4941 1724.754 607.5568 849.5964 1239.8576 892.719 286.7 553.0043 4551.3034 1780.3852;
	1575.4224 989.0942 1736.7212 622.8766 895.1866 1268.3914 926.723 297.3155 568.7382 4614.6007 1850.9052;
	1627.3579 1024.0 1788.2126 636.4598 997.2187 1304.1 959.0 306.7992 587.5204 4814.3848 1926.4637;
	1708.7415 1045.375 1826.6194 637.4537 1047.4468 1331.8272 1019.8482 331.0 613.5977 5004.0866 1998.4225;
	1753.197 1043.7359 1854.7877 630.8475 1056.9159 1336.74 1033.2433 321.994 633.803 5150.8831 1977.918;
	1789.3222 1041.4662 1883.0113 614.9124 1061.082 1308.9524 1021.9835 319.7787 626.8 5243.8 1959.9194;
	1858.5174 1050.3002 1893.5341 627.1534 1034.6996 1284.8978 1050.6128 322.7702 615.5648 5344.7961 1937.1185;
	1872.4711 1036.557 1895.6441 612.1018 1017.2738 1233.0865 1048.0791 317.082 615.3192 5333.7002 1917.9004;
	1838.9196 1038.2348 1877.5782 593.62 1032.6385 1210.8499 1066.6661 327.1178 609.923 5253.9759 1916.1952;
	1850.165 1054.532 1925.9732 580.1157 1014.4239 1244.5853 1084.5873 339.6785 605.076 5340.2719 1944.2588;
	1796.045 1065.3 1928.3614 584.8532 998.792 1240.3772 1052.7 336.9 618.6 5337.0392 2022.1585;
	1772.7224 1068.2235 1924.6845 591.4015 996.0989 1242.6962 1049.1788 322.3702 600.3969 5341.8447 2044.2466;
	1834.8945 1109.5 1991.7576 609.5504 1030.4895 1330.2 1082.9984 336.5566 616.4607 5428.1909 2156.5446;
	1819.9429 1114.5396 2006.1948 626.3 1052.2047 1391.872 1116.6423 332.7 651.0332 5505.1266 2207.4723;
	1879.4942 1174.9813 2108.9901 649.9851 1066.6418 1460.5506 1129.5835 338.1048 671.0117 5615.2589 2301.08;
	1847.3781 1178.7 2039.3397 641.5194 1059.5445 1433.7884 1127.0716 342.0 673.0115 5530.9455 2226.1041;
	1833.0926 1113.1186 1957.4997 611.0743 1015.2 1362.9574 1080.7947 314.4994 659.3069 5495.9935 2218.3683;
	1792.6879 1069.9351 1872.4184 588.9764 949.797 1289.3483 1043.172 298.073 624.5436 5381.6488 2119.5805;
	1732.2144 1011.869 1805.9559 571.2688 886.1177 1172.8808 983.4 293.3 588.5298 5149.1074 1948.6684;
	1671.573 963.8435 1790.5082 578.4128 866.6729 1134.3928 926.9656 278.7056 538.9 4920.2178 1763.3598;
	1692.2181 946.2 1739.0427 572.0098 830.3758 1140.5342 890.0253 254.942 507.5882 4631.1189 1653.9293;
];
