function windprofile = ex_wind_profilesh1
%EX_WIND_PROFILE_D  Example wind_load_nyiso profile data for deterministic unit commitment.
% 2022.03.12
% Andres F. Ramirez


%% define constants
[GEN_BUS, PG, QG, QMAX, QMIN, VG, MBASE, GEN_STATUS, PMAX, PMIN, ...
    MU_PMAX, MU_PMIN, MU_QMAX, MU_QMIN, PC1, PC2, QC1MIN, QC1MAX, ...
    QC2MIN, QC2MAX, RAMP_AGC, RAMP_10, RAMP_30, RAMP_Q, APF] = idx_gen;
[CT_LABEL, CT_PROB, CT_TABLE, CT_TBUS, CT_TGEN, CT_TBRCH, CT_TAREABUS, ...
    CT_TAREAGEN, CT_TAREABRCH, CT_ROW, CT_COL, CT_CHGTYPE, CT_REP, ...
    CT_REL, CT_ADD, CT_NEWVAL, CT_TLOAD, CT_TAREALOAD, CT_LOAD_ALL_PQ, ...
    CT_LOAD_FIX_PQ, CT_LOAD_DIS_PQ, CT_LOAD_ALL_P, CT_LOAD_FIX_P, ...
    CT_LOAD_DIS_P, CT_TGENCOST, CT_TAREAGENCOST, CT_MODCOST_F, ...
    CT_MODCOST_X] = idx_ct;

windprofile = struct( ...
    'type', 'mpcData', ...
    'table', CT_TGEN, ...
    'rows', [1:45], ...
    'col', PMAX, ...
    'chgtype', 1, ...
    'values', [] );
windprofile.values(:,1,:) = [
	3.7028 50.0329 81.6928 110.8437 14.9885 32.332 29.0922 7.5608 26.5337 11.9949 22.1723 33.0768 49.7969 35.3164 174.4355 65.7176 81.5385 86.4064 78.4871 72.3079 9.6974 75.4413 28.7759 35.7036 42.9477 27.5609 4.8317 1259.5009 779.1727 779.1727 543.1769 79.8718 261.6235 186.1208 110.7217 332.447 1211.0573 196.1144 434.0772 115.0385 114.873 358.6695 199.2867 119.1734 1223.6724;
	3.027 40.9016 73.5023 43.5655 15.0014 26.57 29.826 7.4404 10.0206 13.7257 25.3717 37.8496 56.9824 38.881 188.3207 70.9487 88.029 93.2844 83.3453 73.5923 9.942 61.9967 26.9139 33.5666 38.0946 27.7286 5.336 1270.0584 815.9256 815.9256 654.9696 72.6221 277.8177 189.4267 121.8971 348.1282 1247.0491 192.5856 453.8478 102.0392 117.4262 294.7498 200.8063 101.3772 1260.0392;
	3.0033 40.5816 88.1959 51.3961 15.1378 24.1145 30.0242 6.8732 9.4026 13.5664 25.0772 37.4103 56.321 34.4625 194.3749 73.2296 90.8589 96.2834 86.0248 69.9118 10.0081 56.2672 29.4301 39.7713 36.8082 29.5885 5.8291 1247.4153 827.6191 827.6191 711.2974 86.9882 286.7495 179.9531 108.0447 353.1175 1254.1312 206.3643 459.4428 98.5935 38.2022 267.5106 207.4958 133.5529 1267.195;
	3.4684 46.8657 87.1739 55.2371 15.123 14.5728 30.5759 7.6396 10.3294 13.1678 24.3405 36.3112 54.6663 24.722 193.4277 72.8728 90.4162 95.8142 84.3967 69.4806 10.192 34.0032 29.8533 38.1129 35.7171 30.4891 5.4597 1271.8345 839.1884 839.1884 711.5593 86.3228 281.3224 178.8431 77.5068 358.0537 1267.9071 220.4291 453.4102 95.6709 38.4869 161.6609 212.253 118.446 1281.1145;
	3.8378 51.8576 82.7911 45.419 15.2361 23.5347 30.9042 7.1174 10.5793 11.767 21.7511 32.4484 48.8509 29.9443 176.6256 66.5427 82.5622 87.4913 88.3397 68.7469 10.3014 54.9143 5.227 22.5871 32.5394 61.6184 5.0137 1264.5067 836.9384 836.9384 768.6192 87.5856 294.4658 176.9548 93.8796 357.0937 1273.9183 227.9943 457.71 87.159 36.6063 261.0784 215.812 209.3613 1287.1882;
	3.8823 52.4589 93.9774 114.868 15.2904 34.7307 31.2746 6.9305 10.541 12.6056 23.3014 34.761 52.3325 28.0721 189.668 71.4563 88.6588 93.9518 91.6677 68.6193 10.4249 81.0384 8.8064 21.3313 47.9173 67.6401 4.4233 1235.1788 830.1898 830.1898 755.6479 106.8506 305.5589 176.6262 88.0097 354.2143 1275.6059 230.2966 468.1948 128.3499 71.7336 385.2796 216.3075 261.1148 1288.8934;
	3.9479 53.3452 93.8329 120.4353 15.287 35.5228 30.8478 10.3235 9.1611 11.0386 20.4047 30.4399 45.8271 37.7632 193.3297 72.8358 90.3704 95.7656 86.9272 70.3138 10.2826 82.8866 24.4041 49.7952 98.0522 74.6297 10.1809 1160.8822 840.5863 840.5863 754.0965 110.0383 289.7574 180.988 118.3929 358.6502 1282.2685 275.6895 466.8237 262.6398 116.6121 394.0664 218.6555 281.4297 1295.6255;
	3.8501 52.023 93.4641 119.4624 15.141 35.1659 30.0385 18.4284 1.3356 10.8231 20.0063 29.8454 44.9321 60.9737 183.7553 69.2287 85.8949 91.023 83.7926 52.9021 10.0128 82.0537 24.7125 53.3063 103.1881 75.0316 13.5245 1058.9195 820.611 820.611 748.9637 106.8935 279.3087 136.1702 191.1607 350.1274 1230.5625 284.5049 464.128 276.3967 123.2881 390.1068 218.3112 283.9163 1243.3809;
	3.8055 51.4208 93.2838 119.0866 15.032 35.1233 29.5604 18.1055 8.8731 13.2676 24.525 36.5865 55.0807 64.794 188.1772 70.8947 87.9619 93.2134 48.5963 61.1326 9.8535 81.9545 30.4819 85.316 103.5503 73.2465 13.6505 786.0641 834.8257 834.8257 700.7085 100.4163 161.9878 157.3555 203.1378 356.1923 1206.1239 296.8484 458.8067 277.3669 123.2782 389.635 218.5775 277.3388 1218.6877;
	3.8528 52.06 89.3101 118.7807 14.9474 34.7865 30.2463 17.7048 19.6998 12.0096 22.1996 33.1174 49.858 62.1578 177.5348 66.8852 82.9872 87.9416 52.5465 56.5095 10.0821 81.1686 26.7679 86.5865 98.9405 69.0146 13.1544 622.2378 851.7659 851.7659 719.716 99.2013 175.1551 145.4556 194.8732 363.4201 1129.1018 255.9217 468.256 265.0193 122.1199 385.8987 215.1654 267.9592 1140.8632;
	3.6286 49.0307 84.1745 110.7764 14.2964 33.1035 30.4207 17.3529 26.0213 17.4253 32.2104 48.0515 72.3413 66.6531 193.1194 72.7566 90.2721 95.6614 40.0635 66.0336 10.1402 77.2415 28.6236 81.357 92.9296 68.0854 13.0999 465.6393 815.8154 815.8154 727.4217 101.5524 133.5451 169.9706 208.9665 348.0812 963.0867 256.8631 447.6834 248.9186 119.2731 367.2284 196.4603 255.4967 973.1188;
	2.9579 39.968 85.5737 109.5223 14.1292 29.5859 30.0228 17.3728 27.1677 17.3567 32.0837 47.8625 72.0568 64.8793 190.5709 71.7965 89.0808 94.3991 52.7785 63.7209 10.0076 69.0338 33.32 74.1437 89.1027 69.6869 12.8418 340.7934 800.9883 800.9883 691.5534 108.662 175.9284 164.0179 203.4054 341.755 795.7075 250.6689 450.3558 238.6679 119.0817 328.2066 178.8005 227.9742 803.9961;
	1.7952 24.2575 86.2942 104.0785 12.2909 14.743 25.1605 15.9404 26.242 25.063 46.3286 69.1131 104.0494 64.8215 189.0019 71.2054 88.3474 93.6219 91.3093 64.0303 8.3868 34.4004 53.9968 63.8047 76.9472 66.5139 13.1692 328.8121 711.0383 711.0383 611.946 108.9617 304.3644 164.8142 203.2243 303.3764 672.1883 224.2536 432.7908 206.1085 119.38 163.5493 152.1534 257.2172 679.1903;
	2.0546 27.762 86.1627 102.9961 14.1213 3.4267 25.3792 16.8942 26.3884 29.1337 53.8532 80.3383 120.9489 65.5224 191.0228 71.9667 89.2921 94.6229 89.0944 69.9894 8.4597 7.9957 71.0863 69.2801 80.5332 67.2516 13.1074 322.7051 622.8632 622.8632 588.8676 107.2808 296.9812 180.153 205.4214 265.7549 497.007 206.1512 446.5684 215.7138 119.515 38.0137 128.6892 247.5848 502.1841;
	1.8934 25.5846 85.1859 95.6473 11.2098 0.0 22.3793 17.5771 26.2843 26.4789 48.9459 73.0176 109.9276 66.4488 198.2317 74.6826 92.6618 98.1938 88.914 73.0685 7.4598 0.0 68.8887 74.9018 90.7316 68.2018 13.4966 460.3194 504.8551 504.8551 429.8681 89.6384 296.3801 188.0785 208.3259 215.4048 426.7891 182.4574 446.6222 243.0309 117.7761 0.0 95.7799 233.1647 431.2348;
	3.2919 44.4814 84.8231 69.5029 13.9631 20.0018 17.2007 17.8895 22.4069 26.6805 49.3185 73.5735 110.7645 60.1773 198.8734 74.9244 92.9617 98.5117 87.7447 72.7095 5.7336 46.671 68.959 79.7486 94.1724 70.6713 13.6072 524.9448 575.6648 575.6648 426.6863 52.1526 292.4822 187.1545 188.6641 245.617 517.378 174.6999 466.2126 252.2475 120.3215 221.887 71.0514 258.3113 522.7673;
	3.0206 40.8154 86.257 54.7551 14.0893 26.7955 14.7587 17.9915 26.6537 23.6315 43.6825 65.1658 98.1067 60.9976 197.654 74.465 92.3918 97.9077 86.4742 72.8138 4.9196 62.5228 68.5724 83.4496 92.2957 71.575 13.5866 588.7662 605.4243 605.4243 427.3191 28.8606 288.2474 187.4228 191.2357 258.3143 613.7703 119.8692 175.6899 247.2206 116.2169 297.251 97.1651 255.7651 620.1637;
	3.56 48.1031 84.985 52.7519 14.0436 30.3517 29.4524 18.1267 26.5917 11.1167 20.549 30.6551 46.1511 62.4279 186.9613 70.4366 87.3936 92.6111 75.5101 73.3643 9.8175 70.8206 46.8617 84.8821 100.3671 71.0004 13.3791 674.2088 624.9202 624.9202 386.6632 26.3998 251.7005 188.8399 195.72 266.6326 772.6931 77.2245 407.4869 268.8404 118.8821 336.7015 107.4048 250.0785 780.7419;
