function loadprofile = ex_load_profilesh1
%EX_LOAD_PROFILE  Example load profile data file for stochastic unit commitment.
% 2022.03.12
% Andres F. Ramirez

%% define constants
[CT_LABEL, CT_PROB, CT_TABLE, CT_TBUS, CT_TGEN, CT_TBRCH, CT_TAREABUS, ...
    CT_TAREAGEN, CT_TAREABRCH, CT_ROW, CT_COL, CT_CHGTYPE, CT_REP, ...
    CT_REL, CT_ADD, CT_NEWVAL, CT_TLOAD, CT_TAREALOAD, CT_LOAD_ALL_PQ, ...
    CT_LOAD_FIX_PQ, CT_LOAD_DIS_PQ, CT_LOAD_ALL_P, CT_LOAD_FIX_P, ...
    CT_LOAD_DIS_P, CT_TGENCOST, CT_TAREAGENCOST, CT_MODCOST_F, ...
    CT_MODCOST_X] = idx_ct;

loadprofile = struct( ...
    'type', 'mpcData', ...
    'table', CT_TAREALOAD, ...
    'rows', [1:11], ...
    'col', CT_LOAD_ALL_P, ...
    'chgtype', 1, ...
    'values', [] );
loadprofile.values(:,1,:) = [
	1478.736 940.2245 1564.633 602.5 830.0 1238.8244 898.0017 282.9 561.8 4746.586 1850.433;
	1436.3853 913.5887 1527.8 590.4 807.0 1202.4246 876.8087 275.4036 546.5028 4636.1215 1807.737;
	1477.4368 930.7912 1562.4 583.5823 815.3 1203.6 880.995 270.8421 550.3008 4639.7292 1815.5674;
	1503.7905 947.2 1578.3102 601.1 838.54 1247.3254 910.6083 292.5 554.7 4781.155 1909.2147;
	1527.7455 994.8155 1667.5757 603.7323 903.4 1302.208 939.0993 286.2822 561.9965 4788.6945 1910.8022;
	1586.7491 1029.7482 1756.8143 605.4 952.8938 1349.4128 990.9614 308.8 580.2722 4933.0 1954.7654;
	1678.4934 1068.2644 1847.2 625.2694 1007.5601 1439.0241 1059.4 333.2358 628.5845 5142.3342 2104.4;
	1744.9465 1120.2671 1862.1243 623.6432 1022.6575 1466.6743 1104.4577 343.6 630.826 5209.5755 2134.4429;
	1744.9704 1143.2379 1916.8391 608.8837 1039.0361 1509.0453 1106.3 347.3697 639.7206 5368.4987 2164.1123;
	1720.4079 1138.8722 1899.3968 606.8016 1005.9 1531.6875 1184.1706 360.6985 644.3595 5545.7 2181.4691;
	1728.5554 1130.2512 1885.3545 597.6019 976.396 1531.2277 1149.5627 352.1 647.1 5486.7009 2156.6627;
	1733.1337 1162.6185 1911.7036 581.996 939.6468 1516.9887 1161.6503 370.2606 642.3425 5481.2934 2128.3534;
	1672.8702 1124.847 1870.7177 573.7546 934.6 1484.2629 1139.5 357.7745 627.9 5372.8908 2050.3348;
	1622.9787 1125.5602 1854.0764 576.9349 931.3114 1448.7744 1115.5185 342.3 582.8423 5242.0687 1960.5316;
	1630.1028 1151.7794 1869.6094 581.4 955.584 1455.2935 1094.1302 341.3 546.333 5268.7392 2073.2302;
	1658.2863 1184.9005 1903.6318 598.8009 1001.2473 1502.2839 1141.7116 342.2757 615.6968 5335.5374 2184.3571;
	1603.2944 1186.1047 1879.9395 601.8682 1018.7 1516.8786 1130.8557 373.9549 624.63 5314.0523 2229.6712;
	1720.5763 1200.0508 1980.4622 622.1625 1080.241 1599.1898 1187.3599 372.7904 679.6517 5523.2497 2380.4658;
	1742.4632 1219.755 1981.5938 611.4868 1067.7777 1600.0875 1186.1281 372.5167 703.0816 5606.2379 2403.1802;
	1714.1141 1185.1788 1896.6585 587.5699 999.4662 1502.8903 1113.5675 346.644 671.1284 5353.4433 2266.8;
	1675.0379 1131.1878 1823.4556 556.0838 932.9033 1418.9136 1062.2522 329.0879 633.1406 5365.3878 2141.4015;
	1619.3135 1046.7412 1689.6826 544.9392 874.5136 1312.9408 975.3371 289.4103 590.9 5070.9838 2013.7081;
	1535.4425 969.4193 1585.787 532.2133 774.9259 1152.6611 910.4151 274.4513 539.699 4648.4333 1773.7538;
	1509.6 938.5 1573.0155 538.12 770.2031 1137.7 899.3106 266.5271 511.3999 4488.289 1683.5942;
];
