function loadprofile = ex_load_profilesh1
%EX_LOAD_PROFILE  Example load profile data file for stochastic unit commitment.
% 2022.03.12
% Andres F. Ramirez

%% define constants
[CT_LABEL, CT_PROB, CT_TABLE, CT_TBUS, CT_TGEN, CT_TBRCH, CT_TAREABUS, ...
    CT_TAREAGEN, CT_TAREABRCH, CT_ROW, CT_COL, CT_CHGTYPE, CT_REP, ...
    CT_REL, CT_ADD, CT_NEWVAL, CT_TLOAD, CT_TAREALOAD, CT_LOAD_ALL_PQ, ...
    CT_LOAD_FIX_PQ, CT_LOAD_DIS_PQ, CT_LOAD_ALL_P, CT_LOAD_FIX_P, ...
    CT_LOAD_DIS_P, CT_TGENCOST, CT_TAREAGENCOST, CT_MODCOST_F, ...
    CT_MODCOST_X] = idx_ct;

loadprofile = struct( ...
    'type', 'mpcData', ...
    'table', CT_TAREALOAD, ...
    'rows', [1:11], ...
    'col', CT_LOAD_ALL_P, ...
    'chgtype', 1, ...
    'values', [] );
loadprofile.values(:,1,:) = [
	1527.8253 943.6897 1652.8524 562.3006 891.3301 1282.8891 924.608 329.572 540.0786 4895.777 1909.3921;
	1499.9497 936.3285 1632.1011 557.339 849.2318 1256.3088 907.7192 310.952 528.7042 4775.4349 1889.6224;
	1506.8785 928.5238 1624.6758 568.2458 858.1779 1233.8 894.4528 307.9592 524.6217 4751.34 1874.8298;
	1504.1 947.213 1636.9663 575.9196 868.1608 1261.5688 900.4 297.5004 529.2098 4723.816 1819.1997;
	1580.45 985.3795 1691.483 594.2655 899.9 1319.5239 930.5 315.2833 562.4 4857.9901 1945.6983;
	1672.7386 1036.6217 1789.9573 615.076 962.5408 1379.4784 1001.4 348.3121 611.092 5176.0513 2106.6036;
	1698.6514 1063.791 1844.0328 603.5 1001.57 1420.2939 1070.0912 388.399 644.7293 5338.2534 2229.1866;
	1733.3111 1133.1469 1884.4309 608.1391 988.5894 1464.3831 1142.8202 373.9205 686.8304 5515.0939 2380.042;
	1747.4247 1172.4952 1911.5324 606.2 995.1472 1484.7 1213.4653 390.3035 695.4339 5554.2388 2496.5124;
	1776.3502 1210.8819 1935.4725 583.5286 1015.5586 1494.7 1227.5256 433.6061 692.3 5732.5284 2497.8559;
	1831.8245 1224.8645 1965.638 573.429 1018.0977 1525.3482 1235.367 438.1354 683.9341 5807.1381 2602.8754;
	1837.9339 1206.9612 1895.742 546.9635 980.7293 1464.666 1182.6199 424.1631 677.7265 5827.1852 2618.489;
	1781.4024 1210.2171 1881.8446 523.5077 979.5661 1443.4 1248.3541 425.1724 713.0717 5803.6737 2666.5501;
	1765.3001 1162.0751 1835.5823 519.4178 930.0259 1379.7 1150.7059 383.172 690.7316 5551.3778 2596.6142;
	1693.4862 1111.4024 1809.8798 512.5662 897.0589 1387.3703 1132.2627 368.7 690.6297 5587.1583 2534.5467;
	1737.2459 1133.5 1849.8182 522.3843 912.549 1410.8978 1109.0264 392.624 668.5951 5579.3635 2517.1717;
	1703.7863 1135.4038 1849.6363 521.975 947.9325 1464.8415 1138.0772 385.3649 704.418 5557.7053 2595.9589;
	1698.653 1189.5084 1918.363 550.5785 984.9017 1503.0726 1169.2784 399.7849 727.6684 5693.0663 2594.0369;
	1730.495 1197.4066 1958.8686 550.3313 957.7252 1467.9502 1158.5562 373.2412 733.7174 5696.0218 2468.7113;
	1714.3485 1154.404 1866.0703 553.1593 926.3719 1380.5491 1085.6684 345.9 712.4508 5552.8738 2334.937;
	1682.5132 1102.1016 1765.1934 536.1238 869.0041 1288.8528 1043.4403 337.0 699.0734 5501.7515 2210.5065;
	1580.2577 1057.0976 1713.0358 504.9 852.858 1206.4899 962.4866 308.3 621.0299 5302.6367 1982.8679;
	1534.7182 944.0042 1590.2526 472.6516 784.5463 1120.5187 893.113 264.1 536.2957 4822.179 1849.3503;
	1483.7124 920.055 1555.715 467.62 761.0228 1087.0 883.5263 264.3954 518.6497 4714.1004 1808.5263;
];
