function loadprofile = ex_load_profilesh1
%EX_LOAD_PROFILE  Example load profile data file for stochastic unit commitment.
% 2022.03.12
% Andres F. Ramirez

%% define constants
[CT_LABEL, CT_PROB, CT_TABLE, CT_TBUS, CT_TGEN, CT_TBRCH, CT_TAREABUS, ...
    CT_TAREAGEN, CT_TAREABRCH, CT_ROW, CT_COL, CT_CHGTYPE, CT_REP, ...
    CT_REL, CT_ADD, CT_NEWVAL, CT_TLOAD, CT_TAREALOAD, CT_LOAD_ALL_PQ, ...
    CT_LOAD_FIX_PQ, CT_LOAD_DIS_PQ, CT_LOAD_ALL_P, CT_LOAD_FIX_P, ...
    CT_LOAD_DIS_P, CT_TGENCOST, CT_TAREAGENCOST, CT_MODCOST_F, ...
    CT_MODCOST_X] = idx_ct;

loadprofile = struct( ...
    'type', 'mpcData', ...
    'table', CT_TAREALOAD, ...
    'rows', [1:11], ...
    'col', CT_LOAD_ALL_P, ...
    'chgtype', 1, ...
    'values', [] );
loadprofile.values(:,1,:) = [
	1390.425 895.2959 1574.2581 536.3285 793.8522 1230.5384 937.7964 280.0 549.8064 5210.4947 2026.5619;
	1368.9056 877.6721 1570.4223 533.3 779.7908 1221.5109 913.6288 266.4 527.8812 5049.0882 2028.9834;
	1421.851 900.2734 1588.1255 544.7 785.0086 1236.944 930.1394 274.867 549.2583 5061.3085 2110.3661;
	1418.3748 910.3124 1596.4633 556.0762 815.0 1256.6645 937.2922 281.0 544.8162 5115.5245 2133.0096;
	1485.8656 972.2448 1693.7 573.3025 871.1058 1334.0354 978.0 301.8 567.3265 5199.2178 2166.1641;
	1527.3569 997.5 1746.6282 591.8162 919.1415 1365.1962 1006.4497 318.7 590.1 5146.0653 2060.9858;
	1508.6014 1002.0896 1764.7917 588.3701 951.3455 1390.3105 1028.1697 334.8154 599.1895 5150.9654 2130.0439;
	1519.3776 1042.7536 1820.6603 599.9 1018.7842 1436.9303 1075.4 349.4859 629.5 5435.4516 2329.0214;
	1552.7115 1063.246 1786.753 607.3402 1021.4 1448.1631 1070.349 354.6147 640.2 5458.2009 2337.6086;
	1578.4671 1063.5245 1781.8286 595.6471 995.0075 1461.6748 1070.7328 380.7 619.8436 5608.2312 2343.0607;
	1579.9381 1042.7287 1757.4102 581.3663 965.4 1431.5699 1045.074 396.5364 633.9792 5712.8056 2341.7075;
	1606.5434 1074.4145 1754.8549 584.7 957.6386 1482.6084 1061.3004 408.6241 639.2833 5717.3 2426.9791;
	1587.2587 1078.1058 1774.0497 569.231 946.5991 1440.2698 1035.3471 388.5532 623.7762 5588.055 2306.3591;
	1641.4 1099.0339 1792.4136 567.1 921.6 1416.2372 1032.2 405.7799 653.9919 5550.7516 2353.9271;
	1621.4078 1099.1515 1812.2109 557.1 945.5452 1413.4465 1054.1669 395.3499 664.2632 5609.8544 2340.6771;
	1616.2013 1103.4893 1820.4622 581.2074 959.7891 1469.6649 1078.2487 398.4673 664.1011 5754.6772 2428.42;
	1650.1513 1122.7 1848.4 580.0 962.5868 1503.4178 1113.0077 419.2216 683.7672 5744.4624 2379.8374;
	1750.1852 1200.6101 1938.0281 601.2 1016.7352 1571.1675 1185.7204 424.7128 775.3078 6055.0131 2571.2225;
	1735.6374 1220.8838 1923.6041 600.2006 999.4258 1543.9658 1171.9 419.1666 758.968 5933.5808 2563.6771;
	1710.7 1184.0961 1874.118 580.443 964.793 1482.6 1110.443 393.8276 714.7721 5765.8935 2492.9328;
	1654.1184 1125.2643 1802.3679 547.3246 914.5625 1397.3005 1048.1079 349.4 657.8028 5452.4236 2230.5;
	1572.7647 1047.6702 1694.7894 544.4796 844.1725 1296.2686 980.2691 307.2 634.8683 5194.5603 2069.1221;
	1543.7254 992.0627 1653.6423 556.8 809.0 1149.2758 901.1219 278.3 533.7238 4838.4693 1850.6963;
	1468.3835 955.8601 1613.4416 558.2689 807.69 1100.6 850.2 255.8374 504.9 4645.3503 1676.3989;
];
