function windprofile = ex_wind_profilesh1
%EX_WIND_PROFILE_D  Example wind_load_nyiso profile data for deterministic unit commitment.
% 2022.03.12
% Andres F. Ramirez


%% define constants
[GEN_BUS, PG, QG, QMAX, QMIN, VG, MBASE, GEN_STATUS, PMAX, PMIN, ...
    MU_PMAX, MU_PMIN, MU_QMAX, MU_QMIN, PC1, PC2, QC1MIN, QC1MAX, ...
    QC2MIN, QC2MAX, RAMP_AGC, RAMP_10, RAMP_30, RAMP_Q, APF] = idx_gen;
[CT_LABEL, CT_PROB, CT_TABLE, CT_TBUS, CT_TGEN, CT_TBRCH, CT_TAREABUS, ...
    CT_TAREAGEN, CT_TAREABRCH, CT_ROW, CT_COL, CT_CHGTYPE, CT_REP, ...
    CT_REL, CT_ADD, CT_NEWVAL, CT_TLOAD, CT_TAREALOAD, CT_LOAD_ALL_PQ, ...
    CT_LOAD_FIX_PQ, CT_LOAD_DIS_PQ, CT_LOAD_ALL_P, CT_LOAD_FIX_P, ...
    CT_LOAD_DIS_P, CT_TGENCOST, CT_TAREAGENCOST, CT_MODCOST_F, ...
    CT_MODCOST_X] = idx_ct;

windprofile = struct( ...
    'type', 'mpcData', ...
    'table', CT_TGEN, ...
    'rows', [1:45], ...
    'col', PMAX, ...
    'chgtype', 1, ...
    'values', [] );
windprofile.values(:,1,:) = [
	3.7818 51.1009 85.8508 116.4412 15.0685 36.2161 32.5273 8.7163 28.1399 11.9589 22.1058 32.9775 49.6475 41.4322 178.6497 67.3052 83.5083 88.4939 90.5268 68.6827 10.8424 84.5043 6.9619 37.2703 52.5489 29.9604 5.8696 1265.0842 845.0138 845.0138 723.9262 90.1009 301.756 176.7895 129.8957 360.5392 1271.7902 210.3744 473.5722 140.7559 123.6904 401.7577 216.3994 124.75 1285.038;
	3.2463 43.8648 79.2403 44.6058 15.1236 30.4582 31.7652 8.4915 10.1678 12.4698 23.0502 34.3863 51.7685 41.0928 182.8797 68.8989 85.4856 90.5892 90.9771 70.2419 10.5884 71.0691 21.4583 36.4213 43.4529 29.6582 6.1609 1249.7551 829.4926 829.4926 724.0201 78.9903 303.257 180.803 128.8315 353.9168 1278.5067 186.4313 478.7375 116.3917 121.0374 337.8828 215.3662 105.7972 1291.8245;
	3.1963 43.1885 89.3007 47.6318 15.3438 26.7834 31.8998 7.9286 10.2052 12.4093 22.9384 34.2195 51.5173 39.7591 196.0549 73.8625 91.6442 97.1155 91.376 66.8525 10.6333 62.4946 25.4316 39.2123 40.5659 29.8559 6.5183 1254.823 843.3282 843.3282 795.1948 91.8883 304.5867 172.0785 124.6502 359.82 1304.7391 202.7925 475.5548 108.6586 39.5734 297.117 218.0815 132.7891 1318.3301;
	3.6394 49.1765 87.0556 49.429 15.339 17.3115 31.9238 8.3308 10.4874 10.8897 20.1294 30.0291 45.2087 29.167 188.7568 71.113 88.2328 93.5005 86.9412 65.9211 10.6413 40.3936 4.3092 38.6093 38.5504 31.946 5.5651 1266.9607 817.0573 817.0573 766.6505 95.4501 289.8039 169.681 91.4426 348.6111 1286.129 211.7391 475.7976 103.2599 40.7503 192.0428 217.8575 123.9019 1299.5262;
	3.8445 51.9471 86.0908 43.3848 15.2896 26.3406 32.1781 8.575 11.3984 9.7453 18.0141 26.8735 40.4579 34.7733 174.5864 65.7744 81.609 86.4812 87.9623 67.5801 10.726 61.4613 0.0566 30.9894 42.0073 63.6404 5.8332 1243.3508 843.9028 843.9028 801.3257 101.0262 293.2077 173.9514 109.0191 360.0652 1308.553 235.5057 474.5123 112.5197 40.2021 292.2046 213.2302 204.9927 1322.1838;
	3.8991 52.6851 95.1886 116.7778 15.3936 35.1388 31.8705 9.1812 11.0355 10.1173 18.7017 27.8993 42.0023 28.3322 179.0866 67.4698 83.7126 88.7103 89.881 66.3448 10.6235 81.9905 0.0412 31.5633 57.6313 68.513 5.9268 1206.0365 827.6717 827.6717 791.3087 101.6413 299.6034 170.7717 88.8254 353.1399 1258.7126 232.8736 473.4114 154.3696 70.6788 389.8062 216.9073 258.3089 1271.8242;
	3.9595 53.5017 94.561 118.8143 15.2251 35.6089 30.8472 13.7041 10.34 7.7021 14.2372 21.2391 31.9754 37.6574 192.3398 72.4629 89.9077 95.2753 84.0863 69.1794 10.2824 83.0874 0.0 47.5707 103.4075 75.1253 12.2065 1165.2618 835.4339 835.4339 781.6683 108.7953 280.2876 178.0679 118.0611 356.4518 1318.8087 281.0759 458.9049 276.9843 105.5255 395.0211 216.4124 285.0008 1332.5463;
	3.8398 51.8841 93.1436 117.901 14.9064 35.2875 31.1934 19.1124 10.2557 0.0 0.0 0.0 0.0 63.2458 190.4277 71.7425 89.0139 94.3281 85.774 60.1305 10.3978 82.3376 0.0 53.8755 105.2159 75.0436 14.0541 1066.3699 837.6433 837.6433 791.0419 110.2835 285.9133 154.7762 198.2841 357.3945 1291.1455 297.6188 455.133 281.8282 115.639 391.4565 215.743 284.9058 1304.595;
	3.8426 51.9217 89.7336 110.2108 14.8893 34.7761 29.5165 18.3646 8.7006 0.0 0.0 0.0 0.0 65.6917 192.4968 72.5221 89.9811 95.3531 50.3866 62.9529 9.8388 81.1443 0.0 84.4076 102.2634 72.4791 13.6854 808.6969 837.454 837.454 754.2707 104.315 167.9553 162.041 205.9523 357.3137 1253.0249 278.9075 449.725 273.9199 114.6149 385.783 217.1337 273.0151 1266.0773;
	3.8327 51.7881 89.2093 111.4348 15.3066 34.8332 29.8259 18.2793 18.8499 1.0731 1.9837 2.9593 4.4552 62.8243 182.2365 68.6566 85.185 90.2707 53.8526 54.5775 9.942 81.2774 22.9034 85.7124 99.2174 71.042 13.4618 606.0252 842.3068 842.3068 743.5917 106.9029 179.5086 140.4826 196.9626 359.3842 1138.8148 264.7831 447.6565 265.7608 112.4037 386.4158 215.1557 273.2958 1150.6775;
	3.8579 52.1291 88.8453 112.4092 15.1145 34.7036 31.1404 17.9258 27.679 15.2664 28.2197 42.0982 63.3786 67.2898 197.0736 74.2463 92.1204 97.6202 42.3017 67.1457 10.3801 80.9752 28.5256 81.5648 98.1073 71.346 13.3847 445.9234 807.2309 807.2309 723.3104 96.1619 141.0057 172.8332 210.9626 344.4185 951.9806 252.2728 446.7549 262.7873 115.3167 384.9791 209.2232 263.0649 961.8971;
	3.3786 45.6518 88.0561 112.9114 15.1326 32.8062 28.9492 17.6955 26.7528 18.4784 34.157 50.9556 76.7133 64.6314 196.9812 74.2115 92.0772 97.5744 53.7859 66.1839 9.6497 76.5479 36.8767 81.7501 95.6082 73.8423 12.6418 275.2182 791.925 791.925 702.7644 104.4468 179.2863 170.3575 202.628 337.888 778.8677 241.3455 447.5313 256.0935 113.1626 363.9306 193.9074 266.4454 786.9809;
	2.199 29.7128 90.1864 113.0387 14.9719 21.7462 26.3806 18.3625 27.5334 26.6658 49.2913 73.5329 110.7033 67.0409 196.8841 74.1749 92.0319 97.5263 92.3066 67.2291 8.7935 50.741 58.5359 82.4195 97.0698 72.6506 13.7877 307.4665 743.3429 743.3429 675.5405 112.0833 307.6886 173.0478 210.1824 317.1596 695.2648 238.0597 437.6909 260.0084 116.7248 241.2373 172.455 267.7952 702.5071;
	2.4976 33.7476 87.3728 113.3724 15.3045 14.6712 25.6151 17.9595 26.6603 29.7816 55.0509 82.125 123.6388 64.7938 198.7265 74.8691 92.8931 98.439 90.8307 69.6973 8.5384 34.2327 73.7786 82.0443 96.865 72.3927 13.6448 288.0687 633.3978 633.3978 612.9059 98.3671 302.7691 179.4011 203.1375 270.2497 498.1831 205.232 443.7608 259.4597 118.0848 162.752 144.7071 258.7503 503.3725;
	2.3191 31.3362 87.408 111.0488 13.6353 8.6795 21.8844 17.9916 25.9098 26.6411 49.2457 73.4649 110.601 64.4207 201.404 75.8778 94.1447 99.7653 88.1844 70.2721 7.2948 20.2521 71.3765 83.0417 97.3493 71.4532 13.9263 450.3094 501.8023 501.8023 438.1482 89.2714 293.9479 180.8805 201.9677 214.1023 440.295 178.6474 427.4949 260.7571 115.9595 96.2843 122.4066 247.795 444.8814;
	3.5664 48.1903 87.265 79.1285 14.9433 26.1976 15.8558 18.5492 21.1932 24.2059 44.7443 66.7497 100.4914 59.0881 204.7798 77.1496 95.7226 101.4374 91.634 70.0842 5.2853 61.1278 69.6081 85.2325 101.7023 73.8773 13.9612 519.9711 524.3153 524.3153 418.8255 49.5041 305.4465 180.3969 185.2491 223.7079 516.2053 156.6711 439.26 272.4168 116.6672 290.6192 86.1559 261.4737 521.5824;
	3.4528 46.6546 89.5004 61.263 15.0191 32.9316 14.1971 18.8349 26.3241 24.8022 45.8466 68.3941 102.9669 65.2904 202.7877 76.3991 94.7915 100.4506 92.0651 69.4314 4.7324 76.8404 71.4292 84.8943 104.388 73.9267 13.7282 595.6869 593.375 593.375 443.286 29.8387 306.8838 178.7166 204.6943 253.1733 614.0795 113.9798 173.9999 279.6108 116.149 365.3211 117.7368 266.6235 620.4761;
	3.8246 51.6792 89.3669 62.141 14.6826 32.3678 28.4209 19.0911 26.2064 1.1804 2.182 3.2551 4.9005 62.4312 196.1254 73.8891 91.6772 97.1505 82.8286 71.3182 9.4736 75.5248 34.7083 87.3771 106.1031 74.8828 14.0178 714.0714 617.1553 617.1553 400.0421 27.8001 276.0952 183.5731 195.7303 263.3196 810.2391 72.9766 393.3185 284.2047 119.0976 359.0667 118.9335 264.5982 818.6791;
