function loadprofile = ex_load_profilesh1
%EX_LOAD_PROFILE  Example load profile data file for stochastic unit commitment.
% 2022.03.12
% Andres F. Ramirez

%% define constants
[CT_LABEL, CT_PROB, CT_TABLE, CT_TBUS, CT_TGEN, CT_TBRCH, CT_TAREABUS, ...
    CT_TAREAGEN, CT_TAREABRCH, CT_ROW, CT_COL, CT_CHGTYPE, CT_REP, ...
    CT_REL, CT_ADD, CT_NEWVAL, CT_TLOAD, CT_TAREALOAD, CT_LOAD_ALL_PQ, ...
    CT_LOAD_FIX_PQ, CT_LOAD_DIS_PQ, CT_LOAD_ALL_P, CT_LOAD_FIX_P, ...
    CT_LOAD_DIS_P, CT_TGENCOST, CT_TAREAGENCOST, CT_MODCOST_F, ...
    CT_MODCOST_X] = idx_ct;

loadprofile = struct( ...
    'type', 'mpcData', ...
    'table', CT_TAREALOAD, ...
    'rows', [1:11], ...
    'col', CT_LOAD_ALL_P, ...
    'chgtype', 1, ...
    'values', [] );
loadprofile.values(:,1,:) = [
	1533.0179 979.1054 1683.7468 581.3 878.2254 1288.4841 939.1298 278.5 597.7205 4769.8484 1879.2744;
	1504.9047 948.0092 1637.0776 573.0212 833.6338 1265.8917 911.0 263.6 570.4243 4572.4158 1837.1346;
	1529.1227 946.3395 1649.9321 582.5 843.063 1259.1715 908.2085 261.3661 566.9651 4584.3887 1803.9228;
	1531.0113 957.0941 1637.8207 573.1 842.9905 1272.9363 917.031 265.717 559.156 4572.2797 1820.578;
	1556.4541 1006.6848 1736.567 595.4 904.1609 1338.6878 982.6943 276.2809 618.9887 4728.8975 1924.4428;
	1647.6251 1094.6653 1824.5682 605.4642 965.2932 1401.0588 1024.4837 311.1283 617.9144 4887.0149 1970.9652;
	1710.3479 1111.0384 1855.9565 607.1937 1040.2278 1478.8637 1094.3707 332.0196 654.2889 5088.7362 2073.4514;
	1757.7597 1159.3651 1877.5 602.5356 1102.2892 1551.4563 1181.0578 356.7191 675.8521 5296.3479 2229.7361;
	1804.6724 1125.4694 1896.1904 593.7 1092.3571 1606.1655 1214.1431 364.2011 688.1028 5375.8 2270.2584;
	1852.2669 1118.9524 1894.5996 602.9 1084.2196 1611.7162 1242.1515 351.2959 702.5782 5544.6522 2278.4876;
	1866.8608 1110.9 1893.2788 580.2678 1066.395 1612.0629 1208.5 340.9819 671.7001 5453.95 2245.3039;
	1846.3326 1131.2207 1871.8426 582.7733 1036.3679 1597.768 1260.3735 328.0 674.5289 5477.4078 2301.5001;
	1860.075 1126.1649 1855.8328 590.8108 1017.4159 1585.2742 1220.405 322.9263 666.7382 5461.2907 2281.665;
	1822.5492 1105.0575 1825.4787 584.8 983.3 1549.7744 1182.5482 285.6531 653.0003 5355.3237 2123.0753;
	1883.6113 1114.6748 1835.4984 583.7823 1002.5496 1583.3643 1157.349 296.2565 662.8029 5479.6767 2182.6;
	1887.5316 1138.7975 1880.5201 590.3 1015.1241 1567.2547 1151.3492 303.3739 664.8 5536.6083 2247.243;
	1896.1955 1158.4459 1847.7 598.0589 1013.7335 1554.7736 1134.4454 307.3012 704.4353 5490.3085 2294.524;
	1887.6626 1210.1058 1907.3165 608.3998 1080.5211 1632.1371 1178.1305 335.7838 753.9084 5658.3785 2385.8158;
	1966.8861 1213.2174 1978.7774 598.5016 1100.2949 1591.7696 1163.4226 331.887 742.8574 5692.9496 2413.5498;
	1835.1136 1140.3474 1879.0157 580.5353 1033.4442 1508.7069 1117.9 320.0252 704.6 5594.7663 2350.4415;
	1692.4673 1066.3806 1816.5254 548.0 969.066 1424.8871 1035.9 291.4 660.681 5455.9852 2186.407;
	1632.3057 1011.0135 1728.9619 521.3753 903.5065 1305.3951 953.059 267.6 601.0 5117.4912 1978.4302;
	1579.0964 968.1673 1635.988 526.8352 872.7179 1221.6606 942.1012 280.0 586.344 4963.9151 1797.2941;
	1532.7594 937.6 1602.7 536.0 856.9452 1146.3189 899.9519 258.8814 562.1303 4769.3232 1724.293;
];
