function loadprofile = ex_load_profilesh1
%EX_LOAD_PROFILE  Example load profile data file for stochastic unit commitment.
% 2022.03.12
% Andres F. Ramirez

%% define constants
[CT_LABEL, CT_PROB, CT_TABLE, CT_TBUS, CT_TGEN, CT_TBRCH, CT_TAREABUS, ...
    CT_TAREAGEN, CT_TAREABRCH, CT_ROW, CT_COL, CT_CHGTYPE, CT_REP, ...
    CT_REL, CT_ADD, CT_NEWVAL, CT_TLOAD, CT_TAREALOAD, CT_LOAD_ALL_PQ, ...
    CT_LOAD_FIX_PQ, CT_LOAD_DIS_PQ, CT_LOAD_ALL_P, CT_LOAD_FIX_P, ...
    CT_LOAD_DIS_P, CT_TGENCOST, CT_TAREAGENCOST, CT_MODCOST_F, ...
    CT_MODCOST_X] = idx_ct;

loadprofile = struct( ...
    'type', 'mpcData', ...
    'table', CT_TAREALOAD, ...
    'rows', [1:11], ...
    'col', CT_LOAD_ALL_P, ...
    'chgtype', 1, ...
    'values', [] );
loadprofile.values(:,1,:) = [
	1467.9893 934.9 1642.4976 599.0882 823.6615 1264.5676 920.9819 282.3577 545.6979 4712.8 1861.719;
	1451.1683 909.2 1594.7093 591.3056 801.1 1221.2694 902.2253 255.392 520.8 4566.5284 1801.6994;
	1445.707 917.7895 1601.6 604.0 802.5204 1220.1 893.3561 260.5 499.5395 4502.0101 1796.1;
	1470.7769 931.438 1627.688 618.4929 827.0453 1258.9721 907.6582 262.5179 501.2183 4516.0501 1806.1277;
	1520.7 976.6775 1715.7936 627.9647 871.8365 1326.445 938.0973 281.3 534.3277 4626.7672 1888.8539;
	1591.0713 1021.2918 1781.6 637.5468 873.4389 1397.4441 1002.0597 295.8 578.1899 4854.1 1964.812;
	1606.57 1029.1495 1824.8992 640.5 911.7692 1392.3937 1019.7891 281.2115 597.9 4909.027 1978.0292;
	1653.6656 1071.0056 1865.2 655.2283 976.4062 1435.8 1041.5396 299.0777 622.903 5033.3146 2038.173;
	1699.7762 1089.4 1876.2905 657.2399 980.9 1482.2615 1098.4056 304.7784 653.0 5317.8 2175.3071;
	1730.2647 1105.7549 1881.6406 647.7337 960.3401 1508.1755 1121.9011 309.6343 663.9722 5392.0353 2177.8752;
	1707.6641 1114.3 1876.1153 642.6145 952.3516 1495.7726 1089.364 306.8 665.5318 5386.9722 2116.6973;
	1694.3013 1087.395 1799.675 625.7428 896.2882 1434.6136 1075.835 308.2 677.8093 5419.8656 2170.5978;
	1689.3452 1102.2713 1832.3995 629.4665 940.8854 1444.5074 1064.0696 313.7425 676.817 5415.0692 2216.7996;
	1626.615 1053.6474 1791.6712 620.5328 922.4044 1390.8321 1018.1276 316.8469 635.3815 5334.9233 2122.7948;
	1663.874 1106.8423 1816.9874 600.1275 952.9969 1413.6057 1061.4308 319.9339 657.991 5421.1666 2253.0;
	1682.6182 1133.5886 1861.9158 602.3 994.1271 1444.6054 1091.0778 312.3298 645.585 5471.6855 2256.3128;
	1697.18 1148.8607 1904.7593 619.9823 1005.2387 1485.9928 1136.2164 340.5589 671.5051 5508.6417 2287.4238;
	1779.4 1197.7271 1995.0274 631.0408 1062.4781 1504.2386 1171.1 345.0051 701.2894 5584.6889 2365.5486;
	1792.9222 1202.3958 1953.4127 629.4896 1038.6 1476.4546 1179.3 347.5471 712.6 5552.4686 2382.6228;
	1707.4316 1107.6854 1833.19 609.8209 968.8231 1422.8 1109.3805 320.1085 668.6254 5383.6555 2251.0218;
	1694.6677 1062.0705 1747.3 578.9105 903.956 1340.2326 1048.398 302.1 638.5434 5218.0223 2117.374;
	1634.017 1015.2492 1695.1875 561.4089 868.0361 1259.9883 1001.8023 266.4293 602.9566 4958.8494 1959.4;
	1606.7729 981.2 1671.979 569.9068 824.5893 1180.6255 933.3964 273.0199 519.3185 4706.4138 1783.1084;
	1536.2695 929.1796 1581.5041 567.4 779.3981 1137.7371 897.8744 247.4137 494.5 4541.0254 1707.5574;
];
