function solarprofile = ex_solar_profilesh1
%EX_WIND_PROFILE_D  Example wind_load_nyiso profile data for deterministic unit commitment.
% 2022.03.12
% Andres F. Ramirez


%% define constants
[GEN_BUS, PG, QG, QMAX, QMIN, VG, MBASE, GEN_STATUS, PMAX, PMIN, ...
    MU_PMAX, MU_PMIN, MU_QMAX, MU_QMIN, PC1, PC2, QC1MIN, QC1MAX, ...
    QC2MIN, QC2MAX, RAMP_AGC, RAMP_10, RAMP_30, RAMP_Q, APF] = idx_gen;
[CT_LABEL, CT_PROB, CT_TABLE, CT_TBUS, CT_TGEN, CT_TBRCH, CT_TAREABUS, ...
    CT_TAREAGEN, CT_TAREABRCH, CT_ROW, CT_COL, CT_CHGTYPE, CT_REP, ...
    CT_REL, CT_ADD, CT_NEWVAL, CT_TLOAD, CT_TAREALOAD, CT_LOAD_ALL_PQ, ...
    CT_LOAD_FIX_PQ, CT_LOAD_DIS_PQ, CT_LOAD_ALL_P, CT_LOAD_FIX_P, ...
    CT_LOAD_DIS_P, CT_TGENCOST, CT_TAREAGENCOST, CT_MODCOST_F, ...
    CT_MODCOST_X] = idx_ct;

solarprofile = struct( ...
    'type', 'mpcData', ...
    'table', CT_TGEN, ...
    'rows', [1:12], ...
    'col', PMAX, ...
    'chgtype', 1, ...
    'values', [] );
solarprofile.values(:,1,:) = [
	0.0 0.0 0.0 0.0 0.0 0.0 0.0 0.0 0.0 0.0 0.0 0.0;
	0.0 0.0 0.0 0.0 0.0 0.0 0.0 0.0 0.0 0.0 0.0 0.0;
	0.0 0.0 0.0 0.0 0.0 0.0 0.0 0.0 0.0 0.0 0.0 0.0;
	0.0 0.0 0.0 0.0 0.0 0.0 0.0 0.0 0.0 0.0 0.0 0.0;
	0.0 0.0 0.0 0.0 0.0 0.0 0.0 0.0 0.0 0.0 0.0 0.0;
	0.0 0.0 0.0 0.0 0.0 0.0 0.0 0.0 0.0 0.0 0.0 0.0;
	1.3116 1.4855 1.3806 0.0 0.0 1.9291 0.2411 0.4356 3.9484 23.1254 6.7906 41.8802;
	1.3843 1.1437 1.0392 0.0 0.3871 24.1527 3.0191 2.4103 14.2063 183.6751 30.4718 332.6368;
	1.2938 1.0904 1.1288 0.2843 1.5477 39.1164 4.8896 2.4607 25.8985 200.4976 72.4044 363.1023;
	1.7083 1.5708 1.9528 0.7816 2.5117 60.3328 7.5416 1.235 91.2574 101.6592 78.5432 184.1054;
	2.4236 2.3806 2.3069 1.3586 2.7992 94.9976 11.8747 3.9873 96.0085 73.8761 57.6777 133.79;
	2.5595 2.6888 2.3919 1.7213 2.458 133.5672 16.6959 9.0632 86.2978 74.184 47.8213 134.3476;
	1.6743 2.2253 1.8665 2.1403 0.8776 198.0596 24.7575 36.1869 58.4114 214.7164 72.3096 388.8528;
	0.8663 0.9752 1.0615 1.5412 0.5204 108.1681 13.521 23.5979 39.0252 250.4937 66.1169 453.6455;
	0.3928 0.4654 0.6594 1.0424 0.3541 39.5235 4.9404 10.3227 18.4132 239.5298 42.4721 433.7899;
	1.2848 1.1192 1.0254 0.5482 0.1976 0.0 0.0 0.2064 2.2098 103.1445 17.7568 186.7954;
	0.5647 0.6306 0.2179 0.3983 0.6482 29.1426 3.6428 7.0232 22.1103 22.1982 9.2486 40.201;
	0.0 0.0 0.0 0.0 0.0 0.0 0.0 0.0 0.0 0.0 0.0 0.0;
	0.0 0.0 0.0 0.0 0.0 0.0 0.0 0.0 0.0 0.0 0.0 0.0;
	0.0 0.0 0.0 0.0 0.0 0.0 0.0 0.0 0.0 0.0 0.0 0.0;
	0.0 0.0 0.0 0.0 0.0 0.0 0.0 0.0 0.0 0.0 0.0 0.0;
	0.0 0.0 0.0 0.0 0.0 0.0 0.0 0.0 0.0 0.0 0.0 0.0;
	0.0 0.0 0.0 0.0 0.0 0.0 0.0 0.0 0.0 0.0 0.0 0.0;
	0.0 0.0 0.0 0.0 0.0 0.0 0.0 0.0 0.0 0.0 0.0 0.0;
];
