function loadprofile = ex_load_profilesh1
%EX_LOAD_PROFILE  Example load profile data file for stochastic unit commitment.
% 2022.03.12
% Andres F. Ramirez

%% define constants
[CT_LABEL, CT_PROB, CT_TABLE, CT_TBUS, CT_TGEN, CT_TBRCH, CT_TAREABUS, ...
    CT_TAREAGEN, CT_TAREABRCH, CT_ROW, CT_COL, CT_CHGTYPE, CT_REP, ...
    CT_REL, CT_ADD, CT_NEWVAL, CT_TLOAD, CT_TAREALOAD, CT_LOAD_ALL_PQ, ...
    CT_LOAD_FIX_PQ, CT_LOAD_DIS_PQ, CT_LOAD_ALL_P, CT_LOAD_FIX_P, ...
    CT_LOAD_DIS_P, CT_TGENCOST, CT_TAREAGENCOST, CT_MODCOST_F, ...
    CT_MODCOST_X] = idx_ct;

loadprofile = struct( ...
    'type', 'mpcData', ...
    'table', CT_TAREALOAD, ...
    'rows', [1:11], ...
    'col', CT_LOAD_ALL_P, ...
    'chgtype', 1, ...
    'values', [] );
loadprofile.values(:,1,:) = [
	1432.2709 935.3 1588.164 586.7113 813.8694 1215.3018 942.8051 287.9422 587.829 5172.4057 1869.2594;
	1385.2 905.0 1535.4184 577.6 822.9158 1183.2756 910.3 272.8412 538.2542 4891.4438 1791.3296;
	1405.2458 908.1441 1525.0139 586.2 817.0 1187.097 900.1 263.9858 532.7073 4946.5052 1786.8406;
	1391.7242 920.7055 1538.9854 582.6697 816.304 1209.6413 928.3431 279.8688 546.0925 4878.4733 1829.0337;
	1465.2095 945.2772 1588.7751 596.6546 885.8655 1255.2595 964.3887 281.7079 566.6 4865.8459 1936.9962;
	1555.1 997.3984 1695.7803 605.7178 934.7074 1359.8288 1020.3 302.3803 594.6314 5138.7334 2045.7971;
	1586.8454 1027.9 1767.8224 607.9807 1006.9155 1439.2712 1125.2582 341.8898 653.2891 5600.7602 2265.8742;
	1629.5503 1064.503 1824.2032 611.1 1045.5396 1490.8438 1195.8688 364.6651 665.1403 5871.8448 2343.388;
	1648.1102 1084.0501 1843.08 612.2621 1050.2732 1530.2156 1249.7185 380.0015 683.3421 6065.6867 2505.3637;
	1639.9 1087.1123 1875.2704 613.7466 1036.9377 1586.1204 1289.4575 407.8846 678.2295 6166.3885 2606.8939;
	1683.95 1125.5493 1910.9216 601.6609 1021.7257 1623.1767 1300.379 428.7862 680.8442 6391.0815 2648.7458;
	1666.1752 1126.2434 1901.5374 590.6595 999.9068 1613.6719 1314.6707 384.0571 699.4334 6248.5569 2647.0365;
	1661.4918 1135.5897 1873.5175 581.8 996.2338 1594.7357 1280.324 395.8714 685.2504 6067.4736 2630.294;
	1659.5326 1112.4 1869.1107 574.9588 1020.1973 1589.2728 1286.2855 376.8008 678.0932 6073.7904 2596.0638;
	1674.9704 1112.0789 1842.9029 578.5835 1030.6955 1583.304 1256.1781 359.4 667.1465 5981.8375 2643.7581;
	1710.8685 1139.3942 1926.8764 578.0978 1060.9325 1575.4494 1268.0297 363.7799 683.5508 5935.8265 2726.453;
	1653.925 1110.4252 1928.3286 569.6317 1091.1894 1581.0351 1243.0535 363.3433 697.7769 6099.5237 2543.3466;
	1689.5159 1167.5875 2001.0955 592.8 1121.0226 1620.9106 1320.9326 379.9 766.8 6189.7701 2620.6949;
	1759.6223 1182.9241 1979.9978 596.3473 1099.0978 1623.9736 1261.6704 377.2043 727.4073 5931.8694 2485.5678;
	1700.4039 1133.7 1873.7 584.9 1038.048 1516.2689 1244.0205 353.5501 723.3697 5952.5491 2442.5523;
	1632.161 1068.9901 1722.4145 555.1822 958.5856 1399.3897 1090.8691 319.4796 671.1 5688.8488 2179.8842;
	1623.0906 1037.7 1703.4613 530.4298 900.6 1338.9534 1029.7971 292.8305 632.5359 5588.0408 2141.5239;
	1536.2161 985.6 1596.5 538.7 825.1 1206.7452 930.8573 276.5 582.1417 5207.7921 1979.8494;
	1550.0 955.7426 1539.0066 543.3721 772.0902 1153.5319 861.8238 258.2 554.0829 4900.1432 1743.7232;
];
