function windprofile = ex_wind_profilesh1
%EX_WIND_PROFILE_D  Example wind_load_nyiso profile data for deterministic unit commitment.
% 2022.03.12
% Andres F. Ramirez


%% define constants
[GEN_BUS, PG, QG, QMAX, QMIN, VG, MBASE, GEN_STATUS, PMAX, PMIN, ...
    MU_PMAX, MU_PMIN, MU_QMAX, MU_QMIN, PC1, PC2, QC1MIN, QC1MAX, ...
    QC2MIN, QC2MAX, RAMP_AGC, RAMP_10, RAMP_30, RAMP_Q, APF] = idx_gen;
[CT_LABEL, CT_PROB, CT_TABLE, CT_TBUS, CT_TGEN, CT_TBRCH, CT_TAREABUS, ...
    CT_TAREAGEN, CT_TAREABRCH, CT_ROW, CT_COL, CT_CHGTYPE, CT_REP, ...
    CT_REL, CT_ADD, CT_NEWVAL, CT_TLOAD, CT_TAREALOAD, CT_LOAD_ALL_PQ, ...
    CT_LOAD_FIX_PQ, CT_LOAD_DIS_PQ, CT_LOAD_ALL_P, CT_LOAD_FIX_P, ...
    CT_LOAD_DIS_P, CT_TGENCOST, CT_TAREAGENCOST, CT_MODCOST_F, ...
    CT_MODCOST_X] = idx_ct;

windprofile = struct( ...
    'type', 'mpcData', ...
    'table', CT_TGEN, ...
    'rows', [1:45], ...
    'col', PMAX, ...
    'chgtype', 1, ...
    'values', [] );
windprofile.values(:,1,:) = [
	3.9314 53.1214 88.2866 117.6455 15.4083 36.2191 32.0226 7.9237 28.3155 12.9491 23.9362 35.7082 53.7585 43.1803 171.2274 64.5089 80.0389 84.8173 82.9808 72.1954 10.6742 84.5112 32.943 36.7401 50.3879 29.5602 5.3013 1285.4684 813.0359 813.0359 657.6154 86.7572 276.6027 185.8313 135.3762 346.8953 1269.8351 197.4513 463.4107 134.9675 116.4714 401.7903 215.0345 122.4661 1283.0625;
	3.5259 47.6431 79.0502 46.398 15.3734 31.373 31.7596 8.0657 12.8058 13.7521 25.4205 37.9225 57.092 40.3688 189.4137 71.3605 88.5399 93.8258 84.6539 72.9257 10.5865 73.2038 30.3176 34.076 42.155 32.0333 5.6154 1319.6612 828.1532 828.1532 712.2669 79.3471 282.1796 187.711 126.5615 353.3454 1311.2471 185.7021 463.1557 112.9153 116.4596 348.0316 216.8691 100.5607 1324.9059;
	3.6093 48.7693 94.9243 69.0547 15.4234 28.8165 31.9947 8.8503 11.3947 14.2907 26.4161 39.4076 59.3279 40.2753 194.2965 73.2001 90.8223 96.2445 87.5818 68.5986 10.6649 67.2384 30.8805 45.2316 49.2671 36.9381 7.0922 1317.9391 831.3782 831.3782 713.0934 91.7764 291.9394 176.573 126.2684 354.7214 1296.6662 191.0205 460.555 131.9655 37.0917 319.6707 218.9309 153.9482 1310.1731;
	3.8038 51.3974 92.0495 62.0256 15.3984 16.6394 31.6848 8.1901 11.9819 12.9571 23.9511 35.7303 53.7918 24.188 198.2922 74.7054 92.6901 98.2238 85.6222 69.0548 10.5616 38.8252 29.1674 41.837 44.1534 35.2541 6.1654 1331.0361 829.5661 829.5661 725.7262 103.2264 285.4075 177.7471 75.8328 353.9482 1310.8756 211.7363 443.4554 118.268 33.7979 184.5862 217.1116 128.8238 1324.5306;
	3.9214 52.9868 85.3132 45.1251 15.4108 25.242 31.662 7.3035 12.2507 11.5744 21.395 31.9172 48.0512 29.2245 179.2306 67.5241 83.7799 88.7817 89.4058 70.7205 10.554 58.898 9.2739 28.9814 42.2397 64.9507 5.5677 1303.943 832.5133 832.5133 754.4444 100.2274 298.0192 182.0347 91.6229 355.2057 1289.857 213.6354 451.4806 113.1421 30.4214 280.018 214.0953 207.1026 1303.293;
	3.9183 52.9449 95.2387 118.0017 15.4173 34.9354 31.3011 7.8339 11.9921 12.3848 22.8931 34.1521 51.4158 23.3565 190.7972 71.8817 89.1866 94.5112 92.0011 71.1869 10.4337 81.516 12.1982 35.3336 58.3989 73.36 5.7964 1225.2434 820.4022 820.4022 722.5074 107.452 306.6702 183.2353 73.2259 350.0383 1254.253 222.2581 454.3069 156.4255 60.2728 387.5503 214.8191 260.4102 1267.3181;
	3.9195 52.9615 94.0746 119.8938 15.2515 35.2749 31.0687 10.6793 11.1121 12.6094 23.3082 34.7713 52.3479 32.6817 191.0913 71.9925 89.3241 94.6568 83.0615 72.409 10.3562 82.308 26.6113 49.9547 100.3348 75.7481 10.8781 1170.7737 794.5711 794.5711 715.7181 111.6723 276.8717 186.3809 102.4615 339.017 1280.5942 264.9749 453.8919 268.754 98.5518 391.3157 210.8285 282.4711 1293.9338;
	3.8114 51.5006 93.3707 118.8834 14.8603 34.9973 30.2118 18.6303 10.6774 11.7178 21.6601 32.3126 48.6465 61.9401 186.7354 70.3515 87.2879 92.4991 83.3885 61.3429 10.0706 81.6604 26.4955 56.4673 104.444 76.4057 13.8175 1083.4834 771.2457 771.2457 725.4825 113.9151 277.9618 157.8967 194.1907 329.0648 1212.1974 277.7714 459.4922 279.7607 114.8602 388.237 206.6554 281.9807 1224.8245;
	3.8402 51.8901 90.8216 116.0532 14.8018 34.9342 28.8422 17.9384 6.6612 11.0143 20.3598 30.3728 45.7261 59.4614 191.6695 72.2104 89.5943 94.9432 45.852 66.8927 9.6141 81.5132 26.8203 84.3595 100.8461 74.8271 13.3877 825.9686 790.2876 790.2876 724.6135 108.8087 152.84 172.182 186.4196 337.1894 1218.4155 267.9874 438.3656 270.1234 111.5136 387.537 211.0045 267.7333 1231.1074;
	3.8438 51.9381 89.744 117.1862 15.1235 34.8593 27.4628 17.7147 11.059 10.8871 20.1246 30.0219 45.1978 56.1169 172.8502 65.1203 80.7974 85.6211 42.1094 56.7274 9.1543 81.3384 25.9601 87.2363 101.01 73.5012 12.9732 619.3891 776.6745 776.6745 698.5871 105.6426 140.3647 146.0165 175.9342 331.3811 1101.0206 252.4759 424.5226 270.5625 115.3511 386.7059 208.2921 268.0875 1112.4896;
	3.8919 52.588 89.5042 117.0056 15.1823 34.8255 29.7657 17.7263 26.4853 17.5595 32.4585 48.4217 72.8987 68.025 193.4734 72.89 90.4376 95.8368 40.0486 66.42 9.9219 81.2594 27.3265 82.6341 98.2452 70.7682 13.1324 455.4493 770.6999 770.6999 696.5676 95.8218 133.4953 170.9653 213.2675 328.832 923.0942 245.5571 451.2581 263.1569 117.6962 386.3306 204.8323 259.493 932.7097;
	3.4833 47.0674 91.5931 116.7541 15.1488 33.0193 28.1793 18.151 26.414 20.2255 37.3865 55.7734 83.9665 64.3334 188.4632 71.0024 88.0956 93.355 48.7367 64.8557 9.3931 77.0451 32.9418 83.9229 100.625 73.9218 13.1938 324.0099 743.9981 743.9981 672.9085 100.6863 162.4556 166.9387 201.6938 317.4392 756.9694 227.107 443.9684 269.5311 118.21 366.2946 190.6422 271.9004 764.8545;
	2.1974 29.6913 90.7882 113.6898 14.8886 22.5059 25.012 18.4593 26.2368 27.2984 50.4607 75.2774 113.3297 64.5175 188.9917 71.2015 88.3427 93.6168 92.3276 67.8229 8.3373 52.5138 57.9537 82.2737 97.5799 72.4079 13.749 331.9488 725.8564 725.8564 641.4361 103.7627 307.7585 174.5763 202.2712 309.6987 719.4487 219.1145 432.4708 261.3747 118.1903 249.6654 174.5994 273.9355 726.9429;
	2.341 31.6325 88.426 111.4947 15.1957 13.7018 24.6537 18.3727 26.2572 31.3016 57.8604 86.3164 129.9489 63.0308 195.7678 73.7544 91.51 96.9733 91.4962 71.4663 8.2179 31.9708 73.0863 82.5783 98.1061 72.8062 13.5667 295.7061 592.1146 592.1146 551.6456 92.1476 304.9872 183.9545 197.6101 252.6356 484.5744 175.1663 449.967 262.7842 121.3326 151.9982 139.3225 267.3956 489.622;
	2.2851 30.8764 91.4522 114.3436 13.5882 16.2004 22.4765 18.6814 26.8471 30.2162 55.8542 83.3235 125.443 64.3794 199.9379 75.3254 93.4593 99.039 88.3232 73.5479 7.4922 37.801 73.1793 83.3421 98.6911 72.5276 13.8433 451.1872 487.0923 487.0923 400.4639 80.6437 294.4107 189.3126 201.838 207.8261 436.643 162.0939 454.0494 264.3511 119.6998 179.7166 116.4988 260.6154 441.1914;
	3.5516 47.9893 93.2037 91.4582 14.9132 29.4361 18.1342 19.0122 24.3442 30.9653 57.2389 85.3892 128.553 50.4418 197.5044 74.4086 92.3218 97.8336 88.359 73.5632 6.0447 68.6842 74.4448 86.6929 101.8214 73.5326 13.9481 537.8082 532.4523 532.4523 425.3443 47.9261 294.5299 189.3519 158.1418 227.1797 520.3063 146.5659 462.6985 272.736 122.1341 326.5445 89.9459 277.6867 525.7262;
	3.4858 47.1008 95.3538 72.4412 15.3531 34.6032 15.2825 19.1803 28.035 30.2085 55.84 83.3024 125.4112 60.401 191.4768 72.1378 89.5043 94.8478 85.2477 73.6135 5.0942 80.7409 73.9566 88.9402 106.6534 75.9046 14.1346 635.9459 589.4829 589.4829 442.3097 30.6339 284.1591 189.4813 189.3654 251.5127 648.6341 99.3158 185.4178 285.6788 122.8247 383.8651 115.9468 280.7915 655.3907;
	3.8278 51.7219 95.0805 72.1253 15.3483 34.64 29.7349 19.1855 28.1584 15.1167 27.943 41.6855 62.7573 65.5128 181.8121 68.4967 84.9866 90.0604 71.0195 72.6326 9.9116 80.8267 53.7886 89.3654 106.793 76.0371 14.0849 684.3685 628.0465 628.0465 414.8748 29.1249 236.7318 186.9564 205.3914 267.9665 789.0842 73.7797 427.1913 286.0528 122.6688 384.2734 122.7299 274.7831 797.3038;
