function loadprofile = ex_load_profilesh1
%EX_LOAD_PROFILE  Example load profile data file for stochastic unit commitment.
% 2022.03.12
% Andres F. Ramirez

%% define constants
[CT_LABEL, CT_PROB, CT_TABLE, CT_TBUS, CT_TGEN, CT_TBRCH, CT_TAREABUS, ...
    CT_TAREAGEN, CT_TAREABRCH, CT_ROW, CT_COL, CT_CHGTYPE, CT_REP, ...
    CT_REL, CT_ADD, CT_NEWVAL, CT_TLOAD, CT_TAREALOAD, CT_LOAD_ALL_PQ, ...
    CT_LOAD_FIX_PQ, CT_LOAD_DIS_PQ, CT_LOAD_ALL_P, CT_LOAD_FIX_P, ...
    CT_LOAD_DIS_P, CT_TGENCOST, CT_TAREAGENCOST, CT_MODCOST_F, ...
    CT_MODCOST_X] = idx_ct;

loadprofile = struct( ...
    'type', 'mpcData', ...
    'table', CT_TAREALOAD, ...
    'rows', [1:11], ...
    'col', CT_LOAD_ALL_P, ...
    'chgtype', 1, ...
    'values', [] );
loadprofile.values(:,1,:) = [
	1542.7514 1041.7836 1733.2046 622.7952 853.5235 1327.5548 937.7085 320.7744 581.8673 4750.5093 1850.5323;
	1527.3455 967.4063 1664.8175 601.5924 831.3774 1277.3501 913.4696 307.4635 568.8276 4565.8215 1760.3598;
	1526.651 967.9143 1676.4055 598.5768 810.228 1289.3668 911.6762 290.446 561.9241 4507.0713 1762.7837;
	1538.989 973.718 1702.2752 606.1819 822.3868 1292.9887 928.3442 305.2 593.8507 4587.5155 1797.5246;
	1600.8769 1013.3229 1767.615 617.8948 873.6597 1351.1329 969.5147 320.9881 621.8064 4712.7073 1869.6006;
	1661.7845 1048.0747 1863.0173 629.3969 936.9173 1391.5527 1026.9488 336.3442 637.3985 4967.2866 1949.2428;
	1659.1087 1048.4442 1895.7473 635.0115 965.5 1431.1136 1050.6864 344.2064 624.6526 5079.4168 1923.6603;
	1678.7763 1084.5239 1915.718 636.3171 1002.1 1478.4 1098.1145 344.662 634.4166 5217.3 1957.2148;
	1693.082 1076.5787 1904.2202 631.6 987.1306 1468.2 1121.3511 366.9084 644.1205 5428.2297 1986.4453;
	1679.8209 1056.4736 1878.2572 615.704 971.3161 1447.0573 1085.8657 365.7816 647.0 5380.5 1928.0178;
	1679.2679 1057.7 1900.3811 601.3267 998.9096 1457.6638 1067.1753 373.7217 652.0 5507.1442 1912.3043;
	1675.465 1059.221 1907.7958 606.6746 979.0101 1482.297 1038.9 363.1476 625.8034 5408.3 1874.6488;
	1697.494 1075.6 1873.2077 601.676 930.7477 1462.0845 1055.0531 336.4631 630.3745 5466.8339 1940.3967;
	1692.5254 1095.3831 1903.1 598.7 945.9789 1453.1367 1026.2326 339.5434 618.7561 5383.4366 1905.0192;
	1696.0461 1078.8019 1889.2011 582.0421 916.579 1459.8892 1024.5714 317.9 580.373 5411.5117 1830.1207;
	1686.7789 1093.148 1895.0133 599.1 970.2747 1503.3188 1007.2211 327.4 597.6861 5383.5413 1985.464;
	1635.6513 1094.4 1884.9789 604.812 957.2462 1476.0546 982.3294 322.0134 608.839 5439.1786 1929.9747;
	1729.4 1170.2679 1970.0 628.0845 1016.6523 1536.9 1063.0885 328.8704 658.396 5550.5989 2190.7091;
	1757.6842 1160.3 1959.9 621.73 1029.6567 1512.8834 1041.8147 346.5 662.9009 5523.4361 2139.1187;
	1754.597 1140.1551 1892.0965 617.5 971.9867 1468.5089 1019.1481 333.5 641.2031 5517.5906 2073.2601;
	1682.8567 1091.9602 1815.327 592.4 920.679 1389.1 961.707 313.1896 614.4802 5346.4345 1924.5335;
	1627.574 1035.8791 1762.1107 568.0759 873.5651 1319.3049 926.208 301.1242 566.9754 5085.9849 1885.5333;
	1555.1509 949.1973 1653.829 559.6479 823.1246 1158.6258 846.7367 278.2 501.151 4583.1496 1632.2;
	1510.4 935.6637 1629.2852 576.6503 796.465 1143.1606 823.9164 265.4 498.7126 4471.8 1561.6059;
];
