function loadprofile = ex_load_profilesh1
%EX_LOAD_PROFILE  Example load profile data file for stochastic unit commitment.
% 2022.03.12
% Andres F. Ramirez

%% define constants
[CT_LABEL, CT_PROB, CT_TABLE, CT_TBUS, CT_TGEN, CT_TBRCH, CT_TAREABUS, ...
    CT_TAREAGEN, CT_TAREABRCH, CT_ROW, CT_COL, CT_CHGTYPE, CT_REP, ...
    CT_REL, CT_ADD, CT_NEWVAL, CT_TLOAD, CT_TAREALOAD, CT_LOAD_ALL_PQ, ...
    CT_LOAD_FIX_PQ, CT_LOAD_DIS_PQ, CT_LOAD_ALL_P, CT_LOAD_FIX_P, ...
    CT_LOAD_DIS_P, CT_TGENCOST, CT_TAREAGENCOST, CT_MODCOST_F, ...
    CT_MODCOST_X] = idx_ct;

loadprofile = struct( ...
    'type', 'mpcData', ...
    'table', CT_TAREALOAD, ...
    'rows', [1:11], ...
    'col', CT_LOAD_ALL_P, ...
    'chgtype', 1, ...
    'values', [] );
loadprofile.values(:,1,:) = [
	1458.2062 911.0657 1603.7477 591.2 780.9559 1237.3906 888.0144 285.5493 545.5 4771.1234 1818.6635;
	1445.4 887.858 1586.7421 595.2993 777.7705 1229.0928 876.5606 283.2007 521.1403 4610.7459 1746.783;
	1422.1001 886.5113 1597.2 583.0649 778.9815 1210.8653 853.0595 285.5977 509.8694 4501.5882 1719.7608;
	1434.053 891.4593 1594.2 582.2995 760.8022 1202.5 860.8645 278.4938 505.7 4495.4352 1753.3834;
	1512.4891 927.3446 1671.3412 594.0728 824.3385 1259.3347 902.6247 295.9 553.7395 4674.8004 1842.9;
	1597.9439 978.3175 1751.9969 600.9 876.3441 1308.8 977.2076 313.7 596.5966 4825.2903 1925.0;
	1623.7 1007.8761 1784.4936 608.2594 932.4915 1393.7 1024.6674 331.2 625.1399 4995.4899 2002.5;
	1668.4078 1049.1254 1825.9965 597.5275 983.1718 1459.4485 1093.2 346.3 675.8298 5243.2145 2144.4672;
	1727.0683 1090.8369 1846.5049 593.7 1015.8383 1497.2645 1117.6 360.0257 665.4859 5375.8 2122.5695;
	1715.8 1105.9477 1850.8323 585.1912 966.3278 1513.4358 1159.1 353.4 679.0159 5545.8218 2174.2358;
	1743.1087 1119.9481 1837.688 582.6892 973.6232 1481.7093 1116.559 353.7 671.6629 5433.3857 2130.2496;
	1741.4146 1115.9941 1850.6387 574.9642 970.6 1443.0571 1135.2928 358.0959 673.0136 5490.715 2146.3439;
	1685.1917 1116.3533 1791.686 578.4797 906.5053 1418.791 1110.7357 320.0 646.0 5492.1675 2088.2141;
	1674.1265 1106.1944 1792.8089 580.637 913.5992 1423.897 1076.3609 327.2 629.8876 5468.1554 2067.7724;
	1744.9 1124.7471 1815.1688 603.7448 953.0425 1448.4503 1108.4358 342.0402 637.2602 5534.0964 2140.6944;
	1758.9126 1139.4914 1834.5731 624.9583 966.5 1489.9797 1144.5356 334.7099 653.9 5609.1993 2190.6034;
	1829.9882 1158.8957 1872.5284 617.9966 979.3992 1497.763 1106.7 360.5 665.0907 5548.4 2217.3209;
	1899.4143 1230.7519 1966.9313 629.1 1044.2712 1548.6 1162.8889 367.9045 695.3146 5605.7651 2328.3075;
	1878.0057 1214.3 1928.5428 625.0674 1044.4973 1546.9 1155.2123 369.8365 698.7967 5659.2201 2325.9822;
	1841.392 1163.1942 1839.8188 605.5595 999.4333 1489.6975 1117.7309 359.3467 678.3 5561.1463 2311.3171;
	1756.9646 1090.3844 1759.0232 581.345 914.7577 1388.8 1039.4651 328.1061 620.122 5308.6761 2120.8296;
	1624.9 1026.8183 1668.0916 550.9685 828.9665 1268.3344 964.084 305.1 588.8245 5057.5108 1956.2503;
	1501.7356 937.9476 1591.1843 546.3584 774.0942 1149.8241 877.3 265.0809 485.0715 4650.8 1697.0;
	1479.1146 929.4 1590.9291 546.1 783.0 1134.5126 852.5133 244.7417 444.6384 4472.4329 1648.1257;
];
