function loadprofile = ex_load_profilesh1
%EX_LOAD_PROFILE  Example load profile data file for stochastic unit commitment.
% 2022.03.12
% Andres F. Ramirez

%% define constants
[CT_LABEL, CT_PROB, CT_TABLE, CT_TBUS, CT_TGEN, CT_TBRCH, CT_TAREABUS, ...
    CT_TAREAGEN, CT_TAREABRCH, CT_ROW, CT_COL, CT_CHGTYPE, CT_REP, ...
    CT_REL, CT_ADD, CT_NEWVAL, CT_TLOAD, CT_TAREALOAD, CT_LOAD_ALL_PQ, ...
    CT_LOAD_FIX_PQ, CT_LOAD_DIS_PQ, CT_LOAD_ALL_P, CT_LOAD_FIX_P, ...
    CT_LOAD_DIS_P, CT_TGENCOST, CT_TAREAGENCOST, CT_MODCOST_F, ...
    CT_MODCOST_X] = idx_ct;

loadprofile = struct( ...
    'type', 'mpcData', ...
    'table', CT_TAREALOAD, ...
    'rows', [1:11], ...
    'col', CT_LOAD_ALL_P, ...
    'chgtype', 1, ...
    'values', [] );
loadprofile.values(:,1,:) = [
	1442.5267 914.8139 1639.643 600.9118 814.0547 1154.1703 786.9642 246.7 522.5096 4562.1364 1811.8262;
	1401.7394 893.2529 1617.6263 597.7568 786.8837 1167.4824 815.3505 230.1 506.042 4321.8842 1738.0388;
	1406.1933 887.2587 1616.0933 597.2052 806.6 1202.459 830.3117 245.2465 512.5019 4440.4817 1743.291;
	1418.8607 911.7687 1641.12 607.1 819.3244 1199.4407 844.6876 241.0806 525.879 4456.5259 1766.5705;
	1448.5283 943.6452 1692.1065 614.66 861.095 1241.086 886.7 255.2614 543.5 4554.8465 1844.6245;
	1449.6044 991.2332 1742.7457 630.5959 900.7329 1303.5102 944.9473 294.5086 576.4528 4832.1827 1957.9502;
	1471.1819 1007.7 1792.7685 632.2818 968.1479 1379.2 994.2084 306.4 605.8 4974.3061 2018.8212;
	1492.1093 1023.6098 1840.1351 626.6 1034.4684 1417.151 1049.052 304.9679 619.4222 5194.7963 2043.7;
	1507.6894 1029.8605 1857.4856 627.0868 1001.3767 1391.663 1075.3446 302.6943 635.2582 5379.0447 2031.4983;
	1498.457 1013.8837 1841.4 635.8 1001.7853 1408.8339 1085.8202 285.3485 639.5562 5393.683 1957.1874;
	1478.0421 1012.4457 1834.3655 636.1114 978.8636 1340.4528 1053.1533 271.1657 640.8154 5441.7409 1932.7378;
	1499.3961 1015.6281 1804.9043 613.6473 964.3069 1332.3922 1052.0593 285.923 655.8 5450.1839 1855.7401;
	1461.5288 1015.015 1844.6025 629.5134 954.5 1370.7444 1080.5674 285.6236 650.0927 5387.6363 1981.5574;
	1376.8862 1044.6251 1860.7594 607.7636 950.8762 1419.6879 1099.6353 273.6139 649.0667 5421.9143 2000.0045;
	1315.7215 1010.3601 1823.6 589.1214 944.5549 1422.5338 1098.9124 299.1954 662.3 5504.957 2109.8;
	1392.4211 978.2764 1861.0442 595.1252 965.2492 1434.1256 1090.3 302.7413 661.6541 5435.0976 2150.3059;
	1451.4151 1078.4246 1907.8981 605.6449 968.2081 1470.0546 1146.9471 310.1884 662.1441 5508.569 2212.883;
	1566.3331 1104.8621 1934.2782 626.8 1000.8613 1531.1145 1205.3656 339.7 688.3 5634.7143 2327.6907;
	1617.0231 1127.652 1901.1607 625.5215 996.2602 1532.2804 1200.0416 328.2316 702.4269 5649.5103 2355.2558;
	1611.5515 1101.7994 1838.673 588.571 934.3114 1469.2031 1139.0936 303.1682 669.9621 5411.147 2231.4446;
	1549.7711 1054.0498 1748.9679 569.83 856.213 1371.8 1086.7905 301.2119 625.5668 5246.3717 2081.8451;
	1465.6207 977.0 1609.8899 541.5023 777.259 1250.7956 961.2998 276.2869 554.9793 4752.1902 1892.0151;
	1442.3085 908.9349 1599.7677 563.2952 740.8935 1105.6811 896.3205 271.4647 493.5606 4589.0164 1744.5085;
	1406.5064 890.5842 1614.0447 549.7 758.1058 1084.228 871.1 271.888 489.7085 4544.4519 1709.4349;
];
