function windprofile = ex_wind_profilesh1
%EX_WIND_PROFILE_D  Example wind_load_nyiso profile data for deterministic unit commitment.
% 2022.03.12
% Andres F. Ramirez


%% define constants
[GEN_BUS, PG, QG, QMAX, QMIN, VG, MBASE, GEN_STATUS, PMAX, PMIN, ...
    MU_PMAX, MU_PMIN, MU_QMAX, MU_QMIN, PC1, PC2, QC1MIN, QC1MAX, ...
    QC2MIN, QC2MAX, RAMP_AGC, RAMP_10, RAMP_30, RAMP_Q, APF] = idx_gen;
[CT_LABEL, CT_PROB, CT_TABLE, CT_TBUS, CT_TGEN, CT_TBRCH, CT_TAREABUS, ...
    CT_TAREAGEN, CT_TAREABRCH, CT_ROW, CT_COL, CT_CHGTYPE, CT_REP, ...
    CT_REL, CT_ADD, CT_NEWVAL, CT_TLOAD, CT_TAREALOAD, CT_LOAD_ALL_PQ, ...
    CT_LOAD_FIX_PQ, CT_LOAD_DIS_PQ, CT_LOAD_ALL_P, CT_LOAD_FIX_P, ...
    CT_LOAD_DIS_P, CT_TGENCOST, CT_TAREAGENCOST, CT_MODCOST_F, ...
    CT_MODCOST_X] = idx_ct;

windprofile = struct( ...
    'type', 'mpcData', ...
    'table', CT_TGEN, ...
    'rows', [1:45], ...
    'col', PMAX, ...
    'chgtype', 1, ...
    'values', [] );
windprofile.values(:,1,:) = [
	3.9501 53.374 85.2457 115.3878 15.317 35.5669 31.225 7.2136 27.0915 12.5872 23.2672 34.7101 52.2559 41.1917 176.6012 66.5335 82.5508 87.4792 85.9523 72.4101 10.4083 82.9894 31.7247 39.8428 45.9147 22.4659 4.4099 1275.2572 832.9887 832.9887 678.935 90.7059 286.5078 186.3838 129.1414 355.4085 1263.3883 212.3454 452.1905 122.9858 116.7501 394.5551 218.3014 117.8582 1276.5486;
	3.4675 46.8529 76.1946 42.0297 15.0724 29.0807 30.1213 5.7792 7.7374 11.5291 21.3113 31.7923 47.8632 37.3185 162.5557 61.2419 75.9853 80.5218 85.1268 70.0217 10.0404 67.8549 25.7 33.6921 34.7781 6.9059 3.5072 1244.6071 828.5212 828.5212 734.8821 85.3316 283.7559 180.2361 116.9986 353.5024 1266.4852 206.2838 449.6462 93.1556 112.4009 322.6017 218.074 98.3702 1279.6777;
	3.4001 45.9435 91.1489 47.212 15.3296 25.4074 31.233 6.9304 8.991 11.538 21.3279 31.817 47.9004 33.5557 186.6382 70.3148 87.2425 92.451 87.0204 65.389 10.411 59.284 23.3794 42.998 42.7156 29.9479 5.6816 1314.5793 842.9034 842.9034 761.2524 97.4878 290.068 168.3115 105.2016 359.6388 1305.6243 204.2695 457.9359 114.4168 31.5693 281.853 216.6361 140.3223 1319.2246;
	3.6768 49.6823 89.2167 51.0488 15.2773 15.791 32.1838 7.099 11.5754 10.3353 19.1047 28.5005 42.9073 23.6342 188.5635 71.0402 88.1425 93.4047 85.2593 65.9574 10.7279 36.8457 26.1092 39.1032 36.8399 29.3833 4.0655 1289.0251 845.5298 845.5298 782.4172 101.6663 284.1978 169.7744 74.0963 360.7594 1305.7599 230.6099 464.4043 98.6782 30.958 175.1748 217.9362 126.7897 1319.3616;
	3.8481 51.9957 84.9642 41.3547 14.7451 22.5252 32.0441 7.0092 11.6198 9.3615 17.3045 25.8149 38.8642 28.4818 162.7886 61.3297 76.0942 80.6371 84.3239 60.4596 10.6814 52.5587 0.1007 26.6617 39.4372 64.5919 4.4892 1246.143 831.9509 831.9509 790.9491 104.1449 281.0796 155.623 89.2943 354.9657 1294.4783 230.259 453.4385 105.6353 31.17 249.8792 212.1545 215.9188 1307.9624;
	3.8851 52.4958 94.7091 111.9214 14.7794 34.3579 32.0385 7.2787 11.2105 11.2096 20.7207 30.9112 46.5366 26.9048 186.6632 70.3243 87.2542 92.4634 86.5429 64.2528 10.6795 80.1685 0.1057 32.4088 56.4042 68.4902 4.7543 1202.5929 828.3319 828.3319 804.2468 111.2612 288.4765 165.3868 84.3503 353.4216 1296.1584 240.9425 458.2023 151.0828 68.3702 381.1439 208.5994 256.2115 1309.6601;
	3.9775 53.7441 94.5576 118.4665 15.017 35.522 32.1013 10.9077 11.7134 11.6536 21.5415 32.1357 48.3801 39.1085 190.621 71.8153 89.1042 94.4239 82.0705 66.9038 10.7004 82.8847 24.132 51.6655 103.4492 74.5109 10.313 1196.9419 825.704 825.704 812.7907 117.7281 273.5683 172.2105 122.6105 352.3004 1319.6312 283.702 450.4085 277.096 110.5598 394.0574 218.272 280.4483 1333.3773;
	3.9043 52.756 93.4412 116.4024 14.8368 35.0914 31.7588 18.2683 12.4782 10.7933 19.9512 29.7633 44.8085 59.1741 191.611 72.1883 89.567 94.9143 82.4629 50.2419 10.5863 81.8798 22.6421 56.8754 105.5201 74.3635 13.4852 1109.2384 823.4494 823.4494 813.8977 121.3768 274.8764 129.3227 185.5188 351.3384 1269.2272 309.3879 453.2867 282.6432 120.2093 389.2802 213.9531 280.9455 1282.4483;
	3.9092 52.8225 92.4988 117.0795 14.8824 34.774 31.1734 18.1078 11.481 12.053 22.2797 33.237 50.0381 61.4572 195.8709 73.7932 91.5582 97.0244 50.421 57.7575 10.3911 81.1393 27.8011 86.9303 104.8999 71.8205 13.1763 788.5517 841.1288 841.1288 805.9851 116.0119 168.0701 148.6679 192.6766 358.8816 1232.6971 317.0901 453.2504 280.9819 120.5963 385.7594 214.91 268.736 1245.5377;
	3.8795 52.4211 92.0401 119.561 14.8098 34.8714 30.8529 18.7129 21.6607 11.0452 20.4169 30.458 45.8544 63.1008 192.3145 72.4534 89.8959 95.2628 55.0355 57.3619 10.2843 81.3666 25.7382 88.1153 105.654 69.378 13.2575 645.3942 850.5984 850.5984 803.9753 116.3616 183.4516 147.6497 197.8295 362.922 1164.4102 291.6152 453.3421 283.0017 115.4372 386.8399 214.7349 269.7948 1176.5395;
	3.8454 51.9602 90.6976 114.9626 14.7675 34.7608 31.3814 17.6248 28.1987 18.1021 33.4615 49.918 75.1513 69.2936 203.9729 76.8456 95.3455 101.0377 43.8801 63.7519 10.4605 81.1085 29.1532 82.145 100.6505 65.4206 12.8005 517.0151 839.5469 839.5469 806.9202 112.5539 146.267 164.0976 217.2449 358.2067 1043.7989 304.6721 462.5862 269.5995 119.1923 385.6131 210.0904 260.8832 1054.6718;
	3.51 47.4285 91.7267 115.2037 15.2656 33.9416 29.7348 18.1491 27.9919 19.5768 36.1875 53.9846 81.2736 68.8196 197.4622 74.3928 92.3021 97.8127 54.661 61.0341 9.9116 79.1971 35.0083 86.8109 102.1205 70.9068 12.6155 377.0961 827.2894 827.2894 783.892 113.8694 182.2035 157.1018 215.7589 352.9768 864.3816 280.7467 459.9937 273.5372 118.3061 376.5258 201.4997 268.6608 873.3856;
	2.307 31.172 89.809 112.4097 14.6424 24.0935 25.7655 18.6832 27.0282 26.3135 48.6402 72.5615 109.241 68.6718 194.4981 73.276 90.9166 96.3444 91.4703 57.435 8.5885 56.2183 53.8266 85.3332 100.0973 72.0222 13.6599 342.9947 742.4928 742.4928 714.3832 111.0722 304.9008 147.8378 215.2955 316.7969 723.6736 246.8931 421.1482 268.1177 118.5142 267.2777 187.5647 269.5636 731.2119;
	2.4662 33.3241 93.1984 116.7876 14.4144 15.3995 25.4801 19.0814 26.7885 30.2837 55.9791 83.5097 125.7234 68.0097 196.0891 73.8754 91.6603 97.1325 90.1223 68.7693 8.4934 35.9322 72.7495 87.2971 104.2561 73.5273 13.971 334.2183 630.4359 630.4359 634.0972 111.0921 300.4076 177.0124 213.2196 268.986 526.8449 225.7094 445.9715 279.2575 119.8262 170.8321 150.8111 276.6521 532.3329;
	2.3577 31.8572 90.2925 114.153 11.5555 20.3694 21.6669 18.6493 26.0943 28.9013 53.4235 79.6974 119.984 65.9009 202.6337 76.3411 94.7195 100.3744 89.2433 71.0585 7.2223 47.5286 69.6837 84.6081 101.1772 71.4347 13.6396 479.3409 523.7735 523.7735 478.5504 100.8252 297.4776 182.9046 206.6083 223.4767 467.2086 208.6711 422.8445 271.0102 116.8129 225.9644 127.9469 247.9603 472.0753;
	3.493 47.1985 90.8403 87.247 14.2734 28.1143 16.5702 18.8078 21.0999 28.4586 52.6054 78.4769 118.1465 59.601 199.8023 75.2743 93.3959 98.9718 88.1133 71.9034 5.5234 65.6 71.9953 86.137 100.1653 72.8054 13.6333 507.1031 552.9611 552.9611 460.1353 59.0667 293.7109 185.0794 186.8572 235.9301 493.1347 181.1876 421.7338 268.2999 117.9617 311.8813 87.6093 264.469 498.2715;
	3.2873 44.4182 91.4652 65.9499 14.4154 33.0542 14.1002 19.0347 25.7415 26.5427 49.0637 73.1934 110.1923 61.5979 192.3882 72.4811 89.9303 95.2993 89.8836 69.0751 4.7001 77.1265 69.0945 86.8561 105.3185 74.4616 13.8811 568.4395 582.3267 582.3267 450.6333 32.6655 299.612 177.7996 193.1178 248.4594 541.1165 125.0323 156.9706 282.1031 119.4681 366.6816 122.4642 269.6331 546.7531;
	3.7113 50.1473 92.9295 65.8428 14.6042 33.1339 27.6792 19.1327 24.7313 11.347 20.9747 31.2901 47.1071 57.85 176.8787 66.638 82.6805 87.6167 77.7875 69.9707 9.2264 77.3124 39.3609 88.4477 105.8288 74.5496 14.0036 741.421 607.9293 607.9293 398.8706 29.4893 259.2918 180.1048 181.3676 259.3832 759.0379 85.1564 353.6073 283.47 122.2334 367.5652 128.5997 268.6831 766.9446;
