function windprofile = ex_wind_profilesh1
%EX_WIND_PROFILE_D  Example wind_load_nyiso profile data for deterministic unit commitment.
% 2022.03.12
% Andres F. Ramirez


%% define constants
[GEN_BUS, PG, QG, QMAX, QMIN, VG, MBASE, GEN_STATUS, PMAX, PMIN, ...
    MU_PMAX, MU_PMIN, MU_QMAX, MU_QMIN, PC1, PC2, QC1MIN, QC1MAX, ...
    QC2MIN, QC2MAX, RAMP_AGC, RAMP_10, RAMP_30, RAMP_Q, APF] = idx_gen;
[CT_LABEL, CT_PROB, CT_TABLE, CT_TBUS, CT_TGEN, CT_TBRCH, CT_TAREABUS, ...
    CT_TAREAGEN, CT_TAREABRCH, CT_ROW, CT_COL, CT_CHGTYPE, CT_REP, ...
    CT_REL, CT_ADD, CT_NEWVAL, CT_TLOAD, CT_TAREALOAD, CT_LOAD_ALL_PQ, ...
    CT_LOAD_FIX_PQ, CT_LOAD_DIS_PQ, CT_LOAD_ALL_P, CT_LOAD_FIX_P, ...
    CT_LOAD_DIS_P, CT_TGENCOST, CT_TAREAGENCOST, CT_MODCOST_F, ...
    CT_MODCOST_X] = idx_ct;

windprofile = struct( ...
    'type', 'mpcData', ...
    'table', CT_TGEN, ...
    'rows', [1:45], ...
    'col', PMAX, ...
    'chgtype', 1, ...
    'values', [] );
windprofile.values(:,1,:) = [
	3.9215 52.9881 87.279 119.5089 14.9445 36.1702 32.3542 7.9166 28.1111 13.2206 24.4381 36.4569 54.8857 43.9446 176.6155 66.5389 82.5575 87.4863 85.4456 72.5776 10.7847 84.3972 31.6532 40.9103 50.2275 32.3195 5.823 1220.7419 818.7089 818.7089 681.4291 86.359 284.8186 186.8149 137.7724 349.3158 1304.0807 205.4071 474.4694 134.5378 113.2157 401.2484 215.3963 113.7027 1317.6649;
	3.3895 45.7999 76.9904 46.0744 14.8586 30.2819 32.1612 7.3333 10.8527 12.9204 23.8832 35.6291 53.6394 40.2597 166.925 62.888 78.0277 82.6861 84.5341 71.3653 10.7204 70.6578 23.5975 36.6396 40.8219 30.7267 5.7811 1267.1951 818.1142 818.1142 689.3598 76.426 281.7803 183.6945 126.2196 349.0621 1322.037 195.066 475.1854 109.3443 112.7542 335.9272 215.7058 95.2257 1335.8082;
	3.3999 45.9404 87.8112 52.044 14.8142 26.1539 32.4273 6.725 11.6286 13.6271 25.1896 37.5779 56.5733 41.1051 189.8799 71.5361 88.7578 94.0568 86.2221 68.5044 10.8091 61.0258 28.163 38.0674 41.1188 29.4292 6.3911 1283.6302 842.7452 842.7452 766.5635 95.4991 287.4071 176.3305 128.87 359.5713 1330.6524 216.7667 478.8617 110.1397 33.4992 290.134 218.3848 127.6747 1344.5134;
	3.6423 49.2154 87.709 53.9183 14.8071 16.6378 32.669 7.5632 15.0633 13.2635 24.5173 36.575 55.0634 27.7886 190.8239 71.8918 89.1991 94.5244 82.6213 67.185 10.8897 38.8215 30.4424 37.1082 38.9965 32.2839 5.9878 1253.4848 853.287 853.287 791.8676 98.033 275.4044 172.9343 87.121 364.0691 1318.7785 239.5881 479.5162 104.4549 36.2992 184.5685 216.1487 123.2987 1332.5158;
	3.8315 51.7722 80.2974 41.7528 14.843 24.6337 32.402 7.3066 14.01 12.0403 22.2564 33.2021 49.9856 33.7168 174.5907 65.776 81.611 86.4833 87.1178 68.427 10.8007 57.4786 9.38 26.1842 38.8273 62.3601 5.7744 1278.3863 848.1898 848.1898 782.8156 101.4837 290.3926 176.1314 105.7066 361.8943 1316.8118 241.8696 475.8285 104.0016 34.3418 273.2698 215.1602 205.9193 1330.5286;
	3.8954 52.6349 93.8866 117.3279 15.3606 35.0218 32.0481 7.9761 13.1182 12.2503 22.6446 33.7812 50.8575 29.5563 178.1959 67.1343 83.2962 88.2691 89.9001 67.4772 10.6827 81.7176 3.9829 34.6948 59.5953 72.3303 6.092 1225.7468 832.1803 832.1803 780.1182 111.4512 299.6669 173.6864 92.6631 355.0636 1261.8892 250.4535 478.5265 159.6302 73.6265 388.5089 217.5275 265.8211 1275.0339;
	3.9583 53.485 94.8717 120.846 15.2941 35.61 31.2703 13.12 11.7245 11.4724 21.2065 31.636 47.6278 40.2326 190.092 71.6161 88.857 94.1619 86.1522 71.3947 10.4234 83.09 24.331 57.3647 105.911 76.4926 12.8086 1147.969 840.424 840.424 777.4592 113.6194 287.1741 183.7701 126.1346 358.5809 1256.7644 285.6045 468.6921 283.6902 114.265 395.0334 217.1253 286.6858 1269.8557;
	3.8683 52.2692 92.3781 119.0952 14.7749 35.2849 31.6183 19.1421 11.2056 10.3673 19.1638 28.5887 43.0401 61.0341 184.3102 69.4378 86.1543 91.2978 83.3714 58.5402 10.5394 82.3314 25.2757 57.6304 105.9889 76.1164 14.122 1047.0005 854.9884 854.9884 773.3381 116.087 277.9046 150.6827 191.3502 364.7951 1258.0949 306.7746 469.648 283.8989 119.8685 391.427 209.195 284.9685 1271.2001;
	3.881 52.4414 93.8373 119.8518 14.9185 34.9516 31.2841 19.1788 10.2311 11.6688 21.5696 32.1776 48.4432 61.7182 190.4759 71.7607 89.0364 94.352 53.0282 62.8894 10.428 81.5536 27.3513 87.4341 106.4684 76.075 14.1287 791.9857 855.9516 855.9516 793.7871 116.0278 176.7607 161.8774 193.4947 365.206 1255.7813 314.5634 469.756 285.1832 119.9376 387.7292 213.6595 282.9469 1268.8624;
	3.8604 52.1623 91.2507 119.5391 14.9032 34.6716 31.6927 19.1103 21.1952 9.9472 18.3872 27.4301 41.2959 63.1933 184.4018 69.4723 86.1971 91.3432 58.8209 59.7208 10.5642 80.9003 20.4755 88.1187 105.3115 73.7686 14.0393 614.5826 854.304 854.304 784.3297 111.6915 196.0697 153.7216 198.1196 364.5031 1153.974 285.3898 469.9206 282.0843 120.3599 384.6232 214.3941 283.8281 1165.9946;
	3.7935 51.2583 90.0089 117.0992 15.049 34.2823 31.0453 19.1098 28.4329 17.1498 31.7011 47.2917 71.1975 68.0206 194.9308 73.439 91.1188 96.5587 51.634 65.8143 10.3484 79.9921 27.2068 84.4703 103.4798 70.9003 14.0627 463.0093 852.4874 852.4874 764.3039 100.9958 172.1135 169.4061 213.2538 363.728 1009.1065 283.1563 461.2028 277.1781 116.8518 380.3051 205.4363 271.6265 1019.618;
	3.2646 44.112 91.0882 117.2566 14.9265 32.2383 29.7008 18.8487 28.2372 20.0317 37.0284 55.239 83.162 65.127 186.484 70.2568 87.1704 92.3747 57.7718 61.4399 9.9003 75.2226 31.2405 84.7811 101.6049 72.8824 13.5145 343.8012 828.5717 828.5717 705.8951 95.5451 192.5727 158.1463 204.1819 353.5239 811.0679 246.3066 460.7032 272.1561 117.3504 357.6297 187.6241 277.662 819.5165;
	1.9052 25.7429 92.2429 116.8891 14.4022 20.0164 26.0195 19.1498 28.3084 27.287 50.4395 75.2458 113.2822 63.935 186.2667 70.1749 87.0689 92.267 91.1663 56.7165 8.6732 46.7048 49.6881 88.5597 103.445 74.3226 14.0591 300.9662 716.1038 716.1038 617.9916 97.6691 303.8876 145.9884 200.4448 305.5376 687.8694 219.8469 431.1222 277.0848 118.1841 222.0481 154.78 284.2436 695.0347;
	2.5016 33.8023 94.2548 120.4614 15.3395 14.382 26.5486 19.1787 28.4083 31.025 57.3493 85.5538 128.8008 66.5735 191.0743 71.9861 89.3161 94.6484 91.5186 65.1119 8.8495 33.5581 72.7278 89.8045 106.2968 76.2351 14.1518 310.9783 644.4563 644.4563 616.7464 95.0132 305.0621 167.5981 208.717 274.968 520.4021 205.5371 455.696 284.7237 122.9976 159.5448 140.2373 286.9216 525.823;
	2.1928 29.6295 89.3506 115.4005 12.9473 7.8741 21.7685 18.4387 27.5529 29.4714 54.4774 81.2696 122.351 66.1491 197.4255 74.3789 92.285 97.7945 89.429 71.038 7.2562 18.3728 70.6014 86.1909 98.6756 73.2214 13.9401 405.8845 496.6818 496.6818 438.0363 74.5158 298.0966 182.852 207.3864 211.9176 418.4226 178.8217 448.0188 264.3096 121.2277 87.3497 109.8269 267.3807 422.7812;
	3.4786 47.0037 90.1438 90.6757 14.9098 28.0826 16.6571 19.1127 25.277 30.0178 55.4875 82.7764 124.6195 59.4164 200.0107 75.3529 93.4934 99.0751 90.9968 73.1104 5.5524 65.526 72.993 86.3974 100.5475 75.8143 14.1239 482.1818 540.0121 540.0121 412.9003 38.7463 303.3226 188.1864 186.2784 230.4052 487.2743 155.7365 468.2705 269.3237 119.7749 311.5292 84.2657 278.0884 492.35;
	3.3261 44.9425 90.3202 65.4439 15.3535 33.9623 14.326 19.0184 27.8844 28.5041 52.6894 78.6023 118.3353 58.0725 197.0706 74.2452 92.119 97.6187 90.8961 72.19 4.7753 79.2454 73.8776 86.8866 104.3032 75.7006 14.0052 545.2793 592.0739 592.0739 455.8911 25.9872 302.9869 185.8173 182.0652 252.6182 591.7484 118.936 195.4332 279.3837 120.9113 376.7555 111.2803 274.5609 597.9124;
	3.7986 51.3275 92.2928 66.3854 15.1396 34.3857 30.2424 19.0876 28.1415 13.7993 25.5078 38.0526 57.2879 64.4518 187.1007 70.4891 87.4587 92.6801 82.8262 72.1584 10.0808 80.2334 50.3696 86.4826 104.8914 75.1821 14.0501 697.9899 632.8686 632.8686 420.9087 23.9174 276.0872 185.7358 202.0652 270.0239 829.1424 81.4679 441.0693 280.959 123.8628 381.4525 129.0452 276.1841 837.7793;
