function windprofile = ex_wind_profilesh1
%EX_WIND_PROFILE_D  Example wind_load_nyiso profile data for deterministic unit commitment.
% 2022.03.12
% Andres F. Ramirez


%% define constants
[GEN_BUS, PG, QG, QMAX, QMIN, VG, MBASE, GEN_STATUS, PMAX, PMIN, ...
    MU_PMAX, MU_PMIN, MU_QMAX, MU_QMIN, PC1, PC2, QC1MIN, QC1MAX, ...
    QC2MIN, QC2MAX, RAMP_AGC, RAMP_10, RAMP_30, RAMP_Q, APF] = idx_gen;
[CT_LABEL, CT_PROB, CT_TABLE, CT_TBUS, CT_TGEN, CT_TBRCH, CT_TAREABUS, ...
    CT_TAREAGEN, CT_TAREABRCH, CT_ROW, CT_COL, CT_CHGTYPE, CT_REP, ...
    CT_REL, CT_ADD, CT_NEWVAL, CT_TLOAD, CT_TAREALOAD, CT_LOAD_ALL_PQ, ...
    CT_LOAD_FIX_PQ, CT_LOAD_DIS_PQ, CT_LOAD_ALL_P, CT_LOAD_FIX_P, ...
    CT_LOAD_DIS_P, CT_TGENCOST, CT_TAREAGENCOST, CT_MODCOST_F, ...
    CT_MODCOST_X] = idx_ct;

windprofile = struct( ...
    'type', 'mpcData', ...
    'table', CT_TGEN, ...
    'rows', [1:45], ...
    'col', PMAX, ...
    'chgtype', 1, ...
    'values', [] );
windprofile.values(:,1,:) = [
	3.7643 50.8641 81.5342 110.1752 14.898 34.3325 29.9693 6.6965 26.7423 9.8335 18.177 27.1166 40.8238 39.3361 172.9394 65.1539 80.8391 85.6653 87.8549 71.495 9.9898 80.1092 13.282 31.8621 42.8902 27.3315 2.8844 1255.7342 777.7283 777.7283 629.258 81.3731 292.8497 184.0283 123.3241 331.8308 1225.9321 196.4824 439.4382 114.8846 108.4828 380.8622 213.1161 108.4763 1238.7023;
	2.9253 39.5278 70.1339 0.0 14.9745 26.5854 30.617 6.3308 9.9873 10.8183 19.9974 29.8322 44.9122 40.4266 178.5749 67.2771 83.4734 88.4569 90.1553 70.6097 10.2057 62.0326 19.3265 29.1944 32.6909 26.5932 3.7131 1278.8715 790.7394 790.7394 721.3643 77.5536 300.5177 181.7495 126.7429 337.3822 1267.8926 202.6911 448.9645 87.565 105.5355 294.9208 214.9383 87.8975 1281.0998;
	2.916 39.4018 85.5547 37.6293 15.1131 21.7757 31.0843 6.0471 10.0355 12.7802 23.624 35.2424 53.0573 40.1557 184.8019 69.623 86.3841 91.5414 87.0342 64.3455 10.3614 50.8099 25.5491 32.3169 33.7042 25.7096 5.6043 1263.329 793.9659 793.9659 702.896 91.3127 290.1139 165.6255 125.8935 338.7588 1250.384 204.6903 461.3247 90.279 31.2901 241.5649 213.2967 122.772 1263.4088;
	3.1994 43.2313 77.508 0.0 14.5615 11.7235 31.787 5.5663 11.3279 11.9279 22.0485 32.892 49.5187 28.6057 186.7523 70.3579 87.2959 92.5076 83.8773 63.0418 10.5957 27.3548 24.7641 0.3085 0.0 23.7831 4.0854 1274.4791 834.1942 834.1942 769.2499 94.6836 279.5912 162.2698 89.6829 355.9229 1290.6923 238.5003 451.729 0.0 23.4047 130.0525 210.58 66.4625 1304.137;
	3.6415 49.2051 77.6038 37.119 14.812 20.3947 31.4988 4.0652 11.1065 9.5827 17.7136 26.4251 39.7829 34.4209 175.1138 65.9731 81.8555 86.7424 90.8154 67.0575 10.4996 47.5876 0.4979 15.2723 23.1828 53.2968 3.2927 1264.4733 846.7421 846.7421 801.643 102.4349 302.718 172.6062 107.9142 361.2766 1281.437 241.9384 452.6314 62.0968 32.2985 226.2453 208.2987 181.0202 1294.7853;
	3.8342 51.8087 93.3189 112.8066 15.0175 32.8219 31.4911 7.2778 10.6775 13.2401 24.4742 36.5107 54.9666 31.444 193.6568 72.9591 90.5233 95.9276 91.0997 69.735 10.497 76.5845 16.9728 29.8369 52.7331 63.4448 5.2855 1237.6994 853.0733 853.0733 781.2587 112.6868 303.6657 179.4981 98.5813 363.978 1267.2701 238.8174 468.1297 141.2492 77.4986 364.1048 216.4766 238.1356 1280.4708;
	3.9135 52.8795 90.3626 115.3294 14.6942 33.2216 31.2178 9.9429 10.0947 13.1705 24.3454 36.3185 54.6774 40.5968 201.5522 75.9336 94.2139 99.8386 86.5738 73.1046 10.4059 77.517 27.4348 49.3944 97.8591 72.6903 9.6604 1195.8554 850.3393 850.3393 766.733 115.5714 288.5793 188.1714 127.2764 362.8114 1297.552 283.2054 465.8883 262.1226 112.7083 368.5378 217.2842 270.8835 1311.0682;
	3.7145 50.1906 88.1517 113.9378 14.4457 33.1878 29.8666 18.4827 2.4642 11.1863 20.6777 30.8471 46.4401 60.7794 191.8345 72.2725 89.6715 95.025 81.7807 59.6358 9.9555 77.4382 26.0712 55.7676 103.3908 73.6024 13.5233 1160.5355 828.9239 828.9239 745.8291 114.4753 272.6023 153.5028 190.5516 353.6742 1256.3534 304.5451 462.8807 276.9397 118.4301 368.1635 208.9585 267.7284 1269.4404;
	3.8301 51.7533 91.7281 118.0157 14.8497 33.7833 29.8747 18.5697 8.8299 13.4492 24.8607 37.0873 55.8347 63.4151 197.1545 74.2768 92.1583 97.6602 46.9241 68.8453 9.9582 78.8276 33.0717 87.646 104.8358 72.6347 13.6568 881.7529 844.0404 844.0404 754.9143 111.9341 156.4135 177.208 198.815 360.1239 1245.0728 300.8075 474.3003 280.8101 119.789 374.7689 218.5162 264.5596 1258.0423;
	3.8426 51.9224 93.2213 119.143 14.7978 33.4297 29.9681 18.6176 19.7255 13.1553 24.3174 36.2767 54.6144 55.4407 188.8993 71.1667 88.2994 93.571 52.3815 59.4172 9.9894 78.0026 33.0736 89.4637 105.3527 71.5882 13.7044 580.9786 832.919 832.919 731.6063 107.9234 174.6051 152.9399 173.814 355.3788 1068.9611 254.7818 459.0597 282.1948 118.7017 370.8467 215.2625 268.1373 1080.0961;
	3.8513 52.0402 93.3121 118.4008 14.8299 34.3049 30.0781 18.0875 25.8988 19.8993 36.7835 54.8737 82.6121 66.7738 199.6564 75.2194 93.3278 98.8996 44.6019 67.6263 10.026 80.0449 34.4478 85.5208 101.641 70.585 13.2678 430.2222 803.2996 803.2996 678.7315 97.6847 148.6731 174.0704 209.3448 342.7412 925.6084 250.0266 451.9554 272.2527 119.8257 380.5561 214.1354 262.4112 935.2502;
	3.402 45.9685 90.5752 117.619 14.8166 32.1815 27.7478 18.3059 25.9882 21.0901 38.9847 58.1576 87.5559 63.3074 197.6264 74.4546 92.3789 97.894 58.4684 63.1921 9.2493 75.0903 39.9129 84.8546 100.1073 72.7693 13.1639 339.632 785.5701 785.5701 647.997 105.5295 194.8948 162.6567 198.4773 335.1766 797.0245 248.4503 434.0913 268.1445 119.5319 357.0006 198.998 262.6974 805.3269;
	2.2163 29.9465 87.6264 110.0721 14.4134 19.9919 22.1406 17.9957 24.9145 28.3396 52.3853 78.1486 117.6523 62.9153 192.5292 72.5343 89.9962 95.3691 92.2911 61.2539 7.3802 46.6477 60.8016 82.1281 95.6011 71.1165 13.5758 335.6693 699.5471 699.5471 635.4586 107.4194 307.637 157.6677 197.2479 298.4734 693.3066 242.1871 397.2122 256.0743 120.1451 221.7766 177.1348 265.5734 700.5286;
	2.194 29.6454 86.1108 105.9602 14.1404 11.194 21.2992 17.4721 24.0048 30.744 56.8299 84.779 127.6344 62.5459 199.8885 75.3068 93.4363 99.0145 92.8861 67.9637 7.0997 26.1194 74.7182 82.0802 96.9543 71.2387 13.1645 315.0076 612.7945 612.7945 581.7051 106.2032 309.6202 174.9386 196.0898 261.459 507.7891 208.6576 411.4785 259.6991 119.9137 124.179 136.2092 253.4907 513.0786;
	2.2051 29.7951 86.334 111.1417 12.2407 0.6649 20.0716 17.6059 25.9953 29.9734 55.4054 82.6539 124.435 65.2095 205.2777 77.3372 95.9554 101.6841 92.9549 71.0465 6.6905 1.5515 74.8041 83.0521 96.6658 71.1007 13.4916 472.4019 511.343 511.343 453.7349 97.9228 309.8495 182.8739 204.4404 218.173 456.4224 201.7778 434.3319 258.9263 121.023 7.3762 119.6953 242.0443 461.1768;
	3.4095 46.0692 86.2515 85.3071 14.0955 26.5099 15.719 17.888 23.6412 28.7301 53.1072 79.2256 119.2737 57.0388 202.7412 76.3816 94.7697 100.4276 92.7409 70.5683 5.2397 61.8564 71.6648 86.6549 99.0571 71.7385 13.5318 540.8821 559.7357 559.7357 428.0748 57.2684 309.1362 181.643 178.8244 238.8206 517.3478 176.3467 449.1302 265.3315 122.4775 294.0831 92.3957 253.4955 522.7369;
	3.334 45.0497 86.6916 63.4075 14.1243 31.6897 13.6549 18.2518 27.3759 28.5866 52.8419 78.8297 118.6777 57.6263 199.8786 75.3031 93.4316 99.0096 90.4927 71.988 4.5516 73.9427 72.6534 87.8434 103.7537 73.681 13.6426 606.1516 611.0096 611.0096 437.8513 35.3598 301.6422 185.2973 180.6663 260.6974 606.2309 127.6259 182.7785 277.9118 122.832 351.5447 115.2142 262.9524 612.5458;
	3.7315 50.4205 87.3343 65.1839 13.9979 31.7399 28.3605 18.6854 26.6778 12.7479 23.5643 35.1533 52.9231 59.3934 183.2333 69.0321 85.6509 90.7644 70.595 68.9986 9.4535 74.0598 51.5147 87.654 103.8541 72.8219 13.5612 716.5777 652.4343 652.4343 408.254 32.8087 235.3167 177.6026 186.2062 278.372 802.3276 87.1267 398.5878 278.1806 123.6019 352.1016 126.2756 258.0953 810.6852;
