function solarprofile = ex_solar_profilesh1
%EX_WIND_PROFILE_D  Example wind_load_nyiso profile data for deterministic unit commitment.
% 2022.03.12
% Andres F. Ramirez


%% define constants
[GEN_BUS, PG, QG, QMAX, QMIN, VG, MBASE, GEN_STATUS, PMAX, PMIN, ...
    MU_PMAX, MU_PMIN, MU_QMAX, MU_QMIN, PC1, PC2, QC1MIN, QC1MAX, ...
    QC2MIN, QC2MAX, RAMP_AGC, RAMP_10, RAMP_30, RAMP_Q, APF] = idx_gen;
[CT_LABEL, CT_PROB, CT_TABLE, CT_TBUS, CT_TGEN, CT_TBRCH, CT_TAREABUS, ...
    CT_TAREAGEN, CT_TAREABRCH, CT_ROW, CT_COL, CT_CHGTYPE, CT_REP, ...
    CT_REL, CT_ADD, CT_NEWVAL, CT_TLOAD, CT_TAREALOAD, CT_LOAD_ALL_PQ, ...
    CT_LOAD_FIX_PQ, CT_LOAD_DIS_PQ, CT_LOAD_ALL_P, CT_LOAD_FIX_P, ...
    CT_LOAD_DIS_P, CT_TGENCOST, CT_TAREAGENCOST, CT_MODCOST_F, ...
    CT_MODCOST_X] = idx_ct;

solarprofile = struct( ...
    'type', 'mpcData', ...
    'table', CT_TGEN, ...
    'rows', [1:12], ...
    'col', PMAX, ...
    'chgtype', 1, ...
    'values', [] );
solarprofile.values(:,1,:) = [
	0.0 0.0 0.0 0.0 0.0 0.0 0.0 0.0 0.0 0.0 0.0 0.0;
	0.0 0.0 0.0 0.0 0.0 0.0 0.0 0.0 0.0 0.0 0.0 0.0;
	0.0 0.0 0.0 0.0 0.0 0.0 0.0 0.0 0.0 0.0 0.0 0.0;
	0.0 0.0 0.0 0.0 0.0 0.0 0.0 0.0 0.0 0.0 0.0 0.0;
	0.0 0.0 0.0 0.0 0.0 0.0 0.0 0.0 0.0 0.0 0.0 0.0;
	0.0 0.0 0.0 0.0 0.0 0.0 0.0 0.0 0.0 0.0 0.0 0.0;
	0.6018 0.2445 0.4148 0.7997 1.0347 48.1027 6.0128 1.9059 109.2194 15.8342 6.9587 28.6758;
	0.5955 0.3719 0.4703 0.7032 1.7458 24.7046 3.0881 3.1667 15.6051 63.8471 13.9245 115.6275;
	0.7869 0.6127 0.6248 0.7654 1.9978 31.9688 3.9961 5.9119 10.0651 69.922 17.158 126.6292;
	2.5378 2.2004 2.0849 1.478 1.5627 85.1604 10.645 12.0921 64.4861 60.9022 10.5585 110.2942;
	2.9197 2.4501 2.3067 2.4144 2.1109 90.3114 11.2889 10.4446 94.6846 70.411 12.7868 127.5148;
	2.7628 2.3636 2.1686 2.6793 2.0471 62.222 7.7777 6.2512 81.728 75.7702 16.8475 137.2203;
	3.6456 2.8333 2.1059 2.4532 1.1317 45.2137 5.6517 7.6924 39.7051 150.8377 37.5007 273.1679;
	3.3443 2.5957 2.0727 1.619 0.8544 26.0107 3.2513 5.2546 23.8896 120.4057 31.2869 218.0554;
	3.0832 2.4685 1.8709 1.4904 0.7384 26.9243 3.3655 4.9491 25.083 68.8414 20.6162 124.6722;
	4.6936 5.8296 2.4959 1.3972 0.7885 25.5819 3.1977 2.3649 33.5406 24.5016 10.7969 44.3726;
	0.3202 0.4558 0.1713 0.5302 0.8705 28.4907 3.5613 6.1603 22.1688 17.2422 9.3269 31.2258;
	0.0 0.0 0.0 0.0 0.0 0.0 0.0 0.0 0.0 0.0 0.0 0.0;
	0.0 0.0 0.0 0.0 0.0 0.0 0.0 0.0 0.0 0.0 0.0 0.0;
	0.0 0.0 0.0 0.0 0.0 0.0 0.0 0.0 0.0 0.0 0.0 0.0;
	0.0 0.0 0.0 0.0 0.0 0.0 0.0 0.0 0.0 0.0 0.0 0.0;
	0.0 0.0 0.0 0.0 0.0 0.0 0.0 0.0 0.0 0.0 0.0 0.0;
	0.0 0.0 0.0 0.0 0.0 0.0 0.0 0.0 0.0 0.0 0.0 0.0;
	0.0 0.0 0.0 0.0 0.0 0.0 0.0 0.0 0.0 0.0 0.0 0.0;
];
