function loadprofile = ex_load_profilesh1
%EX_LOAD_PROFILE  Example load profile data file for stochastic unit commitment.
% 2022.03.12
% Andres F. Ramirez

%% define constants
[CT_LABEL, CT_PROB, CT_TABLE, CT_TBUS, CT_TGEN, CT_TBRCH, CT_TAREABUS, ...
    CT_TAREAGEN, CT_TAREABRCH, CT_ROW, CT_COL, CT_CHGTYPE, CT_REP, ...
    CT_REL, CT_ADD, CT_NEWVAL, CT_TLOAD, CT_TAREALOAD, CT_LOAD_ALL_PQ, ...
    CT_LOAD_FIX_PQ, CT_LOAD_DIS_PQ, CT_LOAD_ALL_P, CT_LOAD_FIX_P, ...
    CT_LOAD_DIS_P, CT_TGENCOST, CT_TAREAGENCOST, CT_MODCOST_F, ...
    CT_MODCOST_X] = idx_ct;

loadprofile = struct( ...
    'type', 'mpcData', ...
    'table', CT_TAREALOAD, ...
    'rows', [1:11], ...
    'col', CT_LOAD_ALL_P, ...
    'chgtype', 1, ...
    'values', [] );
loadprofile.values(:,1,:) = [
	1485.5505 920.7178 1598.889 565.8219 782.9294 1217.5307 907.0512 249.5056 532.838 4731.0585 1804.469;
	1458.5974 908.2347 1561.1 550.3357 747.816 1202.9 881.7471 243.6281 509.7 4564.7 1719.5713;
	1460.8 908.7 1560.2814 537.7 747.2141 1174.7 854.0 235.312 493.0909 4532.1614 1689.5557;
	1493.5274 940.1 1598.9142 537.7731 776.6159 1221.8 888.6913 240.2724 519.3202 4627.7123 1751.7042;
	1529.2027 980.3 1663.0946 568.3814 817.857 1272.3593 921.5 267.3026 541.4659 4722.1867 1808.0755;
	1565.186 1020.9893 1761.4 591.9 889.5073 1350.0264 979.0579 283.2984 558.4194 4844.8789 1874.3181;
	1625.0791 1058.6 1820.2243 612.6 949.758 1402.6703 1007.8713 306.1134 588.4996 4921.2879 1912.4425;
	1640.4562 1058.8011 1826.0619 570.4633 931.4719 1399.9792 1041.8704 317.3215 602.5266 4976.6799 1796.4688;
	1670.4378 1078.1218 1831.6027 581.4713 927.8778 1387.6634 1100.8871 325.4037 608.8249 5308.476 1834.417;
	1664.0377 1078.8278 1838.4 567.2876 960.244 1410.8055 1126.9 335.9859 601.2581 5364.4898 1891.1674;
	1670.3513 1075.0733 1829.4882 561.1717 893.1808 1420.6 1118.0948 326.4909 625.7669 5422.8086 1885.8192;
	1693.7406 1065.0309 1794.3485 535.8706 881.1077 1434.9152 1130.4254 328.0 632.6825 5485.0146 1834.7271;
	1652.8489 1052.7355 1754.6656 555.5033 895.671 1480.3256 1122.0208 338.0345 645.8696 5503.9974 1918.5244;
	1641.4401 1024.4277 1749.4634 553.2304 874.7971 1444.9774 1046.4043 333.2206 618.8762 5382.1242 1903.0069;
	1633.5165 1050.0661 1793.9088 512.9 919.078 1470.624 1116.0232 337.1 630.8216 5463.3157 2050.34;
	1714.5453 1092.4761 1888.5622 495.7125 957.6501 1497.8031 1128.3426 366.7 650.7033 5507.135 2114.8179;
	1646.6153 1109.9735 1916.1014 556.1479 988.8929 1519.6665 1194.9555 390.1094 676.0911 5615.5377 2248.5;
	1742.0953 1162.4041 1975.5189 571.5645 1022.7988 1541.9 1174.6508 396.8 719.4419 5683.9601 2347.3531;
	1758.3 1181.6 1962.9303 582.1 1053.3188 1549.1511 1195.5697 377.9602 715.1435 5760.3622 2389.236;
	1691.8634 1125.904 1896.0 567.3171 1000.6432 1459.6088 1122.6259 368.8714 672.1093 5571.208 2286.014;
	1677.1269 1110.9966 1822.9201 537.9286 950.1513 1369.9399 1052.8 341.0513 631.6967 5384.9994 2141.7917;
	1639.9389 1075.459 1751.7314 512.2012 905.4901 1313.4682 998.9491 313.5351 583.7885 5118.0964 2005.4203;
	1538.4 981.2 1639.1066 538.9459 859.5831 1166.7311 895.5913 267.7 526.3989 4745.8012 1731.0339;
	1478.2506 936.6829 1621.72 537.4202 833.2661 1135.4093 873.5978 268.7 504.5306 4665.8044 1687.5029;
];
