function windprofile = ex_wind_profilesh1
%EX_WIND_PROFILE_D  Example wind_load_nyiso profile data for deterministic unit commitment.
% 2022.03.12
% Andres F. Ramirez


%% define constants
[GEN_BUS, PG, QG, QMAX, QMIN, VG, MBASE, GEN_STATUS, PMAX, PMIN, ...
    MU_PMAX, MU_PMIN, MU_QMAX, MU_QMIN, PC1, PC2, QC1MIN, QC1MAX, ...
    QC2MIN, QC2MAX, RAMP_AGC, RAMP_10, RAMP_30, RAMP_Q, APF] = idx_gen;
[CT_LABEL, CT_PROB, CT_TABLE, CT_TBUS, CT_TGEN, CT_TBRCH, CT_TAREABUS, ...
    CT_TAREAGEN, CT_TAREABRCH, CT_ROW, CT_COL, CT_CHGTYPE, CT_REP, ...
    CT_REL, CT_ADD, CT_NEWVAL, CT_TLOAD, CT_TAREALOAD, CT_LOAD_ALL_PQ, ...
    CT_LOAD_FIX_PQ, CT_LOAD_DIS_PQ, CT_LOAD_ALL_P, CT_LOAD_FIX_P, ...
    CT_LOAD_DIS_P, CT_TGENCOST, CT_TAREAGENCOST, CT_MODCOST_F, ...
    CT_MODCOST_X] = idx_ct;

windprofile = struct( ...
    'type', 'mpcData', ...
    'table', CT_TGEN, ...
    'rows', [1:45], ...
    'col', PMAX, ...
    'chgtype', 1, ...
    'values', [] );
windprofile.values(:,1,:) = [
	3.8147 51.545 80.5982 113.6333 15.033 34.2194 31.0392 6.9322 27.0796 12.4287 22.9743 34.2732 51.5981 36.7412 168.9233 63.6409 78.9618 83.676 66.6018 66.867 10.3464 79.8452 32.6005 39.5987 47.2408 8.8856 4.0641 1136.5667 792.9413 792.9413 647.9973 77.6556 222.0059 172.1157 115.1885 338.3216 1151.7889 203.1272 462.7262 126.5379 109.7725 379.6069 208.8799 101.8144 1163.7867;
	3.3094 44.7174 77.808 46.314 15.0307 29.1079 30.8691 7.3714 9.986 12.4206 22.9594 34.2508 51.5644 29.8387 172.2993 64.9128 80.5399 85.3483 71.2187 68.6385 10.2897 67.9184 27.4115 37.8261 41.9217 12.4318 5.2727 1178.8423 800.6483 800.6483 700.8681 62.8548 237.3958 176.6758 93.5484 341.6099 1209.2678 189.7365 463.257 112.2904 113.5552 322.9033 217.0614 87.8828 1221.8643;
	3.1828 43.0071 87.4 48.241 15.1662 25.2791 31.3211 6.6343 9.5063 12.16 22.4775 33.532 50.4823 30.7286 183.7799 69.238 85.9064 91.0352 84.1888 54.8184 10.4404 58.9847 23.728 38.6771 38.4684 15.7051 5.7237 1193.8359 803.5357 803.5357 726.8106 76.0325 280.6292 141.1026 96.3383 342.8419 1212.328 202.0552 461.3162 103.0404 33.4608 280.43 218.6031 119.4069 1224.9564;
	3.1884 43.0818 76.1619 47.4365 14.2296 14.2027 30.7647 6.5916 9.7916 10.3607 19.1517 28.5705 43.0128 0.7177 184.0949 69.3567 86.0537 91.1912 80.232 46.5454 10.2549 33.1397 1.3231 34.3059 31.3173 11.2329 4.2948 1234.9077 826.6949 826.6949 732.2142 83.4833 267.4401 119.808 2.2501 352.7232 1247.6641 221.6855 442.3522 83.8856 36.1988 157.5557 211.3809 67.4795 1260.6606;
	3.642 49.2111 76.2491 41.9412 14.659 19.6617 30.0273 6.8111 10.2687 9.8613 18.2284 27.1931 40.9391 23.5958 159.9437 60.2579 74.7644 79.2279 83.9667 51.277 10.0091 45.8773 0.0001 22.6527 34.8833 55.8919 4.845 1199.6281 813.9829 813.9829 753.0895 90.9544 279.8889 131.9872 73.9761 347.2994 1240.3231 221.5394 442.12 93.4374 31.2262 218.1136 210.1418 181.2554 1253.2431;
	3.6024 48.6759 86.0136 108.8349 14.616 31.8785 30.0416 6.2133 1.3701 0.5977 1.1049 1.6483 2.4815 17.0222 173.6592 65.4251 81.1756 86.0219 86.523 49.8395 10.0139 74.3831 0.0 24.1143 47.2505 63.859 4.4127 1139.2495 777.3389 777.3389 678.164 95.4803 288.4102 128.287 53.3668 331.6646 1166.622 204.6797 440.0639 126.564 67.3755 353.6385 203.6567 221.2921 1178.7743;
	3.7034 50.0404 88.8534 116.0628 15.1031 31.4745 31.3906 11.5245 9.9064 10.6302 19.6497 29.3135 44.1313 36.7963 192.0976 72.3717 89.7945 95.1553 74.936 66.3776 10.4635 73.4404 14.8623 50.6024 98.0698 75.2136 10.6056 1060.5623 795.7999 795.7999 714.8864 104.4217 249.7865 170.8562 115.3613 339.5413 1219.8952 235.0437 452.3781 262.6871 115.8394 349.1567 201.0378 273.1854 1232.6025;
	3.6999 49.9935 88.1674 113.9479 15.2006 33.4025 31.8979 18.8791 9.2539 5.1729 9.5621 14.2647 21.4755 60.443 194.3517 73.2209 90.8481 96.2719 80.2259 53.3404 10.6326 77.9391 15.2612 58.8642 103.2075 73.8487 13.728 1012.7723 790.2781 790.2781 679.0055 96.962 267.4196 137.2983 189.497 337.1853 1185.0841 239.6296 463.384 276.4486 123.3923 370.5447 200.3349 270.3461 1197.4287;
	3.7084 50.1088 90.0614 113.1336 15.1766 34.1714 31.3539 18.623 8.711 10.3652 19.1599 28.5828 43.0313 64.062 191.407 72.1115 89.4716 94.8132 46.9194 56.1029 10.4513 79.7333 23.6814 88.48 103.7602 74.6502 13.7823 753.5046 830.8693 830.8693 700.2686 96.3821 156.398 144.4091 200.8431 354.5042 1196.1909 260.3047 469.2273 277.9291 123.56 379.0749 208.9406 271.8441 1208.6512;
	3.7724 50.9729 90.4714 114.7382 15.1159 34.0243 30.3018 18.3769 18.2535 7.0459 13.0243 19.4297 29.2514 59.0286 187.468 70.6275 87.6304 92.8621 47.7514 51.9557 10.1006 79.39 11.7771 88.8942 100.2527 74.6883 13.6619 569.5305 806.076 806.076 716.9923 99.5501 159.1715 133.734 185.0626 343.9258 1084.9976 255.7833 457.7728 268.5341 123.5176 377.443 205.2113 268.7041 1096.2997;
	3.8172 51.5783 90.3011 116.3114 15.0882 34.1715 30.5396 18.3087 26.1601 15.6947 29.0113 43.2792 65.1566 66.9749 196.5629 74.0539 91.8817 97.3672 37.2328 61.7519 10.1799 79.7335 23.7856 85.5491 98.2339 73.4081 13.5748 396.7098 784.8766 784.8766 702.5032 91.7678 124.1093 158.9496 209.9755 334.8807 890.0597 254.015 457.128 263.1265 123.4379 379.0756 203.6293 261.9022 899.3311;
	3.3559 45.3455 90.2565 113.3692 14.6436 32.381 29.4702 18.3525 26.7983 16.1722 29.8941 44.5961 67.1392 64.7932 191.3899 72.105 89.4637 94.8048 47.3706 56.8954 9.8234 75.5558 15.4524 85.6705 96.6306 74.1388 13.3989 312.9547 786.263 786.263 707.4848 98.9121 157.9021 146.4488 203.1355 335.4722 794.0731 248.9284 456.8863 258.8319 123.1497 359.2137 186.8831 261.1141 802.3447;
	2.2157 29.9388 91.074 110.9 14.8689 20.9254 26.1939 18.3698 26.2623 26.2999 48.615 72.5241 109.1846 66.0572 194.8882 73.423 91.0989 96.5377 89.8822 62.2753 8.7313 48.8259 52.4726 83.4194 96.1243 72.532 13.7582 305.6847 719.1171 719.1171 641.8627 98.6446 299.6073 160.2968 207.0982 306.8233 693.6232 220.8035 452.5713 257.4758 123.2176 232.1323 173.4662 267.2762 700.8485;
	2.461 33.2541 91.0262 109.8789 15.0352 13.1326 26.5042 17.7467 27.2375 30.1458 55.7241 83.1294 125.1508 66.7851 196.093 73.8769 91.6621 97.1344 87.7998 68.2885 8.8347 30.6426 71.9268 81.8699 96.4071 71.7237 13.4221 320.865 630.1649 630.1649 604.7719 95.4994 292.6661 175.7747 209.3802 268.8704 507.7457 197.9748 470.717 258.2332 122.2489 145.6839 144.3406 259.3157 513.0347;
	2.3723 32.0555 91.2169 110.129 12.7788 1.6767 22.8637 18.3928 27.0618 29.3591 54.2698 80.9598 121.8846 67.3664 201.7288 76.0001 94.2965 99.9261 88.0442 71.563 7.6212 3.9122 71.8594 83.7698 97.0163 73.9152 13.8648 485.924 513.6821 513.6821 449.848 90.396 293.4806 184.2035 211.2027 219.171 456.843 183.6414 469.2818 259.8652 122.0455 18.5999 114.4188 245.7661 461.6018;
	3.4783 46.9995 90.5191 80.039 14.1722 26.1978 16.6913 19.013 21.6632 28.9354 53.4867 79.7916 120.1258 57.477 200.3005 75.4621 93.6288 99.2186 86.9467 70.8609 5.5638 61.1282 70.663 87.7533 100.4945 75.2489 14.0364 515.0952 520.6325 520.6325 419.2697 42.551 289.8224 182.3962 180.1983 222.1365 477.487 149.3289 465.5752 269.1817 121.8072 290.6211 78.7623 255.8373 482.4608;
	3.2218 43.534 90.139 58.3211 14.7515 31.6112 13.692 18.4867 26.1309 27.4754 50.7878 75.7655 114.0645 60.0315 197.0744 74.2466 92.1208 97.6206 80.9655 71.9305 4.564 73.7594 71.8751 86.8252 103.136 74.2845 13.7758 547.4646 556.0477 556.0477 430.688 24.4391 269.885 185.1492 188.2068 237.247 572.4293 112.9327 180.0404 276.2571 120.827 350.6735 107.9897 250.3016 578.3922;
	3.3273 44.9591 90.7481 58.5332 14.3095 31.5081 28.0878 18.5893 26.1032 4.6769 8.6453 12.897 19.4164 63.752 180.4573 67.9862 84.3533 89.3893 64.9749 69.9636 9.3626 73.519 45.4839 87.7817 104.644 73.918 13.4385 631.7915 617.9871 617.9871 405.2936 28.2765 216.5831 180.0864 199.8711 263.6745 782.497 82.5384 400.4878 280.2965 121.735 349.5302 114.2253 244.2163 790.648;
