function loadprofile = ex_load_profilesh1
%EX_LOAD_PROFILE  Example load profile data file for stochastic unit commitment.
% 2022.03.12
% Andres F. Ramirez

%% define constants
[CT_LABEL, CT_PROB, CT_TABLE, CT_TBUS, CT_TGEN, CT_TBRCH, CT_TAREABUS, ...
    CT_TAREAGEN, CT_TAREABRCH, CT_ROW, CT_COL, CT_CHGTYPE, CT_REP, ...
    CT_REL, CT_ADD, CT_NEWVAL, CT_TLOAD, CT_TAREALOAD, CT_LOAD_ALL_PQ, ...
    CT_LOAD_FIX_PQ, CT_LOAD_DIS_PQ, CT_LOAD_ALL_P, CT_LOAD_FIX_P, ...
    CT_LOAD_DIS_P, CT_TGENCOST, CT_TAREAGENCOST, CT_MODCOST_F, ...
    CT_MODCOST_X] = idx_ct;

loadprofile = struct( ...
    'type', 'mpcData', ...
    'table', CT_TAREALOAD, ...
    'rows', [1:11], ...
    'col', CT_LOAD_ALL_P, ...
    'chgtype', 1, ...
    'values', [] );
loadprofile.values(:,1,:) = [
	1514.7099 947.3579 1561.6594 570.4959 830.459 1169.95 856.3162 230.3643 537.7 4558.1764 1803.8;
	1458.0801 916.1895 1539.8402 565.5 824.7 1143.3835 834.1025 240.6821 509.7 4431.4272 1720.1488;
	1465.7838 903.9 1532.8 580.9 818.3531 1133.9878 838.2489 243.1797 507.2352 4327.8318 1684.4;
	1485.381 923.2074 1567.0524 599.8483 832.2956 1183.7214 875.6863 232.0307 524.0 4427.3047 1728.0396;
	1518.9533 945.8 1628.4 611.8 871.0622 1242.3822 916.253 264.3183 547.9 4591.844 1822.3442;
	1551.1706 989.4237 1701.7593 616.4573 900.3 1312.0507 977.718 271.0056 580.3004 4678.9847 1886.327;
	1542.5 999.5753 1741.3694 603.4609 924.6 1326.2389 1021.2 274.9126 606.5435 4680.1299 1964.5547;
	1574.4986 1038.6006 1784.3755 610.3765 960.1729 1355.1029 1030.1866 294.1481 635.8 4961.5265 2043.7588;
	1556.4832 1030.1736 1842.5154 598.0 976.8217 1366.7842 1048.1509 316.1336 652.5828 4983.9716 2062.2965;
	1579.1099 1038.7351 1799.2139 587.1835 956.9555 1393.1987 1052.953 319.8897 660.9073 5259.5408 2057.281;
	1549.7552 1068.4678 1795.0873 585.0685 956.3 1425.9235 1082.4939 330.2 665.7232 5390.7356 2126.5869;
	1539.5342 1063.7 1787.7859 584.2149 970.6557 1409.5 1055.9731 322.5 654.79 5324.9449 2053.6589;
	1508.6506 1054.8212 1766.4242 583.003 931.6831 1392.7164 1068.5479 317.7 659.8287 5359.9949 2097.1961;
	1531.974 1055.301 1746.356 592.3814 908.3 1351.4188 1066.3176 309.9717 665.2835 5366.2398 2121.6672;
	1537.9863 1087.1 1790.0578 592.5 890.074 1354.3198 1057.9675 311.9746 656.0777 5370.3256 2120.4331;
	1580.6495 1090.4 1790.8258 599.1 890.5516 1384.9398 1059.6209 306.4297 662.1462 5351.3986 2194.4;
	1623.1 1124.9 1848.1379 603.3 930.5891 1448.3047 1096.1976 325.9725 671.9 5418.2946 2265.8468;
	1676.7955 1161.7429 1897.6586 620.0225 991.346 1440.5089 1116.3736 328.7441 701.2938 5478.9047 2337.8;
	1730.5181 1167.741 1928.1203 621.9714 1026.0775 1462.506 1134.0 336.5364 715.0882 5580.8468 2384.8374;
	1703.4 1115.7267 1836.8749 596.0 961.2 1384.5896 1061.2 311.7295 687.5939 5437.9556 2266.0949;
	1642.7179 1058.3725 1771.3271 579.2 902.8512 1320.2745 994.0845 287.5975 629.6918 5231.9096 2162.5636;
	1579.4347 998.4823 1687.676 548.0102 856.5776 1243.0421 941.8824 259.6768 581.5062 5011.9161 1986.0752;
	1507.4 948.2038 1608.6 566.6083 802.9 1117.3594 884.6118 237.4474 531.4614 4715.3875 1824.0595;
	1482.0239 925.6825 1586.5063 559.3 776.6868 1073.1 863.571 240.5621 513.8214 4497.3894 1734.1397;
];
