function windprofile = ex_wind_profilesh1
%EX_WIND_PROFILE_D  Example wind_load_nyiso profile data for deterministic unit commitment.
% 2022.03.12
% Andres F. Ramirez


%% define constants
[GEN_BUS, PG, QG, QMAX, QMIN, VG, MBASE, GEN_STATUS, PMAX, PMIN, ...
    MU_PMAX, MU_PMIN, MU_QMAX, MU_QMIN, PC1, PC2, QC1MIN, QC1MAX, ...
    QC2MIN, QC2MAX, RAMP_AGC, RAMP_10, RAMP_30, RAMP_Q, APF] = idx_gen;
[CT_LABEL, CT_PROB, CT_TABLE, CT_TBUS, CT_TGEN, CT_TBRCH, CT_TAREABUS, ...
    CT_TAREAGEN, CT_TAREABRCH, CT_ROW, CT_COL, CT_CHGTYPE, CT_REP, ...
    CT_REL, CT_ADD, CT_NEWVAL, CT_TLOAD, CT_TAREALOAD, CT_LOAD_ALL_PQ, ...
    CT_LOAD_FIX_PQ, CT_LOAD_DIS_PQ, CT_LOAD_ALL_P, CT_LOAD_FIX_P, ...
    CT_LOAD_DIS_P, CT_TGENCOST, CT_TAREAGENCOST, CT_MODCOST_F, ...
    CT_MODCOST_X] = idx_ct;

windprofile = struct( ...
    'type', 'mpcData', ...
    'table', CT_TGEN, ...
    'rows', [1:45], ...
    'col', PMAX, ...
    'chgtype', 1, ...
    'values', [] );
windprofile.values(:,1,:) = [
	3.8993 52.6877 83.8557 112.6702 15.2415 35.8106 30.8359 7.4159 28.2368 10.6983 19.7756 29.5013 44.414 42.2318 175.415 66.0866 81.9963 86.8916 86.9403 68.3089 10.2786 83.5581 2.0981 2.3598 33.2439 19.6693 3.919 1279.0678 813.7582 813.7582 676.3259 78.8923 289.801 175.8272 132.4025 347.2035 1308.8385 200.9043 453.097 89.0462 106.3084 397.2589 216.6919 112.9901 1322.4722;
	3.3438 45.1817 76.613 42.0398 15.1879 29.9611 31.2266 7.1054 10.9494 12.194 22.5404 33.6259 50.6236 37.1074 184.7253 69.5942 86.3483 91.5034 89.1351 69.828 10.4089 69.9093 2.6628 24.6055 25.3871 22.8923 4.438 1251.9135 821.7942 821.7942 699.4518 68.2202 297.1171 179.7375 116.3367 350.6322 1298.1046 184.0074 460.9744 68.0012 106.9483 332.3686 215.7551 96.8521 1311.6265;
	3.2334 43.6906 87.3405 43.4873 14.8459 25.9583 32.0126 6.2794 11.3724 12.211 22.5719 33.6728 50.6942 37.2908 189.1443 71.259 88.414 93.6924 89.589 66.7 10.6709 60.5694 3.5167 33.7688 33.0694 28.2646 5.2052 1321.7023 841.6282 841.6282 760.3799 87.7713 298.6301 171.6859 116.9116 359.0947 1350.6546 207.9298 474.2694 88.5788 20.4092 287.9642 214.818 128.7403 1364.7239;
	3.5456 47.9088 83.2906 40.0372 14.4287 15.0726 32.4463 6.1931 13.0069 12.0936 22.3549 33.3491 50.2069 24.1697 187.3489 70.5826 87.5747 92.8031 87.7373 61.5745 10.8154 35.1694 22.3447 30.4488 32.3071 29.4073 4.8095 1310.3874 846.5021 846.5021 782.9548 88.8742 292.4576 158.493 75.7752 361.1742 1336.4852 236.6748 474.0135 86.5369 27.8325 167.2054 212.2514 113.2766 1350.4069;
	3.8811 52.442 82.8685 42.0258 14.8822 24.4417 32.531 6.8903 18.5097 9.8296 18.1698 27.1057 40.8075 30.1271 162.1704 61.0968 75.8053 80.3309 88.9186 60.8951 10.8437 57.0306 0.0 23.9677 35.0128 63.7635 5.3705 1311.8315 849.3462 849.3462 798.327 96.3289 296.3954 156.7441 94.4525 362.3877 1348.1036 237.5791 477.5894 93.7843 32.0996 271.14 214.8182 187.8009 1362.1463;
	3.8967 52.6535 94.3331 115.1416 14.9416 34.4707 32.2151 7.3247 13.8282 10.2066 18.8667 28.1453 42.3727 25.7716 186.2169 70.1561 87.0456 92.2423 91.6835 66.2434 10.7384 80.4316 0.1082 33.3651 53.9682 71.0591 5.3939 1242.65 842.4495 842.4495 781.1812 108.2551 305.6115 170.5107 80.7975 359.4451 1328.6974 253.576 464.2305 144.5578 63.7863 382.3946 213.4361 251.0179 1342.538;
	3.9853 53.8498 93.7057 119.9906 15.0814 34.9298 32.1171 11.5406 12.751 7.5079 13.8781 20.7035 31.169 37.0953 183.0363 68.9579 85.5588 90.6668 83.9766 65.6956 10.7057 81.5028 20.0285 49.4202 98.0714 75.5268 12.0012 1190.0009 854.1546 854.1546 773.9642 114.6488 279.9221 169.1006 116.2987 364.4393 1343.4435 295.2597 459.4582 262.6911 109.4485 387.4877 216.268 279.6971 1357.4377;
	3.9296 53.0981 94.082 118.3171 14.984 35.0197 32.5734 18.6813 13.6558 9.3183 17.2247 25.6959 38.685 62.3819 180.1547 67.8722 84.2118 89.2394 85.7494 54.3242 10.8578 81.7125 23.0812 55.2908 101.9562 74.9177 13.9003 1081.7384 849.6023 849.6023 768.8536 115.2335 285.8312 139.8306 195.5757 362.497 1304.8397 318.3661 475.3703 273.097 119.2723 388.4847 217.7464 282.446 1318.4318;
	3.9055 52.7712 93.5536 115.3412 14.8677 34.5098 32.0176 18.7996 11.6176 11.0421 20.4112 30.4495 45.8416 66.3001 186.6636 70.3244 87.2544 92.4636 48.1741 60.644 10.6725 80.5228 27.3307 86.992 101.1929 75.3907 13.8785 815.8799 841.7911 841.7911 724.8576 113.1445 160.5803 156.0979 207.8598 359.1642 1244.8687 314.2626 472.8764 271.0523 121.4221 382.8286 217.073 272.5034 1257.8361;
	3.8843 52.4861 92.3424 118.5158 15.1019 34.1161 32.0316 18.7714 22.3633 10.4666 19.3473 28.8624 43.4522 65.9133 182.8326 68.8811 85.4636 90.5659 53.8554 54.9257 10.6772 79.6041 24.6425 87.6595 100.0069 75.3152 13.8496 630.2058 839.8862 839.8862 768.9951 111.778 179.5179 141.3789 206.6472 358.3514 1151.3083 286.4436 467.3428 267.8756 121.177 378.4608 216.1319 277.2496 1163.3011;
	3.9107 52.8424 94.2424 119.0907 15.362 34.6485 31.565 18.8826 28.393 16.4849 30.472 45.4583 68.4372 69.5125 196.1699 73.9059 91.698 97.1725 42.0185 66.4345 10.5217 80.8465 3.4054 86.5078 102.2972 75.0717 13.8378 473.8387 815.3005 815.3005 760.9783 101.0116 140.0618 171.0025 217.9312 347.8615 989.7864 276.7044 475.1306 274.0105 123.4924 384.3674 212.7423 277.7305 1000.0967;
	3.3864 45.7577 92.1085 116.9713 14.8707 31.9516 30.4652 18.6677 28.1513 18.4077 34.0264 50.7607 76.42 68.238 193.4541 72.8827 90.4286 95.8273 56.1173 64.9222 10.1551 74.5538 11.8135 82.607 98.1161 75.5733 13.2527 322.2534 786.7542 786.7542 736.9479 105.484 187.0578 167.1099 213.9353 335.6818 804.9431 259.5847 471.4814 262.8109 122.9569 354.4499 192.5557 276.1346 813.3279;
	2.0765 28.0578 92.1288 118.3412 14.5133 20.6902 26.7832 18.8908 28.094 25.9982 48.0573 71.692 107.932 67.9883 192.9069 72.6765 90.1727 95.5562 92.7062 66.3208 8.9277 48.2772 52.6992 84.8628 100.2676 73.0025 13.9837 304.5083 692.2092 692.2092 653.6346 105.904 309.0208 170.71 213.1526 295.3426 672.6033 233.414 445.722 268.5738 123.0369 229.5235 173.1457 283.0903 679.6096;
	2.4003 32.433 88.7339 115.3704 14.6882 12.2691 25.6777 18.735 27.9318 30.0753 55.5937 82.9349 124.858 67.209 201.763 76.013 94.3125 99.9431 91.8078 69.3463 8.5592 28.6278 71.2757 84.9389 98.6886 73.0333 13.9367 303.0449 591.9866 591.9866 579.0022 99.9356 306.0259 178.4974 210.7094 252.5809 497.323 206.1236 465.4092 264.3446 123.5156 136.1049 144.5087 271.4602 502.5034;
	2.2927 30.9793 88.8086 114.5284 13.4154 0.0014 21.4145 18.6553 27.8723 29.156 53.8944 80.3999 121.0416 67.375 203.5686 76.6933 95.1565 100.8375 91.2102 72.3227 7.1382 0.0033 69.1481 86.1952 99.4795 72.8244 13.8701 440.5894 483.6034 483.6034 430.8922 83.6731 304.0341 186.1589 211.2298 206.3375 438.5951 183.2803 461.523 266.4631 123.6144 0.0156 116.1751 261.808 443.1638;
	3.3812 45.687 87.9726 86.243 14.5539 24.4075 16.5883 18.6878 23.5491 29.9156 55.2986 82.4946 124.1951 63.9787 199.5824 75.1915 93.2932 98.8629 89.711 70.1588 5.5294 56.9509 69.5676 86.2631 98.1705 72.8205 13.9449 503.4323 515.0179 515.0179 420.6364 48.3202 299.0366 180.5889 200.5818 219.741 506.1478 168.4586 454.8884 262.9568 121.2793 270.761 85.0576 271.4257 511.4202;
	3.3333 45.0407 89.5515 63.7097 15.0205 31.2436 14.406 18.6856 27.3429 27.8805 51.5367 76.8826 115.7463 67.8655 199.6915 75.2326 93.3441 98.9169 90.5027 69.4622 4.802 72.9017 69.1901 87.196 102.8711 74.1014 14.0071 560.3635 587.7905 587.7905 445.7949 31.6698 301.6756 178.7959 212.7676 250.7906 594.4822 126.1386 180.1949 275.5476 122.3706 346.5957 112.0737 275.1296 600.6747;
	3.7586 50.7864 90.1592 67.4808 15.2188 32.3263 28.8512 18.7709 27.3999 14.4876 26.7801 39.9507 60.1455 69.1001 191.5322 72.1586 89.5302 94.8752 78.6051 72.4656 9.6171 75.428 50.6543 89.379 104.4913 72.8007 13.8835 685.0931 631.7099 631.7099 416.5051 29.1425 262.0169 186.5265 216.6383 269.5296 796.1815 87.5718 405.9054 279.8873 123.5582 358.6061 118.3189 253.7913 804.4751;
