function loadprofile = ex_load_profilesh1
%EX_LOAD_PROFILE  Example load profile data file for stochastic unit commitment.
% 2022.03.12
% Andres F. Ramirez

%% define constants
[CT_LABEL, CT_PROB, CT_TABLE, CT_TBUS, CT_TGEN, CT_TBRCH, CT_TAREABUS, ...
    CT_TAREAGEN, CT_TAREABRCH, CT_ROW, CT_COL, CT_CHGTYPE, CT_REP, ...
    CT_REL, CT_ADD, CT_NEWVAL, CT_TLOAD, CT_TAREALOAD, CT_LOAD_ALL_PQ, ...
    CT_LOAD_FIX_PQ, CT_LOAD_DIS_PQ, CT_LOAD_ALL_P, CT_LOAD_FIX_P, ...
    CT_LOAD_DIS_P, CT_TGENCOST, CT_TAREAGENCOST, CT_MODCOST_F, ...
    CT_MODCOST_X] = idx_ct;

loadprofile = struct( ...
    'type', 'mpcData', ...
    'table', CT_TAREALOAD, ...
    'rows', [1:11], ...
    'col', CT_LOAD_ALL_P, ...
    'chgtype', 1, ...
    'values', [] );
loadprofile.values(:,1,:) = [
	1404.4576 922.6987 1640.314 600.314 829.8008 1227.2 898.0101 264.2683 550.6533 4942.0622 1858.4977;
	1357.8679 909.2 1626.8666 585.2198 807.4 1228.8336 876.0213 234.7402 531.3109 4713.9955 1760.8;
	1380.4892 909.0474 1613.152 580.1379 803.9 1227.0353 889.3207 236.3685 543.0 4689.9941 1764.0;
	1390.642 926.1084 1630.4504 585.0 830.8 1240.4293 889.4904 244.7934 531.1223 4607.1007 1763.4112;
	1408.3973 967.5629 1678.6 590.8321 885.4892 1307.3059 925.2265 258.1744 558.7448 4767.9577 1855.8988;
	1470.7 1021.1 1748.4998 601.0 951.4871 1352.8117 981.2378 274.8572 575.4 4935.952 1947.9131;
	1521.719 1061.3076 1837.841 618.2 1017.1669 1410.6283 1056.3056 321.2311 616.3 5227.5537 2079.8;
	1550.2301 1084.8149 1880.7119 624.1791 1026.2047 1463.6765 1084.2009 323.4782 641.1991 5363.3377 2174.3348;
	1580.9515 1128.5508 1911.3593 630.0312 1031.1151 1527.8763 1133.5878 325.3 667.8 5500.4522 2169.1252;
	1576.0275 1164.6668 1963.1804 631.4555 1055.9414 1568.6766 1193.6258 361.188 689.9933 5886.6732 2244.8413;
	1578.7008 1149.5879 1957.3564 624.8276 1041.5194 1562.2566 1219.5244 350.7789 683.7092 5828.2379 2357.3916;
	1564.49 1118.8 1960.4518 606.6165 1046.4329 1538.0551 1194.7779 346.7426 680.4 5747.7835 2245.4572;
	1510.5127 1088.1 1920.1638 595.3151 984.5049 1493.2399 1167.0254 331.9 684.4249 5723.5534 2267.2;
	1512.5652 1138.6696 1949.9092 589.0543 1034.37 1507.3548 1220.7425 341.404 685.1999 5869.4654 2408.1225;
	1556.4424 1142.8411 1981.3277 588.5639 1012.0623 1464.2913 1195.1279 345.9882 674.9572 5881.7889 2325.7103;
	1587.7748 1198.1777 2068.8038 602.2133 1050.8289 1503.2608 1213.0193 344.018 725.3364 6180.8137 2543.5281;
	1673.1601 1201.2117 2064.1335 608.9247 1053.8 1548.9562 1260.1782 370.1 744.3491 6104.1709 2589.6034;
	1743.4043 1248.8259 2147.804 613.5 1083.4375 1610.1179 1353.4786 401.3 823.5426 6283.0367 2827.9109;
	1752.3797 1239.6032 2116.914 612.1105 1071.4 1586.8497 1266.3868 375.507 805.5788 6161.5665 2662.7976;
	1716.4291 1186.3775 2036.0782 585.4141 1015.1167 1536.7885 1224.8 377.7 784.0819 6222.2578 2617.2723;
	1663.8 1133.0449 1935.3757 558.4212 942.5 1408.2 1122.7373 329.3068 718.3108 5755.8773 2450.2152;
	1576.5926 1037.645 1821.2667 545.5226 856.1 1304.6742 1017.8901 305.1 658.0497 5545.7748 2269.9647;
	1504.6998 955.6 1724.0854 540.6 797.1 1140.6199 927.4899 268.8 576.3524 5237.4975 2096.3602;
	1473.9352 924.0 1696.0082 554.1 782.0 1114.9546 906.5868 263.6452 581.4893 5097.586 2005.9033;
];
