function loadprofile = ex_load_profilesh1
%EX_LOAD_PROFILE  Example load profile data file for stochastic unit commitment.
% 2022.03.12
% Andres F. Ramirez

%% define constants
[CT_LABEL, CT_PROB, CT_TABLE, CT_TBUS, CT_TGEN, CT_TBRCH, CT_TAREABUS, ...
    CT_TAREAGEN, CT_TAREABRCH, CT_ROW, CT_COL, CT_CHGTYPE, CT_REP, ...
    CT_REL, CT_ADD, CT_NEWVAL, CT_TLOAD, CT_TAREALOAD, CT_LOAD_ALL_PQ, ...
    CT_LOAD_FIX_PQ, CT_LOAD_DIS_PQ, CT_LOAD_ALL_P, CT_LOAD_FIX_P, ...
    CT_LOAD_DIS_P, CT_TGENCOST, CT_TAREAGENCOST, CT_MODCOST_F, ...
    CT_MODCOST_X] = idx_ct;

loadprofile = struct( ...
    'type', 'mpcData', ...
    'table', CT_TAREALOAD, ...
    'rows', [1:11], ...
    'col', CT_LOAD_ALL_P, ...
    'chgtype', 1, ...
    'values', [] );
loadprofile.values(:,1,:) = [
	1571.332 950.3315 1677.0668 547.3349 839.9877 1258.4072 893.5966 265.8201 561.2147 4727.2311 1799.7209;
	1533.1901 928.4 1664.5989 553.1955 820.3545 1218.9261 865.8538 261.3 536.2199 4538.5373 1731.7873;
	1534.0846 931.6872 1709.9824 560.8 833.7585 1238.6092 880.6888 262.5 534.5592 4572.7829 1739.4767;
	1565.5127 939.9555 1669.1806 550.4974 846.1012 1239.4992 876.5214 263.8 537.7 4605.3 1769.5122;
	1614.3787 988.1 1788.6794 565.467 905.5642 1296.1733 931.1688 278.5794 570.2215 4707.0366 1887.5079;
	1643.9777 1042.4723 1820.8889 595.5227 917.7188 1348.9295 989.3 292.5498 578.3528 4855.6759 1960.3988;
	1627.4979 1056.6534 1808.6236 591.4021 942.8589 1372.6496 1032.8975 286.3793 605.0493 5047.4872 2004.0471;
	1678.9591 1096.7568 1803.031 601.6913 950.2384 1403.4169 1040.9973 291.8705 628.0622 5164.6883 1974.0346;
	1699.0628 1094.7168 1812.7 593.6951 966.7 1366.0 1063.3053 306.6298 664.5384 5341.587 1982.8178;
	1702.061 1095.0149 1816.7725 586.1798 964.1385 1360.2728 1048.8563 319.0398 668.2295 5360.979 1909.9295;
	1708.9419 1093.7299 1783.5335 577.9644 922.0 1306.4356 1066.2185 312.0597 654.5418 5393.2621 1892.767;
	1688.7 1067.4288 1768.9275 547.6888 879.3259 1217.0622 1037.2486 315.6574 654.1 5393.3994 1867.8881;
	1699.7889 1041.4384 1726.6167 553.0 876.8 1260.1936 1030.8115 312.3207 647.6251 5374.1858 1852.3884;
	1736.0152 1084.7103 1747.1352 566.9 872.1298 1302.5622 1001.3976 323.1 661.2 5289.9326 1597.777;
	1708.5319 1063.7594 1790.7733 565.5703 884.0102 1349.0895 1039.3115 320.1205 653.9 5383.1398 1613.0879;
	1693.868 1071.841 1733.9536 583.5527 883.0175 1249.3064 1019.3162 299.6538 658.9288 5376.372 1727.2844;
	1723.2695 1121.7501 1803.7868 617.2 905.2585 1408.9788 1071.3 330.6977 683.3 5435.7094 2129.8842;
	1753.2772 1153.8795 1867.1274 605.7206 948.6464 1477.3635 1146.1088 338.1956 710.045 5480.0193 2148.709;
	1770.5678 1154.2372 1856.0168 601.7959 950.2575 1445.7632 1109.1026 330.5289 711.2519 5458.0436 2057.2349;
	1691.5704 1101.0096 1769.2816 585.8653 895.9665 1357.7499 1080.1121 321.0185 691.9 5359.4855 2001.3152;
	1629.0 1032.2536 1633.5754 540.7548 817.3631 1245.5038 1007.0862 301.0989 648.2233 5208.2341 1828.4976;
	1600.4 1000.7945 1609.7 521.1 760.2451 1169.9475 933.7149 285.6 594.6638 5019.6007 1790.0184;
	1540.3574 983.2517 1567.689 546.0 742.8644 1090.7 886.2062 270.4 519.3 4712.7471 1724.7806;
	1510.8814 956.1243 1572.2898 548.0 757.0553 1081.4996 842.6563 252.2729 478.7306 4526.7008 1653.4462;
];
