function loadprofile = ex_load_profilesh1
%EX_LOAD_PROFILE  Example load profile data file for stochastic unit commitment.
% 2022.03.12
% Andres F. Ramirez

%% define constants
[CT_LABEL, CT_PROB, CT_TABLE, CT_TBUS, CT_TGEN, CT_TBRCH, CT_TAREABUS, ...
    CT_TAREAGEN, CT_TAREABRCH, CT_ROW, CT_COL, CT_CHGTYPE, CT_REP, ...
    CT_REL, CT_ADD, CT_NEWVAL, CT_TLOAD, CT_TAREALOAD, CT_LOAD_ALL_PQ, ...
    CT_LOAD_FIX_PQ, CT_LOAD_DIS_PQ, CT_LOAD_ALL_P, CT_LOAD_FIX_P, ...
    CT_LOAD_DIS_P, CT_TGENCOST, CT_TAREAGENCOST, CT_MODCOST_F, ...
    CT_MODCOST_X] = idx_ct;

loadprofile = struct( ...
    'type', 'mpcData', ...
    'table', CT_TAREALOAD, ...
    'rows', [1:11], ...
    'col', CT_LOAD_ALL_P, ...
    'chgtype', 1, ...
    'values', [] );
loadprofile.values(:,1,:) = [
	1396.8575 942.3771 1615.2898 602.5227 843.0973 1229.6095 896.5966 259.8 598.381 4700.8 1855.423;
	1357.365 916.7875 1585.194 587.2034 822.9558 1218.3 881.0211 245.6103 579.9459 4532.1121 1795.9531;
	1389.4732 916.5 1602.4705 596.0726 832.0 1209.3 881.2921 247.4318 547.3 4473.7 1771.0953;
	1451.7288 952.113 1647.4692 598.1216 847.0717 1246.4841 917.0865 260.0 576.7 4647.3444 1839.9848;
	1481.7 994.3156 1694.5 613.1342 902.5952 1307.2 953.2 276.534 599.3234 4700.0435 1890.4944;
	1529.1656 1050.4944 1774.8489 623.0 984.9869 1380.2988 1018.4777 299.7003 642.89 4935.1658 1977.1307;
	1564.7 1042.9207 1759.174 617.9 996.2871 1409.9215 1050.9746 297.6954 641.0752 5124.7705 2050.0336;
	1594.2325 1049.9372 1793.1821 609.5735 971.5988 1406.2442 1095.7821 304.3243 662.9403 5261.6802 2177.424;
	1582.5773 1070.6163 1826.3591 620.1 995.2549 1387.2487 1158.8827 327.3 714.9136 5446.9615 2198.7;
	1603.8563 1091.1372 1825.6334 630.7383 981.4589 1358.9496 1147.5241 322.7668 706.7845 5420.6424 2152.6285;
	1601.8941 1114.6 1812.3063 628.9117 966.005 1371.265 1158.0124 328.7177 723.414 5471.9781 2208.4439;
	1596.5166 1113.31 1781.8 609.5343 894.6311 1289.2403 1138.8939 316.4562 712.0101 5479.6294 2166.5852;
	1616.0863 1105.7514 1802.4 611.7419 914.091 1284.5337 1120.7283 315.4514 691.6027 5500.6425 2097.7637;
	1578.97 1111.0045 1803.0837 614.1555 904.0037 1238.5684 1070.3474 304.907 666.4 5415.1984 2060.4;
	1614.2425 1130.4255 1842.0691 609.6741 919.2709 1309.1008 1101.1912 312.3056 693.4254 5417.8819 2123.9735;
	1669.5824 1158.1576 1876.6 633.4768 929.615 1306.3715 1109.9 320.5239 684.2838 5454.1719 2206.6142;
	1703.0054 1177.0683 1853.5029 632.121 968.4004 1390.1547 1130.5734 350.194 711.021 5548.1741 2237.864;
	1743.8464 1226.3401 1936.9084 639.3457 1000.9068 1481.0237 1188.1632 364.5329 765.9786 5683.3286 2373.6728;
	1763.7011 1207.5821 1938.0234 652.422 1009.9938 1471.4001 1198.4784 367.4864 749.4849 5712.9938 2392.1195;
	1710.7 1132.0739 1839.5544 610.1 941.7012 1386.663 1115.9 354.0654 718.5932 5596.9 2307.7047;
	1637.1855 1060.4 1726.152 594.491 867.2569 1282.9108 1023.5 329.0542 671.1 5408.6669 2133.1533;
	1614.4969 1008.7 1664.8564 553.7 842.4174 1234.6113 986.454 308.3 638.7888 5351.7659 2013.5964;
	1535.8209 979.3575 1686.2916 561.6076 834.9664 1149.4972 889.9214 278.2 564.3872 4745.7224 1755.1701;
	1533.461 920.1733 1617.1938 562.2 822.7452 1131.6968 858.6125 263.3194 538.905 4516.4117 1662.3751;
];
