function loadprofile = ex_load_profilesh1
%EX_LOAD_PROFILE  Example load profile data file for stochastic unit commitment.
% 2022.03.12
% Andres F. Ramirez

%% define constants
[CT_LABEL, CT_PROB, CT_TABLE, CT_TBUS, CT_TGEN, CT_TBRCH, CT_TAREABUS, ...
    CT_TAREAGEN, CT_TAREABRCH, CT_ROW, CT_COL, CT_CHGTYPE, CT_REP, ...
    CT_REL, CT_ADD, CT_NEWVAL, CT_TLOAD, CT_TAREALOAD, CT_LOAD_ALL_PQ, ...
    CT_LOAD_FIX_PQ, CT_LOAD_DIS_PQ, CT_LOAD_ALL_P, CT_LOAD_FIX_P, ...
    CT_LOAD_DIS_P, CT_TGENCOST, CT_TAREAGENCOST, CT_MODCOST_F, ...
    CT_MODCOST_X] = idx_ct;

loadprofile = struct( ...
    'type', 'mpcData', ...
    'table', CT_TAREALOAD, ...
    'rows', [1:11], ...
    'col', CT_LOAD_ALL_P, ...
    'chgtype', 1, ...
    'values', [] );
loadprofile.values(:,1,:) = [
	1455.6718 940.658 1583.4443 537.2611 823.3 1252.628 940.7244 286.5 592.334 5090.669 1909.6596;
	1431.2142 910.8 1542.451 532.2492 788.5968 1220.4916 903.3 270.073 573.0174 4890.1334 1847.1043;
	1427.5922 926.2 1528.4289 535.1295 800.2407 1223.7101 894.7 264.8416 564.7231 4783.4248 1808.0678;
	1446.2791 938.1907 1562.247 537.6137 800.7343 1240.5331 908.3047 271.1255 564.4933 4746.4706 1846.6399;
	1499.9183 988.1269 1620.623 543.6115 863.6 1305.0554 943.746 301.8 584.845 4875.995 1953.3731;
	1509.0728 1010.9183 1633.419 559.5442 880.8289 1329.4647 981.2068 311.3293 609.0 4917.7994 1965.0509;
	1547.1 1027.3847 1708.1774 584.9543 922.0892 1385.1806 1017.8216 329.8 637.2 5101.4584 1992.9928;
	1617.7169 1065.6 1726.7044 580.7559 950.2315 1423.0037 1074.3795 333.4 676.0512 5222.4578 2041.9312;
	1609.8677 1070.9686 1744.5398 587.7411 977.0416 1401.7828 1067.1757 319.2317 685.4534 5354.1763 2021.8027;
	1594.9014 1083.4563 1765.5483 596.1385 982.8628 1379.0 1085.8038 325.8433 682.1 5491.3927 2043.3525;
	1559.6692 1083.3 1745.2411 583.217 999.5736 1390.7 1049.1 321.9711 686.8027 5353.8965 1964.6039;
	1538.754 1065.8425 1711.1233 569.9822 961.3249 1342.5161 1042.1762 293.914 684.8699 5408.8849 2020.9207;
	1547.26 1067.2478 1712.5141 565.1 959.2765 1368.3709 1053.7194 280.5959 672.4455 5399.5349 2024.3599;
	1587.588 1108.8 1731.0828 546.0118 959.1265 1366.8182 1080.161 303.3977 692.8761 5497.306 2121.3063;
	1629.0903 1124.5967 1795.7808 534.1049 978.0422 1419.1989 1093.8879 307.4656 669.9603 5550.7834 2159.1119;
	1667.0421 1145.4152 1811.0489 552.0 989.2913 1413.9 1100.6377 288.7 665.6777 5400.8148 2158.324;
	1668.9 1154.4803 1839.4 555.2805 1018.5861 1452.9527 1107.4067 330.5606 691.8649 5476.8285 2234.0;
	1707.8752 1189.0498 1892.4586 569.9308 1078.7076 1507.0935 1152.4076 356.7852 736.1281 5629.569 2371.9367;
	1784.4539 1196.3748 1902.306 570.772 1062.4427 1494.2339 1156.0972 361.2 733.2777 5611.6772 2347.5324;
	1717.5808 1135.1706 1806.2379 520.89 1013.4981 1419.3 1124.6724 354.3996 722.5002 5543.5641 2296.4842;
	1694.205 1081.5 1743.1102 526.6056 932.7508 1336.0523 1019.6198 315.027 641.1543 5219.7791 2078.1762;
	1594.6396 1025.2456 1642.8738 504.9 866.3629 1244.268 953.2818 275.5961 586.4029 4914.0762 1814.9287;
	1508.1039 952.9899 1557.0407 510.9864 818.1133 1075.636 861.357 263.7 505.6419 4596.0326 1541.3866;
	1479.1331 927.7 1520.8 527.1 810.0954 1038.1295 822.2347 246.0652 496.4 4446.3209 1515.7112;
];
