function windprofile = ex_wind_profilesh1
%EX_WIND_PROFILE_D  Example wind_load_nyiso profile data for deterministic unit commitment.
% 2022.03.12
% Andres F. Ramirez


%% define constants
[GEN_BUS, PG, QG, QMAX, QMIN, VG, MBASE, GEN_STATUS, PMAX, PMIN, ...
    MU_PMAX, MU_PMIN, MU_QMAX, MU_QMIN, PC1, PC2, QC1MIN, QC1MAX, ...
    QC2MIN, QC2MAX, RAMP_AGC, RAMP_10, RAMP_30, RAMP_Q, APF] = idx_gen;
[CT_LABEL, CT_PROB, CT_TABLE, CT_TBUS, CT_TGEN, CT_TBRCH, CT_TAREABUS, ...
    CT_TAREAGEN, CT_TAREABRCH, CT_ROW, CT_COL, CT_CHGTYPE, CT_REP, ...
    CT_REL, CT_ADD, CT_NEWVAL, CT_TLOAD, CT_TAREALOAD, CT_LOAD_ALL_PQ, ...
    CT_LOAD_FIX_PQ, CT_LOAD_DIS_PQ, CT_LOAD_ALL_P, CT_LOAD_FIX_P, ...
    CT_LOAD_DIS_P, CT_TGENCOST, CT_TAREAGENCOST, CT_MODCOST_F, ...
    CT_MODCOST_X] = idx_ct;

windprofile = struct( ...
    'type', 'mpcData', ...
    'table', CT_TGEN, ...
    'rows', [1:45], ...
    'col', PMAX, ...
    'chgtype', 1, ...
    'values', [] );
windprofile.values(:,1,:) = [
	3.819 51.6025 87.2237 119.5685 14.6046 36.0387 31.5516 8.3491 26.2265 10.8561 20.0673 29.9365 45.0692 37.4959 177.2484 66.7773 82.8533 87.7998 86.8097 68.9732 10.5172 84.0902 22.683 41.8086 52.7355 28.9278 5.2276 1164.6261 778.9841 778.9841 660.189 85.7563 289.3656 177.5372 117.5548 332.3666 1209.9372 214.8211 443.5238 141.2559 115.4082 399.7889 208.7041 122.1452 1222.5407;
	3.3191 44.8479 80.8089 48.9922 14.5805 31.3589 30.6929 8.3353 8.9873 11.3706 21.0185 31.3554 47.2054 39.7739 177.2488 66.7775 82.8535 87.8 91.0959 69.6945 10.231 73.1707 3.6097 39.7654 48.9492 30.597 6.0041 1192.4613 793.7867 793.7867 713.2418 78.0534 303.6531 179.3939 124.6966 338.6823 1249.8749 210.157 450.757 131.1139 117.0668 347.8744 212.5309 107.9373 1262.8945;
	3.1727 42.8706 89.6004 50.47 14.5068 26.5814 31.0301 6.9681 8.9542 11.946 22.0819 32.9419 49.5939 39.4227 183.8169 69.252 85.9237 91.0535 85.5302 63.192 10.3434 62.0232 25.0017 40.3475 42.9793 30.1462 6.2915 1231.356 804.5479 804.5479 753.4751 89.5543 285.1008 162.6563 123.5955 343.2738 1287.4731 214.6494 441.3289 115.1232 34.3359 294.8762 216.7777 138.6317 1300.8842;
	3.5453 47.9051 88.601 54.407 14.2309 16.4196 31.9256 7.8857 11.0138 11.9459 22.0818 32.9417 49.5935 28.5339 192.3002 72.448 89.8892 95.2557 86.7385 67.6478 10.6419 38.3125 26.0086 39.5792 43.3072 30.63 5.4749 1255.0404 822.8524 822.8524 778.6761 97.8752 289.1285 174.1257 89.4576 351.0837 1291.917 235.4283 468.5265 116.0014 41.8845 182.1486 217.913 116.4422 1305.3744;
	3.7292 50.3895 82.5075 43.2864 14.2384 24.5492 31.6363 7.2828 10.6472 11.0258 20.381 30.4044 45.7736 32.8956 171.0353 64.4366 79.9491 84.7221 87.5609 66.2635 10.5454 57.2816 0.0 28.1156 40.751 59.2242 5.3261 1218.5436 825.6329 825.6329 772.1187 93.2544 291.8695 170.5624 103.1321 352.2701 1276.2041 227.9583 465.3212 109.1545 41.6802 272.3329 216.277 182.6381 1289.4979;
	3.7141 50.1853 91.7572 111.2416 11.5072 33.6175 30.8397 6.9187 8.8705 11.3142 20.9141 31.1998 46.9711 28.0844 178.2649 67.1603 83.3285 88.3033 88.082 65.526 10.2799 78.4409 0.0 29.1864 53.8988 63.929 4.5299 1173.2223 778.862 778.862 735.9454 103.5467 293.6068 168.664 88.0485 332.3144 1176.314 222.4932 445.6907 144.3719 72.9405 372.9304 205.61 237.536 1188.5673;
	3.8498 52.0194 89.6047 116.05 13.4642 34.5795 31.0418 9.9098 10.0848 12.0355 22.2474 33.1887 49.9654 39.7675 188.4281 70.9892 88.0792 93.3377 84.2412 68.087 10.3473 80.6855 18.6669 49.1451 99.4245 73.0186 10.1861 1133.7232 788.6316 788.6316 759.1502 109.7424 280.804 175.2561 124.6766 336.4828 1212.3391 274.3902 443.9623 266.3156 108.2285 383.6017 207.1616 270.3286 1224.9676;
	3.8461 51.969 89.6208 115.577 14.1612 33.6699 30.6721 18.133 9.5275 11.6446 21.5248 32.1107 48.3426 67.5112 194.3693 73.2275 90.8563 96.2806 85.0691 58.692 10.224 78.5631 23.0016 57.0131 103.8625 73.3167 13.3556 1114.7771 808.794 808.794 767.1531 116.8734 283.5636 151.0733 211.6569 345.0854 1211.3655 310.5484 456.5764 278.2032 118.5955 373.5115 209.1149 273.9572 1223.9839;
	3.8395 51.8806 92.2636 114.1904 14.5794 34.6982 30.549 18.291 8.8212 14.1841 26.2191 39.1138 58.8856 68.3298 197.2465 74.3115 92.2013 97.7058 54.0129 65.3832 10.183 80.9626 29.7602 87.2272 103.8765 74.1789 13.434 820.8971 834.8587 834.8587 773.5291 115.2643 180.0431 168.2964 214.2233 356.2064 1191.9297 309.45 455.1989 278.2407 118.5793 384.9192 216.2943 274.9322 1204.3456;
	3.915 52.9007 92.2029 115.758 14.8106 34.9214 31.2119 18.3473 17.9121 13.8708 25.64 38.2498 57.5849 67.7468 192.5637 72.5472 90.0123 95.3862 60.5272 59.5772 10.404 81.4833 30.768 88.8966 103.1653 74.9876 13.4616 654.0102 839.8147 839.8147 777.4056 109.504 201.7573 153.3518 212.3954 358.3209 1098.6532 273.1876 458.3067 276.3356 116.0844 387.3947 215.0766 281.8648 1110.0975;
	3.8376 51.8545 88.9211 111.905 14.3597 33.9013 31.6266 17.5254 26.0371 19.2669 35.6145 53.1299 79.9867 69.6088 194.5635 73.3007 90.9471 96.3768 41.4591 66.16 10.5422 79.1031 30.2984 82.8137 98.2042 71.771 13.1476 457.9506 812.2888 812.2888 769.3954 100.6641 138.197 170.296 218.2329 346.5766 923.7728 257.7777 450.8586 263.0469 116.475 376.0789 205.0738 268.2837 933.3954;
	3.5122 47.4571 93.3886 117.9374 14.7265 32.0644 29.6131 18.7742 26.2435 20.6117 38.1004 56.8383 85.5698 68.3302 192.1212 72.3805 89.8055 95.167 55.7195 65.1316 9.871 74.8168 34.2988 88.1867 103.2421 76.55 13.5249 321.5224 800.8119 800.8119 733.4621 106.5625 185.7317 167.649 214.2245 341.6798 794.4962 252.4212 445.0442 276.5414 116.8852 355.7006 199.9391 279.9186 802.7722;
	2.2275 30.0979 91.965 117.0608 14.4781 19.9232 26.0195 19.1227 26.2649 27.9708 51.7036 77.1315 116.1211 67.565 187.4507 70.621 87.6223 92.8535 92.6181 62.7526 8.6732 46.4875 58.3676 87.7152 105.4044 76.5862 14.1517 279.8044 726.6012 726.6012 678.0383 107.7991 308.7271 161.5253 211.8253 310.0165 652.5503 225.3021 436.1218 282.3332 120.6667 221.0149 181.5689 285.0331 659.3477;
	2.4359 32.9143 90.7873 111.9147 14.6418 12.6898 25.9904 18.9894 27.2893 30.742 56.8261 84.7734 127.6259 67.8883 199.6406 75.2134 93.3204 98.8917 92.4556 72.7388 8.6635 29.6096 74.0093 84.943 103.3093 76.364 14.1299 307.58 651.318 651.318 651.7634 109.1052 308.1854 187.23 212.839 277.8957 514.9927 212.8246 440.2435 276.7213 121.7675 140.7724 150.2391 281.3515 520.3572;
	2.375 32.0908 88.7644 109.9625 12.6853 4.4044 22.3699 18.3814 27.0067 29.9887 55.4336 82.696 124.4983 65.6019 203.7568 76.7642 95.2445 100.9307 92.6347 73.5201 7.4566 10.2768 72.9741 83.8541 98.8861 74.7276 13.8626 475.3885 534.0998 534.0998 479.8146 94.2106 308.7824 189.2408 205.6709 227.8826 465.9806 190.3048 441.3004 264.8735 119.6284 48.859 128.4706 262.7983 470.8345;
	3.444 46.5357 86.9673 80.2521 14.3019 27.0506 16.8759 18.5167 23.6755 29.9847 55.4262 82.685 124.4818 54.7418 201.6327 75.9639 94.2516 99.8785 91.619 72.6749 5.6253 63.1182 72.2958 85.8805 99.3262 76.1439 13.8638 487.4006 546.312 546.312 430.9803 52.9758 305.3966 187.0653 171.6229 233.0931 493.1354 164.5461 441.7928 266.0523 121.6208 300.0817 89.8892 268.7882 498.2722;
	3.2911 44.4701 89.6299 60.3954 14.5425 32.5005 14.7422 18.5919 27.3014 29.1896 53.9566 80.4927 121.1813 62.4183 200.3875 75.4948 93.6695 99.2617 92.3135 71.0237 4.9141 75.8345 73.5422 87.5895 105.52 76.3415 13.9367 561.2259 599.1063 599.1063 460.1359 32.8784 307.7117 182.8152 195.6897 255.6187 591.0915 125.3978 176.3039 282.643 122.0995 360.5389 115.934 265.0091 597.2487;
	3.8291 51.7391 92.0102 61.4641 14.7716 33.4843 30.6579 18.781 27.3839 14.6553 27.09 40.413 60.8415 62.6576 191.9253 72.3067 89.7139 95.07 82.1573 72.4166 10.2193 78.1301 51.4642 88.863 106.1611 75.781 13.8152 690.3097 636.2223 636.2223 424.2624 31.6595 273.8576 186.4005 196.4402 271.4549 799.5066 85.6165 427.0249 284.3601 123.4566 371.4529 128.6687 265.128 807.8348;
