function loadprofile = ex_load_profilesh1
%EX_LOAD_PROFILE  Example load profile data file for stochastic unit commitment.
% 2022.03.12
% Andres F. Ramirez

%% define constants
[CT_LABEL, CT_PROB, CT_TABLE, CT_TBUS, CT_TGEN, CT_TBRCH, CT_TAREABUS, ...
    CT_TAREAGEN, CT_TAREABRCH, CT_ROW, CT_COL, CT_CHGTYPE, CT_REP, ...
    CT_REL, CT_ADD, CT_NEWVAL, CT_TLOAD, CT_TAREALOAD, CT_LOAD_ALL_PQ, ...
    CT_LOAD_FIX_PQ, CT_LOAD_DIS_PQ, CT_LOAD_ALL_P, CT_LOAD_FIX_P, ...
    CT_LOAD_DIS_P, CT_TGENCOST, CT_TAREAGENCOST, CT_MODCOST_F, ...
    CT_MODCOST_X] = idx_ct;

loadprofile = struct( ...
    'type', 'mpcData', ...
    'table', CT_TAREALOAD, ...
    'rows', [1:11], ...
    'col', CT_LOAD_ALL_P, ...
    'chgtype', 1, ...
    'values', [] );
loadprofile.values(:,1,:) = [
	1529.7705 938.9398 1586.8496 576.3 763.1654 1282.8122 949.4939 268.6788 521.7969 4777.482 1855.5;
	1473.8063 898.8 1556.9484 570.3 762.5779 1255.4538 907.0938 264.9 494.408 4576.8449 1752.1;
	1498.8293 907.4873 1534.8909 573.8 737.9514 1248.1681 903.2133 261.5 505.2098 4504.1706 1740.7042;
	1539.4088 949.4002 1587.0127 591.7666 790.8 1285.6174 927.0746 272.0 518.0802 4584.0256 1794.9002;
	1551.303 979.4294 1650.6323 605.0301 855.7212 1301.0033 966.6664 299.1 556.2081 4708.2837 1907.721;
	1619.1587 1015.4053 1686.4617 605.8496 888.1435 1346.8707 1037.9501 301.0003 589.7353 4816.6092 1998.8402;
	1637.1341 1021.9331 1712.6 606.5923 926.5896 1404.2077 1121.384 322.0043 623.5 5017.0483 2066.6073;
	1661.519 1048.5289 1720.798 599.9637 985.2379 1439.0067 1168.1046 336.9528 638.9 5266.4945 2105.7399;
	1720.0827 1053.6536 1743.6069 610.5238 1022.7783 1427.1387 1172.3301 323.7217 641.0691 5227.6855 2073.3663;
	1701.2522 1062.5963 1736.5172 615.1 1009.7 1454.9578 1232.4477 330.5196 661.8 5399.0045 2110.7477;
	1696.2502 1071.7338 1722.8424 621.2017 992.6327 1409.2489 1221.4465 316.7 679.8739 5427.2405 2010.6009;
	1728.0507 1081.4715 1749.8778 602.4243 973.9521 1409.5349 1196.5147 313.0908 662.4844 5377.9863 1929.145;
	1726.0696 1095.6129 1716.9261 574.4583 930.3141 1355.534 1201.3102 306.8601 654.0324 5463.1627 2028.7067;
	1688.0003 1059.7353 1715.8104 581.7957 926.3522 1364.2183 1202.1019 311.3856 644.4351 5523.4057 2086.7;
	1742.415 1082.9894 1751.8861 585.8 960.7983 1412.2509 1192.8819 312.4058 650.3921 5597.4378 2110.5673;
	1738.2213 1090.4583 1799.5367 576.6184 991.8813 1463.3 1222.3039 317.634 677.008 5623.3722 2238.7962;
	1749.7113 1090.906 1848.9978 583.5443 1026.8183 1486.387 1229.4196 325.7155 697.0769 5684.274 2292.7885;
	1757.3705 1129.3 1927.0 596.5701 1039.1297 1519.4728 1216.0752 332.8 728.3984 5678.999 2357.78;
	1877.0161 1155.3383 1908.7483 586.2272 1003.6464 1498.7071 1217.0431 336.2 725.7864 5714.4348 2368.0631;
	1790.1993 1107.6 1812.9139 566.5 956.1254 1418.1833 1148.4854 329.847 705.2993 5607.109 2257.2;
	1694.6431 1048.1633 1721.7483 544.8098 879.6297 1306.7265 1058.4 305.8077 648.1732 5427.0715 2119.5371;
	1608.3769 960.9881 1604.5952 524.0 815.7956 1211.1 975.4246 266.6639 594.1 5110.1967 1915.9834;
	1483.502 898.3 1521.6706 516.8705 740.4066 1110.37 885.8269 241.7652 518.9165 4722.1259 1661.2616;
	1431.6938 905.9579 1504.8425 528.1903 757.0619 1113.7068 879.5115 244.0249 494.5643 4661.7801 1624.9369;
];
