function loadprofile = ex_load_profilesh1
%EX_LOAD_PROFILE  Example load profile data file for stochastic unit commitment.
% 2022.03.12
% Andres F. Ramirez

%% define constants
[CT_LABEL, CT_PROB, CT_TABLE, CT_TBUS, CT_TGEN, CT_TBRCH, CT_TAREABUS, ...
    CT_TAREAGEN, CT_TAREABRCH, CT_ROW, CT_COL, CT_CHGTYPE, CT_REP, ...
    CT_REL, CT_ADD, CT_NEWVAL, CT_TLOAD, CT_TAREALOAD, CT_LOAD_ALL_PQ, ...
    CT_LOAD_FIX_PQ, CT_LOAD_DIS_PQ, CT_LOAD_ALL_P, CT_LOAD_FIX_P, ...
    CT_LOAD_DIS_P, CT_TGENCOST, CT_TAREAGENCOST, CT_MODCOST_F, ...
    CT_MODCOST_X] = idx_ct;

loadprofile = struct( ...
    'type', 'mpcData', ...
    'table', CT_TAREALOAD, ...
    'rows', [1:11], ...
    'col', CT_LOAD_ALL_P, ...
    'chgtype', 1, ...
    'values', [] );
loadprofile.values(:,1,:) = [
	1417.587 928.7444 1613.5716 568.5878 815.4293 1238.3079 917.6 243.1 520.8675 4693.4929 1780.3462;
	1388.0 889.4211 1594.4605 568.5408 801.764 1208.1587 870.2 245.5167 493.5 4401.5586 1695.968;
	1411.026 892.1482 1593.8065 571.3278 780.3834 1212.2121 886.7 250.9778 508.4 4417.9427 1707.4458;
	1432.8766 905.3583 1608.5286 574.5 807.2 1220.7048 894.6934 244.9304 505.6546 4376.6711 1717.5498;
	1485.2458 950.7658 1671.0551 590.543 873.8393 1283.8701 947.4325 254.2909 535.3446 4549.1576 1829.8068;
	1536.3827 1017.5329 1771.7957 607.0 951.8617 1371.5464 1015.6148 290.0 563.8102 4843.9828 1955.1933;
	1583.0494 1043.7164 1833.5 630.2292 963.671 1411.1 1057.1278 319.235 596.6 5082.597 2064.4114;
	1585.6991 1056.2791 1856.8023 621.7574 997.7 1476.5196 1113.8651 334.2614 649.8983 5218.3823 2132.5;
	1603.0529 1058.4 1861.2114 623.8555 963.1614 1511.9454 1145.8129 319.2175 659.0144 5281.0 2117.645;
	1601.2928 1067.0925 1916.1376 627.5583 992.9 1531.7 1160.3173 320.1896 659.4 5422.4816 2165.553;
	1569.7268 1057.4268 1923.9429 619.5 983.2489 1550.5269 1164.1538 329.6444 673.4781 5348.7162 2124.6929;
	1516.9408 1043.2222 1901.5354 608.4 930.6306 1532.6845 1121.2973 324.4933 657.0 5369.8227 2097.2035;
	1510.0272 1037.1 1927.577 605.493 944.557 1516.0637 1073.3021 322.1279 645.497 5287.2341 2034.9079;
	1546.3503 1074.1 1969.3939 590.1 960.1924 1524.6138 1085.4217 309.9 646.4743 5310.246 2081.8099;
	1550.1165 1058.6995 1968.7491 589.2903 970.7978 1504.2785 1079.3452 320.2172 641.0347 5266.5566 2057.9;
	1592.1783 1093.0504 2004.5752 598.5255 992.8393 1519.5878 1121.9 322.2686 635.4848 5290.5722 2182.8663;
	1602.7951 1111.994 1987.1621 614.5464 994.642 1576.7993 1130.5568 335.71 648.7797 5173.5904 2252.9783;
	1599.1766 1130.4 2071.0629 615.4863 1078.7056 1635.1 1178.7335 354.3253 682.608 5178.0583 2337.8;
	1621.1205 1178.7 2059.7481 621.8069 1051.4009 1589.51 1174.0644 366.2326 662.6898 5331.0458 2337.2068;
	1627.3029 1135.4 1992.8271 592.9282 990.6924 1519.4444 1122.6068 361.4 655.7553 5393.8216 2254.6489;
	1549.8582 1048.5 1839.385 555.1748 918.1 1442.1718 1051.4 342.7925 619.1178 5210.7677 2141.6;
	1523.425 1006.8626 1777.9393 535.383 859.8 1352.6 983.7208 337.4674 558.0 5000.6338 1963.308;
	1461.7008 932.4297 1669.1538 532.047 772.7483 1174.2073 862.8765 273.8 450.9413 4491.4677 1657.3136;
	1455.5462 921.2443 1625.8646 536.0 755.5002 1176.4972 835.7934 278.8177 466.3226 4420.1175 1673.2217;
];
