function solarprofile = ex_solar_profilesh1
%EX_WIND_PROFILE_D  Example wind_load_nyiso profile data for deterministic unit commitment.
% 2022.03.12
% Andres F. Ramirez


%% define constants
[GEN_BUS, PG, QG, QMAX, QMIN, VG, MBASE, GEN_STATUS, PMAX, PMIN, ...
    MU_PMAX, MU_PMIN, MU_QMAX, MU_QMIN, PC1, PC2, QC1MIN, QC1MAX, ...
    QC2MIN, QC2MAX, RAMP_AGC, RAMP_10, RAMP_30, RAMP_Q, APF] = idx_gen;
[CT_LABEL, CT_PROB, CT_TABLE, CT_TBUS, CT_TGEN, CT_TBRCH, CT_TAREABUS, ...
    CT_TAREAGEN, CT_TAREABRCH, CT_ROW, CT_COL, CT_CHGTYPE, CT_REP, ...
    CT_REL, CT_ADD, CT_NEWVAL, CT_TLOAD, CT_TAREALOAD, CT_LOAD_ALL_PQ, ...
    CT_LOAD_FIX_PQ, CT_LOAD_DIS_PQ, CT_LOAD_ALL_P, CT_LOAD_FIX_P, ...
    CT_LOAD_DIS_P, CT_TGENCOST, CT_TAREAGENCOST, CT_MODCOST_F, ...
    CT_MODCOST_X] = idx_ct;

solarprofile = struct( ...
    'type', 'mpcData', ...
    'table', CT_TGEN, ...
    'rows', [1:12], ...
    'col', PMAX, ...
    'chgtype', 1, ...
    'values', [] );
solarprofile.values(:,1,:) = [
	0.0 0.0 0.0 0.0 0.0 0.0 0.0 0.0 0.0 0.0 0.0 0.0;
	0.0 0.0 0.0 0.0 0.0 0.0 0.0 0.0 0.0 0.0 0.0 0.0;
	0.0 0.0 0.0 0.0 0.0 0.0 0.0 0.0 0.0 0.0 0.0 0.0;
	0.0 0.0 0.0 0.0 0.0 0.0 0.0 0.0 0.0 0.0 0.0 0.0;
	0.0 0.0 0.0 0.0 0.0 0.0 0.0 0.0 0.0 0.0 0.0 0.0;
	0.0 0.0 0.0 0.0 0.0 0.0 0.0 0.0 0.0 0.0 0.0 0.0;
	0.0 0.1283 0.2116 0.5289 0.8901 0.0 0.0 19.0187 0.0 9.2791 3.8158 16.8046;
	0.9925 0.4238 0.4972 2.2809 2.5287 0.0 0.0 13.0185 14.8313 0.0 0.0 0.0;
	1.8184 0.7206 0.7394 4.3377 3.6671 0.0 0.0 11.1759 35.9598 0.0 3.049 0.0;
	4.1622 2.1682 1.9588 3.9588 4.3347 15.267 1.9084 16.8241 118.4268 7.7084 15.0037 13.9599;
	3.3952 2.4386 2.2564 4.4863 5.1704 22.1576 2.7697 22.9358 116.5152 23.0222 28.8273 41.6934;
	3.2654 2.6652 2.6092 4.7993 5.3327 26.7037 3.338 30.7042 118.0647 33.5576 32.5107 60.773;
	9.0764 5.7281 6.0331 3.5522 3.3391 98.6124 12.3266 50.8197 169.1525 37.5457 20.584 67.9955;
	10.1267 4.4407 4.8448 2.3807 2.3338 81.4768 10.1846 39.658 185.4994 25.9809 11.3231 47.0516;
	7.1213 3.2066 3.5815 1.3251 1.4864 67.1375 8.3922 24.5247 192.2921 18.825 4.1377 34.0923;
	2.7319 2.0392 1.9174 0.4948 0.5878 33.5188 4.1898 8.177 125.4309 19.734 1.961 35.7384;
	0.4275 0.3753 0.2224 0.4577 0.7627 29.6529 3.7066 7.2513 35.3191 21.3731 8.9735 38.7068;
	0.0 0.0 0.0 0.0 0.0 0.0 0.0 0.0 0.0 0.0 0.0 0.0;
	0.0 0.0 0.0 0.0 0.0 0.0 0.0 0.0 0.0 0.0 0.0 0.0;
	0.0 0.0 0.0 0.0 0.0 0.0 0.0 0.0 0.0 0.0 0.0 0.0;
	0.0 0.0 0.0 0.0 0.0 0.0 0.0 0.0 0.0 0.0 0.0 0.0;
	0.0 0.0 0.0 0.0 0.0 0.0 0.0 0.0 0.0 0.0 0.0 0.0;
	0.0 0.0 0.0 0.0 0.0 0.0 0.0 0.0 0.0 0.0 0.0 0.0;
	0.0 0.0 0.0 0.0 0.0 0.0 0.0 0.0 0.0 0.0 0.0 0.0;
];
