function solarprofile = ex_solar_profilesh1
%EX_WIND_PROFILE_D  Example wind_load_nyiso profile data for deterministic unit commitment.
% 2022.03.12
% Andres F. Ramirez


%% define constants
[GEN_BUS, PG, QG, QMAX, QMIN, VG, MBASE, GEN_STATUS, PMAX, PMIN, ...
    MU_PMAX, MU_PMIN, MU_QMAX, MU_QMIN, PC1, PC2, QC1MIN, QC1MAX, ...
    QC2MIN, QC2MAX, RAMP_AGC, RAMP_10, RAMP_30, RAMP_Q, APF] = idx_gen;
[CT_LABEL, CT_PROB, CT_TABLE, CT_TBUS, CT_TGEN, CT_TBRCH, CT_TAREABUS, ...
    CT_TAREAGEN, CT_TAREABRCH, CT_ROW, CT_COL, CT_CHGTYPE, CT_REP, ...
    CT_REL, CT_ADD, CT_NEWVAL, CT_TLOAD, CT_TAREALOAD, CT_LOAD_ALL_PQ, ...
    CT_LOAD_FIX_PQ, CT_LOAD_DIS_PQ, CT_LOAD_ALL_P, CT_LOAD_FIX_P, ...
    CT_LOAD_DIS_P, CT_TGENCOST, CT_TAREAGENCOST, CT_MODCOST_F, ...
    CT_MODCOST_X] = idx_ct;

solarprofile = struct( ...
    'type', 'mpcData', ...
    'table', CT_TGEN, ...
    'rows', [1:12], ...
    'col', PMAX, ...
    'chgtype', 1, ...
    'values', [] );
solarprofile.values(:,1,:) = [
	0.0 0.0 0.0 0.0 0.0 0.0 0.0 0.0 0.0 0.0 0.0 0.0;
	0.0 0.0 0.0 0.0 0.0 0.0 0.0 0.0 0.0 0.0 0.0 0.0;
	0.0 0.0 0.0 0.0 0.0 0.0 0.0 0.0 0.0 0.0 0.0 0.0;
	0.0 0.0 0.0 0.0 0.0 0.0 0.0 0.0 0.0 0.0 0.0 0.0;
	0.0 0.0 0.0 0.0 0.0 0.0 0.0 0.0 0.0 0.0 0.0 0.0;
	0.0 0.0 0.0 0.0 0.0 0.0 0.0 0.0 0.0 0.0 0.0 0.0;
	0.1672 0.0032 0.0 0.4224 3.1144 67.7719 8.4715 2.4348 108.2019 12.9154 5.7343 23.3898;
	0.3191 0.2459 0.1623 0.0287 2.1973 77.5824 9.6978 2.0184 106.6981 20.0223 15.0457 36.2605;
	0.8999 0.7227 0.7345 0.0479 1.328 100.2869 12.5359 2.9681 100.1747 18.7783 27.3247 34.0076;
	5.1216 2.9339 3.2427 0.0 0.9361 172.9572 21.6197 14.4301 154.174 14.7831 35.037 26.7722;
	11.2832 4.8768 5.3213 0.0 0.7252 160.6885 20.0861 20.353 179.4581 21.373 41.1469 38.7066;
	11.8172 4.8763 4.6484 0.1163 1.0589 139.1363 17.392 24.4033 192.1904 32.6792 47.9547 59.1823;
	6.583 4.2633 3.2038 3.0016 3.6076 188.8604 23.6075 47.6025 173.9799 101.0122 123.9104 182.9338;
	3.5443 2.685 2.1964 4.3529 4.7539 130.8882 16.361 41.1386 120.3058 90.9281 117.8258 164.6714;
	2.5614 1.888 1.4777 5.5673 5.3621 71.7817 8.9727 27.8027 61.4916 63.8145 87.7851 115.5685;
	2.0917 1.3459 1.1622 2.2049 3.6342 7.7778 0.9722 6.8819 6.6896 21.9043 47.5189 39.6688;
	0.4268 0.2954 0.1831 0.4086 0.5448 28.4907 3.5613 6.1499 22.1103 16.6246 17.2571 30.1073;
	0.0 0.0 0.0 0.0 0.0 0.0 0.0 0.0 0.0 0.0 0.0 0.0;
	0.0 0.0 0.0 0.0 0.0 0.0 0.0 0.0 0.0 0.0 0.0 0.0;
	0.0 0.0 0.0 0.0 0.0 0.0 0.0 0.0 0.0 0.0 0.0 0.0;
	0.0 0.0 0.0 0.0 0.0 0.0 0.0 0.0 0.0 0.0 0.0 0.0;
	0.0 0.0 0.0 0.0 0.0 0.0 0.0 0.0 0.0 0.0 0.0 0.0;
	0.0 0.0 0.0 0.0 0.0 0.0 0.0 0.0 0.0 0.0 0.0 0.0;
	0.0 0.0 0.0 0.0 0.0 0.0 0.0 0.0 0.0 0.0 0.0 0.0;
];
