function solarprofile = ex_solar_profilesh1
%EX_WIND_PROFILE_D  Example wind_load_nyiso profile data for deterministic unit commitment.
% 2022.03.12
% Andres F. Ramirez


%% define constants
[GEN_BUS, PG, QG, QMAX, QMIN, VG, MBASE, GEN_STATUS, PMAX, PMIN, ...
    MU_PMAX, MU_PMIN, MU_QMAX, MU_QMIN, PC1, PC2, QC1MIN, QC1MAX, ...
    QC2MIN, QC2MAX, RAMP_AGC, RAMP_10, RAMP_30, RAMP_Q, APF] = idx_gen;
[CT_LABEL, CT_PROB, CT_TABLE, CT_TBUS, CT_TGEN, CT_TBRCH, CT_TAREABUS, ...
    CT_TAREAGEN, CT_TAREABRCH, CT_ROW, CT_COL, CT_CHGTYPE, CT_REP, ...
    CT_REL, CT_ADD, CT_NEWVAL, CT_TLOAD, CT_TAREALOAD, CT_LOAD_ALL_PQ, ...
    CT_LOAD_FIX_PQ, CT_LOAD_DIS_PQ, CT_LOAD_ALL_P, CT_LOAD_FIX_P, ...
    CT_LOAD_DIS_P, CT_TGENCOST, CT_TAREAGENCOST, CT_MODCOST_F, ...
    CT_MODCOST_X] = idx_ct;

solarprofile = struct( ...
    'type', 'mpcData', ...
    'table', CT_TGEN, ...
    'rows', [1:12], ...
    'col', PMAX, ...
    'chgtype', 1, ...
    'values', [] );
solarprofile.values(:,1,:) = [
	0.0 0.0 0.0 0.0 0.0 0.0 0.0 0.0 0.0 0.0 0.0 0.0;
	0.0 0.0 0.0 0.0 0.0 0.0 0.0 0.0 0.0 0.0 0.0 0.0;
	0.0 0.0 0.0 0.0 0.0 0.0 0.0 0.0 0.0 0.0 0.0 0.0;
	0.0 0.0 0.0 0.0 0.0 0.0 0.0 0.0 0.0 0.0 0.0 0.0;
	0.0 0.0 0.0 0.0 0.0 0.0 0.0 0.0 0.0 0.0 0.0 0.0;
	0.0 0.0 0.0 0.0 0.0 0.0 0.0 0.0 0.0 0.0 0.0 0.0;
	0.4234 0.5544 0.3503 0.5803 2.0506 32.5808 4.0726 0.9006 62.536 12.5504 3.5233 22.7289;
	0.3856 0.6063 0.5089 1.2051 2.006 32.214 4.0267 0.0 42.4054 32.5602 8.7237 58.9666;
	0.6933 0.8473 0.7794 2.0523 1.9799 43.7865 5.4733 0.0 40.3412 60.6375 21.7198 109.8148;
	2.8598 2.8977 2.7371 3.3489 1.8839 108.7333 13.5917 2.7163 124.5581 47.5658 24.6832 86.1419;
	5.7563 7.6839 8.4565 4.4193 2.5099 137.465 17.1831 5.1203 174.7802 35.3421 13.7541 64.0047;
	4.8417 7.5852 8.1204 4.8037 3.3531 116.1802 14.5225 6.236 169.394 21.1574 7.7628 38.3162;
	1.9333 2.8505 1.6992 3.8127 4.6782 99.6726 12.4591 17.0778 97.6297 13.615 21.4895 24.6569;
	0.9481 1.6557 0.724 2.3612 4.069 52.1046 6.5131 12.2615 62.8341 13.0709 33.6546 23.6715;
	1.0096 1.3325 0.4997 1.2198 2.9358 38.4603 4.8075 8.495 48.3619 12.8912 31.5502 23.3461;
	2.1344 1.8798 1.5496 0.242 0.679 39.5319 4.9415 3.2385 40.9055 13.8609 17.1313 25.1022;
	0.5801 0.5932 0.3883 0.4086 0.5949 32.5392 4.0674 6.4137 24.0098 18.3988 10.0321 33.3203;
	0.0 0.0 0.0 0.0 0.0 0.0 0.0 0.0 0.0 0.0 0.0 0.0;
	0.0 0.0 0.0 0.0 0.0 0.0 0.0 0.0 0.0 0.0 0.0 0.0;
	0.0 0.0 0.0 0.0 0.0 0.0 0.0 0.0 0.0 0.0 0.0 0.0;
	0.0 0.0 0.0 0.0 0.0 0.0 0.0 0.0 0.0 0.0 0.0 0.0;
	0.0 0.0 0.0 0.0 0.0 0.0 0.0 0.0 0.0 0.0 0.0 0.0;
	0.0 0.0 0.0 0.0 0.0 0.0 0.0 0.0 0.0 0.0 0.0 0.0;
	0.0 0.0 0.0 0.0 0.0 0.0 0.0 0.0 0.0 0.0 0.0 0.0;
];
