function solarprofile = ex_solar_profilesh1
%EX_WIND_PROFILE_D  Example wind_load_nyiso profile data for deterministic unit commitment.
% 2022.03.12
% Andres F. Ramirez


%% define constants
[GEN_BUS, PG, QG, QMAX, QMIN, VG, MBASE, GEN_STATUS, PMAX, PMIN, ...
    MU_PMAX, MU_PMIN, MU_QMAX, MU_QMIN, PC1, PC2, QC1MIN, QC1MAX, ...
    QC2MIN, QC2MAX, RAMP_AGC, RAMP_10, RAMP_30, RAMP_Q, APF] = idx_gen;
[CT_LABEL, CT_PROB, CT_TABLE, CT_TBUS, CT_TGEN, CT_TBRCH, CT_TAREABUS, ...
    CT_TAREAGEN, CT_TAREABRCH, CT_ROW, CT_COL, CT_CHGTYPE, CT_REP, ...
    CT_REL, CT_ADD, CT_NEWVAL, CT_TLOAD, CT_TAREALOAD, CT_LOAD_ALL_PQ, ...
    CT_LOAD_FIX_PQ, CT_LOAD_DIS_PQ, CT_LOAD_ALL_P, CT_LOAD_FIX_P, ...
    CT_LOAD_DIS_P, CT_TGENCOST, CT_TAREAGENCOST, CT_MODCOST_F, ...
    CT_MODCOST_X] = idx_ct;

solarprofile = struct( ...
    'type', 'mpcData', ...
    'table', CT_TGEN, ...
    'rows', [1:12], ...
    'col', PMAX, ...
    'chgtype', 1, ...
    'values', [] );
solarprofile.values(:,1,:) = [
	0.0 0.0 0.0 0.0 0.0 0.0 0.0 0.0 0.0 0.0 0.0 0.0;
	0.0 0.0 0.0 0.0 0.0 0.0 0.0 0.0 0.0 0.0 0.0 0.0;
	0.0 0.0 0.0 0.0 0.0 0.0 0.0 0.0 0.0 0.0 0.0 0.0;
	0.0 0.0 0.0 0.0 0.0 0.0 0.0 0.0 0.0 0.0 0.0 0.0;
	0.0 0.0 0.0 0.0 0.0 0.0 0.0 0.0 0.0 0.0 0.0 0.0;
	0.0082 0.0188 0.0175 0.0 0.0 0.0 0.0 0.0 0.0 0.0 0.0 0.0;
	0.8447 0.622 0.2967 0.4369 4.8285 18.1073 2.2634 11.2405 53.835 13.2578 6.2081 24.01;
	2.7351 0.7072 0.5476 1.1636 5.5906 145.5613 18.1952 28.8162 119.2738 32.9991 12.4281 59.7616;
	3.9062 0.875 0.7754 1.8412 6.2815 236.4353 29.5544 36.0925 143.9453 58.0907 16.3746 105.2026;
	2.8569 1.057 0.7313 1.6717 5.2086 182.0042 22.7505 27.9069 159.026 53.8323 14.6225 97.4907;
	2.3698 0.8556 0.5969 1.4126 6.3538 121.896 15.237 21.7932 131.0295 67.3694 31.3149 122.0064;
	1.7489 0.73 0.5227 1.4185 6.4099 87.3219 10.9152 20.8128 112.5442 70.6378 42.99 127.9255;
	2.917 1.4344 0.6784 2.2206 3.7458 56.7373 7.0922 47.0592 90.6209 85.9675 51.6108 155.6876;
	2.3074 1.167 0.4832 1.963 1.9113 25.3545 3.1693 39.9507 58.8148 65.7604 29.2524 119.0925;
	1.3283 0.6957 0.1137 1.5131 0.874 9.5385 1.1923 24.8169 29.7651 44.6378 11.1131 80.8393;
	0.4607 0.3178 0.152 0.5886 0.2116 3.9224 0.4903 6.7671 11.9643 36.1654 5.9653 65.4957;
	0.2415 0.2201 0.1521 0.4271 0.622 35.3684 4.4211 7.6068 24.8171 22.5326 13.4735 40.8067;
	0.0 0.0 0.0 0.0 0.0 0.0 0.0 0.0 0.0 0.0 0.0 0.0;
	0.0 0.0 0.0 0.0 0.0 0.0 0.0 0.0 0.0 0.0 0.0 0.0;
	0.0 0.0 0.0 0.0 0.0 0.0 0.0 0.0 0.0 0.0 0.0 0.0;
	0.0 0.0 0.0 0.0 0.0 0.0 0.0 0.0 0.0 0.0 0.0 0.0;
	0.0 0.0 0.0 0.0 0.0 0.0 0.0 0.0 0.0 0.0 0.0 0.0;
	0.0 0.0 0.0 0.0 0.0 0.0 0.0 0.0 0.0 0.0 0.0 0.0;
	0.0 0.0 0.0 0.0 0.0 0.0 0.0 0.0 0.0 0.0 0.0 0.0;
];
