function solarprofile = ex_solar_profilesh1
%EX_WIND_PROFILE_D  Example wind_load_nyiso profile data for deterministic unit commitment.
% 2022.03.12
% Andres F. Ramirez


%% define constants
[GEN_BUS, PG, QG, QMAX, QMIN, VG, MBASE, GEN_STATUS, PMAX, PMIN, ...
    MU_PMAX, MU_PMIN, MU_QMAX, MU_QMIN, PC1, PC2, QC1MIN, QC1MAX, ...
    QC2MIN, QC2MAX, RAMP_AGC, RAMP_10, RAMP_30, RAMP_Q, APF] = idx_gen;
[CT_LABEL, CT_PROB, CT_TABLE, CT_TBUS, CT_TGEN, CT_TBRCH, CT_TAREABUS, ...
    CT_TAREAGEN, CT_TAREABRCH, CT_ROW, CT_COL, CT_CHGTYPE, CT_REP, ...
    CT_REL, CT_ADD, CT_NEWVAL, CT_TLOAD, CT_TAREALOAD, CT_LOAD_ALL_PQ, ...
    CT_LOAD_FIX_PQ, CT_LOAD_DIS_PQ, CT_LOAD_ALL_P, CT_LOAD_FIX_P, ...
    CT_LOAD_DIS_P, CT_TGENCOST, CT_TAREAGENCOST, CT_MODCOST_F, ...
    CT_MODCOST_X] = idx_ct;

solarprofile = struct( ...
    'type', 'mpcData', ...
    'table', CT_TGEN, ...
    'rows', [1:12], ...
    'col', PMAX, ...
    'chgtype', 1, ...
    'values', [] );
solarprofile.values(:,1,:) = [
	0.0 0.0 0.0 0.0 0.0 0.0 0.0 0.0 0.0 0.0 0.0 0.0;
	0.0 0.0 0.0 0.0 0.0 0.0 0.0 0.0 0.0 0.0 0.0 0.0;
	0.0 0.0 0.0 0.0 0.0 0.0 0.0 0.0 0.0 0.0 0.0 0.0;
	0.0 0.0 0.0 0.0 0.0 0.0 0.0 0.0 0.0 0.0 0.0 0.0;
	0.0 0.0 0.0 0.0 0.0 0.0 0.0 0.0 0.0 0.0 0.0 0.0;
	0.0 0.0 0.0 0.0 0.0 0.0 0.0 0.0 0.0 0.0 0.0 0.0;
	0.2786 0.2584 0.2903 0.4158 0.6763 11.3391 1.4174 1.3349 9.943 13.8405 4.9544 25.0653;
	0.2607 0.3228 0.3173 0.9811 4.2443 12.5787 1.5723 0.0 12.5346 93.0251 23.87 168.4689;
	0.4779 0.3978 0.3396 1.1395 6.9934 19.0247 2.3781 0.0 15.9703 125.4296 46.7329 227.1538;
	2.1054 1.4911 1.1091 0.846 7.3716 43.8477 5.481 0.0 74.1158 61.0894 25.7988 110.6333;
	2.2972 1.8712 1.3355 0.9569 7.0264 41.7866 5.2233 0.7467 89.4099 67.3861 20.0864 122.0367;
	1.8544 1.8563 1.3218 1.569 7.1667 24.7313 3.0914 1.3674 103.1237 73.1599 25.1103 132.493;
	2.0179 2.741 1.5327 4.1161 7.6125 32.7338 4.0917 9.3722 137.8857 162.7135 50.6092 294.6751;
	2.3094 2.5956 1.982 4.3434 6.1293 33.6795 4.2099 9.7567 134.8079 134.0754 44.6184 242.8113;
	2.3642 2.374 1.8281 2.7751 5.0287 43.4004 5.425 10.0199 133.6802 90.1852 30.2485 163.326;
	2.7498 3.2064 2.0823 0.8412 2.0999 77.3377 9.6672 6.9807 89.3112 51.1431 16.4811 92.6205;
	0.3019 0.3111 0.1828 0.4566 1.2475 35.021 4.3776 7.7372 30.9999 36.6045 15.9198 66.2909;
	0.0 0.0 0.0 0.0 0.0 0.0 0.0 0.0 0.0 0.0 0.0 0.0;
	0.0 0.0 0.0 0.0 0.0 0.0 0.0 0.0 0.0 0.0 0.0 0.0;
	0.0 0.0 0.0 0.0 0.0 0.0 0.0 0.0 0.0 0.0 0.0 0.0;
	0.0 0.0 0.0 0.0 0.0 0.0 0.0 0.0 0.0 0.0 0.0 0.0;
	0.0 0.0 0.0 0.0 0.0 0.0 0.0 0.0 0.0 0.0 0.0 0.0;
	0.0 0.0 0.0 0.0 0.0 0.0 0.0 0.0 0.0 0.0 0.0 0.0;
	0.0 0.0 0.0 0.0 0.0 0.0 0.0 0.0 0.0 0.0 0.0 0.0;
];
