function windprofile = ex_wind_profilesh1
%EX_WIND_PROFILE_D  Example wind_load_nyiso profile data for deterministic unit commitment.
% 2022.03.12
% Andres F. Ramirez


%% define constants
[GEN_BUS, PG, QG, QMAX, QMIN, VG, MBASE, GEN_STATUS, PMAX, PMIN, ...
    MU_PMAX, MU_PMIN, MU_QMAX, MU_QMIN, PC1, PC2, QC1MIN, QC1MAX, ...
    QC2MIN, QC2MAX, RAMP_AGC, RAMP_10, RAMP_30, RAMP_Q, APF] = idx_gen;
[CT_LABEL, CT_PROB, CT_TABLE, CT_TBUS, CT_TGEN, CT_TBRCH, CT_TAREABUS, ...
    CT_TAREAGEN, CT_TAREABRCH, CT_ROW, CT_COL, CT_CHGTYPE, CT_REP, ...
    CT_REL, CT_ADD, CT_NEWVAL, CT_TLOAD, CT_TAREALOAD, CT_LOAD_ALL_PQ, ...
    CT_LOAD_FIX_PQ, CT_LOAD_DIS_PQ, CT_LOAD_ALL_P, CT_LOAD_FIX_P, ...
    CT_LOAD_DIS_P, CT_TGENCOST, CT_TAREAGENCOST, CT_MODCOST_F, ...
    CT_MODCOST_X] = idx_ct;

windprofile = struct( ...
    'type', 'mpcData', ...
    'table', CT_TGEN, ...
    'rows', [1:45], ...
    'col', PMAX, ...
    'chgtype', 1, ...
    'values', [] );
windprofile.values(:,1,:) = [
	3.9357 53.1803 85.7232 115.563 15.1624 34.9069 31.0982 8.0059 27.9228 11.4732 21.208 31.6381 47.631 37.924 179.245 67.5295 83.7866 88.7888 84.4272 69.3517 10.3661 81.4494 24.5098 42.8091 48.1137 29.764 5.3314 1283.2748 810.138 810.138 697.6921 89.3511 281.424 178.5115 118.8968 345.6589 1312.1211 216.7364 448.7753 128.876 115.7248 387.2338 205.2169 127.559 1325.7891;
	3.3678 45.5069 79.9776 45.0705 14.9808 27.6499 31.1589 8.9283 10.653 12.2793 22.6981 33.8611 50.9777 40.0438 187.2665 70.5516 87.5362 92.7622 89.2795 71.7436 10.3863 64.5165 25.3339 43.7116 44.9336 32.5777 6.1485 1275.8703 828.1572 828.1572 748.5288 81.3387 297.5983 184.6682 125.5429 353.3471 1330.7056 203.0488 472.5655 120.358 119.9286 306.7296 206.7304 114.9343 1344.5671;
	3.2771 44.2814 91.8533 47.8274 15.2427 22.7289 30.9848 7.7848 9.5532 12.8642 23.7792 35.4739 53.4058 36.123 185.8793 70.029 86.8878 92.0751 84.3665 67.063 10.3283 53.034 26.856 48.5967 45.2979 31.865 6.7523 1284.484 829.9545 829.9545 756.7051 95.0464 281.2217 172.6204 113.2506 354.1139 1313.1151 199.8502 446.0635 121.3336 36.6799 252.139 205.5313 151.825 1326.7934;
	3.4471 46.5785 82.5323 36.6439 14.623 4.1517 31.6829 7.4414 11.042 11.1685 20.6449 30.7981 46.3663 24.0112 187.4084 70.605 87.6025 92.8325 83.2986 65.3686 10.561 9.6872 17.406 41.1106 35.4134 32.0405 5.5488 1257.9986 843.2395 843.2395 791.852 99.7468 277.662 168.259 75.2785 359.7822 1309.14 218.299 450.2592 94.8574 36.5613 46.0559 202.0985 129.2058 1322.7769;
	3.8016 51.3681 84.488 41.0379 15.0523 19.4166 30.7307 7.7628 8.2145 8.1578 15.0795 22.4957 33.8671 29.6547 168.4039 63.4452 78.719 83.4187 84.015 67.6099 10.2436 45.3054 0.0 36.3324 42.034 66.6699 5.8327 1236.9559 838.4228 838.4228 800.4481 110.01 280.05 174.0279 92.9714 357.7271 1307.6246 234.3882 439.3426 112.5911 37.7831 215.3949 201.7937 224.4518 1321.2456;
	3.8441 51.9417 94.241 113.3718 14.9989 31.8806 31.0586 8.1648 10.0236 10.49 19.3906 28.9269 43.5493 25.0705 186.5315 70.2747 87.1927 92.3982 88.7541 72.1044 10.3529 74.388 0.2933 41.443 60.8939 73.1861 5.7953 1139.7948 817.8435 817.8435 775.6595 114.0408 295.847 185.5968 78.5993 348.9466 1234.1246 226.5927 443.8773 163.1086 75.1391 353.6618 204.1254 270.7397 1246.98;
	3.9628 53.5463 94.5011 119.2383 15.2578 33.6569 31.0991 12.6226 11.0136 11.2496 20.7948 31.0217 46.703 33.6663 197.1852 74.2884 92.1726 97.6755 85.2251 73.7138 10.3664 78.5329 19.0699 63.2746 106.0624 76.3655 11.815 1126.1025 821.985 821.985 773.8288 118.2105 284.0837 189.7396 105.5484 350.7136 1281.3772 277.8327 438.2179 284.0957 114.5834 373.3677 208.3447 286.8554 1294.7249;
	3.9236 53.0162 95.1675 119.8178 15.3683 33.3125 30.8514 19.0551 10.9156 11.3939 21.0614 31.4195 47.3019 57.9341 193.0496 72.7303 90.2395 95.6269 83.7777 65.6462 10.2838 77.7291 22.5 68.5361 106.6624 76.6516 13.9961 1030.6371 803.7637 803.7637 785.3211 114.6329 279.259 168.9736 181.6312 342.9392 1252.1322 296.4844 444.4865 285.7028 120.2484 369.5462 201.7633 287.3388 1265.1753;
	3.9314 53.1219 94.6119 118.0683 15.4073 34.3408 31.5664 18.479 10.8236 12.9463 23.9311 35.7004 53.7468 63.4254 199.7951 75.2716 93.3926 98.9683 53.9091 70.0823 10.5221 80.1286 27.9273 89.689 106.2723 76.2049 13.6333 791.8722 846.5908 846.5908 804.4474 109.1116 179.6969 180.3919 198.8473 361.2121 1246.3037 315.0332 472.3009 284.6579 121.0038 380.9543 216.1699 287.4989 1259.286;
	3.919 52.9546 94.8577 119.4094 15.3936 33.6927 31.6676 18.3717 22.0664 12.595 23.2817 34.7317 52.2884 65.3094 193.9662 73.0756 90.6679 96.0809 57.0878 62.8201 10.5559 78.6163 25.6159 89.0975 104.594 74.5599 13.2415 581.4163 847.4621 847.4621 801.9033 107.6316 190.2928 161.6991 204.7537 361.5838 1123.942 285.3672 476.5429 280.1624 119.0677 373.7644 211.3942 286.5221 1135.6498;
	3.9176 52.9349 94.2475 116.3243 15.3561 32.8621 31.0545 18.3302 28.2347 18.8577 34.8583 52.0017 78.2882 69.6571 199.0915 75.0066 93.0637 98.6198 44.903 68.4282 10.3515 76.6783 28.7892 87.9231 103.6951 76.0021 13.4657 414.3372 806.3171 806.3171 764.6702 103.1807 149.6767 176.1344 218.3843 344.0286 964.4008 277.8361 461.5117 277.7548 121.2898 364.5504 201.5376 284.4826 974.4466;
	3.5281 47.6724 95.0139 118.757 15.4047 30.8826 29.9687 18.997 28.1968 22.6706 41.9062 62.5158 94.1172 69.3336 190.5023 71.7706 89.0488 94.3651 54.8033 66.1234 9.9896 72.0593 38.4456 89.3571 105.6028 76.5666 13.6686 277.5638 800.4316 800.4316 744.3154 106.2615 182.6776 170.2018 217.3703 341.5175 779.433 255.1055 462.9109 282.8647 122.0315 342.5906 190.0026 286.5748 787.5521;
	2.3794 32.1505 94.8938 115.2347 15.3533 18.6028 26.1121 18.8977 27.9297 29.7034 54.9062 81.9092 123.3139 68.7644 188.3301 70.9523 88.0334 93.2891 91.4684 65.6299 8.704 43.4065 65.8928 87.2986 104.5546 75.0349 13.9944 280.8748 755.4012 755.4012 690.7857 110.4591 304.8948 168.9315 215.5858 322.3045 692.0241 242.3188 433.708 280.057 121.3788 206.367 175.9437 286.8249 699.2327;
	2.2338 30.1837 91.0362 109.9451 15.1999 11.1525 25.212 18.3763 27.2251 31.1738 57.6243 85.9641 129.4185 66.458 187.5643 70.6638 87.6754 92.9098 89.2951 67.54 8.404 26.0225 74.6822 83.8926 101.5524 74.5635 13.7865 270.9646 637.9085 637.9085 612.8373 101.1223 297.6503 173.8482 208.3549 272.1743 509.1095 213.2639 432.6636 272.0152 120.8281 123.7183 131.3672 280.3509 514.4127;
	2.2401 30.2693 89.9222 110.792 13.9944 0.1402 22.0312 18.6591 27.375 30.5335 56.4407 84.1984 126.7603 66.8289 193.7877 73.0084 90.5845 95.9925 87.9635 70.6191 7.3437 0.3272 74.4765 89.0474 102.822 75.1496 14.0346 407.2921 504.2943 504.2943 445.4607 93.4032 293.2117 181.7739 209.5175 215.1655 433.8919 186.877 437.7856 275.416 122.2463 1.5555 116.5782 260.3395 438.4116;
	3.2611 44.0646 89.8096 78.5231 15.0613 24.1805 16.142 18.4457 24.2937 30.5334 56.4405 84.1981 126.7598 58.4183 192.0531 72.3549 89.7737 95.1333 88.3306 71.8864 5.3807 56.4212 75.3821 89.3787 100.7329 74.5658 13.7581 468.2874 533.6973 533.6973 417.6124 52.7883 294.4353 185.0358 183.1494 227.7109 487.6844 161.7884 440.3076 269.8202 122.4899 268.2426 76.1329 267.2165 492.7644;
	3.2587 44.0327 91.0946 61.4331 15.3428 31.7841 13.5534 18.6867 27.6867 28.6974 53.0467 79.1352 119.1376 64.7503 187.6833 70.7086 87.731 92.9687 89.0101 72.4305 4.5178 74.1629 74.5401 89.7658 104.7259 73.8152 13.9218 575.702 626.155 626.155 466.1796 31.6973 296.7002 186.4362 203.0009 267.1595 618.0589 121.8185 160.585 280.5158 122.2586 352.5916 104.2903 272.1828 624.497;
	3.6018 48.6681 89.8272 59.8623 15.201 31.6435 27.3075 18.7158 26.8972 13.9415 25.7706 38.4446 57.8782 66.2135 184.4859 69.504 86.2364 91.3849 73.3834 72.4175 9.1025 73.8347 55.7588 87.5307 102.9054 72.6554 13.893 697.6439 647.5756 647.5756 435.9591 33.6297 244.6115 186.4029 207.5882 276.2989 806.0077 89.3108 381.6626 275.6394 123.638 351.0315 114.6236 258.9782 814.4036;
