function solarprofile = ex_solar_profilesh1
%EX_WIND_PROFILE_D  Example wind_load_nyiso profile data for deterministic unit commitment.
% 2022.03.12
% Andres F. Ramirez


%% define constants
[GEN_BUS, PG, QG, QMAX, QMIN, VG, MBASE, GEN_STATUS, PMAX, PMIN, ...
    MU_PMAX, MU_PMIN, MU_QMAX, MU_QMIN, PC1, PC2, QC1MIN, QC1MAX, ...
    QC2MIN, QC2MAX, RAMP_AGC, RAMP_10, RAMP_30, RAMP_Q, APF] = idx_gen;
[CT_LABEL, CT_PROB, CT_TABLE, CT_TBUS, CT_TGEN, CT_TBRCH, CT_TAREABUS, ...
    CT_TAREAGEN, CT_TAREABRCH, CT_ROW, CT_COL, CT_CHGTYPE, CT_REP, ...
    CT_REL, CT_ADD, CT_NEWVAL, CT_TLOAD, CT_TAREALOAD, CT_LOAD_ALL_PQ, ...
    CT_LOAD_FIX_PQ, CT_LOAD_DIS_PQ, CT_LOAD_ALL_P, CT_LOAD_FIX_P, ...
    CT_LOAD_DIS_P, CT_TGENCOST, CT_TAREAGENCOST, CT_MODCOST_F, ...
    CT_MODCOST_X] = idx_ct;

solarprofile = struct( ...
    'type', 'mpcData', ...
    'table', CT_TGEN, ...
    'rows', [1:12], ...
    'col', PMAX, ...
    'chgtype', 1, ...
    'values', [] );
solarprofile.values(:,1,:) = [
	0.0 0.0 0.0 0.0 0.0 0.0 0.0 0.0 0.0 0.0 0.0 0.0;
	0.0 0.0 0.0 0.0 0.0 0.0 0.0 0.0 0.0 0.0 0.0 0.0;
	0.0 0.0 0.0 0.0 0.0 0.0 0.0 0.0 0.0 0.0 0.0 0.0;
	0.0 0.0 0.0 0.0 0.0 0.0 0.0 0.0 0.0 0.0 0.0 0.0;
	0.0 0.0 0.0 0.0 0.0 0.0 0.0 0.0 0.0 0.0 0.0 0.0;
	0.0 0.0 0.0 0.0 0.0 0.0 0.0 0.0 0.0 0.0 0.0 0.0;
	0.5049 1.0563 0.9526 0.6914 0.0 85.3305 10.6663 47.8059 18.9578 12.8727 6.1014 23.3125;
	1.1853 1.6138 1.6384 1.0179 0.1316 25.5264 3.1908 34.0123 39.5238 39.664 26.4381 71.8318;
	1.3036 1.3076 1.2768 0.9631 0.8533 18.7144 2.3393 30.7964 60.7598 65.5083 57.5957 118.6359;
	2.2966 1.5954 1.621 0.7669 1.7414 30.7128 3.8391 42.8566 141.2101 53.4469 33.3491 96.7927;
	2.5899 1.8764 2.0676 0.8991 1.4721 41.6344 5.2043 56.1311 123.6411 53.9161 16.7263 97.6423;
	2.6416 2.1025 2.2727 1.1201 1.3649 48.9819 6.1227 56.9279 111.4402 50.3062 9.296 91.1048;
	3.372 2.9629 2.6825 1.8591 2.2612 111.2556 13.907 54.8362 131.61 77.1068 21.8498 139.6409;
	2.8356 2.4095 2.02 1.8088 3.0433 82.97 10.3712 41.1769 152.3409 75.708 31.0146 137.1077;
	2.1358 1.6554 1.097 1.9359 3.9729 76.5646 9.5706 35.8203 162.7047 63.836 28.3764 115.6073;
	1.9781 1.2503 1.0472 2.7975 3.7565 74.9962 9.3745 37.1751 98.2542 87.3371 17.8454 158.1681;
	0.3396 0.3863 0.2658 1.1528 1.432 35.7388 4.4673 10.6025 27.4026 43.2111 10.3992 78.2556;
	0.0 0.0 0.0 0.0 0.0 0.0 0.0 0.0 0.0 0.0 0.0 0.0;
	0.0 0.0 0.0 0.0 0.0 0.0 0.0 0.0 0.0 0.0 0.0 0.0;
	0.0 0.0 0.0 0.0 0.0 0.0 0.0 0.0 0.0 0.0 0.0 0.0;
	0.0 0.0 0.0 0.0 0.0 0.0 0.0 0.0 0.0 0.0 0.0 0.0;
	0.0 0.0 0.0 0.0 0.0 0.0 0.0 0.0 0.0 0.0 0.0 0.0;
	0.0 0.0 0.0 0.0 0.0 0.0 0.0 0.0 0.0 0.0 0.0 0.0;
	0.0 0.0 0.0 0.0 0.0 0.0 0.0 0.0 0.0 0.0 0.0 0.0;
];
