function windprofile = ex_wind_profilesh1
%EX_WIND_PROFILE_D  Example wind_load_nyiso profile data for deterministic unit commitment.
% 2022.03.12
% Andres F. Ramirez


%% define constants
[GEN_BUS, PG, QG, QMAX, QMIN, VG, MBASE, GEN_STATUS, PMAX, PMIN, ...
    MU_PMAX, MU_PMIN, MU_QMAX, MU_QMIN, PC1, PC2, QC1MIN, QC1MAX, ...
    QC2MIN, QC2MAX, RAMP_AGC, RAMP_10, RAMP_30, RAMP_Q, APF] = idx_gen;
[CT_LABEL, CT_PROB, CT_TABLE, CT_TBUS, CT_TGEN, CT_TBRCH, CT_TAREABUS, ...
    CT_TAREAGEN, CT_TAREABRCH, CT_ROW, CT_COL, CT_CHGTYPE, CT_REP, ...
    CT_REL, CT_ADD, CT_NEWVAL, CT_TLOAD, CT_TAREALOAD, CT_LOAD_ALL_PQ, ...
    CT_LOAD_FIX_PQ, CT_LOAD_DIS_PQ, CT_LOAD_ALL_P, CT_LOAD_FIX_P, ...
    CT_LOAD_DIS_P, CT_TGENCOST, CT_TAREAGENCOST, CT_MODCOST_F, ...
    CT_MODCOST_X] = idx_ct;

windprofile = struct( ...
    'type', 'mpcData', ...
    'table', CT_TGEN, ...
    'rows', [1:45], ...
    'col', PMAX, ...
    'chgtype', 1, ...
    'values', [] );
windprofile.values(:,1,:) = [
	3.933 53.1434 90.6247 120.5131 15.2611 36.2122 32.2734 8.2299 28.3819 13.4053 24.7795 36.9662 55.6524 43.4388 178.3963 67.2098 83.3899 88.3684 83.9134 68.2104 10.7578 84.4952 27.2151 40.3468 56.0175 29.2837 5.0765 1268.8476 803.4835 803.4835 655.4024 82.0039 279.7114 175.5737 136.1866 342.8196 1231.6137 199.6522 477.8643 150.0468 116.2308 401.7145 217.6563 126.7794 1244.4431;
	3.4822 47.0517 82.9478 49.9431 15.3459 30.4034 31.5899 8.0522 11.823 13.9382 25.7646 38.4357 57.8647 36.6355 176.5086 66.4986 82.5075 87.4333 85.5864 69.3236 10.53 70.9413 19.7623 36.6208 44.9253 30.7768 5.5869 1244.2295 796.5862 796.5862 703.0911 73.043 285.288 178.439 114.8572 339.8768 1220.5773 185.7228 474.5653 120.3355 121.0547 337.2754 217.9291 115.1839 1233.2916;
	3.3888 45.7898 91.5896 54.7388 15.3852 27.3758 32.0496 7.7521 11.1186 13.6741 25.2763 37.7073 56.7681 24.639 187.3902 70.5982 87.594 92.8235 87.1249 61.0291 10.6832 63.8769 26.8597 41.6558 46.7342 31.3633 6.4539 1221.8574 804.9111 804.9111 697.637 79.1105 290.4164 157.089 77.2465 343.4287 1210.7205 191.4255 475.4216 125.1809 38.4967 303.6892 219.1466 142.0328 1223.3322;
	3.6395 49.1779 88.8366 58.4687 15.3131 15.1799 31.9553 8.1525 12.8849 11.9655 22.118 32.9957 49.6749 21.21 191.3237 72.0801 89.4327 94.772 86.1991 59.7364 10.6518 35.4198 23.2152 39.9568 43.0046 33.4898 5.9858 1249.7308 817.9102 817.9102 753.3316 90.8873 287.3302 153.7616 66.4961 348.975 1259.2681 230.3572 475.484 115.1909 43.017 168.3958 218.6047 124.7127 1272.3855;
	3.8732 52.3348 84.5408 46.8317 15.3237 23.4831 31.7645 7.7918 14.7236 11.3203 20.9254 31.2166 46.9964 30.1943 171.5191 64.6188 80.1752 84.9618 89.684 56.6356 10.5882 54.794 0.5 29.7108 42.8933 67.4245 5.4704 1223.3146 841.2299 841.2299 801.2046 98.0891 298.9468 145.7802 94.6632 358.9247 1285.3935 237.0766 475.2996 114.8927 45.7126 260.5063 219.1352 198.0675 1298.783;
	3.8712 52.3089 93.952 116.6258 15.2786 33.9199 31.5987 8.2722 12.6407 11.115 20.5458 30.6504 46.1439 25.7822 179.6984 67.7003 83.9985 89.0134 90.719 46.889 10.5329 79.1465 0.0 32.4779 57.0241 71.659 5.7181 1168.2659 825.0966 825.0966 775.6428 106.1168 302.3968 120.6924 80.8307 352.0412 1250.2236 239.9882 473.4298 152.743 81.463 376.2849 216.4679 251.865 1263.2468;
	3.8753 52.3638 91.5128 119.1544 14.7847 33.5503 30.9153 11.5757 12.2513 11.3466 20.974 31.2891 47.1055 36.0634 186.1497 70.1308 87.0142 92.2091 83.8927 61.1229 10.3051 78.2839 1.5356 47.7124 100.1802 75.4487 10.8244 1131.0631 827.2881 827.2881 763.2235 113.1856 279.6425 157.3305 113.0637 352.9762 1270.9657 287.934 462.0911 268.3397 112.7473 372.1842 213.4388 274.4751 1284.205;
	3.8294 51.7441 91.2491 114.066 14.6177 34.049 31.7028 18.5434 11.9056 10.1542 18.7698 28.0009 42.1552 60.4615 184.385 69.466 86.1892 91.3349 84.8789 38.3855 10.5676 79.4476 0.0 50.7701 104.1005 75.1949 13.5232 1098.258 839.3692 839.3692 805.3587 120.2559 282.9296 98.8043 189.555 358.1309 1267.0607 312.4712 472.9595 278.8407 122.248 377.7167 211.5675 277.2253 1280.2592;
	3.8752 52.3619 92.5897 117.0389 14.7124 33.864 30.9412 18.3446 10.4038 11.4926 21.244 31.6918 47.7119 62.8863 188.0079 70.8309 87.8828 93.1295 47.2077 43.7516 10.3137 79.0159 1.1702 86.873 104.134 72.4325 13.5541 809.7331 848.9772 848.9772 794.3331 115.2434 157.3591 112.6166 197.1571 362.2303 1204.5207 309.3217 466.0044 278.9304 121.0024 375.6643 213.5125 276.3709 1217.0678;
	3.755 50.7377 92.1456 112.7208 14.7158 33.3417 31.1046 18.5438 20.5409 10.4759 19.3645 28.888 43.4908 60.7363 176.0192 66.3142 82.2787 87.1909 53.6408 45.9333 10.3682 77.7972 0.0 87.9726 102.4949 72.4547 13.3322 652.2358 853.0449 853.0449 773.3446 114.6501 178.8027 118.2324 190.4164 363.9658 1169.2189 277.0221 464.8038 274.54 118.1442 369.8701 205.4247 270.6642 1181.3983;
	3.8008 51.3568 94.3971 113.0269 14.7962 33.8333 30.6072 18.2255 27.8109 17.4501 32.2563 48.1201 72.4445 68.0988 193.8738 73.0408 90.6247 96.0351 38.8373 59.5863 10.2024 78.9444 25.9618 85.4311 100.1523 72.8036 13.5899 447.7071 824.9415 824.9415 763.2676 101.53 129.4576 153.3752 213.499 351.9751 962.7966 264.2055 458.6132 268.265 117.0647 375.3242 205.7268 269.462 972.8257;
	3.3648 45.4659 94.0885 113.5811 15.1633 32.7857 29.4347 18.234 27.7219 19.7052 36.4247 54.3385 81.8063 66.5172 190.9359 71.934 89.2514 94.5799 50.9561 62.4661 9.8116 76.5 33.6596 84.4053 100.3098 74.1195 13.3616 352.0535 779.164 779.164 670.5008 104.0346 169.8538 160.7878 208.5403 332.4433 780.8372 230.4013 453.6059 268.6869 117.7078 363.7027 192.5652 269.4339 788.9709;
	2.2527 30.4392 94.9678 113.6094 14.8996 21.4727 26.1771 18.7252 27.7715 27.859 51.4969 76.8233 115.657 65.1743 190.5681 71.7954 89.0795 94.3977 91.805 63.257 8.7257 50.1029 62.1119 83.0431 99.6798 74.3679 13.7881 334.2658 740.2746 740.2746 639.1345 102.4351 306.0165 162.8237 204.3301 315.8505 707.293 217.5098 444.9115 266.9994 120.201 238.2037 178.7332 281.2188 714.6606;
	2.3856 32.2349 94.0185 114.7441 14.8816 13.1331 26.1741 18.5287 27.6181 30.9203 57.1558 85.2652 128.3663 63.7275 192.1556 72.3935 89.8216 95.184 92.0962 66.7496 8.7247 30.6439 73.5791 84.4099 102.5255 73.6019 13.7567 304.6505 630.436 630.436 596.9768 101.8505 306.9872 171.8136 199.7944 268.986 502.6136 206.923 453.1141 274.6219 121.4243 145.6901 144.782 268.1149 507.8492;
	2.2219 30.0224 89.1165 110.4824 12.6559 0.3221 23.0343 18.1082 27.3684 29.2937 54.1489 80.7795 121.6132 63.8062 201.2015 75.8015 94.05 99.6649 90.7865 72.0783 7.6781 0.7516 70.697 82.2428 99.1942 71.1534 13.8014 454.7125 485.5879 485.5879 420.4192 91.2945 302.6217 185.5297 200.0411 207.1842 419.0339 180.5455 450.9111 265.6988 119.0807 3.5732 118.2564 255.4009 423.3989;
	3.3597 45.3971 92.1926 83.4176 14.2524 23.3758 16.2794 18.9818 22.4339 27.879 51.5339 76.8784 115.74 55.0618 200.0047 75.3506 93.4906 99.0721 90.6367 71.1041 5.4265 54.5434 66.3757 85.4548 100.3799 73.9886 13.8438 529.1475 500.1032 500.1032 400.7845 51.3299 302.1223 183.022 172.626 213.3773 485.3041 158.2757 441.0638 268.8747 122.1628 259.315 83.0845 268.0135 490.3594;
	2.7603 37.2976 88.799 60.1486 14.0027 21.0601 13.5944 18.6705 26.6394 23.744 43.8904 65.4758 98.5735 53.2615 189.3652 71.3422 88.5172 93.8018 85.0332 68.3507 4.5315 49.1402 65.8046 84.6653 102.0703 74.3333 13.8052 494.8344 526.8164 526.8164 372.9782 26.8016 283.444 175.9349 166.9821 224.775 529.1532 106.6414 153.4624 273.4026 117.6976 233.6267 92.731 261.6815 534.6652;
	3.3778 45.6422 89.9259 63.9143 14.1743 29.9426 27.0549 19.0874 26.8248 11.5109 21.2778 31.7422 47.7878 54.3963 173.9555 65.5367 81.3141 86.1686 69.6798 68.4331 9.0183 69.8661 47.3134 87.7076 105.101 74.7023 14.0217 666.4528 574.2878 574.2878 371.1588 30.1081 232.2659 176.147 170.5399 245.0295 727.8095 80.6605 360.732 281.5205 119.9754 332.1634 104.9387 259.1462 735.3909;
