function loadprofile = ex_load_profilesh1
%EX_LOAD_PROFILE  Example load profile data file for stochastic unit commitment.
% 2022.03.12
% Andres F. Ramirez

%% define constants
[CT_LABEL, CT_PROB, CT_TABLE, CT_TBUS, CT_TGEN, CT_TBRCH, CT_TAREABUS, ...
    CT_TAREAGEN, CT_TAREABRCH, CT_ROW, CT_COL, CT_CHGTYPE, CT_REP, ...
    CT_REL, CT_ADD, CT_NEWVAL, CT_TLOAD, CT_TAREALOAD, CT_LOAD_ALL_PQ, ...
    CT_LOAD_FIX_PQ, CT_LOAD_DIS_PQ, CT_LOAD_ALL_P, CT_LOAD_FIX_P, ...
    CT_LOAD_DIS_P, CT_TGENCOST, CT_TAREAGENCOST, CT_MODCOST_F, ...
    CT_MODCOST_X] = idx_ct;

loadprofile = struct( ...
    'type', 'mpcData', ...
    'table', CT_TAREALOAD, ...
    'rows', [1:11], ...
    'col', CT_LOAD_ALL_P, ...
    'chgtype', 1, ...
    'values', [] );
loadprofile.values(:,1,:) = [
	1562.9364 1003.2498 1664.1389 602.5779 896.3326 1323.5159 969.4948 286.0 588.7281 4866.1467 1931.6435;
	1514.7696 960.741 1605.729 578.6 866.1595 1273.6743 920.9987 278.5 550.6934 4716.318 1806.2;
	1501.1441 947.3162 1627.415 600.8291 860.6865 1266.5922 913.8581 277.0 534.2 4590.1729 1773.6642;
	1510.4347 974.0804 1646.9 599.7671 878.006 1282.8239 927.8744 282.9821 549.23 4642.3589 1787.581;
	1559.3426 1004.7634 1693.4845 599.7 912.7819 1330.07 976.1788 291.8351 583.6358 4776.7498 1916.9647;
	1609.7921 1082.9939 1803.3115 622.3503 973.6335 1400.9435 1027.0304 318.0691 609.477 4888.7916 1982.341;
	1639.5368 1112.6276 1852.8157 634.9539 1026.0394 1479.4371 1073.8 328.3435 615.9488 5028.8697 2048.4463;
	1648.6405 1117.3251 1865.2947 621.6212 1064.8 1509.3765 1114.2214 342.1 649.6 5213.6828 2094.2616;
	1645.1179 1127.479 1883.6 636.6285 1073.3291 1510.9411 1081.5347 337.5712 656.7373 5341.6 2078.5029;
	1677.1996 1179.6581 1899.243 608.9068 1075.2008 1569.985 1130.6499 352.9 674.634 5432.4355 2089.8531;
	1675.165 1215.2049 1913.4374 608.3679 1070.6792 1587.4112 1115.0477 346.5562 683.0 5391.8595 2036.2898;
	1635.19 1170.0236 1901.7079 617.1308 1038.2698 1623.1787 1131.5016 346.309 713.9429 5379.9 2096.4;
	1654.6206 1146.9325 1867.3582 600.6038 1030.6952 1590.55 1146.1078 346.1175 694.4962 5309.371 2042.2761;
	1633.1651 1167.5467 1849.4 601.3668 1004.8768 1561.4172 1116.763 349.8989 692.69 5297.7117 2065.2369;
	1664.7309 1158.264 1823.6407 606.3647 981.0461 1544.5263 1118.3285 342.9094 674.596 5306.6951 2085.7496;
	1645.7735 1186.5889 1834.45 596.1 991.3475 1538.4697 1116.2383 351.511 687.928 5349.3993 2158.6715;
	1689.8413 1202.7466 1922.0204 611.3 1033.3137 1601.8804 1151.3 357.5465 724.8403 5496.0282 2301.7204;
	1753.5135 1220.0678 1968.1328 623.5 1077.1031 1612.8622 1173.6 338.206 734.1146 5632.4335 2373.6385;
	1763.5155 1196.8366 1981.3758 630.5902 1046.3575 1579.8527 1180.8 360.8907 745.4989 5669.1424 2375.6091;
	1709.5469 1163.6167 1895.2468 618.2966 988.4 1507.711 1134.4653 339.99 698.7557 5604.4487 2295.5274;
	1637.7477 1091.8939 1812.6088 597.5 918.0219 1407.6756 1057.7285 302.1 660.4038 5344.716 2120.4845;
	1605.8884 1056.1224 1663.1 581.461 846.8805 1320.8528 998.6 285.3359 627.4709 5196.4751 2024.1838;
	1547.1339 968.2944 1583.1856 573.7155 793.9653 1293.5675 931.333 283.3588 565.0257 4851.0256 1776.7194;
	1505.4614 921.5 1497.4784 552.519 747.5 1211.6834 913.9029 273.2 523.9 4488.3815 1681.0432;
];
