function windprofile = ex_wind_profilesh1
%EX_WIND_PROFILE_D  Example wind_load_nyiso profile data for deterministic unit commitment.
% 2022.03.12
% Andres F. Ramirez


%% define constants
[GEN_BUS, PG, QG, QMAX, QMIN, VG, MBASE, GEN_STATUS, PMAX, PMIN, ...
    MU_PMAX, MU_PMIN, MU_QMAX, MU_QMIN, PC1, PC2, QC1MIN, QC1MAX, ...
    QC2MIN, QC2MAX, RAMP_AGC, RAMP_10, RAMP_30, RAMP_Q, APF] = idx_gen;
[CT_LABEL, CT_PROB, CT_TABLE, CT_TBUS, CT_TGEN, CT_TBRCH, CT_TAREABUS, ...
    CT_TAREAGEN, CT_TAREABRCH, CT_ROW, CT_COL, CT_CHGTYPE, CT_REP, ...
    CT_REL, CT_ADD, CT_NEWVAL, CT_TLOAD, CT_TAREALOAD, CT_LOAD_ALL_PQ, ...
    CT_LOAD_FIX_PQ, CT_LOAD_DIS_PQ, CT_LOAD_ALL_P, CT_LOAD_FIX_P, ...
    CT_LOAD_DIS_P, CT_TGENCOST, CT_TAREAGENCOST, CT_MODCOST_F, ...
    CT_MODCOST_X] = idx_ct;

windprofile = struct( ...
    'type', 'mpcData', ...
    'table', CT_TGEN, ...
    'rows', [1:45], ...
    'col', PMAX, ...
    'chgtype', 1, ...
    'values', [] );
windprofile.values(:,1,:) = [
	3.7841 51.1318 85.6866 114.3081 15.1456 35.2553 31.281 6.8421 28.0166 11.7148 21.6546 32.3045 48.6342 39.7353 183.9748 69.3114 85.9975 91.1317 84.6785 67.5768 10.427 82.2623 31.1203 32.9995 47.1602 21.5519 4.166 1306.6881 824.8858 824.8858 689.7676 81.0134 282.2617 173.943 124.5755 351.9513 1305.0802 211.0404 463.7685 126.322 116.5202 391.0984 204.2885 121.2271 1318.6748;
	3.2502 43.9174 78.7943 42.2858 14.8928 27.3243 31.3717 6.5819 10.7779 11.9744 22.1345 33.0203 49.7118 40.2508 187.8068 70.7551 87.7888 93.0299 86.0825 69.3029 10.4572 63.7568 25.3415 27.5857 39.6159 18.6467 4.0566 1333.1406 838.9906 838.9906 730.3272 75.7153 286.9417 178.3858 126.1916 357.9693 1323.7296 202.9458 467.8627 106.114 114.0218 303.118 202.9584 98.6173 1337.5185;
	3.0394 41.0695 88.4632 46.152 14.9114 23.9841 31.4367 6.0281 10.4256 11.5469 21.3443 31.8415 47.9371 37.8011 194.6446 73.3312 90.985 96.417 90.2981 63.1027 10.4789 55.9628 24.2784 28.5908 37.7464 15.7661 4.9249 1357.907 836.5936 836.5936 734.0302 87.4934 300.9937 162.4265 118.5115 356.9466 1316.3854 205.3839 464.2401 101.1064 31.165 266.0633 207.0625 137.5997 1330.0977;
	3.4385 46.462 84.5521 41.3742 14.5674 14.54 31.3081 0.6454 11.2832 4.9126 9.0808 13.5468 20.3947 26.2192 187.8129 70.7574 87.7916 93.0329 88.2758 61.6771 10.436 33.9266 17.5151 27.5037 34.6221 18.9645 0.2443 1358.5229 850.8825 850.8825 741.6278 88.4147 294.2526 158.757 82.2007 363.0432 1324.5776 219.3204 460.5051 92.7376 29.9611 161.2969 204.5843 104.5135 1338.3752;
	3.7244 50.3255 83.0572 39.3593 15.0073 22.4698 30.9141 3.216 11.7541 8.5146 15.7392 23.4797 35.3486 27.6167 164.5913 62.0088 76.9369 81.5301 90.601 63.6391 10.3047 52.4295 0.2534 24.2383 39.2275 53.2179 3.0372 1359.5805 845.1627 845.1627 770.2815 98.8423 302.0034 163.8071 86.5822 360.6027 1318.1029 238.9721 454.8158 105.0737 29.787 249.265 208.3766 187.8322 1331.8331;
	3.745 50.6034 93.4897 111.3188 14.9504 33.1759 30.0892 5.6678 11.0326 11.7965 21.8057 32.5298 48.9734 27.5564 186.9508 70.4326 87.3886 92.6058 91.9641 65.1024 10.0297 77.4104 14.7592 27.8398 57.7979 61.7504 4.2118 1315.4311 811.0836 811.0836 719.8681 101.1602 306.547 167.5738 86.3929 346.0623 1256.2125 227.8066 446.3658 154.8157 53.2464 368.0311 208.0045 250.0469 1269.2981;
	3.9223 52.9988 93.1357 118.5588 15.2623 34.9403 30.376 10.1908 12.4641 10.9984 20.3303 30.3288 45.6599 35.5285 196.3674 73.9803 91.7904 97.2704 87.7484 69.3021 10.1253 81.5273 25.8588 52.3445 103.75 73.9865 10.5306 1245.4662 815.6289 815.6289 722.4871 106.3452 292.4946 178.3838 111.3865 348.0017 1287.2159 278.5259 459.4345 277.9019 107.9757 387.6042 212.5963 276.9184 1300.6244;
	3.8998 52.695 93.7154 120.4188 15.3811 35.2876 29.9221 18.57 11.5609 10.5795 19.5561 29.1738 43.921 58.5786 192.3511 72.4671 89.9129 95.2809 85.3363 61.0633 9.974 82.3377 27.2086 59.645 106.1976 74.7616 13.6826 1124.4828 802.2964 802.2964 717.9883 108.6751 284.4544 157.177 183.6518 342.3131 1252.2329 298.3235 457.3629 284.4577 115.9385 391.457 216.5054 281.0142 1265.277;
	3.8383 51.8634 91.0148 118.2561 15.2165 34.6427 29.3558 18.1697 10.1062 11.4849 21.2296 31.6704 47.6796 63.1947 193.3585 72.8467 90.3839 95.7799 51.9541 63.5828 9.7853 80.833 28.0841 86.4503 104.4285 70.6985 13.404 832.2664 841.7913 841.7913 739.8993 110.0926 173.1805 163.6622 198.1238 359.1643 1259.9776 300.3107 453.0811 279.7193 115.5142 384.3032 214.5674 266.8266 1273.1024;
	3.8196 51.6118 91.4762 118.1166 15.3458 34.3852 29.6091 18.0424 21.0552 11.7136 21.6523 32.301 48.629 62.2807 192.099 72.3722 89.7951 95.156 60.6291 56.4781 9.8697 80.2321 27.5565 87.6386 102.2983 70.1799 13.3245 660.3882 851.0986 851.0986 765.5457 113.7691 202.097 145.3747 195.2584 363.1354 1190.8864 280.8617 447.1861 274.0134 114.0616 381.4462 214.2111 271.5273 1203.2914;
	3.85 52.0225 92.5761 118.1938 15.1826 33.9652 30.0182 18.4447 28.4459 17.9819 33.2392 49.5864 74.6521 69.5154 203.9805 76.8485 95.349 101.0415 52.1228 69.4537 10.0061 79.2521 32.9291 86.833 102.6114 71.0479 13.5752 474.211 832.4556 832.4556 738.963 103.0094 173.7427 178.774 217.9401 355.1811 998.3545 260.6672 462.6022 274.8519 116.2968 376.7873 207.2798 268.3828 1008.7541;
	3.2792 44.3092 89.6189 113.731 14.658 31.1828 28.508 17.9564 27.7044 21.234 39.2507 58.5543 88.1531 64.9621 199.4831 75.1541 93.2467 98.8137 61.8422 63.0486 9.5027 72.7598 39.8807 86.5435 99.401 72.4998 13.0125 355.0236 805.6558 805.6558 720.6077 110.3079 206.1408 162.2873 203.665 343.7465 814.5557 252.0024 460.865 266.2528 114.8004 345.921 190.9737 264.1621 823.0407;
	2.0281 27.4037 89.8239 111.4569 14.2786 19.6283 25.1398 18.6032 27.5773 28.6892 53.0315 79.1126 119.1035 63.7487 195.1148 73.5084 91.2048 96.6499 92.9775 61.7382 8.3799 45.7994 66.2849 85.9192 99.3016 70.6787 13.6799 363.4665 721.6696 721.6696 677.3575 112.2374 309.9252 158.9144 199.8607 307.9124 737.5731 243.656 447.886 265.9865 115.6148 217.7436 173.12 260.0792 745.2562;
	2.3127 31.2502 92.8829 114.9497 14.3299 12.136 24.0626 18.8247 27.3332 31.1447 57.5704 85.8838 129.2975 62.0557 191.7419 72.2376 89.6282 94.9791 90.8947 65.0766 8.0209 28.3174 75.5294 88.3615 101.4698 73.9255 13.713 331.0242 615.0507 615.0507 616.8958 101.4031 302.9822 167.5074 194.5529 262.4216 511.5839 214.4936 442.1665 271.794 118.1251 134.6291 146.9612 266.7013 516.9129;
	2.3253 31.4203 91.9537 112.3911 12.6406 2.3899 21.0337 18.6233 27.1117 30.9426 57.197 85.3266 128.4587 60.9163 201.9151 76.0703 94.3835 100.0184 92.303 72.2366 7.0112 5.5765 75.6793 85.6083 99.2657 73.0749 13.8158 486.529 504.3331 504.3331 441.8447 91.355 307.6767 185.9373 190.9809 215.1821 457.7519 192.2152 425.8427 265.8903 117.7988 26.5122 126.2239 263.3503 462.5202;
	3.2874 44.4205 93.2065 88.2363 14.5727 25.4491 14.4393 18.967 22.0185 28.838 53.3065 79.5229 119.7212 45.74 199.4348 75.1359 93.2242 98.7898 92.2441 71.6281 4.8131 59.3813 74.1476 88.9332 102.4093 75.297 13.9096 506.4056 520.1044 520.1044 404.5313 48.8922 307.4804 184.3708 143.4012 221.9112 476.6743 163.8363 423.1034 274.3105 116.9032 282.3158 80.6534 275.3021 481.6397;
	3.1202 42.1607 93.2709 64.4547 14.4147 32.9178 13.3526 18.4763 26.9084 29.1167 53.8218 80.2915 120.8784 60.3642 194.3868 73.2341 90.8645 96.2893 91.3443 73.0643 4.4509 76.8083 74.9846 88.0847 101.8109 75.3761 13.6564 583.969 566.7861 566.7861 396.0686 30.0902 304.4809 188.0677 189.2499 241.8287 575.9151 117.1821 173.4176 272.7076 115.9554 365.1686 105.9682 267.1261 581.9142;
	3.6635 49.5023 93.8604 66.3961 14.7755 33.838 28.4844 18.8404 27.8822 15.0733 27.8628 41.5658 62.577 64.9506 184.5569 69.5307 86.2696 91.42 77.4297 71.9162 9.4948 78.9553 57.8856 89.4112 106.4022 75.5983 13.9371 685.6902 615.378 615.378 397.0506 28.8748 258.0989 185.1124 203.6288 262.5613 769.7825 79.7793 413.4743 285.0059 120.4258 375.376 117.46 267.8981 777.8011;
