function solarprofile = ex_solar_profilesh1
%EX_WIND_PROFILE_D  Example wind_load_nyiso profile data for deterministic unit commitment.
% 2022.03.12
% Andres F. Ramirez


%% define constants
[GEN_BUS, PG, QG, QMAX, QMIN, VG, MBASE, GEN_STATUS, PMAX, PMIN, ...
    MU_PMAX, MU_PMIN, MU_QMAX, MU_QMIN, PC1, PC2, QC1MIN, QC1MAX, ...
    QC2MIN, QC2MAX, RAMP_AGC, RAMP_10, RAMP_30, RAMP_Q, APF] = idx_gen;
[CT_LABEL, CT_PROB, CT_TABLE, CT_TBUS, CT_TGEN, CT_TBRCH, CT_TAREABUS, ...
    CT_TAREAGEN, CT_TAREABRCH, CT_ROW, CT_COL, CT_CHGTYPE, CT_REP, ...
    CT_REL, CT_ADD, CT_NEWVAL, CT_TLOAD, CT_TAREALOAD, CT_LOAD_ALL_PQ, ...
    CT_LOAD_FIX_PQ, CT_LOAD_DIS_PQ, CT_LOAD_ALL_P, CT_LOAD_FIX_P, ...
    CT_LOAD_DIS_P, CT_TGENCOST, CT_TAREAGENCOST, CT_MODCOST_F, ...
    CT_MODCOST_X] = idx_ct;

solarprofile = struct( ...
    'type', 'mpcData', ...
    'table', CT_TGEN, ...
    'rows', [1:12], ...
    'col', PMAX, ...
    'chgtype', 1, ...
    'values', [] );
solarprofile.values(:,1,:) = [
	0.0 0.0 0.0 0.0 0.0 0.0 0.0 0.0 0.0 0.0 0.0 0.0;
	0.0 0.0 0.0 0.0 0.0 0.0 0.0 0.0 0.0 0.0 0.0 0.0;
	0.0 0.0 0.0 0.0 0.0 0.0 0.0 0.0 0.0 0.0 0.0 0.0;
	0.0 0.0 0.0 0.0 0.0 0.0 0.0 0.0 0.0 0.0 0.0 0.0;
	0.0 0.0 0.0 0.0 0.0 0.0 0.0 0.0 0.0 0.0 0.0 0.0;
	0.0 0.0 0.0 0.0 0.0 0.0 0.0 0.0 0.0 0.0 0.0 0.0;
	0.4193 0.128 0.1787 0.1687 1.5422 0.4844 0.0606 0.0 40.3569 6.9733 5.1882 12.6287;
	0.2431 0.2772 0.1284 0.0081 1.1144 14.7291 1.8411 6.6786 10.3921 14.9245 13.8706 27.0284;
	0.5204 0.6156 0.4021 0.2113 0.9735 27.9677 3.496 12.6804 9.8985 30.3064 24.3773 54.8851;
	2.5509 1.9209 2.1102 0.5798 1.3987 64.9406 8.1176 9.8 68.9086 29.2469 31.3535 52.9663;
	2.7636 1.9578 2.2038 0.9615 3.0839 59.7603 7.47 11.8264 115.4477 46.4463 34.3921 84.1145;
	2.1832 1.3954 1.7569 1.4229 4.0191 50.8766 6.3596 14.3871 138.5525 57.5298 38.2365 104.1869;
	1.5743 1.0755 1.2035 2.4218 2.0954 97.3001 12.1625 27.9084 114.1766 45.3956 52.1255 82.2117;
	1.4153 0.8097 1.3392 2.2069 0.9595 62.5693 7.8212 18.4956 72.6141 31.1529 46.0546 56.4181;
	1.4175 0.6602 1.5439 2.1678 0.5412 37.3951 4.6744 8.0717 35.9437 18.5015 35.0938 33.5062;
	1.3151 0.4403 1.6317 2.063 0.2529 2.2247 0.2781 0.6695 11.4525 8.8075 17.8264 15.9504;
	0.2415 0.2168 0.1471 0.7482 0.5694 28.4907 3.5613 7.1346 22.4191 20.766 10.5489 37.6073;
	0.0 0.0 0.0 0.0 0.0 0.0 0.0 0.0 0.0 0.0 0.0 0.0;
	0.0 0.0 0.0 0.0 0.0 0.0 0.0 0.0 0.0 0.0 0.0 0.0;
	0.0 0.0 0.0 0.0 0.0 0.0 0.0 0.0 0.0 0.0 0.0 0.0;
	0.0 0.0 0.0 0.0 0.0 0.0 0.0 0.0 0.0 0.0 0.0 0.0;
	0.0 0.0 0.0 0.0 0.0 0.0 0.0 0.0 0.0 0.0 0.0 0.0;
	0.0 0.0 0.0 0.0 0.0 0.0 0.0 0.0 0.0 0.0 0.0 0.0;
	0.0 0.0 0.0 0.0 0.0 0.0 0.0 0.0 0.0 0.0 0.0 0.0;
];
