function solarprofile = ex_solar_profilesh1
%EX_WIND_PROFILE_D  Example wind_load_nyiso profile data for deterministic unit commitment.
% 2022.03.12
% Andres F. Ramirez


%% define constants
[GEN_BUS, PG, QG, QMAX, QMIN, VG, MBASE, GEN_STATUS, PMAX, PMIN, ...
    MU_PMAX, MU_PMIN, MU_QMAX, MU_QMIN, PC1, PC2, QC1MIN, QC1MAX, ...
    QC2MIN, QC2MAX, RAMP_AGC, RAMP_10, RAMP_30, RAMP_Q, APF] = idx_gen;
[CT_LABEL, CT_PROB, CT_TABLE, CT_TBUS, CT_TGEN, CT_TBRCH, CT_TAREABUS, ...
    CT_TAREAGEN, CT_TAREABRCH, CT_ROW, CT_COL, CT_CHGTYPE, CT_REP, ...
    CT_REL, CT_ADD, CT_NEWVAL, CT_TLOAD, CT_TAREALOAD, CT_LOAD_ALL_PQ, ...
    CT_LOAD_FIX_PQ, CT_LOAD_DIS_PQ, CT_LOAD_ALL_P, CT_LOAD_FIX_P, ...
    CT_LOAD_DIS_P, CT_TGENCOST, CT_TAREAGENCOST, CT_MODCOST_F, ...
    CT_MODCOST_X] = idx_ct;

solarprofile = struct( ...
    'type', 'mpcData', ...
    'table', CT_TGEN, ...
    'rows', [1:12], ...
    'col', PMAX, ...
    'chgtype', 1, ...
    'values', [] );
solarprofile.values(:,1,:) = [
	0.0 0.0 0.0 0.0 0.0 0.0 0.0 0.0 0.0 0.0 0.0 0.0;
	0.0 0.0 0.0 0.0 0.0 0.0 0.0 0.0 0.0 0.0 0.0 0.0;
	0.0 0.0 0.0 0.0 0.0 0.0 0.0 0.0 0.0 0.0 0.0 0.0;
	0.0 0.0 0.0 0.0 0.0 0.0 0.0 0.0 0.0 0.0 0.0 0.0;
	0.0 0.0 0.0 0.0 0.0 0.0 0.0 0.0 0.0 0.0 0.0 0.0;
	0.0 0.0 0.0 0.0 0.0 0.0 0.0 0.0 0.0 0.0 0.0 0.0;
	0.2046 0.1575 0.23 1.0208 1.3712 137.5302 17.1913 6.6531 42.7127 8.4692 6.0292 15.3378;
	0.987 0.6125 0.9305 3.7457 4.5354 138.5521 17.319 4.0523 56.422 14.9883 8.9468 27.1438;
	1.4614 0.8832 1.2582 4.4742 5.7609 101.1471 12.6434 4.0692 67.7683 36.6637 8.9775 66.3981;
	2.1506 1.1181 1.9766 2.6598 4.1151 71.7333 8.9667 8.5691 145.9494 55.6845 15.0193 100.845;
	1.7944 0.9602 1.5156 3.4627 3.9494 76.5702 9.5713 11.0597 196.0679 66.1818 21.8322 119.8557;
	1.7392 0.87 1.3953 4.4013 3.7715 77.1302 9.6413 12.0111 211.6311 69.174 28.1927 125.2745;
	2.9968 1.2685 2.5458 4.7379 3.3286 120.2495 15.0312 27.7749 172.0671 106.0317 51.271 192.024;
	2.7492 1.2472 2.2456 3.104 2.383 82.4715 10.3089 22.1117 107.0415 81.5394 45.7667 147.6683;
	1.9489 0.9263 1.6978 1.5555 1.0063 54.2745 6.7843 17.3488 56.1887 50.7829 35.8201 91.9681;
	1.3671 0.8549 1.2272 0.4318 0.0 23.3864 2.9233 6.1836 11.2808 0.0 19.9509 0.0;
	0.3012 0.262 0.1952 0.4548 0.4803 28.5004 3.5626 6.1831 23.4685 4.6944 9.4681 8.5016;
	0.0 0.0 0.0 0.0 0.0 0.0 0.0 0.0 0.0 0.0 0.0 0.0;
	0.0 0.0 0.0 0.0 0.0 0.0 0.0 0.0 0.0 0.0 0.0 0.0;
	0.0 0.0 0.0 0.0 0.0 0.0 0.0 0.0 0.0 0.0 0.0 0.0;
	0.0 0.0 0.0 0.0 0.0 0.0 0.0 0.0 0.0 0.0 0.0 0.0;
	0.0 0.0 0.0 0.0 0.0 0.0 0.0 0.0 0.0 0.0 0.0 0.0;
	0.0 0.0 0.0 0.0 0.0 0.0 0.0 0.0 0.0 0.0 0.0 0.0;
	0.0 0.0 0.0 0.0 0.0 0.0 0.0 0.0 0.0 0.0 0.0 0.0;
];
