function solarprofile = ex_solar_profilesh1
%EX_WIND_PROFILE_D  Example wind_load_nyiso profile data for deterministic unit commitment.
% 2022.03.12
% Andres F. Ramirez


%% define constants
[GEN_BUS, PG, QG, QMAX, QMIN, VG, MBASE, GEN_STATUS, PMAX, PMIN, ...
    MU_PMAX, MU_PMIN, MU_QMAX, MU_QMIN, PC1, PC2, QC1MIN, QC1MAX, ...
    QC2MIN, QC2MAX, RAMP_AGC, RAMP_10, RAMP_30, RAMP_Q, APF] = idx_gen;
[CT_LABEL, CT_PROB, CT_TABLE, CT_TBUS, CT_TGEN, CT_TBRCH, CT_TAREABUS, ...
    CT_TAREAGEN, CT_TAREABRCH, CT_ROW, CT_COL, CT_CHGTYPE, CT_REP, ...
    CT_REL, CT_ADD, CT_NEWVAL, CT_TLOAD, CT_TAREALOAD, CT_LOAD_ALL_PQ, ...
    CT_LOAD_FIX_PQ, CT_LOAD_DIS_PQ, CT_LOAD_ALL_P, CT_LOAD_FIX_P, ...
    CT_LOAD_DIS_P, CT_TGENCOST, CT_TAREAGENCOST, CT_MODCOST_F, ...
    CT_MODCOST_X] = idx_ct;

solarprofile = struct( ...
    'type', 'mpcData', ...
    'table', CT_TGEN, ...
    'rows', [1:12], ...
    'col', PMAX, ...
    'chgtype', 1, ...
    'values', [] );
solarprofile.values(:,1,:) = [
	0.0 0.0 0.0 0.0 0.0 0.0 0.0 0.0 0.0 0.0 0.0 0.0;
	0.0 0.0 0.0 0.0 0.0 0.0 0.0 0.0 0.0 0.0 0.0 0.0;
	0.0 0.0 0.0 0.0 0.0 0.0 0.0 0.0 0.0 0.0 0.0 0.0;
	0.0 0.0 0.0 0.0 0.0 0.0 0.0 0.0 0.0 0.0 0.0 0.0;
	0.0 0.0 0.0 0.0 0.0 0.0 0.0 0.0 0.0 0.0 0.0 0.0;
	0.0 0.0 0.0 0.0 0.0 0.0 0.0 0.0 0.0 0.0 0.0 0.0;
	1.0602 0.5194 0.2373 0.0 0.8003 0.0 0.0 0.4047 0.0 14.3635 4.5382 26.0124;
	0.6106 0.1915 0.0743 0.6812 1.8787 4.447 0.5559 2.7073 0.0 36.1198 2.6015 65.4132;
	0.6235 0.0739 0.0803 1.2505 2.6236 17.4862 2.1858 5.5705 2.7969 51.2034 0.7533 92.7297;
	1.6338 1.4722 1.1202 1.0487 3.846 78.3529 9.7941 15.3619 71.9605 31.1836 1.0204 56.4737;
	1.7363 2.0321 1.1377 0.8758 5.9179 99.1873 12.3984 12.6268 113.8427 44.8624 10.3619 81.246;
	1.5051 2.0464 1.0087 1.126 7.0906 108.6286 13.5786 6.9889 136.7903 65.7209 25.1044 119.0209;
	2.0304 2.938 1.5472 3.0809 5.7122 159.7671 19.9709 6.811 134.9683 165.2736 95.0362 299.3114;
	2.0324 2.6026 2.0381 2.9776 3.6967 142.3524 17.794 6.857 109.8185 150.2558 98.414 272.1141;
	1.9565 2.1354 1.8664 2.1248 1.956 134.3511 16.7939 8.0121 84.3613 114.1165 64.695 206.6657;
	1.625 1.6156 1.7359 0.4212 0.16 79.5588 9.9448 5.9037 27.4244 51.7688 21.8028 93.7536;
	0.2415 0.2168 0.1471 0.3992 0.5789 33.4863 4.1858 6.1431 23.4838 23.023 13.0144 41.6948;
	0.0 0.0 0.0 0.0 0.0 0.0 0.0 0.0 0.0 0.0 0.0 0.0;
	0.0 0.0 0.0 0.0 0.0 0.0 0.0 0.0 0.0 0.0 0.0 0.0;
	0.0 0.0 0.0 0.0 0.0 0.0 0.0 0.0 0.0 0.0 0.0 0.0;
	0.0 0.0 0.0 0.0 0.0 0.0 0.0 0.0 0.0 0.0 0.0 0.0;
	0.0 0.0 0.0 0.0 0.0 0.0 0.0 0.0 0.0 0.0 0.0 0.0;
	0.0 0.0 0.0 0.0 0.0 0.0 0.0 0.0 0.0 0.0 0.0 0.0;
	0.0 0.0 0.0 0.0 0.0 0.0 0.0 0.0 0.0 0.0 0.0 0.0;
];
