function windprofile = ex_wind_profilesh1
%EX_WIND_PROFILE_D  Example wind_load_nyiso profile data for deterministic unit commitment.
% 2022.03.12
% Andres F. Ramirez


%% define constants
[GEN_BUS, PG, QG, QMAX, QMIN, VG, MBASE, GEN_STATUS, PMAX, PMIN, ...
    MU_PMAX, MU_PMIN, MU_QMAX, MU_QMIN, PC1, PC2, QC1MIN, QC1MAX, ...
    QC2MIN, QC2MAX, RAMP_AGC, RAMP_10, RAMP_30, RAMP_Q, APF] = idx_gen;
[CT_LABEL, CT_PROB, CT_TABLE, CT_TBUS, CT_TGEN, CT_TBRCH, CT_TAREABUS, ...
    CT_TAREAGEN, CT_TAREABRCH, CT_ROW, CT_COL, CT_CHGTYPE, CT_REP, ...
    CT_REL, CT_ADD, CT_NEWVAL, CT_TLOAD, CT_TAREALOAD, CT_LOAD_ALL_PQ, ...
    CT_LOAD_FIX_PQ, CT_LOAD_DIS_PQ, CT_LOAD_ALL_P, CT_LOAD_FIX_P, ...
    CT_LOAD_DIS_P, CT_TGENCOST, CT_TAREAGENCOST, CT_MODCOST_F, ...
    CT_MODCOST_X] = idx_ct;

windprofile = struct( ...
    'type', 'mpcData', ...
    'table', CT_TGEN, ...
    'rows', [1:45], ...
    'col', PMAX, ...
    'chgtype', 1, ...
    'values', [] );
windprofile.values(:,1,:) = [
	3.7965 51.2988 81.3759 115.2555 11.6921 34.001 30.4396 8.3659 26.4367 10.6662 19.7164 29.413 44.2811 31.9203 190.6847 71.8393 89.134 94.4554 86.0217 69.5062 10.1465 79.3357 17.3798 37.5724 48.4351 30.402 5.196 1227.9473 799.7184 799.7184 656.9555 84.5324 286.7389 178.9091 100.0744 341.2132 1196.7647 202.1163 441.38 129.7368 118.3896 377.1848 201.0133 116.0098 1209.231;
	3.0402 41.0797 72.4469 42.0368 11.6193 25.5175 29.9226 7.9734 9.9832 11.31 20.9063 31.1882 46.9536 24.1015 192.2757 72.4388 89.8777 95.2436 89.3143 71.6959 9.9742 59.5409 3.6158 24.7854 37.9199 30.9753 5.3452 1254.311 794.6192 794.6192 709.8885 72.8257 297.7143 184.5454 75.5614 339.0375 1248.8122 190.7559 449.8847 101.5711 113.8887 283.0745 202.2418 96.9637 1261.8207;
	3.1449 42.494 84.8499 45.6606 14.2691 22.7179 30.0459 7.3133 8.7175 10.8049 19.9727 29.7953 44.8566 27.4445 196.1106 73.8835 91.6703 97.1431 87.8241 70.3363 10.0153 53.0083 17.6564 32.3507 37.2246 30.8601 5.9325 1310.4024 809.3056 809.3056 735.2841 91.0206 292.7469 181.0458 86.0422 345.3037 1290.7409 191.2043 445.3623 99.7087 34.1269 252.0168 213.8762 128.3151 1304.1862;
	3.3274 44.9607 83.5905 50.7882 14.0255 11.4304 30.43 7.309 10.2181 9.6269 17.7952 26.5469 39.9663 3.2 194.7853 73.3842 91.0508 96.4867 84.6315 70.1451 10.1433 26.671 19.8109 36.7244 39.1471 32.0421 5.2127 1280.9779 812.5582 812.5582 741.6342 96.1062 282.105 180.5537 10.0325 346.6915 1275.1177 210.0076 437.1305 104.8583 37.5814 126.8017 205.5682 119.1082 1288.4001;
	3.7585 50.7857 83.0726 45.8599 14.4856 20.5384 30.3133 7.5029 10.5892 9.833 18.1762 27.1154 40.822 24.4446 176.3453 66.4371 82.4312 87.3525 85.2052 70.7346 10.1044 47.9228 0.0 31.2038 43.2569 65.6539 5.5236 1269.9016 821.4373 821.4373 784.1421 98.202 284.0173 182.071 76.6371 350.4799 1276.71 225.8046 442.3732 115.8667 38.4833 227.8389 204.8968 202.5534 1290.0091;
	3.7818 51.1006 93.2012 117.1634 14.6402 32.7457 29.9812 6.7639 8.9884 10.5614 19.5226 29.1238 43.8458 25.3209 184.114 69.3639 86.0626 91.2006 88.2105 69.3812 9.9937 76.4065 0.0 34.233 55.6101 68.2491 5.125 1176.1394 814.9503 814.9503 761.4697 99.8827 294.035 178.5873 79.3844 347.7121 1234.192 213.1502 439.4802 148.9557 69.2774 363.2585 202.9991 253.3373 1247.0481;
	3.8491 52.0103 92.7126 120.5476 14.5543 34.1589 28.434 12.0406 0.0 9.6012 17.7477 26.4761 39.8597 26.2562 187.901 70.7906 87.8328 93.0765 80.7205 71.2395 9.478 79.7042 0.0 55.4415 103.9465 75.8499 11.7545 1171.8988 797.7977 797.7977 695.9528 110.1083 269.0683 183.3707 82.3167 340.3937 1257.8384 249.4293 427.8561 278.4281 110.5331 378.9366 206.1609 281.7965 1270.9409;
	3.6624 49.4864 93.6589 120.5908 14.5668 34.533 28.8901 18.7495 8.8698 8.8602 16.378 24.4327 36.7833 55.4536 186.618 70.3072 87.2331 92.441 76.2515 58.7085 9.63 80.577 1.1198 63.0223 106.1743 75.6971 14.0314 1042.0095 793.0113 793.0113 718.7318 112.761 254.1717 151.1158 173.8547 338.3515 1221.6346 288.7321 437.059 284.3954 118.6406 383.0862 201.3642 283.5674 1234.36;
	3.6382 49.1599 92.8405 119.4611 14.9121 33.4469 27.7335 18.7485 8.7193 10.4038 19.2313 28.6893 43.1916 59.7211 188.733 71.1041 88.2217 93.4887 30.554 63.6349 9.2445 78.0428 23.9102 89.2737 105.0913 75.3478 13.9735 786.4165 814.7912 814.7912 720.558 106.8217 101.8468 163.7963 187.2336 347.6442 1178.2534 289.3442 436.6824 281.4946 119.6863 371.0377 202.1361 277.1308 1190.5269;
	3.6872 49.822 94.2063 120.338 14.9282 33.1285 29.89 18.7341 20.7781 10.7288 19.8319 29.5854 44.5406 57.874 181.6841 68.4484 84.9267 89.997 45.8966 55.6882 9.9633 77.2997 23.5868 89.878 105.6532 73.5813 13.9971 623.6282 834.1753 834.1753 738.5756 102.8644 152.9887 143.3415 181.4429 355.9148 1136.1832 266.1082 454.5419 282.9996 116.3542 367.505 208.0366 276.9625 1148.0184;
	3.8098 51.4791 91.7162 118.143 15.0463 33.6559 30.3485 18.0912 27.8267 17.3598 32.0894 47.8711 72.0697 67.2559 192.6534 72.581 90.0543 95.4306 37.2248 61.7716 10.1162 78.5304 28.9701 88.4348 103.8743 70.6048 13.555 464.9879 805.3223 805.3223 758.9047 97.5749 124.0827 159.0002 210.8563 343.6042 958.4333 271.4599 456.1585 278.2347 116.9465 373.3558 210.2625 262.8659 968.417;
	3.1296 42.2884 89.3977 117.3418 14.973 30.4451 27.5604 17.7893 26.8088 18.6109 34.4019 51.3209 77.2633 65.2851 183.3184 69.0641 85.6907 90.8066 49.5829 59.9859 9.1868 71.0385 33.9773 88.9746 101.0846 72.3339 12.9648 336.5019 780.4766 780.4766 753.1255 110.3404 165.2762 154.4039 204.6777 333.0034 798.9349 271.8868 452.5134 270.7623 115.3496 337.7375 188.8358 254.9363 807.2571;
	1.927 26.0376 88.8091 112.7481 14.478 18.7422 20.3856 18.6401 25.2136 26.9562 49.8281 74.3337 111.9089 63.4451 186.4686 70.2509 87.1632 92.367 91.257 63.7892 6.7952 43.7318 60.9659 89.231 103.1339 71.876 13.7368 292.6107 623.5854 623.5854 648.3911 104.8009 304.1899 164.1934 198.909 266.0631 601.1339 234.8021 411.4468 276.2514 116.391 207.9133 164.6123 263.6308 607.3957;
	1.8878 25.5089 86.5181 111.1308 14.3184 10.404 24.9829 17.9535 26.7871 30.0917 55.624 82.9801 124.9261 62.906 187.963 70.814 87.8618 93.1072 88.9476 68.0266 8.3276 24.2761 72.6239 84.307 98.6068 71.3725 13.4264 323.1023 571.0791 571.0791 617.6205 100.2205 296.4919 175.1005 197.2189 243.6604 470.8118 212.0286 438.0038 264.1255 117.5033 115.4154 132.9049 255.5303 475.7161;
	2.0805 28.1122 87.1215 115.6421 12.6213 1.296 23.321 17.8187 27.0793 29.6404 54.7899 81.7358 123.0527 63.1255 196.96 74.2035 92.0674 97.5639 91.5066 72.1564 7.7737 3.0239 73.395 86.3918 101.3068 69.9504 13.5585 512.437 477.9111 477.9111 454.8209 82.2629 305.022 185.7308 197.9069 203.9087 453.4911 190.6175 450.8614 271.3576 117.6483 14.3767 111.2757 229.9337 458.2149;
	2.6183 35.3785 89.8522 89.8095 13.9198 25.1791 16.0516 18.6044 22.371 29.1925 53.9618 80.5004 121.193 53.3758 193.3743 72.8526 90.3912 95.7877 90.2506 70.1622 5.3505 58.7512 71.9947 89.8096 104.3269 73.2367 13.7577 537.3261 508.7355 508.7355 413.1735 43.6215 300.8352 180.5977 167.3402 217.0605 480.5229 154.4814 431.4765 279.4471 119.4968 279.3198 70.8102 260.747 485.5283;
	2.9474 39.8259 90.5488 68.5293 14.3368 31.2346 13.9316 18.5746 25.9772 28.0199 51.7943 77.2669 116.3249 54.4718 187.4593 70.6242 87.6263 92.8577 88.1701 70.9954 4.6439 72.8808 71.21 89.9105 105.9836 73.2219 13.8293 621.4856 559.106 559.106 425.9021 29.8966 293.9003 182.7422 170.7764 238.5519 574.7692 116.8601 163.7013 283.8846 120.0621 346.4964 100.6754 264.7583 580.7564;
	3.6418 49.2093 88.9498 62.6339 14.388 32.6932 28.1253 18.7287 26.3333 13.5655 25.0755 37.4078 56.3172 58.2233 170.5883 64.2681 79.7401 84.5007 74.6754 69.85 9.3751 76.2842 49.0321 89.576 106.2732 72.6634 13.6596 716.4883 583.596 583.596 400.636 29.533 248.918 179.794 182.5378 249.001 737.9162 82.6569 394.5703 284.6605 121.1382 362.6769 117.912 259.9291 745.6029;
