function loadprofile = ex_load_profilesh1
%EX_LOAD_PROFILE  Example load profile data file for stochastic unit commitment.
% 2022.03.12
% Andres F. Ramirez

%% define constants
[CT_LABEL, CT_PROB, CT_TABLE, CT_TBUS, CT_TGEN, CT_TBRCH, CT_TAREABUS, ...
    CT_TAREAGEN, CT_TAREABRCH, CT_ROW, CT_COL, CT_CHGTYPE, CT_REP, ...
    CT_REL, CT_ADD, CT_NEWVAL, CT_TLOAD, CT_TAREALOAD, CT_LOAD_ALL_PQ, ...
    CT_LOAD_FIX_PQ, CT_LOAD_DIS_PQ, CT_LOAD_ALL_P, CT_LOAD_FIX_P, ...
    CT_LOAD_DIS_P, CT_TGENCOST, CT_TAREAGENCOST, CT_MODCOST_F, ...
    CT_MODCOST_X] = idx_ct;

loadprofile = struct( ...
    'type', 'mpcData', ...
    'table', CT_TAREALOAD, ...
    'rows', [1:11], ...
    'col', CT_LOAD_ALL_P, ...
    'chgtype', 1, ...
    'values', [] );
loadprofile.values(:,1,:) = [
	1360.1759 820.8198 1433.892 559.3479 785.7052 1206.6753 878.5 275.3 510.7621 4498.3702 1573.3855;
	1349.5891 787.6689 1418.1869 560.8746 758.7303 1176.3755 853.093 259.6139 477.8 4176.7528 1495.3989;
	1353.4004 780.4079 1418.6582 554.6231 774.3194 1154.7154 839.8378 256.4133 477.8493 4125.1966 1511.6175;
	1357.9812 793.1975 1441.6444 560.7 786.0309 1171.822 849.8791 259.2 492.1945 4132.2654 1545.435;
	1398.1074 850.0369 1503.069 579.9111 837.6316 1218.6777 893.9304 270.6676 543.8331 4291.5299 1685.0681;
	1454.3588 878.0049 1552.64 583.1 849.8 1280.8493 950.2264 271.186 551.8708 4456.7306 1734.1832;
	1516.051 915.7556 1619.4197 576.7884 871.2382 1349.7193 991.3953 276.1296 576.7887 4585.0526 1711.7122;
	1574.7894 958.3433 1603.5534 563.8744 906.0268 1422.1547 1038.9479 299.0 602.8461 4503.8559 1611.6174;
	1516.2498 959.4834 1628.9133 583.9992 873.4086 1409.726 997.5807 278.251 611.7 3906.807 1454.9148;
	1531.0744 916.1651 1636.2705 568.6592 869.411 1373.3158 954.5466 251.5398 590.4311 3466.4359 1346.2517;
	1573.9 961.3008 1600.5771 552.3956 887.0521 1366.4685 1002.9204 287.8348 602.1307 3599.7231 1320.5835;
	1564.6279 918.5698 1565.7632 548.6648 878.494 1348.6805 992.6288 291.5328 594.5009 3494.4674 1353.5686;
	1550.0201 903.4781 1499.2569 522.0733 886.4615 1393.715 977.1213 304.554 594.0122 4127.0757 1285.4639;
	1538.8041 904.7892 1527.0104 546.778 871.6981 1350.1488 982.5406 314.2518 607.0661 4686.4432 1245.7439;
	1627.0402 964.2443 1638.0349 549.9 899.6765 1425.4286 1018.6207 315.7 650.7944 4746.5222 1408.2808;
	1587.6932 980.0437 1675.0666 569.2176 908.7284 1477.5917 1036.1182 321.8579 641.2 4825.6296 1432.8778;
	1630.1837 1060.5216 1713.4744 587.213 912.1356 1501.8444 1071.2168 323.2591 678.0299 5193.3185 1834.3294;
	1725.2515 1091.3727 1761.5692 606.3741 996.7 1537.5354 1088.9887 334.1842 717.3 5155.4376 1855.1951;
	1711.4815 1100.182 1834.9441 588.3977 988.2477 1539.0234 1124.1712 343.8798 733.4011 5194.2485 2044.6191;
	1688.1516 1056.904 1772.8387 579.7224 958.1045 1437.7571 1052.6716 329.3211 697.9314 5023.5844 1804.2302;
	1644.1365 1027.2879 1694.4108 539.7 900.756 1338.7 928.4611 289.4937 641.292 4795.1585 1700.6613;
	1584.3677 965.5569 1574.2197 519.2021 827.3118 1250.8856 873.6375 256.5127 585.732 4612.8207 1616.6553;
	1515.4744 859.1035 1420.6849 498.4081 740.7711 1120.3183 793.7386 238.275 504.709 3995.9827 1206.0089;
	1455.2009 809.8316 1405.1792 519.2 723.7892 1108.5627 793.7226 226.0142 494.3066 3863.1953 1154.3209;
];
