function loadprofile = ex_load_profilesh1
%EX_LOAD_PROFILE  Example load profile data file for stochastic unit commitment.
% 2022.03.12
% Andres F. Ramirez

%% define constants
[CT_LABEL, CT_PROB, CT_TABLE, CT_TBUS, CT_TGEN, CT_TBRCH, CT_TAREABUS, ...
    CT_TAREAGEN, CT_TAREABRCH, CT_ROW, CT_COL, CT_CHGTYPE, CT_REP, ...
    CT_REL, CT_ADD, CT_NEWVAL, CT_TLOAD, CT_TAREALOAD, CT_LOAD_ALL_PQ, ...
    CT_LOAD_FIX_PQ, CT_LOAD_DIS_PQ, CT_LOAD_ALL_P, CT_LOAD_FIX_P, ...
    CT_LOAD_DIS_P, CT_TGENCOST, CT_TAREAGENCOST, CT_MODCOST_F, ...
    CT_MODCOST_X] = idx_ct;

loadprofile = struct( ...
    'type', 'mpcData', ...
    'table', CT_TAREALOAD, ...
    'rows', [1:11], ...
    'col', CT_LOAD_ALL_P, ...
    'chgtype', 1, ...
    'values', [] );
loadprofile.values(:,1,:) = [
	1505.7697 959.4833 1634.9948 582.7018 803.804 1250.3479 924.59 271.9 544.8452 4832.5676 1832.6464;
	1458.3643 933.9858 1617.0064 559.2519 778.7855 1202.9 874.3541 246.0399 518.0032 4619.7464 1730.5934;
	1461.73 938.1818 1593.9716 561.4523 776.3726 1197.1678 875.9307 247.3666 516.8244 4586.9604 1747.9718;
	1476.0635 954.0877 1637.1838 568.7233 789.8 1214.8125 892.6352 253.6482 530.4 4624.7786 1769.3;
	1499.0618 990.3381 1717.3153 580.3505 838.7761 1277.4292 933.2 262.8579 544.2 4669.9213 1842.1115;
	1562.5898 1038.2125 1789.7694 617.5 907.4266 1341.4879 981.0089 280.5015 567.8018 4696.6809 1907.5034;
	1568.8895 1032.6 1805.7768 607.0981 929.2945 1385.7 1014.5358 304.9581 589.0757 4816.735 2010.9542;
	1629.5672 1055.1728 1842.2957 634.1816 985.1966 1419.6538 1059.476 337.9 634.6942 5085.3544 2108.7;
	1676.2538 1067.6334 1873.8034 621.6017 1024.8872 1468.2 1105.651 364.9652 674.7161 5333.9995 2183.7418;
	1689.1697 1043.475 1832.9 600.6097 969.8 1411.2813 1074.8644 353.7351 654.6328 5282.6406 2054.0528;
	1682.9719 1055.6343 1828.0895 600.1271 935.0595 1416.4733 1141.9527 356.2801 676.5553 5402.3481 2184.6392;
	1665.8984 1050.9156 1804.0965 599.7498 939.7 1430.8323 1124.101 341.3728 651.7 5261.1887 2057.0194;
	1679.5492 1041.9688 1824.8 594.8243 945.2045 1389.6764 1112.897 343.2862 636.6 5200.8011 2080.4882;
	1669.4882 1061.4 1847.9365 595.6392 978.5 1411.7727 1082.7634 326.9 637.421 5234.4943 2089.7819;
	1666.0778 1087.2197 1803.0909 596.2534 965.8521 1452.0854 1100.6387 333.4715 621.4 5332.3986 2116.7524;
	1664.5611 1110.4789 1854.5625 608.6736 966.0051 1480.4721 1136.8658 314.9212 647.5098 5432.4146 2198.8664;
	1682.8376 1099.2757 1854.7948 599.4964 970.5 1481.5582 1150.6036 313.3612 660.2757 5461.748 2259.6894;
	1673.6073 1116.4807 1890.3 610.9901 980.1568 1522.7499 1154.6 313.8986 670.4 5551.9922 2339.8335;
	1713.3288 1146.9 1953.1104 597.9534 1022.372 1506.53 1146.0922 319.1824 686.0879 5611.6151 2307.3345;
	1704.6 1105.2775 1840.0339 588.0 929.0114 1387.1786 1080.3616 315.1 657.0 5412.2574 2194.9251;
	1617.4473 1027.1117 1727.5593 572.1583 869.8 1312.3452 1014.0497 297.4274 628.2 5219.4921 2059.2204;
	1549.8629 985.8808 1644.2718 548.9721 826.3105 1241.4912 959.6 285.1644 589.817 5033.4296 1915.8279;
	1485.3238 913.1559 1574.3902 544.7649 773.1819 1105.1012 881.5034 243.793 516.3116 4551.2298 1692.0608;
	1470.0865 911.0942 1554.7445 582.2058 784.2027 1067.8387 850.4326 237.1529 500.2304 4285.4642 1615.8565;
];
