function solarprofile = ex_solar_profilesh1
%EX_WIND_PROFILE_D  Example wind_load_nyiso profile data for deterministic unit commitment.
% 2022.03.12
% Andres F. Ramirez


%% define constants
[GEN_BUS, PG, QG, QMAX, QMIN, VG, MBASE, GEN_STATUS, PMAX, PMIN, ...
    MU_PMAX, MU_PMIN, MU_QMAX, MU_QMIN, PC1, PC2, QC1MIN, QC1MAX, ...
    QC2MIN, QC2MAX, RAMP_AGC, RAMP_10, RAMP_30, RAMP_Q, APF] = idx_gen;
[CT_LABEL, CT_PROB, CT_TABLE, CT_TBUS, CT_TGEN, CT_TBRCH, CT_TAREABUS, ...
    CT_TAREAGEN, CT_TAREABRCH, CT_ROW, CT_COL, CT_CHGTYPE, CT_REP, ...
    CT_REL, CT_ADD, CT_NEWVAL, CT_TLOAD, CT_TAREALOAD, CT_LOAD_ALL_PQ, ...
    CT_LOAD_FIX_PQ, CT_LOAD_DIS_PQ, CT_LOAD_ALL_P, CT_LOAD_FIX_P, ...
    CT_LOAD_DIS_P, CT_TGENCOST, CT_TAREAGENCOST, CT_MODCOST_F, ...
    CT_MODCOST_X] = idx_ct;

solarprofile = struct( ...
    'type', 'mpcData', ...
    'table', CT_TGEN, ...
    'rows', [1:12], ...
    'col', PMAX, ...
    'chgtype', 1, ...
    'values', [] );
solarprofile.values(:,1,:) = [
	0.0 0.0 0.0 0.0 0.0 0.0 0.0 0.0 0.0 0.0 0.0 0.0;
	0.0 0.0 0.0 0.0 0.0 0.0 0.0 0.0 0.0 0.0 0.0 0.0;
	0.0 0.0 0.0 0.0 0.0 0.0 0.0 0.0 0.0 0.0 0.0 0.0;
	0.0 0.0 0.0 0.0 0.0 0.0 0.0 0.0 0.0 0.0 0.0 0.0;
	0.0 0.0 0.0 0.0 0.0 0.0 0.0 0.0 0.0 0.0 0.0 0.0;
	0.0 0.0 0.0 0.0 0.0 0.0 0.0 0.0 0.0 0.0 0.0 0.0;
	0.3534 0.4065 0.4045 6.9726 2.9783 3.5734 0.4467 8.3743 38.4648 16.7636 8.929 30.359;
	1.9463 1.6609 1.4076 6.5519 4.4123 16.9653 2.1207 8.3735 37.6569 83.5924 62.1844 151.3863;
	2.487 1.8807 1.484 4.3897 4.7323 24.8373 3.1047 7.4971 30.825 88.7466 97.7995 160.7206;
	2.4333 2.0818 1.2751 1.6134 5.9936 53.125 6.6406 10.5249 66.587 61.6771 71.0913 111.6976;
	2.2097 2.0288 1.0725 1.7897 8.3112 90.0381 11.2548 19.365 75.5876 70.5392 55.73 127.7468;
	2.2501 2.1128 1.1146 2.0207 9.1972 137.2412 17.1552 25.58 83.1737 69.0028 45.8456 124.9645;
	3.4601 2.9218 1.1361 1.721 6.3673 264.7828 33.0978 29.2657 91.6225 60.121 49.2721 108.8794;
	2.9512 2.4997 0.9873 0.6987 4.3446 193.9851 24.2481 14.8392 75.826 43.948 35.5781 79.5901;
	2.1514 1.9316 0.8174 0.4057 2.9016 104.1728 13.0216 5.7369 62.1658 29.5517 19.0733 53.5184;
	1.9959 1.7123 1.6204 0.136 0.9245 18.8209 2.3526 0.3622 33.2528 24.1319 4.1563 43.703;
	0.7754 0.7404 0.6641 0.4566 0.9186 30.7109 3.8389 6.4379 25.1103 19.9836 9.0132 36.1905;
	0.0 0.0 0.0 0.0 0.0 0.0 0.0 0.0 0.0 0.0 0.0 0.0;
	0.0 0.0 0.0 0.0 0.0 0.0 0.0 0.0 0.0 0.0 0.0 0.0;
	0.0 0.0 0.0 0.0 0.0 0.0 0.0 0.0 0.0 0.0 0.0 0.0;
	0.0 0.0 0.0 0.0 0.0 0.0 0.0 0.0 0.0 0.0 0.0 0.0;
	0.0 0.0 0.0 0.0 0.0 0.0 0.0 0.0 0.0 0.0 0.0 0.0;
	0.0 0.0 0.0 0.0 0.0 0.0 0.0 0.0 0.0 0.0 0.0 0.0;
	0.0 0.0 0.0 0.0 0.0 0.0 0.0 0.0 0.0 0.0 0.0 0.0;
];
