function solarprofile = ex_solar_profilesh1
%EX_WIND_PROFILE_D  Example wind_load_nyiso profile data for deterministic unit commitment.
% 2022.03.12
% Andres F. Ramirez


%% define constants
[GEN_BUS, PG, QG, QMAX, QMIN, VG, MBASE, GEN_STATUS, PMAX, PMIN, ...
    MU_PMAX, MU_PMIN, MU_QMAX, MU_QMIN, PC1, PC2, QC1MIN, QC1MAX, ...
    QC2MIN, QC2MAX, RAMP_AGC, RAMP_10, RAMP_30, RAMP_Q, APF] = idx_gen;
[CT_LABEL, CT_PROB, CT_TABLE, CT_TBUS, CT_TGEN, CT_TBRCH, CT_TAREABUS, ...
    CT_TAREAGEN, CT_TAREABRCH, CT_ROW, CT_COL, CT_CHGTYPE, CT_REP, ...
    CT_REL, CT_ADD, CT_NEWVAL, CT_TLOAD, CT_TAREALOAD, CT_LOAD_ALL_PQ, ...
    CT_LOAD_FIX_PQ, CT_LOAD_DIS_PQ, CT_LOAD_ALL_P, CT_LOAD_FIX_P, ...
    CT_LOAD_DIS_P, CT_TGENCOST, CT_TAREAGENCOST, CT_MODCOST_F, ...
    CT_MODCOST_X] = idx_ct;

solarprofile = struct( ...
    'type', 'mpcData', ...
    'table', CT_TGEN, ...
    'rows', [1:12], ...
    'col', PMAX, ...
    'chgtype', 1, ...
    'values', [] );
solarprofile.values(:,1,:) = [
	0.0 0.0 0.0 0.0 0.0 0.0 0.0 0.0 0.0 0.0 0.0 0.0;
	0.0 0.0 0.0 0.0 0.0 0.0 0.0 0.0 0.0 0.0 0.0 0.0;
	0.0 0.0 0.0 0.0 0.0 0.0 0.0 0.0 0.0 0.0 0.0 0.0;
	0.0 0.0 0.0 0.0 0.0 0.0 0.0 0.0 0.0 0.0 0.0 0.0;
	0.0 0.0 0.0 0.0 0.0 0.0 0.0 0.0 0.0 0.0 0.0 0.0;
	0.0 0.0 0.0 0.0 0.0 0.0 0.0 0.0 0.0 0.0 0.0 0.0;
	0.4914 0.4404 0.3747 1.8788 1.2637 13.9427 1.7428 0.7833 69.2562 9.4207 5.1072 17.0609;
	0.6036 0.5068 0.4386 4.8941 2.7753 19.3066 2.4133 4.6062 92.8551 2.2384 6.6324 4.0538;
	0.6123 0.5326 0.3811 5.9177 3.3941 22.7825 2.8478 6.3075 89.8392 8.2823 7.2647 14.9993;
	1.0255 0.9238 0.7618 3.8879 3.158 34.1254 4.2657 7.036 96.4254 15.041 15.4931 27.2394;
	1.6432 1.0933 0.9921 2.8249 3.3941 29.4302 3.6788 5.999 89.5347 30.1582 24.7206 54.6166;
	2.0537 1.1614 1.1265 2.3982 3.6456 26.6337 3.3292 5.8847 83.7534 46.341 35.7923 83.9238;
	2.4854 1.7572 1.5194 3.2245 3.7437 50.0258 6.2532 24.3314 94.7482 80.5403 88.1434 145.859;
	2.0762 1.8722 1.5195 2.8699 3.1529 50.4787 6.3098 27.1523 81.5575 72.8465 88.4345 131.9254;
	1.7789 1.6553 1.4019 2.133 2.2234 58.1657 7.2707 35.7441 66.5318 58.3299 61.2887 105.6359;
	1.8287 1.3988 1.376 0.7246 0.4953 93.8784 11.7348 34.5108 24.9676 37.2705 20.1801 67.4971;
	0.3696 0.2272 0.1561 0.3885 0.5694 37.5652 4.6956 10.6072 22.3938 21.9719 10.6527 39.7912;
	0.0 0.0 0.0 0.0 0.0 0.0 0.0 0.0 0.0 0.0 0.0 0.0;
	0.0 0.0 0.0 0.0 0.0 0.0 0.0 0.0 0.0 0.0 0.0 0.0;
	0.0 0.0 0.0 0.0 0.0 0.0 0.0 0.0 0.0 0.0 0.0 0.0;
	0.0 0.0 0.0 0.0 0.0 0.0 0.0 0.0 0.0 0.0 0.0 0.0;
	0.0 0.0 0.0 0.0 0.0 0.0 0.0 0.0 0.0 0.0 0.0 0.0;
	0.0 0.0 0.0 0.0 0.0 0.0 0.0 0.0 0.0 0.0 0.0 0.0;
	0.0 0.0 0.0 0.0 0.0 0.0 0.0 0.0 0.0 0.0 0.0 0.0;
];
