function loadprofile = ex_load_profilesh1
%EX_LOAD_PROFILE  Example load profile data file for stochastic unit commitment.
% 2022.03.12
% Andres F. Ramirez

%% define constants
[CT_LABEL, CT_PROB, CT_TABLE, CT_TBUS, CT_TGEN, CT_TBRCH, CT_TAREABUS, ...
    CT_TAREAGEN, CT_TAREABRCH, CT_ROW, CT_COL, CT_CHGTYPE, CT_REP, ...
    CT_REL, CT_ADD, CT_NEWVAL, CT_TLOAD, CT_TAREALOAD, CT_LOAD_ALL_PQ, ...
    CT_LOAD_FIX_PQ, CT_LOAD_DIS_PQ, CT_LOAD_ALL_P, CT_LOAD_FIX_P, ...
    CT_LOAD_DIS_P, CT_TGENCOST, CT_TAREAGENCOST, CT_MODCOST_F, ...
    CT_MODCOST_X] = idx_ct;

loadprofile = struct( ...
    'type', 'mpcData', ...
    'table', CT_TAREALOAD, ...
    'rows', [1:11], ...
    'col', CT_LOAD_ALL_P, ...
    'chgtype', 1, ...
    'values', [] );
loadprofile.values(:,1,:) = [
	1493.4656 959.8445 1634.452 597.4146 852.5701 1248.3769 896.6549 301.4 544.4605 4905.2673 1795.1532;
	1494.5 941.4634 1588.8991 593.9264 814.9 1213.3137 854.6802 295.6983 508.4 4599.9134 1603.3623;
	1502.4514 953.9626 1593.8594 601.4954 823.1 1231.4274 876.8 291.1003 514.8828 4571.6978 1710.1292;
	1488.6529 961.3721 1640.5917 603.6086 839.4154 1272.3714 899.1205 305.6839 532.6728 4610.5 1710.8;
	1554.2593 1008.7456 1718.982 620.0964 910.2759 1324.0488 943.6411 316.3 587.2668 4735.3396 1814.6143;
	1591.7 1072.1275 1809.0699 616.1754 995.3254 1382.0962 1025.2787 333.7467 621.5311 4937.4374 1940.7464;
	1616.8227 1073.8664 1827.0 646.6496 1020.35 1423.7633 1058.2346 335.3898 645.2834 5110.9364 2012.7286;
	1638.9909 1104.5085 1848.5601 649.5471 1071.1045 1490.8265 1108.1205 346.8 657.7319 5281.538 1977.2603;
	1652.0879 1128.5416 1887.9 644.8215 1083.937 1510.5535 1144.5523 376.0414 670.2865 5453.7059 2010.4603;
	1653.0762 1164.7111 1926.3006 615.4 1099.9088 1525.9 1189.823 444.086 695.1559 5611.5981 2029.2547;
	1620.4919 1162.2913 1932.7173 617.3369 1084.6141 1500.0 1182.3921 431.0954 691.8011 5654.5389 2014.601;
	1670.004 1189.6051 1953.2734 598.673 1068.0237 1512.4172 1265.487 438.4253 678.1832 5896.3433 2080.2134;
	1670.5733 1143.0855 1918.4791 583.0113 1023.9302 1446.0219 1189.5499 428.3511 677.2594 5706.7066 2011.9326;
	1648.778 1138.0263 1899.8332 592.9 1020.7515 1414.1101 1220.7443 433.2274 678.9611 5826.6814 2114.6985;
	1675.532 1123.64 1918.5249 585.3832 1028.206 1432.7438 1180.7792 439.8869 664.1026 5776.8697 2136.738;
	1728.9182 1148.6051 1927.8 599.277 1025.6472 1474.7877 1168.8224 442.8296 687.6087 5708.3721 2234.013;
	1800.9411 1208.3217 1993.7503 614.9637 1061.9146 1503.6993 1193.2769 423.608 712.1564 5767.5522 2310.8254;
	1815.9675 1247.9152 2017.0346 625.2888 1088.3858 1501.9851 1183.9686 419.6572 728.6038 5792.239 2363.5413;
	1799.8727 1286.6973 2026.5464 614.0952 1058.6768 1495.8866 1171.8 380.1686 715.6989 5756.0596 2317.7008;
	1751.6846 1200.9144 1884.7342 589.8016 977.2942 1388.6436 1108.9 367.9813 673.1274 5572.6111 2194.9094;
	1740.933 1143.247 1794.78 558.5 911.787 1263.0052 1027.0776 332.2 631.6856 5322.4944 2080.6599;
	1616.7464 1077.3851 1694.1804 526.2565 875.5597 1206.9386 956.0805 306.0555 584.6435 5069.8608 1924.07;
	1511.3749 994.989 1595.7242 531.8876 817.7226 1103.9 888.6836 294.072 533.8454 4607.7434 1719.9;
	1462.1299 949.628 1527.4574 530.2 781.4137 1057.7683 829.8031 268.9819 505.6416 4372.3917 1627.3264;
];
