function loadprofile = ex_load_profilesh1
%EX_LOAD_PROFILE  Example load profile data file for stochastic unit commitment.
% 2022.03.12
% Andres F. Ramirez

%% define constants
[CT_LABEL, CT_PROB, CT_TABLE, CT_TBUS, CT_TGEN, CT_TBRCH, CT_TAREABUS, ...
    CT_TAREAGEN, CT_TAREABRCH, CT_ROW, CT_COL, CT_CHGTYPE, CT_REP, ...
    CT_REL, CT_ADD, CT_NEWVAL, CT_TLOAD, CT_TAREALOAD, CT_LOAD_ALL_PQ, ...
    CT_LOAD_FIX_PQ, CT_LOAD_DIS_PQ, CT_LOAD_ALL_P, CT_LOAD_FIX_P, ...
    CT_LOAD_DIS_P, CT_TGENCOST, CT_TAREAGENCOST, CT_MODCOST_F, ...
    CT_MODCOST_X] = idx_ct;

loadprofile = struct( ...
    'type', 'mpcData', ...
    'table', CT_TAREALOAD, ...
    'rows', [1:11], ...
    'col', CT_LOAD_ALL_P, ...
    'chgtype', 1, ...
    'values', [] );
loadprofile.values(:,1,:) = [
	1393.0811 886.7068 1588.3448 538.5574 815.2327 1213.112 906.2551 285.8933 555.4896 4806.655 1841.2077;
	1362.2967 861.8378 1529.3069 522.0495 787.5071 1186.5052 881.769 275.8 535.4325 4680.5442 1763.0514;
	1364.4477 875.7 1552.4 539.2773 811.3 1224.5072 889.6 281.9551 535.8825 4625.0965 1773.6;
	1381.1728 893.558 1572.4131 541.9 823.5516 1236.9562 897.0261 270.8885 534.5572 4635.888 1788.8181;
	1401.5181 900.5344 1599.0203 542.9755 875.94 1276.9418 942.326 300.3225 572.1634 4711.6989 1846.8417;
	1456.0763 951.7397 1695.9183 541.279 913.6 1325.0893 958.0 304.5032 578.9401 4807.7868 1869.7059;
	1515.9 979.6084 1739.5318 580.1142 949.6882 1343.1601 979.5584 323.8 598.6553 4882.4756 1895.7827;
	1563.9313 1017.1002 1823.0709 576.6075 991.6123 1410.8806 1058.1123 336.0784 635.8 5043.531 1914.9848;
	1581.7523 1038.6653 1836.2542 579.7594 995.5381 1419.5 1062.2595 332.0328 641.81 5067.4275 1940.717;
	1590.4368 1021.2662 1788.1072 560.9194 963.3405 1366.5419 1037.3461 319.734 633.4369 4897.5085 1790.2735;
	1612.0 1050.3098 1834.1811 562.8673 962.2226 1385.2238 1041.9949 322.8238 634.3115 5186.0902 1920.5342;
	1602.17 1055.5868 1819.9961 555.0 936.7895 1417.6619 1026.5441 340.2 619.7895 5300.7257 1909.456;
	1621.1947 1008.2646 1805.7017 555.9 914.2286 1428.561 998.9258 327.4 603.5374 5282.2822 1931.8425;
	1581.6975 1004.4026 1816.3445 553.9797 929.3607 1436.725 1053.8335 332.8645 615.0951 5320.6367 1996.3835;
	1650.8711 1039.2192 1835.4846 558.0872 902.5178 1459.635 1066.5617 318.8567 623.3739 5330.5705 2111.2542;
	1722.8365 1093.1891 1864.2 560.7274 918.5001 1484.3925 1080.4545 311.8131 645.8 5430.3216 2187.6118;
	1690.5874 1079.113 1869.8 542.0101 974.9072 1524.7661 1121.8535 344.2559 667.4944 5538.8178 2260.5;
	1741.7238 1124.4572 1923.5048 564.2198 1040.2458 1620.5804 1168.8161 366.5511 719.4521 5609.0371 2372.0406;
	1778.2012 1138.7235 1931.1191 541.2181 1043.7139 1585.1236 1150.0344 354.0711 714.3515 5606.4957 2366.1409;
	1734.9947 1080.4754 1814.2663 555.1 968.8851 1507.3 1118.8665 330.3 691.807 5593.3275 2254.6631;
	1715.0401 1059.6945 1769.4613 536.0645 912.9253 1429.5243 1045.9 304.3587 640.6529 5332.7051 2094.1021;
	1639.6898 987.1334 1662.6951 515.6 830.1114 1322.8461 987.0811 275.0877 602.5 5074.1928 1929.9121;
	1511.4713 914.8888 1529.0997 527.1537 768.5494 1170.9876 930.3775 252.6479 540.0047 4959.4803 1732.2596;
	1398.0298 839.7142 1454.0766 525.5169 693.3077 1108.924 872.1 235.899 489.6265 4580.0246 1620.1599;
];
