function solarprofile = ex_solar_profilesh1
%EX_WIND_PROFILE_D  Example wind_load_nyiso profile data for deterministic unit commitment.
% 2022.03.12
% Andres F. Ramirez


%% define constants
[GEN_BUS, PG, QG, QMAX, QMIN, VG, MBASE, GEN_STATUS, PMAX, PMIN, ...
    MU_PMAX, MU_PMIN, MU_QMAX, MU_QMIN, PC1, PC2, QC1MIN, QC1MAX, ...
    QC2MIN, QC2MAX, RAMP_AGC, RAMP_10, RAMP_30, RAMP_Q, APF] = idx_gen;
[CT_LABEL, CT_PROB, CT_TABLE, CT_TBUS, CT_TGEN, CT_TBRCH, CT_TAREABUS, ...
    CT_TAREAGEN, CT_TAREABRCH, CT_ROW, CT_COL, CT_CHGTYPE, CT_REP, ...
    CT_REL, CT_ADD, CT_NEWVAL, CT_TLOAD, CT_TAREALOAD, CT_LOAD_ALL_PQ, ...
    CT_LOAD_FIX_PQ, CT_LOAD_DIS_PQ, CT_LOAD_ALL_P, CT_LOAD_FIX_P, ...
    CT_LOAD_DIS_P, CT_TGENCOST, CT_TAREAGENCOST, CT_MODCOST_F, ...
    CT_MODCOST_X] = idx_ct;

solarprofile = struct( ...
    'type', 'mpcData', ...
    'table', CT_TGEN, ...
    'rows', [1:12], ...
    'col', PMAX, ...
    'chgtype', 1, ...
    'values', [] );
solarprofile.values(:,1,:) = [
	0.0 0.0 0.0 0.0 0.0 0.0 0.0 0.0 0.0 0.0 0.0 0.0;
	0.0 0.0 0.0 0.0 0.0 0.0 0.0 0.0 0.0 0.0 0.0 0.0;
	0.0 0.0 0.0 0.0 0.0 0.0 0.0 0.0 0.0 0.0 0.0 0.0;
	0.0 0.0 0.0 0.0 0.0 0.0 0.0 0.0 0.0 0.0 0.0 0.0;
	0.0 0.0 0.0 0.0 0.0 0.0 0.0 0.0 0.0 0.0 0.0 0.0;
	0.0 0.0 0.0 0.0 0.0 0.0 0.0 0.0 0.0 0.0 0.0 0.0;
	0.0178 0.0718 0.2615 0.4297 4.7529 6.215 0.7769 0.0 0.0 3.1715 3.5437 5.7435;
	0.7421 0.6549 0.6616 1.132 3.1142 12.7157 1.5895 0.0 5.6245 15.4301 0.0 27.9441;
	1.1899 1.1139 0.9378 1.7442 2.0714 19.2966 2.4121 2.1192 15.8472 35.0515 5.099 63.4785;
	1.4822 1.4171 0.9401 1.4162 0.9011 37.0755 4.6344 6.0714 92.842 15.7682 10.2314 28.5563;
	0.9531 0.973 0.6512 1.3521 1.394 62.1765 7.7721 8.701 115.7508 8.2832 16.5349 15.0008;
	0.745 0.6853 0.313 1.4322 1.2836 63.5225 7.9403 6.9697 110.2264 1.7517 15.1325 3.1724;
	1.1248 0.8828 0.0186 2.2951 0.2299 42.0526 5.2566 3.4451 43.33 1.3171 0.0 2.3852;
	1.0705 0.9156 0.0795 2.0039 0.0 22.3495 2.7937 1.447 27.8074 2.3209 0.0 4.2031;
	0.7067 0.8352 0.0473 1.7496 0.0 20.8907 2.6113 0.4709 23.1619 6.9287 0.0 12.5479;
	0.5135 0.9698 0.2746 0.8937 0.7229 41.002 5.1253 2.5783 31.7012 14.2925 19.4409 25.8838;
	0.2599 0.3107 0.1591 0.7193 1.1869 39.7452 4.9681 7.0958 27.3176 18.6057 23.7945 33.6951;
	0.0 0.0 0.0 0.0 0.0 0.0 0.0 0.0 0.0 0.0 0.0 0.0;
	0.0 0.0 0.0 0.0 0.0 0.0 0.0 0.0 0.0 0.0 0.0 0.0;
	0.0 0.0 0.0 0.0 0.0 0.0 0.0 0.0 0.0 0.0 0.0 0.0;
	0.0 0.0 0.0 0.0 0.0 0.0 0.0 0.0 0.0 0.0 0.0 0.0;
	0.0 0.0 0.0 0.0 0.0 0.0 0.0 0.0 0.0 0.0 0.0 0.0;
	0.0 0.0 0.0 0.0 0.0 0.0 0.0 0.0 0.0 0.0 0.0 0.0;
	0.0 0.0 0.0 0.0 0.0 0.0 0.0 0.0 0.0 0.0 0.0 0.0;
];
