function loadprofile = ex_load_profilesh1
%EX_LOAD_PROFILE  Example load profile data file for stochastic unit commitment.
% 2022.03.12
% Andres F. Ramirez

%% define constants
[CT_LABEL, CT_PROB, CT_TABLE, CT_TBUS, CT_TGEN, CT_TBRCH, CT_TAREABUS, ...
    CT_TAREAGEN, CT_TAREABRCH, CT_ROW, CT_COL, CT_CHGTYPE, CT_REP, ...
    CT_REL, CT_ADD, CT_NEWVAL, CT_TLOAD, CT_TAREALOAD, CT_LOAD_ALL_PQ, ...
    CT_LOAD_FIX_PQ, CT_LOAD_DIS_PQ, CT_LOAD_ALL_P, CT_LOAD_FIX_P, ...
    CT_LOAD_DIS_P, CT_TGENCOST, CT_TAREAGENCOST, CT_MODCOST_F, ...
    CT_MODCOST_X] = idx_ct;

loadprofile = struct( ...
    'type', 'mpcData', ...
    'table', CT_TAREALOAD, ...
    'rows', [1:11], ...
    'col', CT_LOAD_ALL_P, ...
    'chgtype', 1, ...
    'values', [] );
loadprofile.values(:,1,:) = [
	1526.7141 955.2 1706.5726 545.3916 868.1572 1202.161 922.7 273.3 530.7097 4795.3463 1886.3937;
	1492.0208 932.498 1643.7863 538.5001 809.7168 1115.3438 874.1799 267.6127 507.4372 4599.0 1770.9164;
	1508.4508 937.0542 1634.4967 545.2462 819.3766 1145.5068 889.7596 277.0 511.3 4572.5183 1773.1348;
	1530.9482 961.3645 1683.7601 551.8374 842.5311 1183.7145 899.8663 288.4 510.3412 4607.3883 1802.4439;
	1584.1547 1008.8425 1756.6988 571.7709 909.3 1230.1111 941.8998 308.1 544.4622 4662.63 1881.3199;
	1652.5 1051.6958 1842.8957 583.689 974.9744 1325.4317 1004.7552 320.2439 581.5711 4776.3091 1957.7172;
	1665.1524 1077.6566 1833.5865 604.6183 1028.2401 1389.8 1070.9 329.4593 617.1398 5063.4126 2066.862;
	1690.1862 1101.2564 1877.5 618.7 1069.3009 1449.9894 1147.7127 333.4 660.5 5226.6676 2146.3682;
	1716.9596 1087.3645 1879.8038 606.0056 1057.5835 1388.9619 1163.8761 343.7961 682.5 5341.3542 2250.2243;
	1759.7217 1102.1456 1892.5004 594.7717 1069.4808 1424.6398 1184.7094 341.7858 678.1888 5318.5639 2207.7265;
	1761.8167 1121.7221 1901.795 586.3583 1071.034 1406.1208 1181.2245 333.9 682.2 5321.422 2206.4374;
	1794.6195 1156.4226 1904.1348 571.0 1064.6377 1439.7321 1204.6999 360.174 677.7669 5408.5341 2261.0309;
	1739.0085 1117.7726 1870.7937 579.5021 1037.669 1389.3619 1151.4736 341.9756 648.5246 5368.3659 2144.6994;
	1749.9527 1085.4469 1861.0338 567.1 1031.5707 1376.839 1109.8492 362.3755 634.8216 5449.9126 2200.2933;
	1736.7316 1087.0844 1841.9058 557.0095 1052.6002 1415.995 1145.4704 368.7 643.1 5341.9437 2226.465;
	1775.2 1126.0371 1884.9741 564.557 1063.492 1459.2203 1155.4559 372.3113 673.5116 5466.8699 2389.8003;
	1741.7 1106.8802 1880.7917 581.5641 1061.6552 1487.9301 1248.9269 359.9105 673.7 5520.0526 2523.7991;
	1806.9193 1164.0318 1952.9592 610.3211 1111.5727 1536.9 1255.5723 376.7 710.3666 5675.6 2674.7322;
	1874.6879 1194.516 1978.2283 613.7 1132.6693 1550.8149 1232.06 383.1697 718.5857 5697.6546 2632.4411;
	1817.0 1153.5 1899.2617 595.6664 1072.8322 1445.6431 1169.8271 372.3405 694.7734 5545.2772 2381.7981;
	1765.5711 1087.2574 1795.1719 569.5589 974.0082 1350.5575 1074.3212 334.6 633.578 5327.7531 2209.5042;
	1684.2322 1009.6589 1751.1 552.3595 924.8483 1297.893 1032.7428 305.4 581.2 5134.9598 2136.7379;
	1589.9526 946.9588 1618.5223 525.5426 863.0817 1156.9621 937.8391 279.1173 495.8111 4732.6446 1830.4489;
	1545.2825 915.016 1559.1 537.4632 788.2786 1094.7458 871.5057 259.8839 427.0926 4429.0788 1662.5;
];
