function loadprofile = ex_load_profilesh1
%EX_LOAD_PROFILE  Example load profile data file for stochastic unit commitment.
% 2022.03.12
% Andres F. Ramirez

%% define constants
[CT_LABEL, CT_PROB, CT_TABLE, CT_TBUS, CT_TGEN, CT_TBRCH, CT_TAREABUS, ...
    CT_TAREAGEN, CT_TAREABRCH, CT_ROW, CT_COL, CT_CHGTYPE, CT_REP, ...
    CT_REL, CT_ADD, CT_NEWVAL, CT_TLOAD, CT_TAREALOAD, CT_LOAD_ALL_PQ, ...
    CT_LOAD_FIX_PQ, CT_LOAD_DIS_PQ, CT_LOAD_ALL_P, CT_LOAD_FIX_P, ...
    CT_LOAD_DIS_P, CT_TGENCOST, CT_TAREAGENCOST, CT_MODCOST_F, ...
    CT_MODCOST_X] = idx_ct;

loadprofile = struct( ...
    'type', 'mpcData', ...
    'table', CT_TAREALOAD, ...
    'rows', [1:11], ...
    'col', CT_LOAD_ALL_P, ...
    'chgtype', 1, ...
    'values', [] );
loadprofile.values(:,1,:) = [
	1511.7219 906.5 1610.317 633.5096 862.9179 1209.4192 911.22 277.7 536.7213 4586.05 1795.0031;
	1478.0835 897.1 1591.09 628.3411 824.0649 1175.7608 884.696 262.6807 521.5 4501.8314 1729.609;
	1485.5197 901.8275 1601.6156 629.4261 844.7916 1193.3067 889.3705 257.4659 519.6735 4411.7344 1711.5411;
	1524.7479 930.8216 1665.1444 629.4226 859.3884 1213.2341 905.1155 266.7 527.7046 4504.0193 1743.1417;
	1539.1188 967.977 1708.7156 625.0285 900.21 1254.6209 937.3 274.5285 540.3545 4694.5232 1814.2094;
	1581.1871 1012.0 1790.3831 643.1285 959.9173 1307.4 978.5 291.0419 558.1687 4838.6104 1878.0942;
	1585.28 1014.7 1836.0564 649.0896 974.4139 1389.7837 1040.237 303.4 585.4526 4969.5582 1945.1382;
	1657.3687 1047.9 1874.7327 644.9714 1028.268 1461.1705 1122.9457 325.1244 608.2598 5200.8198 2064.4299;
	1644.8 1045.7386 1842.408 643.6 1028.9 1483.3356 1160.2621 327.4327 630.6228 5371.9301 2097.3626;
	1653.1304 1051.0015 1866.4381 638.421 1028.6879 1457.7 1180.1461 313.0677 660.893 5500.541 2159.5674;
	1664.6134 1071.2667 1900.9816 629.849 1032.9343 1454.4709 1191.3976 316.1395 672.8783 5607.8828 2185.4424;
	1643.7935 1022.8838 1850.6732 621.1773 1002.5 1428.819 1188.9275 313.4402 652.1986 5519.0738 2124.5023;
	1668.9313 1034.5408 1832.4512 627.7239 979.6958 1389.6592 1145.0876 319.5187 655.3 5510.221 2119.7162;
	1691.944 1053.7 1811.7903 615.9765 936.7689 1385.7472 1155.7777 338.4702 653.5814 5481.2477 2113.1012;
	1697.8573 1074.0041 1777.0761 610.8 956.1524 1410.5239 1140.1752 320.1 648.6305 5395.7676 2086.5907;
	1714.0961 1113.0873 1846.3692 630.8458 957.9877 1454.5026 1238.7418 346.657 653.0 5466.8364 2238.8;
	1743.0 1112.736 1816.2531 633.8105 969.4561 1481.6297 1159.4515 342.4122 633.3802 5416.2851 2228.1213;
	1848.3482 1133.6603 1875.544 638.6413 1025.3 1539.7428 1229.7096 350.3 666.4343 5489.4178 2347.5069;
	1851.3147 1142.0 1897.1597 650.8449 1020.0062 1504.5885 1197.1614 338.1486 673.7979 5479.9139 2285.7892;
	1775.594 1099.3673 1832.1296 630.123 984.1674 1419.9665 1121.8458 333.7 641.841 5252.4469 2091.7315;
	1682.802 1002.2483 1713.1236 593.8836 918.1 1324.821 1034.3996 311.1383 582.6384 4959.3805 1895.1291;
	1626.1522 977.5 1651.1446 578.6951 854.3825 1225.1891 956.8 284.3339 550.3422 4767.9658 1818.2721;
	1559.0 924.8 1614.1755 579.7857 842.8544 1119.4745 890.1435 271.1056 519.7 4582.3494 1733.4;
	1506.7935 888.8855 1539.9106 572.9 822.0928 1105.776 860.4 272.7477 501.0 4476.5003 1682.1381;
];
