function loadprofile = ex_load_profilesh1
%EX_LOAD_PROFILE  Example load profile data file for stochastic unit commitment.
% 2022.03.12
% Andres F. Ramirez

%% define constants
[CT_LABEL, CT_PROB, CT_TABLE, CT_TBUS, CT_TGEN, CT_TBRCH, CT_TAREABUS, ...
    CT_TAREAGEN, CT_TAREABRCH, CT_ROW, CT_COL, CT_CHGTYPE, CT_REP, ...
    CT_REL, CT_ADD, CT_NEWVAL, CT_TLOAD, CT_TAREALOAD, CT_LOAD_ALL_PQ, ...
    CT_LOAD_FIX_PQ, CT_LOAD_DIS_PQ, CT_LOAD_ALL_P, CT_LOAD_FIX_P, ...
    CT_LOAD_DIS_P, CT_TGENCOST, CT_TAREAGENCOST, CT_MODCOST_F, ...
    CT_MODCOST_X] = idx_ct;

loadprofile = struct( ...
    'type', 'mpcData', ...
    'table', CT_TAREALOAD, ...
    'rows', [1:11], ...
    'col', CT_LOAD_ALL_P, ...
    'chgtype', 1, ...
    'values', [] );
loadprofile.values(:,1,:) = [
	1483.7 902.5312 1630.5502 594.7 861.9586 1324.9164 942.6884 329.2549 552.4989 4956.4761 1882.4772;
	1430.9187 885.7476 1600.6896 597.3 847.3 1269.032 922.6128 328.3492 548.9156 4737.2156 1848.9828;
	1455.0497 873.0915 1600.8507 591.9524 846.1464 1251.3285 903.1305 327.325 530.5 4682.0589 1826.4476;
	1471.0316 909.0339 1640.5329 594.8 857.3347 1283.0488 927.5248 306.99 551.5449 4671.6235 1824.5587;
	1493.0047 934.4534 1701.481 604.1798 918.3751 1327.6 972.7903 334.1054 576.0801 4856.2938 1944.9677;
	1565.1635 985.4064 1768.4374 604.3853 949.2473 1378.766 1008.3416 333.2 601.0069 4905.9109 2003.7643;
	1572.8103 982.3383 1796.4336 604.0828 959.1384 1418.4 1062.1949 335.6232 623.5 5026.6752 2051.9445;
	1601.321 1003.223 1870.2488 620.5668 982.9564 1465.3724 1122.9829 360.3578 662.0915 5267.4907 2155.7281;
	1629.6937 1006.5498 1905.772 613.997 1008.5256 1505.6725 1190.247 417.7016 695.5847 5532.4879 2335.395;
	1644.4196 1020.687 1884.0026 601.381 995.7718 1474.4839 1211.0508 383.1519 722.7817 5756.8378 2338.0308;
	1670.4711 1057.5318 1922.6533 592.5 1009.0882 1504.7728 1162.5086 373.7822 740.1739 5702.7 2328.9207;
	1667.3323 1067.3014 1927.0595 588.7 1014.6978 1516.38 1155.6379 358.6717 724.6526 5787.5696 2319.046;
	1647.8812 1072.8156 1903.6994 587.8506 983.9097 1499.1753 1162.6015 360.9613 752.5681 5915.9596 2410.6809;
	1651.265 1091.4016 1931.3367 588.9 987.8448 1546.8144 1196.3452 353.4558 773.4563 5704.637 2411.2528;
	1677.453 1117.7351 1980.2427 582.0 1009.8692 1568.869 1292.1022 363.5135 834.1161 5689.529 2472.4495;
	1788.9893 1162.5992 2027.3453 588.5364 1031.1104 1546.2205 1242.8645 361.0 797.9023 5654.2898 2464.0494;
	1720.9686 1132.0926 2009.5705 584.4338 1027.4 1601.0868 1271.7501 372.7577 825.5853 5939.7516 2494.0508;
	1778.2115 1183.3 2084.7482 617.9538 1086.8808 1648.1905 1261.6474 386.6631 824.7182 5891.6866 2513.6961;
	1771.908 1151.2573 2012.6771 611.4634 1073.4232 1629.8844 1232.6336 380.3166 801.5733 5890.3489 2406.5937;
	1736.3653 1115.5138 1930.0814 585.5 1027.4517 1564.7245 1232.3933 376.1883 784.6757 5880.4424 2417.2612;
	1690.0005 1056.3766 1808.316 566.0 964.8569 1441.4428 1103.8942 347.0095 718.0677 5521.9606 2209.8178;
	1590.3263 983.0066 1668.9068 537.2 846.1495 1322.3789 1000.1 314.9 656.417 5249.4258 2006.6432;
	1559.7344 912.8299 1610.1877 532.3854 802.9654 1191.7153 918.3465 295.4048 585.7984 4813.525 1789.0354;
	1497.3069 888.6817 1616.9448 535.0933 795.8465 1137.5483 894.7432 290.2068 570.3404 4606.1903 1693.1126;
];
