function loadprofile = ex_load_profilesh1
%EX_LOAD_PROFILE  Example load profile data file for stochastic unit commitment.
% 2022.03.12
% Andres F. Ramirez

%% define constants
[CT_LABEL, CT_PROB, CT_TABLE, CT_TBUS, CT_TGEN, CT_TBRCH, CT_TAREABUS, ...
    CT_TAREAGEN, CT_TAREABRCH, CT_ROW, CT_COL, CT_CHGTYPE, CT_REP, ...
    CT_REL, CT_ADD, CT_NEWVAL, CT_TLOAD, CT_TAREALOAD, CT_LOAD_ALL_PQ, ...
    CT_LOAD_FIX_PQ, CT_LOAD_DIS_PQ, CT_LOAD_ALL_P, CT_LOAD_FIX_P, ...
    CT_LOAD_DIS_P, CT_TGENCOST, CT_TAREAGENCOST, CT_MODCOST_F, ...
    CT_MODCOST_X] = idx_ct;

loadprofile = struct( ...
    'type', 'mpcData', ...
    'table', CT_TAREALOAD, ...
    'rows', [1:11], ...
    'col', CT_LOAD_ALL_P, ...
    'chgtype', 1, ...
    'values', [] );
loadprofile.values(:,1,:) = [
	1477.2309 930.3895 1613.2 580.4293 843.5511 1284.2845 878.4527 276.1 554.6481 4807.4142 1866.8898;
	1448.6729 912.6745 1565.9584 554.8682 812.6832 1251.0188 852.0157 255.1392 514.1751 4650.4095 1770.7162;
	1448.0507 911.5439 1577.6123 560.4004 816.0053 1263.7061 854.5493 247.4 511.8692 4652.4513 1803.6861;
	1449.3639 924.7544 1612.3403 583.0 854.3807 1303.5013 868.0 257.7336 527.4117 4657.4133 1804.4881;
	1494.7 985.2394 1699.527 584.1194 917.9118 1354.265 918.6244 266.6269 551.0869 4783.9153 1889.1304;
	1546.2258 1012.6 1751.842 608.85 984.0368 1367.6794 940.0575 283.6162 569.5478 4902.3176 1945.3;
	1561.6449 1016.0359 1793.668 613.0 1019.2487 1426.351 990.7881 300.7201 596.3745 5081.8586 2034.2277;
	1553.496 1035.0421 1791.6815 606.4277 1045.0421 1474.1945 1050.4204 311.8579 608.1961 5233.9 2130.1687;
	1633.1445 1043.4679 1848.1912 614.4214 1084.9448 1494.7653 1087.7722 336.0757 615.5282 5378.0979 2222.1929;
	1632.5521 1032.1923 1801.8782 609.8662 1048.8546 1496.203 1064.9631 326.0164 619.5488 5490.8246 2095.8925;
	1624.6347 1022.1603 1728.5789 589.6167 1034.1386 1495.6073 1062.4451 331.6263 633.8072 5439.4771 2047.6923;
	1644.3514 977.4215 1677.3483 580.2017 984.7342 1434.5 1029.2102 313.5563 640.0802 5526.2761 2005.2365;
	1590.9393 954.6432 1653.8185 566.9 978.0 1402.9 991.0107 323.2722 618.071 5546.7151 2065.9261;
	1527.3908 904.7508 1611.0725 568.8149 931.2398 1332.4 946.8741 309.5188 616.222 5421.7752 2076.8135;
	1530.4594 934.9245 1677.7513 567.0624 978.5237 1398.8226 1013.1526 329.3 640.6976 5472.5202 2125.8529;
	1532.4355 986.7426 1736.9194 576.4569 977.0726 1430.6 968.4589 302.7462 656.9208 5435.78 2135.6041;
	1603.1266 1065.8847 1801.8756 580.1 1003.5298 1467.356 1047.1997 332.3098 683.1 5539.1134 2257.8291;
	1708.481 1116.8 1947.7115 588.2366 1074.8 1558.525 1149.6 368.7449 738.8 5794.1718 2413.3818;
	1742.0531 1156.2319 1937.8873 590.7 1049.5 1549.9269 1137.8368 374.0687 749.3418 5849.0983 2443.9975;
	1673.9343 1089.6367 1823.1 589.0 974.0448 1427.8732 1070.2061 355.6441 680.8161 5734.4227 2330.1268;
	1638.7909 1032.4557 1717.612 553.9312 905.9 1328.4072 1004.5965 329.2947 619.2613 5545.4666 2173.2236;
	1575.9435 953.7934 1606.7947 537.2069 832.7027 1222.054 916.38 302.7944 581.2 5281.409 1985.7641;
	1561.009 886.651 1526.9406 527.749 774.8908 1132.1344 881.5348 292.4592 526.7792 5123.0434 1819.6225;
	1513.9674 876.3125 1529.8756 535.9288 798.2 1103.5184 838.2297 271.1705 505.0552 4618.3889 1687.7705;
];
