function loadprofile = ex_load_profilesh1
%EX_LOAD_PROFILE  Example load profile data file for stochastic unit commitment.
% 2022.03.12
% Andres F. Ramirez

%% define constants
[CT_LABEL, CT_PROB, CT_TABLE, CT_TBUS, CT_TGEN, CT_TBRCH, CT_TAREABUS, ...
    CT_TAREAGEN, CT_TAREABRCH, CT_ROW, CT_COL, CT_CHGTYPE, CT_REP, ...
    CT_REL, CT_ADD, CT_NEWVAL, CT_TLOAD, CT_TAREALOAD, CT_LOAD_ALL_PQ, ...
    CT_LOAD_FIX_PQ, CT_LOAD_DIS_PQ, CT_LOAD_ALL_P, CT_LOAD_FIX_P, ...
    CT_LOAD_DIS_P, CT_TGENCOST, CT_TAREAGENCOST, CT_MODCOST_F, ...
    CT_MODCOST_X] = idx_ct;

loadprofile = struct( ...
    'type', 'mpcData', ...
    'table', CT_TAREALOAD, ...
    'rows', [1:11], ...
    'col', CT_LOAD_ALL_P, ...
    'chgtype', 1, ...
    'values', [] );
loadprofile.values(:,1,:) = [
	1485.6 918.0554 1595.3659 578.187 785.4991 1240.7 926.1958 286.0 542.9748 4712.0479 1843.3141;
	1448.828 907.0084 1570.8481 564.4076 778.9412 1221.9015 904.9815 278.5 523.0 4572.2767 1782.8;
	1428.6 907.248 1555.5 562.1276 768.1236 1212.2138 911.6778 269.7741 522.0486 4491.1772 1768.2105;
	1437.7472 908.647 1560.8 559.1539 792.8189 1204.018 912.2493 270.1928 523.9749 4496.6227 1797.1569;
	1460.758 944.9865 1594.5887 569.5989 802.8816 1243.491 947.4511 272.444 542.3635 4607.3997 1855.8896;
	1539.1825 996.3875 1696.0293 588.1655 886.7195 1313.1688 1015.8 308.9551 578.1181 4851.7294 1974.3537;
	1554.7759 1008.0277 1711.0715 591.3964 914.2347 1338.9925 1073.8 323.6342 594.0 5039.9557 2064.2872;
	1628.0684 1035.6824 1779.0962 594.6175 952.3738 1365.9815 1122.708 328.253 620.6196 5228.6408 2132.5;
	1684.2 1069.3283 1856.3765 587.8357 984.4947 1373.9558 1158.8123 303.335 625.3584 5427.4694 2244.8499;
	1682.0964 1084.0 1851.1663 602.0495 973.6536 1360.2137 1152.8681 302.5533 619.0294 5540.6594 2320.6694;
	1687.287 1087.3477 1885.1152 600.5 956.3 1360.6704 1192.9056 307.6933 627.6694 5574.1791 2345.0637;
	1679.6837 1096.8372 1878.661 586.1 932.3157 1350.1069 1146.4924 299.5 633.1191 5560.096 2286.5938;
	1643.5778 1079.5 1863.5042 574.4 914.5799 1358.2241 1148.3198 304.2557 645.2475 5533.1643 2302.6243;
	1643.7529 1075.8776 1841.5601 580.9718 920.9111 1327.3 1120.9796 302.9528 629.2213 5551.6948 2285.377;
	1693.1908 1091.5 1814.4858 578.3321 932.075 1412.5418 1167.0049 305.9268 652.9094 5544.2079 2293.9463;
	1776.2783 1154.9136 1871.7 585.3309 977.4 1455.1711 1255.3 331.8312 665.3686 5656.4254 2472.3574;
	1762.5939 1175.7892 1920.0887 586.2883 961.1394 1511.8042 1302.6243 353.1392 692.2368 5795.3914 2594.7212;
	1788.3236 1211.3735 1997.6654 601.3702 1001.0797 1578.8 1321.4504 361.7338 724.5857 5891.9513 2705.7273;
	1779.0 1206.3865 1995.0875 604.2081 1022.6138 1572.7828 1295.1506 381.1399 731.7176 5979.345 2700.5903;
	1756.5819 1165.4004 1958.4954 588.6 986.9534 1477.8873 1247.4739 378.9 708.1912 6009.1253 2625.6877;
	1671.2166 1103.8039 1837.6368 550.4334 898.2213 1364.6016 1110.6198 346.1177 649.7 5587.2022 2437.7012;
	1596.6796 1021.8442 1706.9667 536.8 813.8343 1252.3 996.7 314.4519 594.1 5203.0893 2083.9298;
	1535.4312 962.6154 1580.8102 531.8785 755.4275 1123.8 918.1319 274.1776 543.983 4801.9378 1787.6;
	1519.4614 971.3981 1602.7901 540.8534 746.5533 1121.6 898.6888 278.7455 516.5118 4577.95 1743.2819;
];
