function windprofile = ex_wind_profilesh1
%EX_WIND_PROFILE_D  Example wind_load_nyiso profile data for deterministic unit commitment.
% 2022.03.12
% Andres F. Ramirez


%% define constants
[GEN_BUS, PG, QG, QMAX, QMIN, VG, MBASE, GEN_STATUS, PMAX, PMIN, ...
    MU_PMAX, MU_PMIN, MU_QMAX, MU_QMIN, PC1, PC2, QC1MIN, QC1MAX, ...
    QC2MIN, QC2MAX, RAMP_AGC, RAMP_10, RAMP_30, RAMP_Q, APF] = idx_gen;
[CT_LABEL, CT_PROB, CT_TABLE, CT_TBUS, CT_TGEN, CT_TBRCH, CT_TAREABUS, ...
    CT_TAREAGEN, CT_TAREABRCH, CT_ROW, CT_COL, CT_CHGTYPE, CT_REP, ...
    CT_REL, CT_ADD, CT_NEWVAL, CT_TLOAD, CT_TAREALOAD, CT_LOAD_ALL_PQ, ...
    CT_LOAD_FIX_PQ, CT_LOAD_DIS_PQ, CT_LOAD_ALL_P, CT_LOAD_FIX_P, ...
    CT_LOAD_DIS_P, CT_TGENCOST, CT_TAREAGENCOST, CT_MODCOST_F, ...
    CT_MODCOST_X] = idx_ct;

windprofile = struct( ...
    'type', 'mpcData', ...
    'table', CT_TGEN, ...
    'rows', [1:45], ...
    'col', PMAX, ...
    'chgtype', 1, ...
    'values', [] );
windprofile.values(:,1,:) = [
	3.7674 50.9058 86.97 116.0071 15.3554 35.9057 30.9116 7.6067 27.5463 13.7368 25.3922 37.8802 57.0284 41.1413 189.7002 71.4684 88.6738 93.9678 85.2639 70.9975 10.3039 83.7799 34.5834 37.4183 49.3205 28.8246 5.177 1225.0936 825.0212 825.0212 677.4935 81.6025 284.2129 182.7477 128.9834 352.0091 1226.2745 215.0122 457.7357 132.1085 112.6604 398.3135 210.7668 122.4916 1239.0482;
	3.2578 44.0197 81.7324 45.9382 15.1237 29.2866 30.6819 8.0926 10.3075 12.8043 23.6685 35.3088 53.1572 38.9503 191.3843 72.1029 89.461 94.802 85.3021 71.0112 10.2273 68.3354 27.1497 35.3851 42.1318 30.62 6.0248 1273.8247 830.8061 830.8061 717.0642 75.1526 284.3403 182.783 122.1145 354.4773 1278.3476 211.3246 463.5996 112.853 112.662 324.886 210.4361 110.2009 1291.6637;
	2.8327 38.2756 87.3063 46.1726 14.8766 22.411 29.7244 6.8743 7.818 12.3882 22.8993 34.1613 51.4297 31.2561 199.4076 75.1257 93.2115 98.7763 89.303 67.8111 9.9081 52.2923 27.4289 35.854 35.7692 28.843 6.0832 1242.7819 802.8241 802.8241 668.3214 86.646 297.6768 174.5458 97.9919 342.5383 1235.9018 207.9069 445.1076 95.8104 29.4093 248.6127 202.2517 129.1117 1248.7758;
	3.5126 47.4635 85.7894 46.5264 14.9992 14.2818 30.4614 6.1728 10.3484 12.465 23.0413 34.3732 51.7486 23.8271 205.2415 77.3235 95.9385 101.6661 92.2302 70.2584 10.1538 33.3242 31.141 33.5336 34.5618 26.4996 5.1834 1245.3387 803.1446 803.1446 662.8521 86.7246 307.4339 180.8454 74.7011 342.675 1242.8252 225.3567 459.6425 92.5761 31.9194 158.433 207.8562 116.9387 1255.7713;
	3.6804 49.7305 79.3233 39.4038 14.8959 21.6311 30.4553 5.9096 10.3814 10.2465 18.9405 28.2555 42.5385 27.7037 190.361 71.7174 88.9827 94.2951 91.2253 69.6518 10.1518 50.4725 37.6813 23.847 30.139 55.403 3.5776 1211.8319 810.3488 810.3488 666.7292 89.4971 304.0842 179.284 86.8548 345.7488 1242.218 227.6324 459.2755 80.7295 32.7981 239.9607 210.1607 188.1068 1255.1577;
	3.8345 51.813 91.7633 111.3191 15.3754 33.9096 30.0848 6.2771 11.1252 12.1159 22.3961 33.4105 50.2994 26.6178 194.4036 73.2404 90.8724 96.2976 90.277 67.6426 10.0283 79.1224 49.8214 31.8911 49.7335 64.4804 3.9438 1197.8262 780.2369 780.2369 677.1745 95.4766 300.9235 174.1123 83.4506 332.9011 1212.007 221.9427 452.5691 133.2148 69.9366 376.1707 213.9479 248.7184 1224.6321;
	3.7667 50.896 90.2536 109.1397 15.1373 32.6362 29.5863 10.9777 10.37 11.7557 21.7302 32.4171 48.8038 33.4481 200.9238 75.6969 93.9202 99.5274 83.0309 72.7384 9.8621 76.1512 26.905 50.8875 98.6463 72.9283 10.611 1084.3589 760.2431 760.2431 684.2793 104.936 276.7698 187.2289 104.8643 324.3704 1199.4294 258.9094 444.7895 264.2313 109.1239 362.0443 201.9179 273.3831 1211.9235;
	3.692 49.8871 89.9082 112.6653 14.9205 32.4061 28.9352 18.3457 10.3276 9.6225 17.7871 26.5348 39.948 43.8541 192.5762 72.552 90.0182 95.3924 80.8055 58.4337 9.6451 75.6142 25.8087 56.9924 102.414 73.8347 13.4654 1000.8638 766.6667 766.6667 695.1758 109.3298 269.3518 150.4084 137.4886 327.1111 1137.579 284.7224 442.6305 274.3233 119.6204 359.4915 207.5741 276.6652 1149.4287;
	3.7932 51.2539 92.462 113.7903 15.2746 32.1865 29.4027 17.7251 10.1061 10.4821 19.3761 28.9053 43.5167 58.6033 198.0858 74.6277 92.5936 98.1216 44.7347 66.4999 9.8009 75.1019 29.023 86.66 102.6217 71.9861 13.2819 799.6332 815.8963 815.8963 741.93 108.4463 149.1155 171.171 183.7294 348.1158 1146.7408 291.847 451.1345 274.8795 118.4356 357.0557 216.5587 266.9408 1158.686;
	3.717 50.2254 90.2108 115.4284 14.7961 30.4032 29.2354 17.5046 18.278 12.0828 22.3349 33.3193 50.162 46.8961 195.3091 73.5816 91.2956 96.7461 50.1655 58.1942 9.7451 70.9409 25.7833 87.7143 100.636 69.1768 12.9319 608.2109 807.6568 807.6568 764.3161 104.1591 167.2184 149.792 147.0255 344.6002 1060.1813 278.0508 442.3252 269.5606 117.1216 337.2733 205.6518 265.0826 1071.2248;
	3.7936 51.2593 91.2074 114.3058 15.1378 33.4105 30.0591 17.2305 27.1609 17.7521 32.8145 48.9528 73.6981 66.6507 200.2841 75.4559 93.6212 99.2105 37.4641 66.5868 10.0197 77.9579 26.5952 82.6726 97.0536 68.2169 12.8824 434.6177 791.5813 791.5813 743.9067 92.9608 124.8803 171.3947 208.9589 337.7414 908.7158 262.0348 444.0181 259.965 115.8354 370.6341 214.2068 261.8959 918.1816;
	3.3199 44.8589 92.4187 117.1642 15.2957 31.7371 28.9634 17.4349 28.2724 19.278 35.6351 53.1605 80.0329 63.9806 197.8525 74.5398 92.4845 98.006 49.6797 66.9837 9.6545 74.0533 26.7461 85.3898 99.2983 71.0676 12.5291 323.5829 773.1813 773.1813 698.6053 96.0195 165.599 172.4161 200.5879 329.8907 767.0278 237.2468 453.4389 265.9775 119.123 352.0704 195.1063 263.0114 775.0177;
	1.8874 25.5036 90.7609 110.467 14.4576 15.7235 23.2526 18.0225 26.9854 24.7466 45.7437 68.2407 102.7359 63.3352 191.5014 72.1471 89.5158 94.86 90.7078 62.2525 7.7509 36.6882 36.734 83.9981 99.4197 71.5877 13.5504 315.5662 703.7003 703.7003 639.4278 91.2789 302.3593 160.238 198.5643 300.2454 682.9311 221.9691 425.9905 266.3029 118.9439 174.4263 164.2428 261.149 690.045;
	2.1187 28.6283 91.7088 110.1853 14.5738 10.343 22.8507 17.7852 26.6417 29.728 54.9518 81.9772 123.4163 61.466 196.4705 74.0191 91.8385 97.3214 89.8751 67.8258 7.6169 24.1337 69.2837 86.7009 100.2648 71.1637 13.5101 310.8718 628.8511 628.8511 592.6439 95.69 299.5835 174.5838 192.7042 268.3098 509.1187 206.429 431.9732 268.5665 118.2812 114.7386 127.8767 258.5537 514.422;
	2.0047 27.0884 89.4605 108.1901 12.7347 0.0185 20.0887 17.5404 27.2168 28.6188 52.9015 78.9186 118.8115 63.9368 201.2014 75.8014 94.0499 99.6649 87.8853 71.4953 6.6962 0.0431 68.9147 84.4702 97.712 69.5839 13.5591 447.2274 489.3447 489.3447 420.7526 80.7416 292.9509 184.029 200.4504 208.7871 450.1551 184.0747 443.7201 261.7286 115.5808 0.2051 107.4782 244.7895 454.8442;
	3.1372 42.3905 89.1985 81.9652 14.1661 24.9466 13.345 18.27 23.7178 29.2244 54.0208 80.5884 121.3254 60.7136 197.8041 74.5216 92.4619 97.982 88.4572 70.082 4.4483 58.2087 70.727 87.4685 102.4183 71.7567 13.8258 501.7332 539.6635 539.6635 400.7599 38.1968 294.8575 180.3911 190.3452 230.2564 512.9887 149.4291 450.4871 274.3348 115.9217 276.7409 76.5736 258.2357 518.3323;
	2.9963 40.4868 89.913 61.7591 14.9582 30.812 8.9647 18.1103 26.5934 27.1459 50.1787 74.8568 112.6965 62.6787 196.3198 73.9624 91.7681 97.2468 85.124 70.0555 2.9882 71.8947 69.6567 88.7269 105.2038 72.5006 13.5974 493.7156 556.5233 556.5233 401.4976 21.2109 283.7465 180.3231 196.5061 237.4499 562.7347 94.2974 166.3894 281.7958 118.4312 341.808 108.0857 272.3192 568.5965;
	3.5256 47.6391 91.915 64.9323 15.0966 31.1959 24.3005 18.3696 26.2322 10.4518 19.32 28.8216 43.3907 62.8903 181.8527 68.5119 85.0056 90.0805 74.2634 69.014 8.1002 72.7905 33.46 89.5757 105.5796 73.1853 13.5576 652.9803 607.8322 607.8322 398.4769 15.3637 247.5448 177.6422 197.1694 259.3417 767.4847 69.2301 407.3703 282.8026 121.6212 346.067 118.6065 265.2506 775.4793;
