function windprofile = ex_wind_profilesh1
%EX_WIND_PROFILE_D  Example wind_load_nyiso profile data for deterministic unit commitment.
% 2022.03.12
% Andres F. Ramirez


%% define constants
[GEN_BUS, PG, QG, QMAX, QMIN, VG, MBASE, GEN_STATUS, PMAX, PMIN, ...
    MU_PMAX, MU_PMIN, MU_QMAX, MU_QMIN, PC1, PC2, QC1MIN, QC1MAX, ...
    QC2MIN, QC2MAX, RAMP_AGC, RAMP_10, RAMP_30, RAMP_Q, APF] = idx_gen;
[CT_LABEL, CT_PROB, CT_TABLE, CT_TBUS, CT_TGEN, CT_TBRCH, CT_TAREABUS, ...
    CT_TAREAGEN, CT_TAREABRCH, CT_ROW, CT_COL, CT_CHGTYPE, CT_REP, ...
    CT_REL, CT_ADD, CT_NEWVAL, CT_TLOAD, CT_TAREALOAD, CT_LOAD_ALL_PQ, ...
    CT_LOAD_FIX_PQ, CT_LOAD_DIS_PQ, CT_LOAD_ALL_P, CT_LOAD_FIX_P, ...
    CT_LOAD_DIS_P, CT_TGENCOST, CT_TAREAGENCOST, CT_MODCOST_F, ...
    CT_MODCOST_X] = idx_ct;

windprofile = struct( ...
    'type', 'mpcData', ...
    'table', CT_TGEN, ...
    'rows', [1:45], ...
    'col', PMAX, ...
    'chgtype', 1, ...
    'values', [] );
windprofile.values(:,1,:) = [
	3.7715 50.9617 78.5444 105.0331 14.5803 34.8395 29.8726 4.002 25.1893 10.4972 19.4039 28.9468 43.5792 37.9638 168.1122 63.3353 78.5827 83.2742 73.39 67.4355 9.9575 81.2921 25.9333 0.0 6.6143 13.5305 2.958 1261.4308 793.6258 793.6258 608.0061 84.0125 244.6332 173.5792 119.0217 338.6137 1209.7645 213.4093 435.2079 17.7169 106.9639 386.4857 203.4402 108.7409 1222.3663;
	3.0971 41.849 73.6258 36.2723 14.6574 28.1433 29.9298 6.7596 0.0 9.3015 17.1937 25.6496 38.6153 38.43 186.1734 70.1398 87.0253 92.2208 71.803 69.6832 9.9766 65.6677 21.9173 14.7381 27.3871 26.7359 5.1082 1295.6414 824.2824 824.2824 640.7579 74.0044 239.3435 179.3647 120.4833 351.6938 1276.7394 197.1478 455.5883 73.3583 113.1523 312.2031 204.26 93.0624 1290.0388;
	2.9779 40.2386 84.5862 41.6056 14.4511 23.0147 30.0229 6.4201 0.0 11.5597 21.368 31.8769 47.9904 37.4323 192.3725 72.4752 89.9229 95.2915 84.2534 64.0679 10.0076 53.7009 18.9737 31.3118 32.3597 26.9854 5.7643 1264.7809 819.2415 819.2415 676.7632 80.543 280.8446 164.9109 117.3553 349.543 1241.7474 210.8539 448.2712 86.6777 30.4002 255.3094 201.8698 122.4301 1254.6823;
	3.361 45.4142 85.626 47.7794 14.289 13.5587 30.3976 7.4705 2.2231 10.193 18.8416 28.108 42.3164 24.5548 194.2252 73.1732 90.789 96.2092 77.908 62.5829 10.1325 31.637 22.3959 35.3906 35.2643 29.9597 5.7836 1253.0227 814.0511 814.0511 700.9348 87.2278 259.6932 161.0884 76.9825 347.3285 1233.5967 231.1379 436.9803 94.458 38.0855 150.4116 207.0249 110.5641 1246.4467;
	3.7872 51.1734 84.3908 40.2513 14.57 22.3267 31.8063 6.7534 11.4353 8.9041 16.4591 24.5537 36.9655 31.5634 181.8057 68.4943 84.9836 90.0573 84.7602 63.4483 10.6021 52.0957 0.4589 24.9445 33.6286 59.4503 5.3899 1255.5734 820.8135 820.8135 738.7205 99.5744 282.5341 163.316 98.9556 350.2138 1248.4348 241.7078 471.1384 90.0766 37.6637 247.6777 210.4025 187.2698 1261.4393;
	3.721 50.2786 93.0288 109.4956 14.6681 33.6593 31.9958 6.5736 11.9266 10.4485 19.3138 28.8125 43.377 29.7998 191.2338 72.0462 89.3907 94.7275 88.3145 60.4431 10.6653 78.5383 0.206 21.3902 45.9692 60.9557 5.0127 1178.9624 796.8907 796.8907 696.9286 106.5466 294.3817 155.5807 93.4264 340.0067 1206.8393 238.159 475.6929 123.1318 71.6014 373.3937 211.0206 235.5906 1219.4106;
	3.8074 51.4466 92.4805 116.6133 14.7617 34.9276 30.5776 9.8782 10.7935 9.9205 18.3379 27.3566 41.1852 38.3248 198.5118 74.7882 92.7927 98.3326 80.3495 67.0024 10.1925 81.4978 23.9266 47.9819 97.529 73.3614 9.4279 1150.8716 802.2304 802.2304 680.8014 111.2516 267.8316 172.4645 120.1533 342.285 1263.2449 276.5064 454.5034 261.2384 109.0255 387.4636 208.9574 267.8508 1276.4037;
	3.7175 50.2315 92.1829 118.1143 14.5275 34.4905 31.3822 18.5725 11.6784 10.6207 19.6323 29.2875 44.0922 62.9891 195.0012 73.4656 91.1517 96.5936 84.2379 52.8674 10.4607 80.4778 23.2426 53.9567 103.8457 74.5625 13.4483 1033.5659 796.2956 796.2956 677.8064 112.9866 280.7929 136.0808 197.4795 339.7528 1216.1163 281.6671 463.4507 278.1582 117.4072 382.6146 206.3904 274.8311 1228.7842;
	3.7214 50.2846 93.3166 115.8914 14.5313 34.6147 30.1551 18.0858 10.3689 11.2748 20.8413 31.0911 46.8075 64.1043 195.9098 73.8079 91.5765 97.0437 48.5223 56.6146 10.0517 80.7675 26.9628 87.897 102.7311 71.14 13.1931 765.192 806.5881 806.5881 635.5694 114.0374 161.7411 145.7262 200.9757 344.1442 1170.1376 283.0875 444.1983 275.1726 118.7135 383.9919 212.1568 269.4214 1182.3265;
	3.7719 50.9667 92.0165 113.8818 14.4981 34.4573 30.915 17.7087 21.2504 9.3686 17.3177 25.8347 38.8939 65.1337 190.1143 71.6245 88.8674 94.1729 54.1987 49.637 10.305 80.4003 16.737 89.2766 99.7188 68.4661 12.9079 593.2759 807.7548 807.7548 669.453 110.9042 180.6622 127.7658 204.203 344.642 1071.1907 260.0721 453.0145 267.1039 116.7456 382.2461 203.1583 267.9942 1082.3489;
	3.7129 50.1701 88.3045 111.0339 14.2599 33.8481 31.3501 17.3344 28.2818 16.7104 30.889 46.0802 69.3736 69.0903 200.2232 75.4329 93.5927 99.1804 41.2359 64.8556 10.45 78.9788 20.3942 84.6511 96.5336 68.7143 12.8256 375.4978 794.6726 794.6726 678.1434 105.4395 137.4529 166.9384 216.6074 339.0603 877.6186 269.3784 448.1833 258.5721 114.4592 375.4878 203.3243 254.6936 886.7605;
	3.3787 45.6531 91.1224 113.0543 14.4841 32.2078 29.7729 17.5374 28.0517 21.033 38.8792 58.0001 87.3188 65.9206 196.713 74.1105 91.9519 97.4416 58.3589 63.2636 9.9243 75.1516 32.2238 87.5369 97.6719 71.7315 12.9399 293.9296 777.5958 777.5958 682.6181 106.2156 194.5297 162.8408 206.67 331.7742 712.9233 230.0661 447.2072 261.6212 116.2714 357.2924 187.6232 263.8663 720.3496;
	2.0845 28.1663 91.4139 112.0766 14.0163 21.0508 25.5705 17.8418 28.122 28.9837 53.576 79.9248 120.3263 64.3386 200.9922 75.7226 93.9522 99.5613 92.9211 64.1179 8.5235 49.1184 62.7466 87.4526 96.5824 70.8323 13.5535 299.4272 687.7553 687.7553 644.3584 107.4177 309.7369 165.0397 201.7102 293.4423 624.6719 223.8938 421.3788 258.7028 116.8645 233.523 169.6622 264.7547 631.1789;
	2.0823 28.1359 90.3285 110.184 13.9654 12.1855 25.3588 17.6856 27.8589 30.9863 57.2776 85.4469 128.6399 64.8735 202.0857 76.1346 94.4633 100.1029 92.6291 69.5317 8.4529 28.4329 73.9932 89.0094 97.4435 70.98 13.3619 296.3547 584.7757 584.7757 593.9333 107.1876 308.7635 178.9748 203.3873 249.5043 458.7643 202.9946 434.3373 261.0094 117.6594 135.1782 118.4463 262.7789 463.5431;
	2.1709 29.3332 92.3868 115.2901 11.275 2.8561 22.9586 17.4958 27.5433 30.4759 56.3343 84.0397 126.5213 66.3959 204.7049 77.1214 95.6876 101.4003 91.9527 72.5773 7.6529 6.6643 73.4174 88.7525 96.7687 69.7466 13.4663 463.882 495.9562 495.9562 427.9852 95.3271 306.5092 186.8142 208.1602 211.608 430.5551 184.5098 437.715 259.2018 116.6795 31.684 110.7106 246.5881 435.04;
	3.4428 46.5198 91.4254 88.3097 13.6674 27.031 17.5514 18.2859 24.6154 28.8357 53.3024 79.5168 119.712 61.8292 203.3329 76.6045 95.0463 100.7207 90.9509 71.4206 5.8505 63.0723 68.8759 89.7101 99.2147 73.3772 13.625 501.0484 524.9653 524.9653 416.7038 50.7489 303.1695 183.8368 193.8428 223.9852 481.225 167.7993 438.7932 265.7537 115.8929 299.8637 74.4794 260.2074 486.2378;
	3.0942 41.8098 91.5427 63.913 14.0719 31.2437 15.3996 18.3426 27.9878 25.1884 46.5605 69.459 104.5702 66.4146 201.1591 75.7855 94.0302 99.6439 86.0297 72.208 5.1332 72.9019 69.5585 87.8923 101.1644 74.9016 13.5246 572.6257 558.9079 558.9079 418.0716 31.1848 286.7657 185.8635 208.2186 238.4674 573.4373 120.3966 176.0628 270.9762 112.5669 346.5965 94.89 261.9114 579.4106;
	3.5875 48.4747 90.746 61.5449 14.2801 32.3409 30.5345 18.8077 27.6521 4.8038 8.8798 13.2469 19.9432 67.4066 187.4974 70.6386 87.6441 92.8766 76.3045 70.3079 10.1782 75.4622 34.3867 88.2346 103.0585 74.6804 13.6342 606.9583 608.9885 608.9885 395.3983 30.1987 254.3484 180.9728 211.3289 259.8351 715.6447 80.427 411.6407 276.0495 116.0687 358.7689 109.8028 262.664 723.0993;
