function loadprofile = ex_load_profilesh1
%EX_LOAD_PROFILE  Example load profile data file for stochastic unit commitment.
% 2022.03.12
% Andres F. Ramirez

%% define constants
[CT_LABEL, CT_PROB, CT_TABLE, CT_TBUS, CT_TGEN, CT_TBRCH, CT_TAREABUS, ...
    CT_TAREAGEN, CT_TAREABRCH, CT_ROW, CT_COL, CT_CHGTYPE, CT_REP, ...
    CT_REL, CT_ADD, CT_NEWVAL, CT_TLOAD, CT_TAREALOAD, CT_LOAD_ALL_PQ, ...
    CT_LOAD_FIX_PQ, CT_LOAD_DIS_PQ, CT_LOAD_ALL_P, CT_LOAD_FIX_P, ...
    CT_LOAD_DIS_P, CT_TGENCOST, CT_TAREAGENCOST, CT_MODCOST_F, ...
    CT_MODCOST_X] = idx_ct;

loadprofile = struct( ...
    'type', 'mpcData', ...
    'table', CT_TAREALOAD, ...
    'rows', [1:11], ...
    'col', CT_LOAD_ALL_P, ...
    'chgtype', 1, ...
    'values', [] );
loadprofile.values(:,1,:) = [
	1430.1145 923.6665 1545.873 603.0937 798.0398 1169.5609 815.6839 260.5658 463.9383 4102.0918 1689.6106;
	1386.8927 906.7 1520.491 595.321 767.92 1126.8193 770.934 250.4933 447.6754 3718.0499 1520.577;
	1409.7425 921.1452 1556.3641 599.355 791.5414 1150.0514 807.8539 239.7737 430.2667 3741.5024 1521.1125;
	1430.0383 938.1 1541.6983 603.5909 773.9948 1168.4851 839.3463 233.7961 472.2634 3830.4586 1559.104;
	1481.1172 958.0219 1586.5227 598.7603 817.1524 1196.5212 865.4712 260.5467 496.366 4209.2614 1705.6936;
	1521.877 998.5419 1680.7366 614.0 849.1794 1169.7125 911.1689 268.8434 544.923 4522.133 1840.0978;
	1563.8002 1027.0 1713.0926 618.2 885.3703 1241.885 945.3103 266.5708 555.0444 4677.3984 1922.8111;
	1580.3284 1052.2265 1731.9867 629.4814 912.7436 1267.6321 1025.2749 304.2422 609.8 4870.085 2021.0969;
	1594.8457 1059.7 1767.6931 612.0 924.388 1285.6435 1029.0581 295.2227 619.1546 4940.3221 2049.4156;
	1609.9449 1071.0483 1789.6163 607.0663 923.4338 1296.3372 1030.7957 288.4349 621.8856 4998.8357 1972.8688;
	1652.5 1062.1605 1718.5527 596.865 887.0612 1267.2 966.0193 288.4978 615.6 4904.0127 1961.3851;
	1608.9179 1040.1124 1707.6473 584.6803 868.2437 1260.5728 978.1298 294.9972 626.6 5180.4052 2027.3;
	1626.3283 1039.831 1678.9048 589.0223 848.5036 1241.6461 990.3611 297.4905 618.3932 5257.7141 2008.5966;
	1584.0469 1035.2318 1669.216 555.4 841.4075 1229.0192 965.2322 295.91 618.6 5170.5273 2023.0988;
	1567.3897 1020.1517 1661.1658 572.3298 856.2 1311.547 1009.8 315.0 635.6561 4925.6457 1956.9607;
	1597.7128 1066.8 1712.5823 586.0 864.7225 1402.2995 997.3431 325.6881 630.267 4804.7915 2040.4106;
	1651.6532 1106.5591 1722.0168 596.9 901.4077 1426.121 1048.2431 330.4293 660.7322 5112.7158 2147.853;
	1699.8495 1120.4923 1761.2173 616.4814 966.8782 1502.0811 1084.2302 328.1734 669.4604 5183.679 2274.309;
	1685.2323 1136.4148 1779.8702 611.6 945.2703 1481.0255 1087.2102 319.1352 660.9558 5181.8927 2274.5275;
	1671.4868 1099.465 1716.9509 585.5 900.5294 1411.105 1064.2511 322.7 645.4095 5041.8926 2210.829;
	1606.3355 1076.2984 1649.2592 537.7 829.676 1316.551 1000.338 289.5 617.4244 4954.4081 2092.1629;
	1508.0555 1017.7393 1552.3149 500.3571 753.7965 1240.4118 929.1885 258.0562 562.2228 4659.6075 1913.9046;
	1438.3695 964.2026 1522.1698 535.0 795.773 1182.7736 876.4141 273.1625 499.1758 4507.0686 1756.0445;
	1394.0445 914.171 1468.473 554.2836 764.6 1145.2 838.069 245.2077 478.7394 4326.7758 1696.5177;
];
