function windprofile = ex_wind_profilesh1
%EX_WIND_PROFILE_D  Example wind_load_nyiso profile data for deterministic unit commitment.
% 2022.03.12
% Andres F. Ramirez


%% define constants
[GEN_BUS, PG, QG, QMAX, QMIN, VG, MBASE, GEN_STATUS, PMAX, PMIN, ...
    MU_PMAX, MU_PMIN, MU_QMAX, MU_QMIN, PC1, PC2, QC1MIN, QC1MAX, ...
    QC2MIN, QC2MAX, RAMP_AGC, RAMP_10, RAMP_30, RAMP_Q, APF] = idx_gen;
[CT_LABEL, CT_PROB, CT_TABLE, CT_TBUS, CT_TGEN, CT_TBRCH, CT_TAREABUS, ...
    CT_TAREAGEN, CT_TAREABRCH, CT_ROW, CT_COL, CT_CHGTYPE, CT_REP, ...
    CT_REL, CT_ADD, CT_NEWVAL, CT_TLOAD, CT_TAREALOAD, CT_LOAD_ALL_PQ, ...
    CT_LOAD_FIX_PQ, CT_LOAD_DIS_PQ, CT_LOAD_ALL_P, CT_LOAD_FIX_P, ...
    CT_LOAD_DIS_P, CT_TGENCOST, CT_TAREAGENCOST, CT_MODCOST_F, ...
    CT_MODCOST_X] = idx_ct;

windprofile = struct( ...
    'type', 'mpcData', ...
    'table', CT_TGEN, ...
    'rows', [1:45], ...
    'col', PMAX, ...
    'chgtype', 1, ...
    'values', [] );
windprofile.values(:,1,:) = [
	3.9107 52.842 88.3602 117.2752 15.1456 35.9935 31.095 7.0401 27.7235 13.7739 25.4609 37.9826 57.1826 46.4349 188.7004 71.0918 88.2065 93.4725 83.9842 68.9614 10.365 83.9849 35.8936 37.0899 49.3379 28.3311 4.4632 1213.6664 841.2772 841.2772 716.8667 82.8137 279.9475 177.5069 145.5795 358.945 1269.817 219.6577 466.259 132.1551 97.0491 399.2881 210.3048 123.1974 1283.0443;
	3.3869 45.7648 81.671 45.9424 15.1425 30.0325 30.9758 6.736 10.8613 14.9784 27.6874 41.3041 62.1831 44.7188 193.227 72.7972 90.3224 95.7148 87.5088 70.1001 10.3253 70.0759 36.8274 33.2446 38.6863 29.9186 3.265 1228.3677 843.9783 843.9783 760.7631 74.2619 291.6959 180.4378 140.1995 360.0974 1309.5426 210.7146 469.7285 103.6241 99.6835 333.1607 210.896 106.3291 1323.1836;
	3.4085 46.0561 90.7241 50.3008 15.1756 26.9433 31.8305 6.8417 9.7653 14.7867 27.333 40.7754 61.3872 40.9552 197.7063 74.4847 92.4162 97.9336 90.9533 65.8403 10.6102 62.8677 33.6564 38.5958 40.8852 29.407 5.6636 1256.2514 843.1752 843.1752 754.0595 86.693 303.1775 169.4731 128.4002 359.7548 1314.4582 216.5717 465.78 109.514 5.7099 298.8908 213.5604 142.3879 1328.1504;
	3.5946 48.5705 89.2956 51.0121 15.0204 15.5712 31.6966 7.8289 11.0393 13.933 25.7549 38.4213 57.843 27.9036 197.6497 74.4634 92.3898 97.9056 89.3289 66.4229 10.5655 36.3328 33.4163 37.4432 39.8525 32.3401 5.3608 1262.4149 852.146 852.146 769.6896 95.6997 297.7629 170.9726 87.4814 363.5823 1337.393 239.932 460.5236 106.7477 18.9654 172.7363 212.0846 129.5268 1351.3242;
	3.7417 50.559 84.6024 45.209 15.2714 24.3468 29.7937 7.4103 9.4206 12.1475 22.4545 33.4977 50.4306 33.0656 179.6869 67.696 83.9932 89.0077 90.8177 63.217 9.9312 56.8091 46.0997 28.061 42.6891 59.2485 5.3742 1211.0332 837.3449 837.3449 792.0572 90.3956 302.7258 162.7208 103.6652 357.2672 1293.1881 234.3377 441.0172 114.3457 23.8586 270.0867 211.0389 199.0984 1306.6588;
	3.7926 51.2462 94.4892 117.1689 15.2514 34.3 29.7311 7.6553 6.1763 13.7316 25.3827 37.8661 57.0071 31.2364 189.543 71.4092 88.6003 93.8899 91.9963 65.5287 9.9104 80.0333 44.8889 34.062 57.9969 66.2787 5.3406 1179.638 841.8025 841.8025 768.879 101.9131 306.6544 168.6711 97.9305 359.169 1309.0294 237.3822 439.3261 155.3489 62.0624 380.5012 210.8007 260.3741 1322.6651;
	3.936 53.1837 94.0228 120.5471 15.2641 35.2337 29.6521 10.5376 0.0 12.8616 23.7745 35.4669 53.3952 39.832 191.6998 72.2218 89.6085 94.9583 88.1171 68.4941 9.884 82.2119 24.9187 51.2973 101.6378 73.5028 11.0458 1110.1172 845.6571 845.6571 769.5495 109.9878 293.7237 176.3041 124.8786 360.8137 1278.5173 288.3959 435.7257 272.2441 103.772 390.8588 213.608 279.3757 1291.8352;
	3.8721 52.3203 93.0241 120.3397 15.2267 34.999 29.1893 18.4681 0.0 12.3602 22.8477 34.0843 51.3137 65.0795 188.0349 70.841 87.8954 93.1429 84.7941 57.8592 9.7298 81.6643 22.9176 57.9976 105.4785 73.653 13.6208 962.5965 825.8187 825.8187 755.3034 114.6256 282.6471 148.9297 204.033 352.3493 1219.5404 308.5015 430.0497 282.5318 120.3673 388.2553 215.6953 282.1438 1232.2439;
	3.8603 52.1615 93.0671 119.7941 15.1787 34.9528 27.9292 18.3664 0.0 13.2044 24.4082 36.4122 54.8184 65.8648 189.9542 71.5641 88.7926 94.0936 51.9333 64.9758 9.3097 81.5564 26.8462 87.1958 104.6688 71.9466 13.4954 742.6655 837.8754 837.8754 784.9871 113.6655 173.111 167.2478 206.4951 357.4935 1204.5266 307.9391 428.511 280.3629 118.7416 387.7426 217.6117 277.2542 1217.0738;
	3.8157 51.5586 91.6268 118.5267 14.9873 34.2975 29.149 18.2795 13.4059 13.3942 24.759 36.9355 55.6063 65.974 189.2159 71.286 88.4475 93.7279 57.1075 61.2031 9.7163 80.0274 27.7391 88.4741 102.5582 71.8324 13.3176 510.1554 838.4553 838.4553 761.8095 110.86 190.3583 157.537 206.8375 357.7409 1074.7068 269.2275 435.1581 274.7095 114.0608 380.4733 209.8065 274.5867 1085.9017;
	3.8693 52.2821 92.7846 119.4993 15.0863 34.8248 30.5821 18.3567 26.6585 19.8426 36.6788 54.7176 82.377 69.657 194.5128 73.2816 90.9234 96.3517 40.2081 69.8465 10.194 81.258 29.6674 87.2683 103.906 73.3879 13.5754 411.3657 829.3484 829.3484 782.7365 105.1245 134.0269 179.7852 218.384 353.8553 961.3902 272.0142 446.6244 278.3195 119.9143 386.3237 211.4059 272.16 971.4047;
	3.4452 46.5527 93.1878 120.1689 14.6584 33.2658 28.2767 18.4212 26.4198 21.4631 39.6743 59.1863 89.1046 68.7452 190.1286 71.6298 88.874 94.18 52.5718 67.0402 9.4256 77.6201 33.2864 87.0198 103.2303 74.5784 13.5218 250.7621 805.8184 805.8184 744.261 107.4412 175.2395 172.5618 215.5255 343.8159 764.6339 245.9322 448.0282 276.5098 119.5385 369.0281 199.6154 271.6576 772.5988;
	2.0601 27.8361 94.5989 118.8836 13.9463 21.3784 23.519 18.822 25.4232 28.932 53.4804 79.7822 120.1116 68.298 191.5335 72.1591 89.5308 94.8759 91.7522 66.2759 7.8397 49.8828 62.9001 87.983 103.3568 74.3193 13.9418 219.9169 717.8185 717.8185 652.7838 104.8406 305.8405 170.5942 214.1236 306.2692 644.4684 230.3753 421.1074 276.8485 120.1851 237.1573 175.4497 272.3216 651.1816;
	2.2434 30.3137 91.4437 116.8022 13.9323 12.6579 23.0458 18.5454 26.0246 31.1805 57.6367 85.9826 129.4463 67.6187 191.6247 72.1935 89.5734 94.9211 90.4675 70.3005 7.6819 29.535 75.2476 85.1053 100.8124 73.5887 13.7441 277.4996 631.8883 631.8883 598.3387 103.7966 301.5584 180.9536 211.9938 269.6057 470.2871 210.4574 433.9422 270.0332 121.3649 140.4179 144.3396 263.9331 475.1859;
	1.8319 24.7527 87.2995 111.4751 7.7852 0.0 19.2324 17.965 25.9142 30.8149 56.9609 84.9745 127.9287 65.1299 196.9974 74.2176 92.0848 97.5824 90.6966 69.9453 6.4108 0.0 75.5462 84.8908 99.2387 71.912 13.5979 416.2343 480.653 480.653 430.7762 93.9816 302.3219 180.0395 204.191 205.0786 383.5069 187.5908 427.0874 265.8178 117.4826 0.0 106.329 233.7151 387.5018;
	3.1748 42.8982 90.8365 89.5361 13.9197 25.0218 14.1037 18.5433 19.4396 28.6509 52.9608 79.0071 118.9448 59.2746 192.5182 72.5301 89.9911 95.3637 88.3383 69.8878 4.7012 58.3843 71.3413 88.4005 101.5864 73.8686 13.5937 404.3864 474.6734 474.6734 402.6475 52.5671 294.461 179.8915 185.834 202.5273 408.565 164.7783 408.0295 272.1063 117.6849 277.5755 76.1265 259.2483 412.8209;
	2.9442 39.7825 86.9573 60.4984 13.9887 29.1953 11.7705 17.8591 23.7593 26.9661 49.8465 74.3612 111.9503 63.4844 196.1555 73.9004 91.6913 97.1654 90.7244 71.3927 3.9235 68.1224 71.3828 85.8371 101.1856 73.2179 13.3241 541.9106 570.562 570.562 436.847 33.3151 302.4148 183.765 199.0323 243.4398 567.9477 121.1551 141.9793 271.0328 117.0616 323.8734 96.4584 245.2941 573.8639;
	3.5686 48.22 90.446 64.656 14.1786 31.7953 25.7722 18.1646 24.8928 12.6976 23.4713 35.0146 52.7143 66.4311 185.7706 69.988 86.8369 92.0212 75.7261 71.3242 8.5907 74.1891 51.3238 86.8918 103.4996 73.0518 13.3076 682.4837 617.7306 617.7306 421.3917 32.223 252.4204 183.5888 208.2705 263.565 797.5546 87.9028 361.909 277.2312 121.735 352.7161 107.391 247.9801 805.8625;
