function loadprofile = ex_load_profilesh1
%EX_LOAD_PROFILE  Example load profile data file for stochastic unit commitment.
% 2022.03.12
% Andres F. Ramirez

%% define constants
[CT_LABEL, CT_PROB, CT_TABLE, CT_TBUS, CT_TGEN, CT_TBRCH, CT_TAREABUS, ...
    CT_TAREAGEN, CT_TAREABRCH, CT_ROW, CT_COL, CT_CHGTYPE, CT_REP, ...
    CT_REL, CT_ADD, CT_NEWVAL, CT_TLOAD, CT_TAREALOAD, CT_LOAD_ALL_PQ, ...
    CT_LOAD_FIX_PQ, CT_LOAD_DIS_PQ, CT_LOAD_ALL_P, CT_LOAD_FIX_P, ...
    CT_LOAD_DIS_P, CT_TGENCOST, CT_TAREAGENCOST, CT_MODCOST_F, ...
    CT_MODCOST_X] = idx_ct;

loadprofile = struct( ...
    'type', 'mpcData', ...
    'table', CT_TAREALOAD, ...
    'rows', [1:11], ...
    'col', CT_LOAD_ALL_P, ...
    'chgtype', 1, ...
    'values', [] );
loadprofile.values(:,1,:) = [
	1501.8422 921.4465 1604.2895 593.9896 842.3 1287.7619 911.4 287.1339 548.5738 4723.339 1842.8133;
	1467.6111 899.6 1545.6745 585.9603 811.9396 1261.0279 874.1378 272.8 520.8 4512.8256 1759.9776;
	1444.3502 895.199 1544.8235 602.4942 819.71 1251.4624 883.1 288.1527 519.4356 4465.5304 1731.3556;
	1457.3609 921.3074 1589.2762 590.2 854.7929 1272.1811 893.4433 286.7496 529.7 4508.9406 1766.3598;
	1510.5431 954.8528 1648.7607 611.1367 880.8156 1317.458 914.1325 294.859 549.7741 4584.6552 1830.5761;
	1533.4225 974.9096 1719.3638 621.9511 943.6 1373.1317 987.7827 330.8027 587.1721 4797.8818 1957.3618;
	1587.9123 1015.8324 1758.0871 622.7 1020.2278 1443.5611 1058.8954 348.3173 641.4749 5075.2095 2068.6833;
	1655.3854 1027.2158 1777.5 631.6403 1043.6491 1518.5628 1102.4235 349.4473 680.6626 5225.683 2202.9178;
	1663.9752 1049.1026 1817.3 606.7 1047.258 1571.7678 1149.9549 376.0332 719.5346 5268.5381 2239.5887;
	1697.0147 1081.6904 1840.7443 605.3842 1043.3 1578.5119 1159.4448 390.7592 717.6916 5380.5 2283.7563;
	1703.5835 1044.3224 1833.4187 598.2 1017.7621 1558.4686 1122.9364 384.2987 689.4602 5224.2534 2076.6351;
	1715.3208 1048.3112 1827.7 611.7651 965.7 1545.6267 1125.4665 365.5 702.4645 5297.9628 2091.1;
	1737.3568 1058.4256 1819.078 606.1464 974.6623 1569.6145 1117.2113 359.2414 678.5171 5204.4377 2047.5415;
	1735.874 1067.9775 1808.4 610.6066 962.2829 1519.4955 1143.6619 337.637 691.6798 5325.0544 2122.6124;
	1723.2762 1078.7583 1824.9684 598.4 985.6016 1546.4829 1133.8162 357.5707 688.4102 5240.4938 2140.7331;
	1661.1601 1076.5709 1822.4221 604.2813 1001.8 1540.7079 1123.2533 348.2151 671.2 4977.9423 2159.2;
	1674.2805 1114.515 1868.6296 611.2 1046.7765 1579.306 1168.5338 353.7008 707.7722 5166.9095 2301.4542;
	1751.1083 1158.1306 1961.1642 625.9727 1081.5133 1647.9363 1252.9182 382.4 793.3601 5516.2608 2421.9432;
	1732.7573 1135.2453 1906.2767 620.3455 1081.8862 1624.9651 1269.7058 381.4502 775.3126 5567.8118 2544.0489;
	1703.3702 1081.1684 1815.5769 581.0618 1014.0042 1505.8259 1236.6388 372.8489 770.4216 5410.432 2450.4368;
	1677.5 1030.3178 1728.5858 554.5867 927.3539 1441.7376 1156.7138 351.2807 711.4195 5228.9748 2287.9024;
	1604.6561 959.6656 1596.4432 526.6 856.5139 1339.4281 1046.7649 309.5952 624.9133 4863.8544 2037.4169;
	1526.6528 903.3994 1500.512 535.7584 728.2769 1153.1 892.7206 245.6668 519.6485 4419.2837 1727.2096;
	1494.5676 888.6 1474.3528 560.0657 689.0789 1142.1355 865.5223 236.0324 511.363 4098.9665 1644.3713;
];
