function loadprofile = ex_load_profilesh1
%EX_LOAD_PROFILE  Example load profile data file for stochastic unit commitment.
% 2022.03.12
% Andres F. Ramirez

%% define constants
[CT_LABEL, CT_PROB, CT_TABLE, CT_TBUS, CT_TGEN, CT_TBRCH, CT_TAREABUS, ...
    CT_TAREAGEN, CT_TAREABRCH, CT_ROW, CT_COL, CT_CHGTYPE, CT_REP, ...
    CT_REL, CT_ADD, CT_NEWVAL, CT_TLOAD, CT_TAREALOAD, CT_LOAD_ALL_PQ, ...
    CT_LOAD_FIX_PQ, CT_LOAD_DIS_PQ, CT_LOAD_ALL_P, CT_LOAD_FIX_P, ...
    CT_LOAD_DIS_P, CT_TGENCOST, CT_TAREAGENCOST, CT_MODCOST_F, ...
    CT_MODCOST_X] = idx_ct;

loadprofile = struct( ...
    'type', 'mpcData', ...
    'table', CT_TAREALOAD, ...
    'rows', [1:11], ...
    'col', CT_LOAD_ALL_P, ...
    'chgtype', 1, ...
    'values', [] );
loadprofile.values(:,1,:) = [
	1473.122 942.9841 1630.5567 573.9 829.7781 1242.3623 896.7337 283.7117 566.1319 4723.6565 1826.0;
	1456.3895 922.12 1585.975 573.9587 807.0 1211.8 866.3609 270.6305 549.4019 4573.0797 1743.9;
	1453.646 938.4171 1597.3635 587.7 810.6033 1228.8178 888.5991 272.7 566.2067 4549.8844 1756.8792;
	1485.3827 944.7391 1631.1144 576.0055 835.4856 1244.8111 913.2743 269.4 605.1012 4627.8664 1792.5756;
	1536.5 986.7699 1732.6414 602.6329 907.4 1308.0514 969.9976 296.7 619.8782 4798.4101 1869.1;
	1570.5245 1018.377 1766.0394 619.236 963.9271 1384.7688 1024.5 317.1746 647.6068 4888.5894 1934.8075;
	1591.4994 1043.9579 1803.7126 603.1837 1015.5966 1435.3386 1058.1156 324.4 659.8781 4985.9003 1991.6255;
	1655.2149 1105.6947 1874.9405 630.8245 1066.0124 1543.5216 1185.6042 374.9546 722.282 5305.62 2181.6181;
	1657.0 1106.4784 1842.2582 619.8 1030.7533 1564.0133 1209.6613 383.997 723.3707 5422.7881 2230.3515;
	1703.2798 1123.2581 1836.7592 607.9107 1048.4283 1592.2414 1282.7388 384.8662 761.8587 5494.9929 2364.1369;
	1692.6683 1160.202 1829.0438 591.8718 1017.2285 1555.9 1237.3502 369.718 754.1793 5503.6036 2370.799;
	1655.0886 1162.6 1795.9212 581.1807 977.0761 1510.8727 1190.8978 351.729 742.6632 5539.7243 2331.6379;
	1647.1636 1131.1135 1786.5103 583.5 972.949 1490.2241 1157.6316 363.5125 701.0856 5474.7 2234.0754;
	1643.0353 1127.1527 1752.0644 571.5626 976.0044 1435.9685 1125.6657 364.6046 693.8896 5412.7156 2180.4172;
	1614.4944 1151.9062 1800.053 582.0656 999.6486 1475.8417 1143.6462 370.3181 736.258 5597.6295 2316.4467;
	1593.6757 1155.5821 1838.9393 598.929 994.191 1493.2932 1156.5849 358.6745 756.3001 5664.8173 2326.7167;
	1605.7959 1140.9931 1836.1795 598.5 1019.3978 1490.1243 1144.001 380.6 715.0619 5688.4699 2280.685;
	1628.6813 1171.1955 1921.7244 619.5557 1059.1 1537.1325 1155.0543 390.8656 748.4243 5669.3168 2362.1;
	1708.2085 1206.3545 1938.4566 621.3387 1045.9022 1531.9384 1159.4 366.1382 738.1822 5692.5665 2360.0633;
	1682.1177 1163.4515 1832.2646 598.3203 967.5917 1430.8808 1117.9 369.9 718.3447 5569.1373 2276.7035;
	1606.336 1085.6 1687.0797 572.4 856.0546 1315.2915 1023.4 342.7 652.0597 5357.8498 2154.4746;
	1562.1337 1037.6822 1597.3167 555.5571 806.8639 1218.0442 949.8863 330.8977 595.6 5061.696 2001.2284;
	1472.9664 963.2908 1567.8373 558.7 806.4538 1121.0033 897.46 307.0211 544.0 4743.0999 1865.4496;
	1481.3 1013.6142 1574.0673 563.6354 811.4189 1115.2163 884.0172 327.1064 532.7494 4549.6492 1866.9254;
];
