function windprofile = ex_wind_profilesh1
%EX_WIND_PROFILE_D  Example wind_load_nyiso profile data for deterministic unit commitment.
% 2022.03.12
% Andres F. Ramirez


%% define constants
[GEN_BUS, PG, QG, QMAX, QMIN, VG, MBASE, GEN_STATUS, PMAX, PMIN, ...
    MU_PMAX, MU_PMIN, MU_QMAX, MU_QMIN, PC1, PC2, QC1MIN, QC1MAX, ...
    QC2MIN, QC2MAX, RAMP_AGC, RAMP_10, RAMP_30, RAMP_Q, APF] = idx_gen;
[CT_LABEL, CT_PROB, CT_TABLE, CT_TBUS, CT_TGEN, CT_TBRCH, CT_TAREABUS, ...
    CT_TAREAGEN, CT_TAREABRCH, CT_ROW, CT_COL, CT_CHGTYPE, CT_REP, ...
    CT_REL, CT_ADD, CT_NEWVAL, CT_TLOAD, CT_TAREALOAD, CT_LOAD_ALL_PQ, ...
    CT_LOAD_FIX_PQ, CT_LOAD_DIS_PQ, CT_LOAD_ALL_P, CT_LOAD_FIX_P, ...
    CT_LOAD_DIS_P, CT_TGENCOST, CT_TAREAGENCOST, CT_MODCOST_F, ...
    CT_MODCOST_X] = idx_ct;

windprofile = struct( ...
    'type', 'mpcData', ...
    'table', CT_TGEN, ...
    'rows', [1:45], ...
    'col', PMAX, ...
    'chgtype', 1, ...
    'values', [] );
windprofile.values(:,1,:) = [
	3.9492 53.3619 84.6492 119.1753 14.9184 36.0755 31.7668 7.7416 27.1225 12.998 24.0265 35.8429 53.9613 43.0959 178.511 67.253 83.4435 88.4252 83.6923 69.5176 10.5889 84.1763 32.6716 38.6006 49.072 27.9601 4.9766 1249.7871 812.1979 812.1979 657.9253 92.997 278.9744 178.9385 135.1116 346.5378 1248.0038 213.7379 466.0606 131.4429 119.3732 400.198 215.6518 113.6793 1261.0038;
	3.4869 47.115 77.8695 46.4952 15.1374 29.1286 31.0795 7.8691 9.9863 13.8781 25.6534 38.2698 57.615 41.9058 193.4398 72.8773 90.4219 95.8202 87.0362 73.1367 10.3598 67.9666 29.4366 35.3202 40.317 28.6092 5.5997 1259.4712 815.8106 815.8106 677.2093 83.6583 290.1205 188.2542 131.3804 348.0792 1258.5084 198.5534 461.4676 107.9919 120.5169 323.1329 214.0594 89.9908 1271.6178;
	3.4165 46.1647 88.4527 50.0501 14.9683 25.2023 30.9295 7.4017 8.8836 14.0897 26.0446 38.8534 58.4936 39.913 198.0648 74.6198 92.5838 98.1112 88.9967 67.5339 10.3098 58.8053 28.3059 39.7824 39.5329 29.4516 6.2461 1278.8761 833.2174 833.2174 735.2894 98.6275 296.6558 173.8323 125.1326 355.5061 1270.7684 207.0376 456.1755 105.8917 38.4951 279.5771 213.8105 121.1443 1284.0056;
	3.7176 50.2326 86.175 52.9261 14.625 15.7771 31.9263 7.5379 11.0777 14.514 26.8289 40.0235 60.2551 30.593 196.3041 73.9564 91.7607 97.239 89.5365 67.6304 10.6421 36.8132 32.5554 38.0821 35.5883 29.7455 5.7212 1261.9066 836.6572 836.6572 764.1264 108.0195 298.455 174.0808 95.9133 356.9737 1271.0826 235.1978 477.3321 95.3257 43.2491 175.0204 215.9819 104.0032 1284.323;
	3.9214 52.9861 84.8411 43.1442 15.0417 24.7399 30.6209 7.347 10.6396 12.436 22.9878 34.2933 51.6284 31.4056 181.7797 68.4844 84.9714 90.0444 88.4482 67.0362 10.207 57.7264 47.0837 28.3285 38.977 58.9186 5.642 1220.0564 830.76 830.76 773.6631 112.788 294.8274 172.5513 98.4607 354.4576 1273.8618 241.2494 463.8058 104.4026 43.8773 274.4479 216.2461 180.7508 1287.1312;
	3.9314 53.1218 94.9152 117.4498 15.322 34.8581 30.41 7.5165 9.9402 12.9662 23.9677 35.7552 53.8292 27.7589 190.758 71.867 89.1683 94.4917 88.6766 62.5188 10.1367 81.3355 23.6771 33.5811 54.6692 65.9409 5.4399 1160.79 801.088 801.088 761.9041 117.6323 295.5887 160.9234 87.028 341.7976 1235.838 241.2343 470.1675 146.4354 82.3344 386.6922 216.2611 248.7292 1248.7113;
	3.9904 53.9195 94.1291 120.6383 15.3495 35.5781 30.6795 12.0268 6.8828 12.3251 22.7828 33.9874 51.1679 40.0288 195.7177 73.7355 91.4867 96.9485 79.9713 67.1369 10.2265 83.0155 24.6357 52.6779 103.4771 75.5537 11.8635 1100.4778 816.6086 816.6086 792.5968 121.099 266.5709 172.8106 125.4957 348.4197 1290.5385 295.0779 465.4377 277.1707 120.0144 394.6792 218.6649 282.2751 1303.9816;
	3.9286 53.0845 91.7805 119.1428 15.3824 35.0857 29.9408 18.9581 9.0814 11.8224 21.8536 32.6012 49.0809 63.7163 190.2466 71.6743 88.9292 94.2384 79.8563 54.5577 9.9803 81.8665 28.1588 57.4353 105.119 74.9739 14.0975 994.6211 791.8416 791.8416 759.7967 121.3467 266.1877 140.4317 199.7592 337.8524 1234.4292 306.7736 455.5685 281.5687 122.1293 389.2168 214.2013 282.0798 1247.2879;
	3.8844 52.4863 88.1429 111.9958 14.9648 33.8677 29.2888 17.5548 7.8109 12.9628 23.9616 35.7459 53.8153 62.7102 197.7983 74.5194 92.4592 97.9791 50.3799 63.8553 9.7629 79.0247 33.5913 85.253 100.4556 71.4045 13.3659 761.8751 812.9524 812.9524 770.6525 119.3887 167.933 164.3636 196.6049 346.8597 1187.4928 308.8782 444.219 269.0774 119.1598 375.7062 212.3882 272.1336 1199.8625;
	3.8574 52.1214 87.5353 114.1073 14.8501 33.6345 29.7995 17.7161 18.6602 12.3206 22.7745 33.975 51.1492 62.4378 195.3032 73.5793 91.2929 96.7432 55.3449 56.9052 9.9332 78.4805 32.4171 86.4158 97.3966 71.3836 13.3086 579.7925 836.1136 836.1136 775.0634 116.5972 184.4831 146.4741 195.7511 356.7418 1109.8594 283.8637 445.1037 260.8838 120.1598 373.1187 211.5193 271.7819 1121.4205;
	3.8703 52.2958 88.3427 114.0 15.033 34.2546 29.9919 17.4183 26.1564 18.0143 33.2991 49.6758 74.7866 69.2408 199.4753 75.1512 93.2431 98.8099 41.9831 60.2404 9.9973 79.9273 32.8251 83.934 97.6582 70.2292 13.1512 438.5075 806.1521 806.1521 782.1918 110.1692 139.9436 155.0588 217.0792 343.9582 978.4586 289.1449 449.1252 261.5845 122.4602 379.9974 208.8307 264.4656 988.6509;
	3.4102 46.0796 87.9534 114.1045 14.6785 32.0633 27.9035 17.6102 26.1165 19.2647 35.6105 53.1239 79.9777 67.9263 192.7905 72.6327 90.1183 95.4985 55.796 64.511 9.3012 74.8144 39.8292 83.9133 98.9283 72.2498 13.1595 318.9257 814.7997 814.7997 751.5372 108.7318 185.9866 166.0514 212.958 347.6479 816.7944 257.7894 447.0539 264.9866 120.5253 355.689 199.4024 263.3197 825.3026;
	2.1315 28.8013 86.5636 112.2156 14.0947 19.7853 24.1456 18.2797 25.9147 27.6564 51.1225 76.2647 114.8161 67.0144 188.4686 71.0044 88.0981 93.3577 91.2709 65.6425 8.0485 46.1658 63.6361 82.0827 97.2648 70.6367 13.7314 291.8448 717.1172 717.1172 670.7144 105.571 304.2364 168.9639 210.0991 305.97 693.2675 235.2222 430.3675 260.5307 121.6774 219.4854 180.5454 263.1267 700.489;
	2.3996 32.4242 86.3442 114.4944 14.1195 12.7464 23.0616 18.2241 25.8179 30.8711 57.0648 85.1295 128.1619 65.7864 191.5285 72.1573 89.5284 94.8734 89.5274 69.0094 7.6872 29.7415 74.7182 82.2445 98.632 71.1621 13.3439 283.765 622.1959 622.1959 607.1087 96.9327 298.4245 177.6304 206.2492 265.4703 497.0389 202.2641 449.8546 264.1928 121.5534 141.3997 146.1373 249.9627 502.2164;
	2.5303 34.1897 86.869 114.1594 12.1703 3.0248 20.3676 18.0854 26.3751 29.6808 54.8646 81.8471 123.2204 66.9221 200.4996 75.537 93.7219 99.3172 90.312 70.626 6.7892 7.058 73.2525 83.1336 99.4694 69.3322 13.5376 447.7016 522.4882 522.4882 444.8939 89.8624 301.0399 181.7916 209.8098 222.9283 455.4479 183.5564 455.263 266.4358 121.297 33.5557 123.8635 215.7875 460.1921;
	3.6 48.6434 86.8457 87.918 14.1853 27.3487 15.5241 18.1875 22.7993 29.9616 55.3835 82.6213 124.3859 61.4872 201.6895 75.9854 94.2781 99.9067 91.864 70.9332 5.1747 63.8137 74.5001 84.9662 98.3356 70.9743 13.5538 493.2236 532.63 532.63 417.6354 48.0017 306.2132 182.5823 192.7706 227.2555 486.9959 160.3352 459.4504 263.3988 119.9455 303.3885 88.947 245.2068 492.0688;
	3.4588 46.7359 88.1669 65.5838 14.4459 32.6809 13.9955 18.2032 27.167 28.4132 52.5213 78.3515 117.9578 63.6645 197.9046 74.5594 92.5089 98.0318 90.503 70.4322 4.6652 76.2553 74.3892 85.4893 103.2245 72.2393 13.6395 595.4895 612.8529 612.8529 463.947 28.3552 301.6766 181.2925 199.5968 261.4839 625.9681 119.8477 206.8087 276.4943 119.8763 362.5397 117.2545 247.9502 632.4886;
	3.7657 50.8828 86.5374 61.0566 13.9604 31.972 29.6404 18.203 27.1095 13.4534 24.8685 37.0989 55.8521 66.8277 187.1195 70.4962 87.4675 92.6894 78.4393 70.0908 9.8801 74.6012 52.7567 84.7174 99.5679 68.6131 13.3955 659.2827 652.4547 652.4547 408.9987 16.7001 261.4644 180.4138 209.514 278.3807 799.1756 74.8845 441.2994 266.6998 118.9317 354.6755 127.6746 238.3214 807.5003;
