function loadprofile = ex_load_profilesh1
%EX_LOAD_PROFILE  Example load profile data file for stochastic unit commitment.
% 2022.03.12
% Andres F. Ramirez

%% define constants
[CT_LABEL, CT_PROB, CT_TABLE, CT_TBUS, CT_TGEN, CT_TBRCH, CT_TAREABUS, ...
    CT_TAREAGEN, CT_TAREABRCH, CT_ROW, CT_COL, CT_CHGTYPE, CT_REP, ...
    CT_REL, CT_ADD, CT_NEWVAL, CT_TLOAD, CT_TAREALOAD, CT_LOAD_ALL_PQ, ...
    CT_LOAD_FIX_PQ, CT_LOAD_DIS_PQ, CT_LOAD_ALL_P, CT_LOAD_FIX_P, ...
    CT_LOAD_DIS_P, CT_TGENCOST, CT_TAREAGENCOST, CT_MODCOST_F, ...
    CT_MODCOST_X] = idx_ct;

loadprofile = struct( ...
    'type', 'mpcData', ...
    'table', CT_TAREALOAD, ...
    'rows', [1:11], ...
    'col', CT_LOAD_ALL_P, ...
    'chgtype', 1, ...
    'values', [] );
loadprofile.values(:,1,:) = [
	1506.2064 965.6078 1541.623 581.0912 847.7 1218.8 923.2 301.4 495.3859 4722.9846 1850.6;
	1487.9916 938.5696 1514.1328 578.0085 841.4218 1185.4635 894.2878 283.9875 476.1336 4544.9628 1788.0696;
	1493.9157 935.3826 1500.8345 575.7911 816.4697 1165.2309 899.0 279.556 478.4588 4502.0701 1776.9669;
	1480.445 949.1 1541.8846 576.5926 828.4 1193.9898 902.6016 275.2 500.272 4544.5076 1818.9482;
	1536.4507 997.5318 1599.679 578.3477 863.6819 1231.6078 947.8 290.9057 542.8637 4680.1958 1945.8725;
	1543.9208 1028.3737 1641.7936 593.1624 908.8701 1296.2673 991.3801 291.4 591.4 4803.6667 1994.0823;
	1604.283 1052.6 1755.1621 611.4685 967.3 1371.8 1057.3 327.1 640.9559 5033.3443 2108.949;
	1694.5741 1133.7043 1848.7719 629.3621 1031.4401 1438.8144 1122.87 337.2203 688.8972 5340.7181 2254.8936;
	1722.5173 1124.4283 1862.7261 614.0 1045.7086 1439.0851 1108.7821 343.1 696.9813 5409.483 2277.3168;
	1668.1561 1139.0716 1884.8564 599.4667 1057.8356 1449.5032 1140.2887 353.4 707.295 5441.7 2295.3869;
	1676.7045 1210.4232 1883.8605 600.9884 1046.2 1409.6714 1151.9219 350.7391 720.9406 5583.187 2283.9193;
	1647.5585 1192.41 1875.0612 589.4 1028.4284 1449.0158 1153.9158 367.5142 733.8714 5424.5095 2219.4284;
	1653.6295 1154.6857 1844.8427 586.3 1006.3694 1431.9513 1089.0968 364.8718 689.2907 5357.2816 2164.1973;
	1584.1957 1127.351 1761.3184 562.2603 967.7077 1341.3199 1035.9448 339.0924 706.2668 5243.0917 2112.821;
	1582.488 1150.7867 1758.4085 571.3738 1000.6129 1445.3946 1057.2 328.855 676.3547 5341.9573 2145.8362;
	1652.7204 1164.3046 1814.4135 598.347 999.263 1468.1 1066.5321 336.8065 666.9301 5258.9847 2203.2293;
	1679.3791 1161.4619 1844.5932 615.214 998.8094 1513.3706 1094.9872 344.7172 684.2534 5397.1 2279.6309;
	1747.9454 1169.5849 1928.2373 634.2141 1081.9521 1540.6865 1149.6 369.7776 725.8297 5575.7023 2402.7488;
	1722.024 1158.4963 1885.2924 624.3469 1065.7401 1504.7 1120.6965 366.4 719.1949 5526.4724 2397.1404;
	1674.5585 1084.662 1790.9893 612.5683 995.2689 1434.329 1064.6203 342.1876 681.2 5383.6347 2271.0888;
	1600.5385 1044.9454 1735.5056 592.6459 993.4656 1360.232 1017.7205 323.8 659.7043 5308.5 2173.5242;
	1523.7538 979.7469 1647.6924 565.2019 907.9788 1255.8075 962.5992 297.0 601.8323 5034.8755 1993.2827;
	1456.4148 941.2187 1546.6784 581.4573 842.6983 1142.9171 881.5409 278.2142 541.5861 4597.1632 1774.6813;
	1459.2988 904.1262 1474.8736 563.2855 806.8788 1108.8064 857.4811 257.3706 521.8405 4491.5607 1683.5031;
];
