function windprofile = ex_wind_profilesh1
%EX_WIND_PROFILE_D  Example wind_load_nyiso profile data for deterministic unit commitment.
% 2022.03.12
% Andres F. Ramirez


%% define constants
[GEN_BUS, PG, QG, QMAX, QMIN, VG, MBASE, GEN_STATUS, PMAX, PMIN, ...
    MU_PMAX, MU_PMIN, MU_QMAX, MU_QMIN, PC1, PC2, QC1MIN, QC1MAX, ...
    QC2MIN, QC2MAX, RAMP_AGC, RAMP_10, RAMP_30, RAMP_Q, APF] = idx_gen;
[CT_LABEL, CT_PROB, CT_TABLE, CT_TBUS, CT_TGEN, CT_TBRCH, CT_TAREABUS, ...
    CT_TAREAGEN, CT_TAREABRCH, CT_ROW, CT_COL, CT_CHGTYPE, CT_REP, ...
    CT_REL, CT_ADD, CT_NEWVAL, CT_TLOAD, CT_TAREALOAD, CT_LOAD_ALL_PQ, ...
    CT_LOAD_FIX_PQ, CT_LOAD_DIS_PQ, CT_LOAD_ALL_P, CT_LOAD_FIX_P, ...
    CT_LOAD_DIS_P, CT_TGENCOST, CT_TAREAGENCOST, CT_MODCOST_F, ...
    CT_MODCOST_X] = idx_ct;

windprofile = struct( ...
    'type', 'mpcData', ...
    'table', CT_TGEN, ...
    'rows', [1:45], ...
    'col', PMAX, ...
    'chgtype', 1, ...
    'values', [] );
windprofile.values(:,1,:) = [
	3.7909 51.2236 83.6477 109.9775 14.8521 35.6262 31.0969 7.2114 26.1398 9.8853 18.2728 27.2594 41.0389 42.4489 179.4888 67.6214 83.9006 88.9096 88.9877 69.9462 10.3656 83.1279 19.6032 35.9195 41.1501 27.1517 4.9282 1220.4894 826.8428 826.8428 629.602 81.4209 296.6258 180.0417 133.0832 352.7862 1274.6347 206.113 457.1302 110.2235 111.674 395.2138 212.6553 122.4912 1287.9121;
	2.9645 40.0571 77.678 41.2754 14.6579 29.5974 29.9191 7.3922 7.7135 11.9636 22.1145 32.9904 49.6669 37.8275 177.0182 66.6906 82.7457 87.6858 91.156 70.9152 9.973 69.0606 23.886 33.7151 34.5209 27.6621 5.407 1239.3841 811.3801 811.3801 635.0625 73.1568 303.8532 182.536 118.5945 346.1889 1271.2456 182.7316 438.2172 92.4667 113.2497 328.3337 207.7413 102.0082 1284.4877;
	2.498 33.7528 86.7084 42.1546 13.5481 23.4462 29.7178 7.1672 7.5733 11.8502 21.9049 32.6777 49.1962 38.1005 193.5029 72.9011 90.4514 95.8515 92.0103 70.0151 9.9059 54.7077 28.1363 37.105 32.7964 29.5882 6.2257 1242.9954 809.3061 809.3061 662.9889 85.2858 306.701 180.219 119.4504 345.3039 1248.1627 185.2225 455.8916 87.8476 31.9612 260.0961 203.438 134.3104 1261.1643;
	2.4838 33.561 80.4933 43.5997 11.0656 13.504 30.1456 7.7822 9.4053 0.582 1.0759 1.605 2.4163 27.0594 191.5197 72.1539 89.5243 94.8691 88.2225 69.9939 10.0485 31.5092 23.8548 37.3594 32.0645 31.9526 5.5224 1244.9568 836.8473 836.8473 733.0621 89.3764 294.075 180.1645 84.8349 357.0549 1258.5561 205.3258 454.8335 85.8871 38.3643 149.8039 190.7036 116.2063 1271.6661;
	3.1869 43.0623 79.542 39.9783 13.7482 22.841 27.7344 7.5294 8.0585 1.3675 2.5279 3.7711 5.6773 30.194 174.6806 65.8099 81.653 86.5278 92.0179 69.2508 9.2448 53.2956 0.1567 30.942 37.4692 68.5005 5.5863 1247.7957 837.4665 837.4665 715.4721 89.5179 306.7264 178.2517 94.6622 357.3191 1262.4495 209.6606 440.6206 100.3639 37.6211 253.3825 202.3688 200.8214 1275.6;
	2.9923 40.4329 91.7421 110.9088 14.286 33.3147 28.5298 7.7522 0.218 8.8556 16.3695 24.4201 36.7643 29.5251 190.0259 71.5911 88.826 94.1291 92.8172 66.9289 9.5099 77.7344 0.2121 34.5528 55.1695 71.4279 5.7513 1196.3355 847.6769 847.6769 748.9356 106.7095 309.3907 172.2752 92.5652 361.6755 1245.2268 219.0423 439.6966 147.7754 68.2513 369.5715 200.7011 250.0168 1258.1979;
	3.8 51.3468 91.5822 119.0821 14.3336 35.3328 26.2291 12.0387 0.3329 10.7528 19.8764 29.6517 44.6404 34.1858 191.749 72.2403 89.6315 94.9826 86.5743 69.5792 8.743 82.4431 22.2406 52.0657 101.3231 75.2655 12.0333 1193.6058 851.4369 851.4369 778.4473 112.1839 288.581 179.097 107.177 363.2797 1304.1733 265.3501 436.2342 271.4012 112.5478 391.9581 209.4424 280.6234 1317.7584;
	3.6227 48.9511 89.6017 115.6872 14.2983 35.0425 29.2505 18.7105 2.0362 10.3614 19.1529 28.5723 43.0154 60.8177 199.1026 75.0108 93.0689 98.6252 89.7768 61.6585 9.7502 81.7658 21.1769 56.5016 103.609 75.2778 13.915 1098.8911 846.4091 846.4091 772.738 110.3295 299.2559 158.7091 190.6717 361.1345 1272.8687 292.0627 445.9236 277.5242 117.0091 388.7381 206.3829 278.8563 1286.1277;
	3.7349 50.4666 91.8983 114.0407 14.8282 34.7768 29.116 17.9601 8.7066 11.0475 20.4211 30.4642 45.8637 64.0487 203.7169 76.7491 95.2258 100.9109 56.8068 68.0794 9.7053 81.1459 25.1514 87.4987 103.8402 72.8769 13.8049 818.7819 846.45 846.45 753.5115 109.225 189.3561 175.2365 200.8014 361.152 1235.7433 289.8368 446.6202 278.1435 120.6235 385.7906 213.4085 273.9141 1248.6156;
	3.8306 51.7598 91.6314 115.724 14.7156 34.4154 29.7239 18.2338 18.495 6.6453 12.2838 18.325 27.5882 59.4742 190.1752 71.6474 88.8959 94.2031 59.1545 55.0689 9.908 80.3026 0.0 88.1253 102.6268 70.3896 13.4419 628.3657 849.4362 849.4362 751.8288 111.3426 197.1816 141.7475 186.4595 362.4261 1121.5935 261.607 454.7848 274.8933 117.3924 381.7813 212.1616 274.2922 1133.2768;
	3.7993 51.3375 91.0016 113.2824 14.5056 33.8319 30.6148 18.1459 27.6468 15.5017 28.6547 42.7472 64.3557 67.7031 199.3094 75.0887 93.1656 98.7277 40.2443 64.5077 10.2049 78.9411 26.6604 84.9651 101.9378 70.5719 13.6214 446.9726 849.3089 849.3089 746.3011 100.0992 134.1476 166.043 212.2584 362.3718 956.632 261.7668 461.1327 273.0477 116.0884 375.3087 208.3687 274.9202 966.597;
	3.1239 42.211 89.795 109.896 14.3825 32.4601 29.0582 18.0965 27.1753 19.2518 35.5866 53.0882 79.924 64.7999 204.1843 76.9253 95.4443 101.1425 53.9848 65.4595 9.6861 75.7403 36.8795 82.9799 99.7942 74.4798 13.2304 350.854 828.9657 828.9657 695.2412 99.3598 179.9493 168.4928 203.1565 353.692 823.49 237.3252 450.8506 267.3059 117.8388 360.091 194.813 275.2128 832.068;
	1.9823 26.7846 89.6744 110.7238 14.3741 22.1951 24.6071 18.9067 26.2053 27.441 50.7243 75.6707 113.9218 64.296 201.6041 75.9532 94.2382 99.8644 92.356 62.7891 8.2024 51.7886 60.9977 84.5162 103.1755 75.7593 13.9692 298.6451 734.0289 734.0289 631.8564 95.6204 307.8533 161.6192 201.5768 313.1857 697.8133 227.5825 422.7928 276.3631 118.9727 246.218 174.2513 271.7041 705.0822;
	2.2455 30.3422 89.7682 110.6116 14.7178 13.3697 25.5441 18.8904 26.7925 30.6122 56.5862 84.4154 127.0869 67.633 200.7985 75.6497 93.8616 99.4653 90.6775 67.516 8.5147 31.1959 72.3021 87.2895 104.503 75.8989 14.0158 314.8453 655.8651 655.8651 617.6062 96.6886 302.2582 173.7863 212.0384 279.8358 548.3901 204.6522 456.9012 279.9189 119.5256 148.3141 142.0388 272.2806 554.1025;
	2.1306 28.7892 89.9933 110.8626 12.7046 3.1514 21.241 18.5986 26.312 28.3883 52.4754 78.2829 117.8545 68.6234 196.4529 74.0125 91.8303 97.3127 87.8669 70.2556 7.0803 7.3532 69.6895 85.9518 103.0192 75.1094 14.034 449.5422 501.7999 501.7999 414.3586 91.2771 292.8896 180.8382 215.1438 214.1013 440.4867 186.1533 458.0405 275.9443 120.9984 34.9592 117.7857 266.535 445.0751;
	3.3145 44.7868 88.4667 83.3448 14.2463 26.5835 15.598 18.8859 22.7561 29.5159 54.5597 81.3924 122.5358 65.7822 198.1148 74.6386 92.6072 98.1359 87.4547 71.1001 5.1993 62.0282 74.0711 88.6514 103.6667 75.122 14.0368 512.9886 553.7909 553.7909 406.1021 50.0157 291.5155 183.0118 206.2359 236.2841 515.7673 165.834 451.3049 277.6787 121.2794 294.8999 86.9806 275.4744 521.1399;
	3.0716 41.5034 88.7995 56.3239 14.1748 31.4319 13.2066 19.0001 26.9072 27.5932 51.0056 76.0903 114.5535 66.9223 193.4274 72.8727 90.4161 95.8141 89.0668 71.115 4.4022 73.3412 71.5375 87.6823 105.5695 75.5146 14.1266 561.9114 626.7962 626.7962 462.5629 30.9897 296.8895 183.0501 209.8105 267.4331 631.5257 131.9063 180.0416 282.7755 118.4125 348.6848 112.6439 270.2332 638.1041;
	3.557 48.0635 86.6282 45.1521 14.0721 30.6386 25.9773 18.4582 26.0105 12.711 23.496 35.0515 52.7698 67.6261 182.496 68.7543 85.3063 90.3992 77.3007 70.9378 8.6591 71.49 52.3191 86.2531 102.3583 73.7594 13.6081 645.047 644.4303 644.4303 426.7763 30.0174 257.669 182.5941 212.017 274.9569 808.8449 87.4442 387.7756 274.1739 118.8682 339.8838 113.1087 257.5955 817.2703;
