function windprofile = ex_wind_profilesh1
%EX_WIND_PROFILE_D  Example wind_load_nyiso profile data for deterministic unit commitment.
% 2022.03.12
% Andres F. Ramirez


%% define constants
[GEN_BUS, PG, QG, QMAX, QMIN, VG, MBASE, GEN_STATUS, PMAX, PMIN, ...
    MU_PMAX, MU_PMIN, MU_QMAX, MU_QMIN, PC1, PC2, QC1MIN, QC1MAX, ...
    QC2MIN, QC2MAX, RAMP_AGC, RAMP_10, RAMP_30, RAMP_Q, APF] = idx_gen;
[CT_LABEL, CT_PROB, CT_TABLE, CT_TBUS, CT_TGEN, CT_TBRCH, CT_TAREABUS, ...
    CT_TAREAGEN, CT_TAREABRCH, CT_ROW, CT_COL, CT_CHGTYPE, CT_REP, ...
    CT_REL, CT_ADD, CT_NEWVAL, CT_TLOAD, CT_TAREALOAD, CT_LOAD_ALL_PQ, ...
    CT_LOAD_FIX_PQ, CT_LOAD_DIS_PQ, CT_LOAD_ALL_P, CT_LOAD_FIX_P, ...
    CT_LOAD_DIS_P, CT_TGENCOST, CT_TAREAGENCOST, CT_MODCOST_F, ...
    CT_MODCOST_X] = idx_ct;

windprofile = struct( ...
    'type', 'mpcData', ...
    'table', CT_TGEN, ...
    'rows', [1:45], ...
    'col', PMAX, ...
    'chgtype', 1, ...
    'values', [] );
windprofile.values(:,1,:) = [
	3.92 52.9682 80.0311 114.6097 15.3098 35.5827 31.2088 7.5717 27.0523 11.8862 21.9715 32.7771 49.3458 40.1547 186.0018 70.0751 86.945 92.1358 87.8915 72.4617 10.4029 83.0263 26.0004 40.4568 47.6259 29.4495 5.1536 1195.9429 810.4791 810.4791 666.0995 83.7765 292.9716 186.5166 125.8903 345.8044 1229.9537 212.9421 468.3969 127.5695 113.3055 394.7308 215.0439 117.9593 1242.7657;
	3.3112 44.7411 76.1019 44.2772 14.9728 29.3489 30.1435 7.6122 9.4434 13.0492 24.1213 35.9843 54.1741 39.7365 184.0889 69.3544 86.0508 91.1882 89.9804 71.7366 10.0478 68.4808 23.4657 39.2145 41.542 30.9271 5.3694 1238.246 811.1979 811.1979 712.3091 73.5731 299.9347 184.6502 124.5794 346.1111 1261.4997 204.1264 464.8103 111.2732 113.1319 325.5773 212.9334 108.4982 1274.6404;
	3.164 42.7522 85.0195 43.6359 14.8582 23.7545 30.603 6.9046 9.1 11.5821 21.4093 31.9384 48.0832 37.208 193.5068 72.9025 90.4532 95.8533 92.608 66.9151 10.201 55.4271 10.5843 42.062 39.5332 29.8483 6.0559 1253.5502 816.7512 816.7512 720.7689 88.5705 308.6935 172.2397 116.6521 348.4805 1266.967 203.5304 466.8587 105.8925 34.1175 263.5161 211.9848 130.0887 1280.1645;
	3.5966 48.5986 85.2132 45.851 14.9996 14.2277 31.5066 7.5218 11.2013 10.3418 19.1166 28.5183 42.9341 26.6138 196.8363 74.1569 92.0095 97.5026 88.3028 67.3593 10.5022 33.1979 17.5595 41.6496 38.1879 29.7247 5.3834 1281.7969 834.3943 834.3943 740.5266 94.4262 294.3427 173.3829 83.4378 356.0082 1281.6396 219.1254 475.9684 102.289 35.289 157.8322 214.9375 120.6894 1294.9901;
	3.7266 50.3544 77.5627 39.5346 14.6609 22.3574 31.5245 6.6391 11.5133 6.9135 12.7795 19.0645 28.7015 28.6475 181.2258 68.2758 84.7125 89.77 90.2124 67.4916 10.5082 52.1674 0.0168 25.8055 33.492 50.5954 4.3628 1263.5214 810.6884 810.6884 758.7372 95.8244 300.7081 173.7236 89.8138 345.8937 1270.9945 221.6035 475.4726 89.7108 29.6039 248.0186 214.1236 186.8458 1284.234;
	3.8242 51.674 91.0187 109.5987 14.852 34.4709 30.6148 7.132 11.228 11.4022 21.0767 31.4423 47.3362 26.0693 191.0828 71.9893 89.3201 94.6527 92.6358 65.9613 10.2049 80.4321 0.907 28.3716 49.3441 58.4738 4.0725 1196.5094 795.3964 795.3964 712.2911 95.8703 308.7859 169.7845 81.7308 339.3691 1196.8382 210.9645 470.0322 132.1716 62.9896 382.397 213.9671 225.344 1209.3053;
	3.7596 50.8006 85.3686 111.0306 14.6103 35.0556 29.948 8.9366 10.3615 10.9701 20.2781 30.2509 45.5426 35.704 197.2927 74.3289 92.2229 97.7287 84.1061 70.4947 9.9827 81.7964 19.5622 46.4429 97.3442 70.3352 7.722 1175.9243 799.9511 799.9511 747.1388 102.6961 280.3535 181.4535 111.9368 341.3125 1216.8906 251.6961 465.9325 260.7434 106.9113 388.8835 215.0445 264.0356 1229.5665;
	3.8005 51.3532 89.6034 117.5456 14.8184 35.0525 30.5416 18.4557 11.3396 11.6469 21.5291 32.1172 48.3523 58.5579 198.7864 74.8916 92.9211 98.4686 84.3197 60.8203 10.1805 81.7891 24.2577 60.3232 104.8137 71.542 13.4654 1088.0251 790.7335 790.7335 729.6178 100.6136 281.0657 156.5517 183.587 337.3796 1206.1739 269.5255 478.8336 280.7511 119.2937 388.8486 212.7436 272.3796 1218.7382;
	3.8579 52.1283 90.1518 116.7976 15.1719 34.938 29.2959 17.9656 9.8528 12.6539 23.3905 34.894 52.5328 62.5688 199.3631 75.1089 93.1907 98.7543 54.048 67.3989 9.7653 81.522 28.3383 88.8774 105.2305 71.2869 13.3303 766.7541 820.4327 820.4327 724.1514 89.8202 180.1599 173.4849 196.1615 350.0513 1170.0478 282.2241 476.9446 281.8674 121.0438 387.5787 217.0449 270.5687 1182.2358;
	3.8784 52.4058 93.0165 119.4166 15.3593 35.1176 29.6204 18.3334 20.0765 11.728 21.6791 32.341 48.6891 64.6768 198.1709 74.6597 92.6334 98.1637 60.4339 65.2699 9.8735 81.9411 26.3746 89.856 105.5946 70.2122 13.1219 623.4015 827.8855 827.8855 749.7502 102.7199 201.4463 168.005 202.7706 353.2311 1112.4503 270.2324 474.8034 282.8426 120.9108 389.5716 214.791 271.0535 1124.0383;
	3.8746 52.3543 89.4115 114.2383 15.0641 34.8668 29.8187 17.944 26.3253 17.0611 31.5373 47.0474 70.8296 66.8353 201.9295 76.0758 94.3903 100.0255 41.9613 69.6051 9.9396 81.3559 28.2309 84.5871 101.3363 71.3007 13.328 458.57 771.5336 771.5336 690.3532 88.9031 139.8709 179.1638 209.5377 329.1877 923.8935 259.024 464.8282 271.4365 121.2955 386.7893 209.1206 267.7897 933.5173;
	3.5453 47.9051 92.6408 118.2018 15.1854 33.8431 28.6819 18.3138 27.5914 18.3997 34.0115 50.7385 76.3865 67.7984 200.1765 75.4153 93.5709 99.1572 54.9745 66.8607 9.5606 78.9672 31.4453 88.0345 104.0653 74.7101 13.2476 327.0891 778.3594 778.3594 682.1583 97.6909 183.2483 172.0997 212.5571 332.1 810.0819 245.0762 464.7324 278.7463 121.9606 375.4325 194.4839 281.5921 818.5203;
	2.0833 28.1495 90.0575 114.1389 14.3846 19.8186 22.6157 18.3372 26.2868 23.6062 43.6357 65.0959 98.0016 64.4664 192.8289 72.6472 90.1363 95.5176 91.3773 66.9111 7.5386 46.2433 44.1761 85.8044 101.8389 73.2816 13.6165 318.5061 671.8399 671.8399 621.7085 92.6679 304.5908 172.2294 202.1107 286.6517 700.5018 223.6086 429.9968 272.7828 119.1658 219.8541 163.477 271.0636 707.7987;
	2.1879 29.5639 87.0804 109.9383 14.4316 10.9927 21.5179 18.0098 26.2665 29.2361 54.0425 80.6208 121.3741 60.1083 192.632 72.573 90.0442 95.42 88.6953 69.5615 7.1726 25.6495 69.9625 83.1875 98.9743 73.4994 13.4945 314.7026 587.1876 587.1876 557.0034 87.773 295.651 179.0516 188.4478 250.5334 510.7069 191.9739 439.2007 265.1097 118.2835 121.9452 125.8777 260.2076 516.0268;
	2.0635 27.882 88.4113 112.8895 12.0631 0.56 20.2 17.9388 26.7008 24.7896 45.8232 68.3591 102.9143 61.5807 199.4196 75.1302 93.2171 98.7823 87.1052 72.2837 6.7333 1.3066 67.9653 83.749 100.9368 72.8128 13.5407 461.3142 469.5528 469.5528 412.0926 83.7639 290.3508 186.0585 193.0638 200.3425 448.9343 182.2872 440.802 270.3665 115.1766 6.2117 99.6502 249.5848 453.6107;
	3.0702 41.4845 87.0348 83.2525 13.9895 25.0968 13.9837 18.1093 20.0812 22.5199 41.6277 62.1004 93.4918 44.4615 199.9101 75.315 93.4464 99.0253 86.5135 72.1474 4.6612 58.5593 63.2145 85.0199 98.9187 72.6064 13.2351 514.0841 492.2163 492.2163 401.5168 46.6965 288.3783 185.7076 139.3928 210.0123 483.8155 163.6434 424.765 264.9607 102.4806 278.4077 50.9436 251.686 488.8552;
	3.0837 41.6671 88.6492 64.7574 14.5595 31.7597 12.4574 18.404 25.7857 24.4807 45.2522 67.5073 101.6319 58.6818 195.1478 73.5208 91.2202 96.6662 86.7525 70.7649 4.1525 74.1059 68.6235 87.1714 104.571 74.0418 13.5913 578.5261 569.9205 569.9205 430.6222 26.881 289.175 182.1491 183.9753 243.1661 575.6518 122.0619 156.2399 280.101 115.6137 352.3206 92.287 261.9646 581.6482;
	3.3619 45.4269 87.5599 59.3486 14.7756 29.9416 25.3928 18.1132 24.8935 0.8596 1.589 2.3705 3.5687 62.2457 185.2382 69.7874 86.5881 91.7575 74.0615 71.3614 8.4643 69.8638 32.064 87.5981 102.0279 73.0317 13.2907 701.8398 593.8064 593.8064 404.7394 31.1236 246.8717 183.6843 195.1485 253.3574 754.5014 88.6531 354.8605 273.2891 116.2252 332.1525 94.3745 261.808 762.3608;
