function solarprofile = ex_solar_profilesh1
%EX_WIND_PROFILE_D  Example wind_load_nyiso profile data for deterministic unit commitment.
% 2022.03.12
% Andres F. Ramirez


%% define constants
[GEN_BUS, PG, QG, QMAX, QMIN, VG, MBASE, GEN_STATUS, PMAX, PMIN, ...
    MU_PMAX, MU_PMIN, MU_QMAX, MU_QMIN, PC1, PC2, QC1MIN, QC1MAX, ...
    QC2MIN, QC2MAX, RAMP_AGC, RAMP_10, RAMP_30, RAMP_Q, APF] = idx_gen;
[CT_LABEL, CT_PROB, CT_TABLE, CT_TBUS, CT_TGEN, CT_TBRCH, CT_TAREABUS, ...
    CT_TAREAGEN, CT_TAREABRCH, CT_ROW, CT_COL, CT_CHGTYPE, CT_REP, ...
    CT_REL, CT_ADD, CT_NEWVAL, CT_TLOAD, CT_TAREALOAD, CT_LOAD_ALL_PQ, ...
    CT_LOAD_FIX_PQ, CT_LOAD_DIS_PQ, CT_LOAD_ALL_P, CT_LOAD_FIX_P, ...
    CT_LOAD_DIS_P, CT_TGENCOST, CT_TAREAGENCOST, CT_MODCOST_F, ...
    CT_MODCOST_X] = idx_ct;

solarprofile = struct( ...
    'type', 'mpcData', ...
    'table', CT_TGEN, ...
    'rows', [1:12], ...
    'col', PMAX, ...
    'chgtype', 1, ...
    'values', [] );
solarprofile.values(:,1,:) = [
	0.0 0.0 0.0 0.0 0.0 0.0 0.0 0.0 0.0 0.0 0.0 0.0;
	0.0 0.0 0.0 0.0 0.0 0.0 0.0 0.0 0.0 0.0 0.0 0.0;
	0.0 0.0 0.0 0.0 0.0 0.0 0.0 0.0 0.0 0.0 0.0 0.0;
	0.0 0.0 0.0 0.0 0.0 0.0 0.0 0.0 0.0 0.0 0.0 0.0;
	0.0 0.0 0.0 0.0 0.0 0.0 0.0 0.0 0.0 0.0 0.0 0.0;
	0.0 0.0 0.0 0.0 0.0 0.0 0.0 0.0 0.0 0.0 0.0 0.0;
	0.3377 0.1722 0.3706 2.7428 0.8234 23.6972 2.9622 10.891 5.7576 11.9976 4.4841 21.7278;
	0.5458 0.4238 0.6648 4.7839 2.2974 42.3803 5.2975 11.4216 15.6303 41.378 13.8948 74.9358;
	0.9082 0.784 1.0189 6.1152 3.9271 55.5741 6.9468 10.0583 34.3357 82.7806 25.1631 149.9162;
	2.9486 2.5198 3.1929 6.3328 7.3246 99.0179 12.3772 8.3366 127.5283 118.9954 22.5296 215.5014;
	3.7282 2.582 3.6189 5.3976 8.4894 109.1288 13.6411 6.3699 136.963 116.8516 24.7197 211.6189;
	3.2327 2.2489 2.7129 4.3115 7.6565 91.9125 11.4891 5.4784 112.5671 137.5791 30.3924 249.1566;
	2.8525 1.6925 2.281 3.1134 4.3411 80.0713 10.0089 14.413 45.2602 331.1245 52.8047 599.6684;
	2.154 1.6156 2.02 1.9958 3.1708 40.8554 5.1069 12.8862 30.0204 327.8633 49.2263 593.7625;
	1.8534 1.5779 1.7367 1.2232 2.1561 31.2091 3.9011 9.2241 23.1992 311.8366 39.2635 564.738;
	1.6282 1.4859 2.0442 0.2455 0.4732 27.2503 3.4063 1.9717 18.1106 175.9074 26.7326 318.5693;
	0.2494 0.2251 0.2009 0.3793 0.52 29.9259 3.7407 6.1515 23.5364 22.7894 17.9059 41.2717;
	0.0 0.0 0.0 0.0 0.0 0.0 0.0 0.0 0.0 0.0 0.0 0.0;
	0.0 0.0 0.0 0.0 0.0 0.0 0.0 0.0 0.0 0.0 0.0 0.0;
	0.0 0.0 0.0 0.0 0.0 0.0 0.0 0.0 0.0 0.0 0.0 0.0;
	0.0 0.0 0.0 0.0 0.0 0.0 0.0 0.0 0.0 0.0 0.0 0.0;
	0.0 0.0 0.0 0.0 0.0 0.0 0.0 0.0 0.0 0.0 0.0 0.0;
	0.0 0.0 0.0 0.0 0.0 0.0 0.0 0.0 0.0 0.0 0.0 0.0;
	0.0 0.0 0.0 0.0 0.0 0.0 0.0 0.0 0.0 0.0 0.0 0.0;
];
