function solarprofile = ex_solar_profilesh1
%EX_WIND_PROFILE_D  Example wind_load_nyiso profile data for deterministic unit commitment.
% 2022.03.12
% Andres F. Ramirez


%% define constants
[GEN_BUS, PG, QG, QMAX, QMIN, VG, MBASE, GEN_STATUS, PMAX, PMIN, ...
    MU_PMAX, MU_PMIN, MU_QMAX, MU_QMIN, PC1, PC2, QC1MIN, QC1MAX, ...
    QC2MIN, QC2MAX, RAMP_AGC, RAMP_10, RAMP_30, RAMP_Q, APF] = idx_gen;
[CT_LABEL, CT_PROB, CT_TABLE, CT_TBUS, CT_TGEN, CT_TBRCH, CT_TAREABUS, ...
    CT_TAREAGEN, CT_TAREABRCH, CT_ROW, CT_COL, CT_CHGTYPE, CT_REP, ...
    CT_REL, CT_ADD, CT_NEWVAL, CT_TLOAD, CT_TAREALOAD, CT_LOAD_ALL_PQ, ...
    CT_LOAD_FIX_PQ, CT_LOAD_DIS_PQ, CT_LOAD_ALL_P, CT_LOAD_FIX_P, ...
    CT_LOAD_DIS_P, CT_TGENCOST, CT_TAREAGENCOST, CT_MODCOST_F, ...
    CT_MODCOST_X] = idx_ct;

solarprofile = struct( ...
    'type', 'mpcData', ...
    'table', CT_TGEN, ...
    'rows', [1:12], ...
    'col', PMAX, ...
    'chgtype', 1, ...
    'values', [] );
solarprofile.values(:,1,:) = [
	0.0 0.0 0.0 0.0 0.0 0.0 0.0 0.0 0.0 0.0 0.0 0.0;
	0.0 0.0 0.0 0.0 0.0 0.0 0.0 0.0 0.0 0.0 0.0 0.0;
	0.0 0.0 0.0 0.0 0.0 0.0 0.0 0.0 0.0 0.0 0.0 0.0;
	0.0 0.0 0.0 0.0 0.0 0.0 0.0 0.0 0.0 0.0 0.0 0.0;
	0.0 0.0 0.0 0.0 0.0 0.0 0.0 0.0 0.0 0.0 0.0 0.0;
	0.0 0.0 0.0 0.0 0.0 0.0 0.0 0.0 0.0 0.0 0.0 0.0;
	0.2816 0.3149 0.3311 0.5295 3.0991 0.7161 0.0895 1.8925 5.7856 10.0789 3.4805 18.253;
	1.2882 0.7029 0.9442 1.3333 2.6264 15.558 1.9447 4.8481 12.6167 41.2777 6.0435 74.7543;
	1.7238 0.996 1.3214 1.9767 1.9333 25.7009 3.2126 6.3057 14.2446 103.0455 18.0036 186.6159;
	3.1618 2.3362 3.9779 1.7537 1.5433 70.7765 8.8471 5.4774 32.0621 82.651 39.2266 149.6815;
	2.848 2.5052 2.9518 1.9476 2.5775 83.7126 10.4641 5.1352 32.41 67.493 42.5457 122.2302;
	2.6463 2.5884 2.4017 2.3503 4.1234 87.1073 10.8884 5.2566 32.8965 68.6522 46.3783 124.3296;
	4.0122 4.5164 2.5984 3.1901 5.273 143.0009 17.8751 19.8833 49.5284 143.2632 121.4458 259.4506;
	4.2077 3.608 2.2448 2.4153 4.7361 123.5937 15.4492 17.8973 57.7938 163.9626 136.535 296.9372;
	3.531 2.4625 1.7802 1.5777 3.9364 99.3242 12.4155 12.3232 56.0158 165.2458 106.8313 299.2611;
	2.2212 1.5325 1.3749 0.5383 1.4433 35.3106 4.4138 3.9685 25.4277 54.0596 32.8087 97.9022;
	0.3093 0.2442 0.1516 0.4423 1.1862 28.901 3.6126 6.9106 22.289 23.7422 11.2224 42.9973;
	0.0 0.0 0.0 0.0 0.0 0.0 0.0 0.0 0.0 0.0 0.0 0.0;
	0.0 0.0 0.0 0.0 0.0 0.0 0.0 0.0 0.0 0.0 0.0 0.0;
	0.0 0.0 0.0 0.0 0.0 0.0 0.0 0.0 0.0 0.0 0.0 0.0;
	0.0 0.0 0.0 0.0 0.0 0.0 0.0 0.0 0.0 0.0 0.0 0.0;
	0.0 0.0 0.0 0.0 0.0 0.0 0.0 0.0 0.0 0.0 0.0 0.0;
	0.0 0.0 0.0 0.0 0.0 0.0 0.0 0.0 0.0 0.0 0.0 0.0;
	0.0 0.0 0.0 0.0 0.0 0.0 0.0 0.0 0.0 0.0 0.0 0.0;
];
