function windprofile = ex_wind_profilesh1
%EX_WIND_PROFILE_D  Example wind_load_nyiso profile data for deterministic unit commitment.
% 2022.03.12
% Andres F. Ramirez


%% define constants
[GEN_BUS, PG, QG, QMAX, QMIN, VG, MBASE, GEN_STATUS, PMAX, PMIN, ...
    MU_PMAX, MU_PMIN, MU_QMAX, MU_QMIN, PC1, PC2, QC1MIN, QC1MAX, ...
    QC2MIN, QC2MAX, RAMP_AGC, RAMP_10, RAMP_30, RAMP_Q, APF] = idx_gen;
[CT_LABEL, CT_PROB, CT_TABLE, CT_TBUS, CT_TGEN, CT_TBRCH, CT_TAREABUS, ...
    CT_TAREAGEN, CT_TAREABRCH, CT_ROW, CT_COL, CT_CHGTYPE, CT_REP, ...
    CT_REL, CT_ADD, CT_NEWVAL, CT_TLOAD, CT_TAREALOAD, CT_LOAD_ALL_PQ, ...
    CT_LOAD_FIX_PQ, CT_LOAD_DIS_PQ, CT_LOAD_ALL_P, CT_LOAD_FIX_P, ...
    CT_LOAD_DIS_P, CT_TGENCOST, CT_TAREAGENCOST, CT_MODCOST_F, ...
    CT_MODCOST_X] = idx_ct;

windprofile = struct( ...
    'type', 'mpcData', ...
    'table', CT_TGEN, ...
    'rows', [1:45], ...
    'col', PMAX, ...
    'chgtype', 1, ...
    'values', [] );
windprofile.values(:,1,:) = [
	3.9332 53.1465 85.6494 119.6575 15.253 36.0306 32.0179 6.0723 28.4073 13.0844 24.1862 36.0811 54.3199 43.3987 198.0547 74.616 92.5791 98.1062 83.1067 73.3464 10.6726 84.0715 29.9814 35.1811 43.7505 26.9769 3.7913 1289.7446 827.073 827.073 711.6169 85.3565 277.0223 188.7938 136.0609 352.8845 1278.5905 223.1522 472.9364 117.189 116.4933 399.6999 216.3809 119.7222 1291.9092;
	3.3849 45.7372 75.6381 45.9734 15.1774 27.8433 30.5292 4.7462 10.1524 10.8798 20.1111 30.0019 45.1676 40.2131 193.5169 72.9064 90.4579 95.8584 86.0826 71.1112 10.1764 64.9677 3.6347 33.525 35.8818 28.2602 4.2086 1280.0602 815.7223 815.7223 758.5341 75.0133 286.942 183.0405 126.0735 348.0415 1285.7168 203.6868 452.6191 96.112 115.838 308.8748 212.7964 95.1764 1299.1097;
	3.2201 43.511 86.3371 45.0408 14.7703 23.3375 31.1333 1.4832 9.9211 5.237 9.6806 14.4415 21.7416 40.6944 199.4129 75.1277 93.2139 98.779 89.8954 61.3134 10.3778 54.4541 0.726 34.7378 32.5673 26.0835 3.2159 1259.852 832.7836 832.7836 775.8793 84.916 299.6514 157.821 127.5825 355.321 1273.9576 208.2191 440.9235 87.2338 32.3137 258.8906 213.0796 133.077 1287.228;
	3.6238 48.9651 84.3518 47.5608 14.6297 14.3613 30.4609 5.9453 11.7548 10.7679 19.9042 29.6932 44.7029 28.7653 199.53 75.1718 93.2687 98.8369 84.9789 61.3151 10.1536 33.5098 19.0344 33.2813 31.4889 23.9416 4.347 1242.258 834.9138 834.9138 769.9637 92.7031 283.263 157.8253 90.1831 356.2299 1262.3902 231.379 440.5969 84.3451 35.7645 159.3152 214.1067 113.1684 1275.5401;
	3.6802 49.7271 76.7631 40.7784 14.4689 22.1548 30.8519 5.6641 11.3243 10.396 19.2169 28.6678 43.1592 33.0171 187.527 70.6497 87.658 92.8913 88.3901 65.1592 10.284 51.6946 0.0914 21.5419 28.5684 56.8197 4.5324 1246.0082 832.5149 832.5149 777.3067 93.53 294.6337 167.7198 103.5132 355.2063 1269.3121 233.0106 437.8553 76.5226 36.5529 245.7708 205.5661 193.8269 1282.5341;
	3.7476 50.6386 85.9133 109.6573 14.5344 33.6374 30.0576 3.7992 10.2695 11.2415 20.7798 30.9993 46.6694 28.4985 189.9492 71.5622 88.7902 94.0911 89.7417 61.9525 10.0192 78.4873 0.1711 9.56 40.9385 62.7342 0.4037 1168.7841 779.607 779.607 740.1867 98.5392 299.1389 159.466 89.3466 332.6323 1178.5475 223.6104 434.7064 109.6567 65.0729 373.1509 205.5256 246.3538 1190.824;
	3.8749 52.3579 89.0283 116.2004 14.6041 34.7244 31.0654 8.8432 10.8557 11.4462 21.1581 31.5637 47.519 35.2214 196.926 74.1907 92.0515 97.5471 87.5809 67.4686 10.3551 81.0236 20.0933 45.1009 97.0647 73.0731 9.0313 1159.4336 794.7938 794.7938 758.4948 112.514 291.9363 173.6645 110.4237 339.112 1243.3452 274.0736 450.472 259.9947 105.7348 385.2092 204.8171 272.1483 1256.2967;
	3.7411 50.5511 87.5142 113.0514 14.5692 34.7294 31.095 16.5878 10.8723 11.7041 21.6349 32.275 48.5899 61.1814 189.597 71.4296 88.6256 93.9167 85.8793 54.8693 10.365 81.0353 20.1874 44.846 100.3156 72.9164 12.8934 1096.4323 792.8934 792.8934 728.4799 105.0267 286.2643 141.2336 191.812 338.3012 1217.7532 276.5629 457.2029 268.7024 115.6643 385.2651 206.9958 277.8665 1230.4382;
	3.7179 50.2371 91.3142 111.9432 14.6156 34.7316 30.4429 17.6311 9.8343 13.0119 24.0523 35.8812 54.019 64.9122 198.7496 74.8778 92.9039 98.4504 56.793 66.3822 10.1476 81.0405 28.0368 85.9011 101.9776 72.5355 13.2284 762.4652 826.5428 826.5428 750.2809 107.5475 189.31 170.8679 203.5085 352.6582 1135.4592 282.3803 457.145 273.1544 116.3805 385.2897 204.6008 269.9815 1147.2869;
	3.7086 50.1109 86.8923 109.8853 14.6792 33.5259 30.4444 17.0775 19.0044 10.4538 19.3238 28.8273 43.3993 54.7576 188.3184 70.9479 88.0279 93.2833 54.9302 60.5897 10.1481 78.227 23.8735 86.6102 96.4959 66.8318 12.2706 533.833 807.1238 807.1238 731.8536 103.2249 183.1008 155.9581 171.6726 344.3728 1025.9215 267.3259 449.2759 258.4712 112.4928 371.9135 201.8996 264.0605 1036.6081;
	3.6316 49.0711 86.5615 110.0816 14.5696 32.878 30.7518 14.535 27.2223 16.8522 31.151 46.4712 69.9622 67.9573 194.9359 73.4409 91.1212 96.5612 43.5546 65.6612 10.2506 76.7153 28.5336 81.7821 92.9306 64.7154 12.0659 383.031 782.9484 782.9484 745.3861 97.0056 145.1819 169.012 213.0552 334.058 898.2673 285.1059 457.0009 248.9213 114.0868 364.7265 186.3034 256.0563 907.6243;
	2.9236 39.5043 87.135 110.311 14.1743 31.1955 27.8637 13.7948 26.6174 19.1983 35.4878 52.9408 79.702 64.3029 189.8689 71.532 88.7527 94.0513 58.558 58.0031 9.2879 72.7895 34.2306 81.9422 88.1993 70.039 8.4482 260.5616 742.2962 742.2962 685.3337 102.5233 195.1933 149.3 201.5983 316.7131 731.535 256.6963 442.5223 236.2481 113.4323 346.0621 137.2582 255.8343 739.1551;
	1.8204 24.5972 88.2263 109.8412 14.271 20.2867 24.6299 17.7335 26.7373 27.4379 50.7186 75.6621 113.9089 63.7542 190.0864 71.6139 88.8543 94.1591 92.4138 61.5006 8.21 47.3357 51.3478 84.3404 96.0469 70.5333 12.8864 176.4667 652.9511 652.9511 614.5872 100.156 308.0461 158.3026 199.8782 278.5925 607.659 232.2832 434.5547 257.2686 116.4819 225.0474 152.2888 264.1941 613.9887;
	1.9935 26.937 87.8648 112.7808 14.5739 13.4902 24.273 17.6836 26.4726 30.91 57.1367 85.2367 128.3235 63.7076 195.8004 73.7667 91.5253 96.9895 90.1946 68.6156 8.091 31.4772 72.7263 85.4496 96.9375 71.7308 13.243 256.3199 591.5255 591.5255 586.1331 96.7513 300.6486 176.6167 199.732 252.3842 456.4462 206.9492 446.1969 259.6541 120.2113 149.6517 134.7739 262.5041 461.2009;
	1.6476 22.263 85.9224 110.0599 12.2712 2.5975 19.3046 17.4765 26.0924 29.4182 54.379 81.1228 122.13 62.2115 196.6051 74.0698 91.9015 97.3881 86.5427 71.6261 6.4349 6.0608 71.7949 83.2896 95.9786 70.6288 13.0866 413.9497 462.8923 462.8923 430.0613 90.9528 288.4758 184.3657 195.0415 197.5007 396.7063 189.7921 440.8897 257.0856 118.713 28.8147 114.2862 245.7902 400.8387;
	2.5262 34.1339 86.6481 78.9597 13.996 26.7193 15.3737 18.1378 22.3956 29.7487 54.9899 82.0342 123.502 54.0576 195.1105 73.5067 91.2028 96.6477 86.4984 70.2786 5.1246 62.345 72.2819 86.6472 98.882 73.1099 13.6054 489.1837 480.3488 480.3488 415.0711 45.8025 288.328 180.8972 169.4779 204.9488 445.4835 164.9686 447.3872 264.8624 118.6381 296.4059 72.9761 261.2468 450.124;
	2.7532 37.2011 86.3958 56.7104 14.1676 31.8103 12.6475 17.6761 26.3076 28.4397 52.5703 78.4246 118.0678 58.4346 200.9162 75.694 93.9166 99.5236 88.2022 72.9421 4.2158 74.2241 70.9839 85.4565 99.8715 72.6269 13.319 558.153 541.8742 541.8742 433.7434 27.2121 294.0072 187.7532 183.2004 231.1997 534.8435 121.6804 167.6668 267.5128 118.3472 352.8827 104.3977 260.4912 540.4148;
	3.5967 48.6 87.7387 59.8515 14.4669 32.3207 26.0045 18.6468 25.8535 13.0181 24.0638 35.8985 54.045 63.2947 184.8134 69.6274 86.3895 91.5471 69.4648 70.347 8.6682 75.4149 39.8375 86.4728 101.5087 74.4579 13.4852 644.5821 561.5952 561.5952 407.3465 25.061 231.5495 181.0734 198.4375 239.6139 663.5611 81.3063 404.4514 271.8982 122.2807 358.5442 112.6279 262.7895 670.4731;
