function windprofile = ex_wind_profilesh1
%EX_WIND_PROFILE_D  Example wind_load_nyiso profile data for deterministic unit commitment.
% 2022.03.12
% Andres F. Ramirez


%% define constants
[GEN_BUS, PG, QG, QMAX, QMIN, VG, MBASE, GEN_STATUS, PMAX, PMIN, ...
    MU_PMAX, MU_PMIN, MU_QMAX, MU_QMIN, PC1, PC2, QC1MIN, QC1MAX, ...
    QC2MIN, QC2MAX, RAMP_AGC, RAMP_10, RAMP_30, RAMP_Q, APF] = idx_gen;
[CT_LABEL, CT_PROB, CT_TABLE, CT_TBUS, CT_TGEN, CT_TBRCH, CT_TAREABUS, ...
    CT_TAREAGEN, CT_TAREABRCH, CT_ROW, CT_COL, CT_CHGTYPE, CT_REP, ...
    CT_REL, CT_ADD, CT_NEWVAL, CT_TLOAD, CT_TAREALOAD, CT_LOAD_ALL_PQ, ...
    CT_LOAD_FIX_PQ, CT_LOAD_DIS_PQ, CT_LOAD_ALL_P, CT_LOAD_FIX_P, ...
    CT_LOAD_DIS_P, CT_TGENCOST, CT_TAREAGENCOST, CT_MODCOST_F, ...
    CT_MODCOST_X] = idx_ct;

windprofile = struct( ...
    'type', 'mpcData', ...
    'table', CT_TGEN, ...
    'rows', [1:45], ...
    'col', PMAX, ...
    'chgtype', 1, ...
    'values', [] );
windprofile.values(:,1,:) = [
	3.7462 50.6193 80.5355 109.8032 14.9578 34.5695 30.049 5.6749 26.2218 11.257 20.8085 31.0422 46.7338 40.7691 184.4987 69.5088 86.2424 91.3912 78.5736 71.4071 10.0163 80.6622 11.2842 31.0561 46.5496 26.9987 4.0893 1166.7039 805.0664 805.0664 619.8028 86.5362 261.912 183.8021 127.8165 343.495 1175.4112 209.587 434.6294 124.6864 113.5895 383.4914 205.0279 95.0135 1187.6551;
	3.1507 42.5725 74.9721 36.9702 14.9902 26.1506 29.7154 6.8361 3.8922 11.6273 21.493 32.0633 48.2711 41.9624 191.0142 71.9635 89.288 94.6187 83.9991 73.5197 9.9051 61.0181 0.0 20.9132 38.1122 29.5153 4.6251 1216.6754 835.3083 835.3083 702.2723 82.3685 279.9971 189.24 131.5579 356.3982 1251.8461 206.9654 445.3283 102.0862 115.6382 290.0977 207.3135 83.0855 1264.8862;
	2.7668 37.386 86.5973 36.4075 14.883 20.6047 29.7417 6.0424 0.0 12.1587 22.4752 33.5286 50.4771 38.5226 199.7102 75.2397 93.3529 98.9262 84.133 68.8589 9.9139 48.0776 4.6396 7.932 36.1893 29.4791 5.0268 1201.8895 802.9774 802.9774 704.6 93.7723 280.4432 177.243 120.7736 342.6037 1219.5911 210.3321 436.4019 96.9355 30.0103 228.5744 203.4883 118.3177 1232.2952;
	3.2713 44.202 84.2682 40.189 14.5831 12.4928 30.8035 6.0803 4.2099 11.5508 21.3516 31.8523 47.9535 28.0314 197.3177 74.3383 92.2346 97.7411 78.6021 68.3711 10.2678 29.1498 20.4245 23.9087 35.6118 30.1936 4.9588 1205.655 816.9134 816.9134 724.9508 98.561 262.0069 175.9875 87.8823 348.5497 1237.4185 230.894 449.0543 95.3888 32.8797 138.5863 207.4128 105.6102 1250.3083;
	3.7876 51.1788 82.57 32.9641 15.0904 20.3379 30.0337 6.2835 0.7341 10.4945 19.399 28.9395 43.5682 32.5972 185.7786 69.991 86.8407 92.0252 86.1854 69.4337 10.0112 47.4552 0.0103 23.9064 38.3742 64.1913 4.5176 1154.0857 806.8984 806.8984 747.7318 103.4052 287.2848 178.7226 102.1966 344.2766 1218.2847 241.1996 453.439 102.788 34.8763 225.6155 207.3544 188.324 1230.9751;
	3.877 52.3863 92.2221 108.1475 15.1458 32.5493 31.3624 5.7236 5.3314 10.2409 18.9301 28.24 42.5151 27.2357 190.6702 71.8339 89.1273 94.4483 90.0559 68.8557 10.4541 75.9485 0.0275 30.9018 54.9189 68.4831 5.1792 1115.1942 783.8108 783.8108 718.8341 110.1809 300.1863 177.2348 85.3877 334.426 1167.42 238.0756 466.7568 147.1042 66.5744 361.0808 211.2031 235.3054 1179.5806;
	3.9454 53.3106 93.2075 116.1581 15.1637 34.0353 30.7742 10.0273 3.3592 10.3854 19.1972 28.6384 43.115 36.2166 196.5574 74.0518 91.8791 97.3645 85.0868 69.8712 10.2581 79.4157 9.6102 52.2896 102.8899 75.4295 10.3171 1171.8836 806.8385 806.8385 738.4156 116.3227 283.6228 179.8487 113.544 344.2511 1243.4653 280.1681 456.1651 275.5981 107.3427 377.565 213.4185 277.2227 1256.4181;
	3.8572 52.119 89.2749 112.4104 15.1012 34.3549 30.8611 18.229 7.9739 8.7264 16.1306 24.0637 36.2277 60.2961 194.1784 73.1556 90.7671 96.1861 83.9356 59.2164 10.287 80.1613 17.8449 53.771 104.4169 74.1348 13.4257 1095.7937 801.5197 801.5197 779.1995 116.6537 279.7853 152.4232 189.0364 341.9817 1221.9959 302.2056 463.1329 279.688 116.6066 381.1099 215.5159 271.4925 1234.725;
	3.8194 51.6088 87.5533 111.0739 15.0255 32.6845 30.3463 18.0836 4.6405 10.6079 19.6085 29.252 44.0387 62.2695 195.5269 73.6636 91.3975 96.854 48.5979 64.5059 10.1154 76.2639 25.48 85.8124 102.9923 74.6419 13.3814 795.314 806.3859 806.3859 733.1446 107.5301 161.9931 166.0385 195.2232 344.058 1189.5769 283.3092 452.4948 275.8722 120.3819 362.5806 218.516 266.052 1201.9683;
	3.849 52.0087 86.9066 115.8134 14.7784 32.7456 30.853 18.5759 17.1884 12.0292 22.2359 33.1716 49.9396 55.7518 182.8476 68.8868 85.4706 90.5734 53.5471 49.3977 10.2843 76.4064 24.3489 87.7091 102.0593 74.8047 13.5423 544.4081 808.4034 808.4034 724.2965 112.897 178.4902 127.1499 174.7895 344.9188 1046.5541 266.7764 450.1081 273.3731 116.7595 363.2578 215.1172 267.0772 1057.4557;
	3.8025 51.3802 83.6811 111.162 14.8146 32.4381 29.9931 18.4633 25.9352 18.3195 33.8633 50.5174 76.0537 66.8033 192.6462 72.5783 90.0509 95.4271 39.375 62.2398 9.9977 75.689 28.8277 83.3898 98.8394 75.4455 13.3846 421.4447 776.5821 776.5821 693.0247 101.4399 131.25 160.2054 209.4373 331.3417 860.3527 254.6654 425.5332 264.7485 121.5178 359.847 205.8233 258.9326 869.3147;
	3.4621 46.78 86.5436 112.478 14.5955 31.547 29.2092 18.0276 26.7388 20.5957 38.0708 56.7941 85.5032 63.7193 190.6811 71.838 89.1323 94.4536 50.5976 64.5975 9.7364 73.6098 33.1981 82.8742 98.925 76.1182 12.829 288.3456 749.5735 749.5735 661.0506 103.0875 168.6586 166.2742 199.7687 319.818 709.1565 242.8605 443.3262 264.9776 123.1512 349.9619 197.3811 258.6311 716.5436;
	2.1265 28.7332 86.3943 110.6959 14.374 20.4725 25.7892 18.297 26.2265 27.0201 49.9462 74.5099 112.1743 57.7416 192.4302 72.497 89.95 95.3201 90.8508 66.8727 8.5964 47.7693 45.8949 83.5457 97.1885 74.7475 13.6484 293.8748 696.7995 696.7995 627.7161 107.4212 302.8361 172.1306 181.0278 297.3011 647.7766 224.2751 409.6495 260.3265 122.6463 227.1087 173.9718 258.6463 654.5243;
	2.358 31.8611 86.3246 111.0383 14.2075 12.9561 25.5079 18.2565 26.3209 30.4242 56.2387 83.897 126.3065 62.673 194.8981 73.4267 91.1035 96.5426 88.469 70.6434 8.5026 30.2309 68.7689 83.2485 97.6532 75.4407 13.4767 320.0063 623.9144 623.9144 577.8726 105.2819 294.8967 181.8364 196.4882 266.2035 495.234 207.8646 444.9095 261.5712 123.6465 143.7262 144.3394 262.2246 500.3927;
	2.1604 29.1921 83.7647 109.8143 12.113 0.5152 20.7576 17.9503 25.9321 27.5395 50.9064 75.9423 114.3308 58.6088 194.4802 73.2693 90.9082 96.3356 88.7066 71.6683 6.9192 1.2021 57.5942 82.2587 95.6228 71.8689 13.5177 410.7217 462.1117 462.1117 379.6077 93.4978 295.6887 184.4743 183.7466 197.1676 402.9629 174.6555 416.0318 256.1326 120.6549 5.7151 110.7638 236.3422 407.1604;
	3.2059 43.3184 86.2725 82.3288 13.6008 25.7866 15.6073 18.27 20.5756 28.5523 52.7784 78.7351 118.5352 36.4056 195.7607 73.7517 91.5068 96.9699 87.4459 72.6525 5.2024 60.1687 67.9681 84.3787 96.4964 72.8536 13.4827 453.8536 423.2189 423.2189 370.6602 48.3175 291.4863 187.0076 114.1365 180.5734 435.6102 152.6557 410.1226 258.4725 118.9395 286.0593 74.4617 254.2531 440.1478;
	3.0033 40.5813 90.1313 64.0085 14.2529 31.1253 14.2258 18.7348 26.3225 27.75 51.2955 76.5228 115.2047 42.722 191.5346 72.1595 89.5313 94.8764 85.0106 72.1701 4.7419 72.6257 69.2853 86.9154 102.7465 73.9324 13.8091 524.3004 509.3354 509.3354 400.3077 28.8017 283.3687 185.7661 133.9393 217.3165 556.3133 115.8812 163.3179 275.2137 116.7367 345.2831 97.9192 254.6464 562.1082;
	3.3764 45.6229 86.7089 55.7479 14.3499 30.3656 28.4064 18.7041 25.8529 13.0268 24.0799 35.9225 54.0811 58.171 186.8606 70.3986 87.3465 92.5612 76.7253 72.5733 9.4688 70.8531 49.7272 85.2642 100.4433 73.0527 13.5288 608.5358 542.7607 542.7607 394.0689 24.8514 255.7511 186.8039 182.374 231.5779 692.1887 77.439 399.5266 269.0444 121.3494 336.8557 107.9435 242.0673 699.399;
