function solarprofile = ex_solar_profilesh1
%EX_WIND_PROFILE_D  Example wind_load_nyiso profile data for deterministic unit commitment.
% 2022.03.12
% Andres F. Ramirez


%% define constants
[GEN_BUS, PG, QG, QMAX, QMIN, VG, MBASE, GEN_STATUS, PMAX, PMIN, ...
    MU_PMAX, MU_PMIN, MU_QMAX, MU_QMIN, PC1, PC2, QC1MIN, QC1MAX, ...
    QC2MIN, QC2MAX, RAMP_AGC, RAMP_10, RAMP_30, RAMP_Q, APF] = idx_gen;
[CT_LABEL, CT_PROB, CT_TABLE, CT_TBUS, CT_TGEN, CT_TBRCH, CT_TAREABUS, ...
    CT_TAREAGEN, CT_TAREABRCH, CT_ROW, CT_COL, CT_CHGTYPE, CT_REP, ...
    CT_REL, CT_ADD, CT_NEWVAL, CT_TLOAD, CT_TAREALOAD, CT_LOAD_ALL_PQ, ...
    CT_LOAD_FIX_PQ, CT_LOAD_DIS_PQ, CT_LOAD_ALL_P, CT_LOAD_FIX_P, ...
    CT_LOAD_DIS_P, CT_TGENCOST, CT_TAREAGENCOST, CT_MODCOST_F, ...
    CT_MODCOST_X] = idx_ct;

solarprofile = struct( ...
    'type', 'mpcData', ...
    'table', CT_TGEN, ...
    'rows', [1:12], ...
    'col', PMAX, ...
    'chgtype', 1, ...
    'values', [] );
solarprofile.values(:,1,:) = [
	0.0 0.0 0.0 0.0 0.0 0.0 0.0 0.0 0.0 0.0 0.0 0.0;
	0.0 0.0 0.0 0.0 0.0 0.0 0.0 0.0 0.0 0.0 0.0 0.0;
	0.0 0.0 0.0 0.0 0.0 0.0 0.0 0.0 0.0 0.0 0.0 0.0;
	0.0 0.0 0.0 0.0 0.0 0.0 0.0 0.0 0.0 0.0 0.0 0.0;
	0.0 0.0 0.0 0.0 0.0 0.0 0.0 0.0 0.0 0.0 0.0 0.0;
	0.0118 0.0001 0.0061 0.0 0.0 0.0 0.0 0.0 0.0 0.0 0.0 0.0;
	0.3138 0.1254 0.2003 0.534 2.2369 91.911 11.4889 0.7271 50.3623 13.51 8.5081 24.4667;
	0.9012 0.6238 0.7435 1.0252 2.8363 61.9052 7.7382 3.2173 11.4827 35.8241 14.9519 64.8777;
	1.4936 1.1002 1.2303 1.2979 2.8964 44.6065 5.5758 6.676 9.6614 59.7499 23.9192 108.2074;
	2.2581 1.6161 1.9221 0.9133 2.6425 58.3022 7.2878 15.3638 45.9345 46.6879 30.5247 84.5521;
	1.3131 0.5486 0.8778 0.6015 3.9818 60.7705 7.5963 12.833 61.0501 55.6681 40.6932 100.8152;
	0.6647 0.0508 0.2867 0.2651 4.1071 49.882 6.2352 12.1332 70.9238 59.3995 44.5264 107.5729;
	1.0318 0.7785 0.6946 0.0 1.2146 68.3962 8.5495 41.594 96.4814 77.3622 56.9224 140.1035;
	1.0309 1.1086 1.0242 0.0 0.6655 48.5173 6.0647 42.7083 81.4427 64.7958 45.3029 117.3456;
	0.8753 1.0449 0.9371 0.3269 0.5926 46.4213 5.8027 38.9969 76.7354 44.2029 29.5531 80.0518;
	0.7075 0.6274 0.5583 0.5701 1.1138 53.1512 6.6439 15.9006 58.1247 27.9526 15.3279 50.6223;
	0.2494 0.2189 0.1504 0.438 1.2991 35.7111 4.4639 7.516 27.748 21.5706 10.5425 39.0644;
	0.0 0.0 0.0 0.0 0.0 0.0 0.0 0.0 0.0 0.0 0.0 0.0;
	0.0 0.0 0.0 0.0 0.0 0.0 0.0 0.0 0.0 0.0 0.0 0.0;
	0.0 0.0 0.0 0.0 0.0 0.0 0.0 0.0 0.0 0.0 0.0 0.0;
	0.0 0.0 0.0 0.0 0.0 0.0 0.0 0.0 0.0 0.0 0.0 0.0;
	0.0 0.0 0.0 0.0 0.0 0.0 0.0 0.0 0.0 0.0 0.0 0.0;
	0.0 0.0 0.0 0.0 0.0 0.0 0.0 0.0 0.0 0.0 0.0 0.0;
	0.0 0.0 0.0 0.0 0.0 0.0 0.0 0.0 0.0 0.0 0.0 0.0;
];
