function loadprofile = ex_load_profilesh1
%EX_LOAD_PROFILE  Example load profile data file for stochastic unit commitment.
% 2022.03.12
% Andres F. Ramirez

%% define constants
[CT_LABEL, CT_PROB, CT_TABLE, CT_TBUS, CT_TGEN, CT_TBRCH, CT_TAREABUS, ...
    CT_TAREAGEN, CT_TAREABRCH, CT_ROW, CT_COL, CT_CHGTYPE, CT_REP, ...
    CT_REL, CT_ADD, CT_NEWVAL, CT_TLOAD, CT_TAREALOAD, CT_LOAD_ALL_PQ, ...
    CT_LOAD_FIX_PQ, CT_LOAD_DIS_PQ, CT_LOAD_ALL_P, CT_LOAD_FIX_P, ...
    CT_LOAD_DIS_P, CT_TGENCOST, CT_TAREAGENCOST, CT_MODCOST_F, ...
    CT_MODCOST_X] = idx_ct;

loadprofile = struct( ...
    'type', 'mpcData', ...
    'table', CT_TAREALOAD, ...
    'rows', [1:11], ...
    'col', CT_LOAD_ALL_P, ...
    'chgtype', 1, ...
    'values', [] );
loadprofile.values(:,1,:) = [
	1487.8 959.021 1689.6987 559.3 863.8096 1193.2102 851.7201 266.4 549.5868 4633.4839 1778.9979;
	1439.8 938.1548 1654.0458 557.9737 832.2931 1165.6 832.6644 263.1277 537.9334 4434.956 1702.7326;
	1403.3214 926.6213 1646.2253 555.0 836.8356 1158.9267 826.9275 262.5 531.6603 4385.6247 1683.6971;
	1399.7359 940.7647 1649.5641 561.2822 828.5362 1202.2972 842.0612 273.4 541.0443 4465.4018 1721.9038;
	1478.6622 1004.3841 1741.4049 586.1359 869.1568 1275.9744 911.6 289.1 578.0363 4503.7365 1802.5018;
	1533.5498 1052.0787 1847.5 601.0484 892.6045 1325.5263 946.5531 326.1654 609.8322 4800.5096 1941.8341;
	1567.3462 1073.5884 1878.4178 617.0 962.6156 1362.9228 984.4914 333.0636 637.317 5012.4172 2040.2803;
	1631.3808 1114.7981 1947.5306 637.7712 966.2274 1419.3112 1033.6464 354.3 658.6451 5233.9 2106.2323;
	1650.307 1089.6 1935.6979 646.645 1010.988 1470.531 1049.8971 340.2217 672.9703 5341.4892 2139.8979;
	1646.4901 1085.6373 1886.4262 654.1 1003.1386 1406.628 1060.9135 348.7559 671.4 5440.5077 2193.0731;
	1623.4051 1065.0432 1837.8355 636.0534 954.7367 1376.3714 1011.3131 352.4469 664.6226 5447.943 2102.9807;
	1633.8934 1075.2423 1857.627 614.3954 967.1687 1378.5029 1037.5363 379.7222 683.9332 5570.5702 2190.2965;
	1626.0975 1106.0956 1875.6022 615.4341 925.7939 1398.0385 1008.1642 390.3242 673.8054 5498.8308 2232.8247;
	1595.6625 1095.0849 1836.0 616.3357 898.9739 1366.7786 1025.3906 413.8744 648.5894 5545.1165 2137.7726;
	1600.6976 1109.6 1887.1798 625.5872 941.314 1444.7128 1074.8756 418.8658 645.9242 5553.8504 2133.2315;
	1586.2355 1102.1728 1884.9561 612.5857 969.5 1451.6603 1088.3077 402.0124 657.3077 5461.1138 2115.9572;
	1598.8519 1095.1642 1894.2 619.8217 988.3 1467.8342 1089.3882 384.9712 656.3983 5451.8653 2157.6331;
	1660.027 1169.7135 1978.1641 651.3 1062.385 1537.2146 1177.4 394.3619 714.3529 5661.7488 2319.0418;
	1675.4266 1159.7387 1954.5158 652.4475 1059.2981 1546.6082 1159.6447 366.5896 703.4439 5608.537 2317.0437;
	1665.6731 1155.8039 1924.9072 630.958 1006.6623 1463.4574 1108.3729 356.8 674.2577 5540.3747 2221.9572;
	1598.656 1085.6083 1843.5818 595.9212 905.1194 1364.6562 1047.8634 328.801 628.4061 5280.7703 2039.0353;
	1539.9389 1025.554 1723.088 568.1801 822.4728 1256.7664 950.4063 319.7788 564.1109 5069.6892 1876.0558;
	1480.9715 945.8 1592.4118 564.539 786.5942 1106.4242 864.7 281.2118 534.6342 4613.5757 1755.7796;
	1467.6295 923.2 1577.4423 565.3 743.7461 1047.1112 811.1281 260.9507 489.5399 4233.7326 1599.7275;
];
