function loadprofile = ex_load_profilesh1
%EX_LOAD_PROFILE  Example load profile data file for stochastic unit commitment.
% 2022.03.12
% Andres F. Ramirez

%% define constants
[CT_LABEL, CT_PROB, CT_TABLE, CT_TBUS, CT_TGEN, CT_TBRCH, CT_TAREABUS, ...
    CT_TAREAGEN, CT_TAREABRCH, CT_ROW, CT_COL, CT_CHGTYPE, CT_REP, ...
    CT_REL, CT_ADD, CT_NEWVAL, CT_TLOAD, CT_TAREALOAD, CT_LOAD_ALL_PQ, ...
    CT_LOAD_FIX_PQ, CT_LOAD_DIS_PQ, CT_LOAD_ALL_P, CT_LOAD_FIX_P, ...
    CT_LOAD_DIS_P, CT_TGENCOST, CT_TAREAGENCOST, CT_MODCOST_F, ...
    CT_MODCOST_X] = idx_ct;

loadprofile = struct( ...
    'type', 'mpcData', ...
    'table', CT_TAREALOAD, ...
    'rows', [1:11], ...
    'col', CT_LOAD_ALL_P, ...
    'chgtype', 1, ...
    'values', [] );
loadprofile.values(:,1,:) = [
	1527.9 917.1 1573.6929 612.1899 856.5915 1193.883 897.9883 268.4092 488.3435 4295.0134 1661.8454;
	1495.3701 896.4986 1538.1421 628.3514 842.7699 1165.4524 862.0695 255.5 462.9273 4299.1101 1530.0875;
	1476.6 888.383 1525.0183 608.1413 838.5596 1158.0751 850.7217 255.7535 430.1185 4138.8821 1558.4554;
	1506.6851 908.5778 1545.1309 605.7768 843.2395 1175.9126 864.8044 259.2 469.5616 4304.3233 1583.7916;
	1552.7978 957.4626 1624.0741 616.6806 898.4539 1242.4948 936.0171 291.7604 508.2439 4529.7465 1702.5028;
	1574.6388 1002.5 1716.132 634.2 962.0923 1292.9751 987.3406 303.5681 527.0474 4746.4138 1753.9695;
	1643.159 1047.3118 1750.3 641.4323 1002.9392 1342.4804 1029.6295 320.5356 548.6597 4972.6 1765.7378;
	1708.4153 1078.3253 1797.2422 648.3249 1060.1906 1347.0359 1060.1 336.6 580.6845 5174.5404 1801.764;
	1744.8214 1098.7177 1810.1815 640.1701 1052.4 1373.7857 1111.3937 350.1706 623.0458 5341.6 1997.3502;
	1763.1458 1113.6518 1813.42 616.6 1050.5904 1403.8828 1119.3163 369.3059 640.9732 5509.9023 2046.9;
	1742.3925 1115.7404 1870.3 597.4484 1045.8773 1370.3861 1101.4119 380.8107 637.2063 5452.7 1977.7969;
	1732.4 1085.6 1816.0992 592.1295 1006.345 1323.7763 1047.6002 363.4612 639.6605 5502.4828 2005.4771;
	1786.0724 1099.1 1847.296 598.6067 1022.5007 1375.2069 1131.2793 362.2652 629.8299 5504.5218 2047.9316;
	1782.5428 1094.7063 1854.0 590.3766 1007.8539 1360.6597 1107.2035 357.4135 631.9 5507.9559 2041.7557;
	1730.8933 1098.9178 1823.6 584.5201 991.5344 1379.3348 1102.3921 357.739 633.7934 5430.0485 2056.9672;
	1796.0967 1132.942 1866.5529 594.5 1014.0539 1389.6574 1131.5264 366.9 648.7 5581.8707 2154.8128;
	1802.7904 1140.9759 1894.0523 591.2522 1085.8666 1436.8006 1128.9005 362.7089 673.2049 5548.3194 2201.1879;
	1856.7114 1166.8344 1966.16 624.1403 1145.7956 1513.5681 1172.5893 374.7815 705.9 5626.5788 2277.2059;
	1849.55 1157.1609 1922.4036 626.3 1089.0908 1473.271 1172.6569 359.4932 694.393 5640.1947 2251.0724;
	1784.9509 1119.2307 1842.7579 596.3908 1025.6899 1402.9 1125.7927 345.623 647.9435 5555.6023 2168.5741;
	1740.8614 1067.1225 1751.2366 578.458 956.7719 1309.715 1077.1366 338.5504 608.8743 5407.1607 2088.7398;
	1608.2551 965.6493 1647.6434 565.2772 891.836 1209.2723 964.0808 296.9 548.5756 5009.7481 1913.6465;
	1572.7656 923.4256 1559.5164 585.54 805.7426 1101.0005 889.2436 275.9 504.8269 4621.0682 1734.465;
	1578.8084 915.836 1566.4003 567.2191 811.8754 1087.0 861.6099 265.7679 511.3 4465.2855 1671.7126;
];
