function windprofile = ex_wind_profilesh1
%EX_WIND_PROFILE_D  Example wind_load_nyiso profile data for deterministic unit commitment.
% 2022.03.12
% Andres F. Ramirez


%% define constants
[GEN_BUS, PG, QG, QMAX, QMIN, VG, MBASE, GEN_STATUS, PMAX, PMIN, ...
    MU_PMAX, MU_PMIN, MU_QMAX, MU_QMIN, PC1, PC2, QC1MIN, QC1MAX, ...
    QC2MIN, QC2MAX, RAMP_AGC, RAMP_10, RAMP_30, RAMP_Q, APF] = idx_gen;
[CT_LABEL, CT_PROB, CT_TABLE, CT_TBUS, CT_TGEN, CT_TBRCH, CT_TAREABUS, ...
    CT_TAREAGEN, CT_TAREABRCH, CT_ROW, CT_COL, CT_CHGTYPE, CT_REP, ...
    CT_REL, CT_ADD, CT_NEWVAL, CT_TLOAD, CT_TAREALOAD, CT_LOAD_ALL_PQ, ...
    CT_LOAD_FIX_PQ, CT_LOAD_DIS_PQ, CT_LOAD_ALL_P, CT_LOAD_FIX_P, ...
    CT_LOAD_DIS_P, CT_TGENCOST, CT_TAREAGENCOST, CT_MODCOST_F, ...
    CT_MODCOST_X] = idx_ct;

windprofile = struct( ...
    'type', 'mpcData', ...
    'table', CT_TGEN, ...
    'rows', [1:45], ...
    'col', PMAX, ...
    'chgtype', 1, ...
    'values', [] );
windprofile.values(:,1,:) = [
	3.8057 51.423 85.9528 111.4323 14.7681 34.424 29.9464 6.3266 26.9488 11.2789 20.8489 31.1025 46.8246 39.5441 179.0662 67.4621 83.703 88.7002 84.3727 68.0075 9.9821 80.3226 31.3018 37.9259 43.5714 26.4667 4.9032 1233.3613 820.784 820.784 656.2747 90.5793 281.2424 175.0514 123.9762 350.2012 1220.0238 202.9877 430.651 116.7091 110.4936 381.8765 204.9347 121.419 1232.7324;
	3.0752 41.5522 82.9866 44.7422 14.8347 27.7987 29.6738 6.2695 9.8898 13.3496 24.6764 36.8124 55.4209 36.0627 188.2601 70.9259 88.0007 93.2544 87.0845 71.6634 9.8913 64.8635 29.8269 36.8836 37.7753 28.2463 5.1473 1254.7077 824.1871 824.1871 667.2657 83.4068 290.2816 184.4617 113.0614 351.6532 1254.1748 193.2557 434.3442 101.1839 111.514 308.3798 201.3669 106.7282 1267.2391;
	2.9024 39.2173 91.5646 46.5128 14.728 22.2075 30.8741 5.4778 10.0566 13.3581 24.6922 36.8359 55.4562 37.8308 196.1708 73.9062 91.6984 97.173 89.3856 67.7434 10.2914 51.8174 29.7233 39.7975 39.347 28.432 5.5704 1282.7514 843.1434 843.1434 708.3835 100.9575 297.952 174.3717 118.6046 359.7412 1280.5281 205.7134 448.2549 105.3938 30.9731 246.355 200.7036 138.645 1293.867;
	3.2455 43.8541 86.3788 46.657 14.6144 13.1602 31.0873 6.6122 12.3001 13.0676 24.1553 36.035 54.2505 25.1235 198.773 74.8866 92.9148 98.462 87.3524 69.0746 10.3624 30.7071 30.9256 36.9727 34.8635 29.3722 5.3479 1222.1204 811.2273 811.2273 691.3271 104.0839 291.1746 177.7983 78.7657 346.1236 1213.4788 225.1476 444.1431 93.3844 35.317 145.9902 201.2781 122.6886 1226.1192;
	3.6818 49.7489 82.4501 39.6987 15.2056 22.3518 30.7359 6.4549 13.8998 12.5773 23.249 34.6829 52.2149 29.1544 187.2579 70.5483 87.5322 92.758 90.4632 70.4252 10.2453 52.1541 43.2653 22.1455 31.6882 60.691 5.3656 1193.4144 826.0352 826.0352 767.4431 107.6616 301.5441 181.2746 91.4031 352.4417 1234.0429 225.8763 455.8701 84.8792 32.3848 247.9554 212.7878 201.274 1246.8975;
	3.715 50.1976 94.4943 110.0994 15.302 33.661 30.0462 6.4301 12.2217 13.0057 24.0408 35.8641 53.9933 25.2702 192.1774 72.4017 89.8318 95.1949 91.9118 67.7686 10.0154 78.5424 36.4743 29.7697 46.6721 65.5192 5.2056 1160.6205 804.9693 804.9693 760.7039 113.4761 306.3727 174.4366 79.2255 343.4536 1202.2039 228.7631 440.0055 125.0147 69.3851 373.4132 205.1754 253.8907 1214.7268;
	3.9125 52.866 93.7148 116.579 15.3808 34.9952 30.8068 10.9093 11.7902 12.1107 22.3865 33.3963 50.2779 35.015 195.4366 73.6296 91.3553 96.8093 86.6583 72.1895 10.2689 81.6554 26.811 50.8523 97.2691 75.3329 10.4583 1133.1816 818.6999 818.6999 753.7653 114.4959 288.8611 185.816 109.7768 349.312 1247.406 263.69 442.8448 260.5421 110.5947 388.2131 208.4377 282.2066 1260.3998;
	3.889 52.5495 94.9645 119.4912 15.3991 34.8194 31.1201 18.9851 11.9422 12.4882 23.0843 34.4372 51.845 61.4497 203.1061 76.5191 94.9403 100.6084 87.8034 65.5036 10.3734 81.2452 28.385 62.6808 105.5692 75.9662 13.8724 1059.0079 799.6068 799.6068 739.0281 117.618 292.6779 168.6063 192.6531 341.1656 1220.8059 306.7292 453.5889 282.7747 123.5368 386.2628 210.1755 281.8206 1233.5226;
	3.8853 52.499 95.0605 119.579 15.3631 35.0583 30.1315 18.8147 10.2337 13.1483 24.3044 36.2573 54.5852 62.6576 201.282 75.8318 94.0876 99.7048 57.9878 68.1317 10.0438 81.8026 32.5884 88.7177 105.8314 75.3488 13.5772 783.5625 827.4192 827.4192 725.8065 115.3214 193.2926 175.3711 196.4399 353.0322 1189.1782 309.7787 451.383 283.4769 121.9642 388.9129 215.6013 281.3312 1201.5655;
	3.8945 52.6237 94.8721 119.0895 15.1794 35.1383 30.2044 18.3315 20.1358 11.4553 21.175 31.5889 47.5569 62.8897 189.9081 71.5468 88.771 94.0707 58.3857 61.1977 10.0681 81.9893 28.6014 88.8945 105.5711 73.0689 13.1502 651.9483 817.7928 817.7928 692.9534 116.9411 194.6189 157.523 197.1676 348.9249 1098.5286 273.083 443.0335 282.7797 122.4592 389.8008 216.3193 280.5779 1109.9716;
	3.8006 51.3546 93.8783 115.6123 14.7452 33.6403 29.7752 18.0084 27.1115 16.4446 30.3975 45.3471 68.2698 66.8471 196.6785 74.0975 91.9358 97.4245 41.3171 67.3103 9.9251 78.494 26.607 83.9707 100.9954 71.4986 13.1776 467.3679 766.9091 766.9091 613.7121 101.173 137.7238 173.2569 209.5747 327.2146 941.6004 269.2447 436.7793 270.5233 123.3188 373.1829 203.1098 270.871 951.4088;
	3.2809 44.332 92.5886 115.5386 14.8911 32.9362 29.0805 17.8107 27.4678 18.7022 34.5707 51.5726 77.6423 64.5887 194.4407 73.2544 90.8897 96.316 53.9533 59.2679 9.6935 76.8511 32.5105 82.7188 98.0319 73.5809 12.9406 303.1893 733.3803 733.3803 650.6451 108.6798 179.8444 152.5558 202.4942 312.9089 745.7329 260.3508 441.9648 262.5855 123.2569 365.3723 192.6386 276.405 753.5009;
	2.0015 27.0449 91.3579 110.9366 14.4784 20.4924 24.1208 18.439 25.9153 25.3546 46.8677 69.9173 105.2602 65.1901 190.9585 71.9425 89.262 94.5911 92.2048 55.9216 8.0403 47.8156 53.566 82.2114 96.7669 72.7871 13.7879 278.1418 662.7426 662.7426 562.3292 106.5248 307.3494 143.9422 204.3797 282.7702 661.1391 234.1515 360.9599 259.1971 121.4542 227.3291 171.7213 273.6762 668.026;
	2.1126 28.5454 91.3716 109.9227 14.1741 11.1022 23.9124 17.8299 26.5053 28.9635 53.5386 79.8691 120.2424 66.7586 201.5072 75.9167 94.1929 99.8164 92.324 68.3687 7.9708 25.9052 70.539 81.6595 96.5707 74.5411 13.5329 317.4616 584.5559 584.5559 557.0037 106.6469 307.7466 175.9811 209.2974 249.4105 498.9954 215.3066 423.9239 258.6715 119.2157 123.1606 136.9915 274.229 504.1932;
	2.1604 29.1921 90.6595 111.6635 12.6563 0.887 20.419 17.9196 26.6936 28.6096 52.8845 78.8932 118.7733 67.585 203.0596 76.5015 94.9186 100.5853 92.3476 71.9291 6.8063 2.0697 72.185 83.7454 97.713 74.4437 13.7725 473.3769 488.2187 488.2187 417.8802 97.0693 307.8254 185.1458 211.888 208.3066 449.4443 205.647 411.8854 261.7313 118.5005 9.84 118.7104 263.0136 454.126;
	3.4923 47.189 93.913 90.3234 15.2252 27.4772 15.8074 18.8145 24.2934 29.5415 54.6069 81.4628 122.6418 62.4237 203.9197 76.8256 95.3206 101.0114 92.0507 73.1853 5.2691 64.1135 72.7483 88.2341 105.0804 76.1706 13.9836 478.6031 548.2719 548.2719 397.4365 51.8137 306.8357 188.3792 195.7068 233.9293 478.2486 166.5167 438.7441 281.4653 119.9491 304.8139 90.3904 281.8452 483.2304;
	3.3098 44.7233 93.7752 66.5812 15.2959 33.0278 14.1937 19.0469 28.0357 28.2175 52.1596 77.8119 117.1454 65.1487 198.59 74.8176 92.8293 98.3713 90.7861 72.4597 4.7312 77.0649 72.5994 89.537 106.4554 76.2761 14.1454 565.5824 586.1255 586.1255 403.9535 32.7867 302.6202 186.5115 204.25 250.0802 583.5588 124.7082 172.0767 285.1483 119.696 366.3884 111.8328 276.7627 589.6376;
	3.6645 49.5149 93.7231 67.8666 15.1338 33.3917 27.5372 19.0572 26.4114 13.5264 25.0033 37.3 56.1549 63.417 190.6674 71.8328 89.1259 94.4469 74.2933 71.8315 9.1791 77.9139 49.0197 89.9486 106.5095 74.2991 14.1649 700.0439 590.5814 590.5814 361.5004 31.0067 247.6442 184.8945 198.8207 251.9814 772.707 83.0482 392.4455 285.2933 121.7097 370.425 120.935 274.9577 780.756;
