function loadprofile = ex_load_profilesh1
%EX_LOAD_PROFILE  Example load profile data file for stochastic unit commitment.
% 2022.03.12
% Andres F. Ramirez

%% define constants
[CT_LABEL, CT_PROB, CT_TABLE, CT_TBUS, CT_TGEN, CT_TBRCH, CT_TAREABUS, ...
    CT_TAREAGEN, CT_TAREABRCH, CT_ROW, CT_COL, CT_CHGTYPE, CT_REP, ...
    CT_REL, CT_ADD, CT_NEWVAL, CT_TLOAD, CT_TAREALOAD, CT_LOAD_ALL_PQ, ...
    CT_LOAD_FIX_PQ, CT_LOAD_DIS_PQ, CT_LOAD_ALL_P, CT_LOAD_FIX_P, ...
    CT_LOAD_DIS_P, CT_TGENCOST, CT_TAREAGENCOST, CT_MODCOST_F, ...
    CT_MODCOST_X] = idx_ct;

loadprofile = struct( ...
    'type', 'mpcData', ...
    'table', CT_TAREALOAD, ...
    'rows', [1:11], ...
    'col', CT_LOAD_ALL_P, ...
    'chgtype', 1, ...
    'values', [] );
loadprofile.values(:,1,:) = [
	1438.7329 913.1746 1588.5543 583.4 781.1885 1200.1043 908.7 299.6662 553.6489 4806.9786 1825.9413;
	1413.9299 896.4 1566.1 561.939 765.311 1176.4 874.2221 272.3 525.8022 4642.8896 1751.5964;
	1415.0358 887.2424 1535.4738 555.0 755.3793 1165.2097 859.5885 271.1 524.1122 4592.7108 1758.0879;
	1450.0229 909.7 1560.751 563.6144 780.5151 1207.006 873.3128 277.2527 531.4974 4653.663 1755.1423;
	1527.0597 943.9 1614.8619 550.6501 835.9659 1235.9226 922.6846 280.1 562.1 4659.1053 1831.0327;
	1575.9819 997.5 1695.8322 539.4042 913.9676 1299.9135 975.9 308.2982 587.4437 4819.4441 1917.4;
	1572.9235 983.1323 1729.1 532.4961 966.7554 1336.9757 1015.6366 323.4 613.9008 4926.1405 1957.6947;
	1642.3 1027.0628 1767.5953 584.4523 978.9699 1324.3545 1047.029 333.8424 645.4555 5177.9316 2061.0361;
	1621.0241 1012.6108 1763.3582 543.3647 966.7 1344.2591 1055.6883 340.2633 649.7458 5250.1791 2056.8;
	1607.6397 1025.2669 1796.0 568.0703 980.9057 1389.1414 1079.4583 352.54 647.0239 5380.1069 2129.8301;
	1578.0725 985.2023 1783.511 563.026 961.3 1366.7 1033.9477 340.4261 636.3909 5272.9593 2027.6668;
	1548.227 989.0675 1777.8004 558.7801 944.1449 1311.2094 1036.0235 351.9003 632.5045 5420.5601 2048.6791;
	1560.7397 1018.5643 1770.6996 535.9365 928.9203 1337.1782 1007.6912 342.1772 622.2952 5429.1931 2031.9952;
	1550.5934 1040.3099 1750.3774 538.0092 954.9761 1380.718 1008.3129 348.58 619.7338 5489.3275 2050.8404;
	1550.7122 1032.8784 1752.9745 555.0205 985.9904 1427.5658 1048.5687 358.2013 609.5534 5461.7228 2074.4;
	1589.3355 1085.9663 1816.1354 576.7 1008.2518 1482.3327 1135.4925 367.8238 644.7906 5567.7649 2241.3235;
	1604.5447 1102.4834 1877.705 590.4666 1081.3423 1520.5352 1151.3 390.1878 653.698 5560.1285 2332.5621;
	1671.6 1142.4109 1932.4839 604.1972 1078.6098 1514.0934 1160.7547 399.7 662.0423 5665.649 2355.0479;
	1644.0 1115.6175 1872.7004 609.1918 1026.369 1462.3952 1131.8577 374.6 649.8374 5586.0025 2304.7668;
	1611.0864 1060.0222 1790.0064 573.3908 945.4836 1357.7142 1098.6627 356.5106 628.2128 5457.9 2236.4279;
	1605.3496 1032.5485 1733.3548 572.2056 876.4547 1299.842 1051.6875 339.227 599.097 5291.3714 2134.2739;
	1520.7711 966.6783 1641.5146 537.9822 819.4339 1237.0066 972.452 302.3508 562.195 4995.2 1965.6181;
	1489.9 911.4531 1533.7738 537.1 731.4809 1079.1507 876.7725 262.6203 516.8871 4693.4211 1710.0135;
	1490.8511 891.9308 1553.8 532.5277 734.62 1044.7054 875.032 256.7986 504.5528 4589.0239 1674.4137;
];
