function windprofile = ex_wind_profilesh1
%EX_WIND_PROFILE_D  Example wind_load_nyiso profile data for deterministic unit commitment.
% 2022.03.12
% Andres F. Ramirez


%% define constants
[GEN_BUS, PG, QG, QMAX, QMIN, VG, MBASE, GEN_STATUS, PMAX, PMIN, ...
    MU_PMAX, MU_PMIN, MU_QMAX, MU_QMIN, PC1, PC2, QC1MIN, QC1MAX, ...
    QC2MIN, QC2MAX, RAMP_AGC, RAMP_10, RAMP_30, RAMP_Q, APF] = idx_gen;
[CT_LABEL, CT_PROB, CT_TABLE, CT_TBUS, CT_TGEN, CT_TBRCH, CT_TAREABUS, ...
    CT_TAREAGEN, CT_TAREABRCH, CT_ROW, CT_COL, CT_CHGTYPE, CT_REP, ...
    CT_REL, CT_ADD, CT_NEWVAL, CT_TLOAD, CT_TAREALOAD, CT_LOAD_ALL_PQ, ...
    CT_LOAD_FIX_PQ, CT_LOAD_DIS_PQ, CT_LOAD_ALL_P, CT_LOAD_FIX_P, ...
    CT_LOAD_DIS_P, CT_TGENCOST, CT_TAREAGENCOST, CT_MODCOST_F, ...
    CT_MODCOST_X] = idx_ct;

windprofile = struct( ...
    'type', 'mpcData', ...
    'table', CT_TGEN, ...
    'rows', [1:45], ...
    'col', PMAX, ...
    'chgtype', 1, ...
    'values', [] );
windprofile.values(:,1,:) = [
	3.8143 51.54 78.0601 106.6851 14.636 34.902 30.9962 7.1144 26.1085 11.1062 20.5297 30.6262 46.1076 40.5389 177.957 67.0443 83.1846 88.1508 87.9142 68.5129 10.3321 81.438 22.5947 2.5454 34.159 26.0967 4.3139 1207.0668 794.949 794.949 621.1651 88.4353 293.0472 176.3523 127.0948 339.1782 1197.2232 208.7201 445.3012 91.4973 110.0341 387.1797 203.7707 106.2926 1209.6943;
	3.3152 44.7962 73.8807 38.6551 14.8043 27.7187 29.8674 6.9253 0.0 9.2835 17.1604 25.5999 38.5405 15.6031 184.6807 69.5774 86.3275 91.4814 89.4291 71.0984 9.9558 64.677 2.5461 19.9025 32.6767 27.6341 4.3366 1257.8391 788.9014 788.9014 648.4335 79.7453 298.0968 183.0074 48.9178 336.5979 1253.8722 199.6668 443.3258 87.5269 112.8678 307.4927 208.9026 99.1857 1266.9334;
	3.2179 43.4803 80.18 7.6001 14.737 24.3981 30.9134 3.6949 3.8855 7.704 14.2408 21.2445 31.9835 26.3733 191.6053 72.1862 89.5643 94.9114 86.3337 66.0664 10.3045 56.9289 5.0223 3.6323 27.1387 12.0351 3.261 1330.8084 832.0504 832.0504 709.5045 92.0381 287.7789 170.055 82.6839 355.0082 1316.1418 201.5831 454.5898 72.6928 31.0147 270.6563 212.9056 123.1179 1329.8516;
	3.5001 47.2936 81.1771 40.9602 14.4646 14.4688 30.1795 6.9309 0.1628 0.5702 1.054 1.5723 2.3671 14.3814 186.7005 70.3383 87.2716 92.4819 71.1541 61.7815 10.0598 33.7606 0.0 26.6378 32.2796 28.9603 4.5029 1332.4205 829.2485 829.2485 759.5387 99.2633 237.1805 159.0258 45.0876 353.8127 1311.3762 223.5401 437.0501 86.4632 35.8284 160.5073 208.9467 98.7687 1325.0364;
	3.7874 51.1759 77.4315 28.8262 14.7111 22.3442 20.9763 6.8328 0.2706 0.0 0.0 0.0 0.0 27.4499 172.6658 65.0508 80.7112 85.5298 75.7089 61.7774 6.9921 52.1364 0.0 24.1258 36.83 60.3593 4.3932 1291.2995 811.6823 811.6823 761.1093 103.5701 252.3631 159.0152 86.0591 346.3178 1291.5873 232.3666 419.1386 98.6518 35.8882 247.8713 208.2985 178.5284 1305.0413;
	3.7916 51.2329 90.8614 102.8833 14.9299 32.6803 28.5362 5.2217 0.0354 0.0 0.0 0.0 0.0 25.3812 183.0716 68.9711 85.5753 90.6843 79.7169 60.585 9.5121 76.254 0.0 19.0099 48.7478 64.5737 2.2445 1259.4537 764.5421 764.5421 687.3417 112.5789 265.7231 155.946 79.5735 326.2046 1239.4821 241.5267 426.1192 130.5744 70.8232 362.5331 208.0962 240.5086 1252.3933;
	3.9271 53.0641 88.8509 109.1084 15.0707 34.605 29.6433 11.1037 0.7684 5.2906 9.7795 14.5891 21.9639 33.7968 190.5904 71.8038 89.0899 94.4087 53.5652 65.1708 9.8811 80.7449 0.5162 47.6105 98.5202 75.5465 10.6632 1229.9235 799.7319 799.7319 684.2427 108.3544 178.5505 167.7497 105.9576 341.219 1274.4385 276.5122 424.3727 263.8934 115.8324 383.8843 212.234 275.0709 1287.7139;
	3.8 51.347 91.5348 112.4177 14.7561 33.0737 29.2051 19.0125 0.0 9.2113 17.0269 25.4008 38.2408 42.2296 183.9572 69.3048 85.9893 91.123 58.8808 49.6794 9.735 77.172 19.1493 60.5746 104.4534 76.04 13.728 1078.9598 784.5191 784.5191 682.6242 107.002 196.2693 127.8749 132.3955 334.7282 1192.2774 268.1742 433.9123 279.7859 123.537 366.8976 207.2886 277.5309 1204.697;
	3.6944 49.9191 89.8348 109.6766 14.5199 32.0423 28.0577 18.436 2.6145 1.4422 2.6659 3.9769 5.9873 41.7458 185.8451 70.0161 86.8718 92.0582 37.8396 54.2296 9.3526 74.7653 0.0 87.1184 103.2056 74.846 13.5218 814.3785 797.0011 797.0011 593.4489 103.6681 126.1322 139.5871 130.8787 340.0538 1143.2379 248.378 422.5447 276.4437 121.8387 355.4558 203.8528 267.5452 1155.1466;
	3.5742 48.2956 88.3841 101.726 14.4948 25.2486 28.3904 17.7108 12.2569 6.7355 12.4505 18.5737 27.9627 49.8137 162.1205 61.078 75.7819 80.3062 46.2422 51.8706 9.4635 58.9133 22.6148 88.7466 100.0226 71.8543 12.8696 612.5332 803.3393 803.3393 663.0571 107.9514 154.1408 133.5151 156.1726 342.7581 1023.9991 255.7 426.0216 267.9177 115.2005 280.0908 199.2377 261.807 1034.6658;
	3.6321 49.078 87.3567 109.5472 14.373 28.3028 29.6059 17.5648 26.3053 16.4276 30.3662 45.3004 68.1995 65.1882 192.5846 72.5551 90.0221 95.3965 35.6618 66.7433 9.8686 66.0398 27.2033 85.7644 98.4083 69.9187 13.0628 461.9088 792.1999 792.1999 720.878 101.7552 118.8728 171.7973 204.3739 338.0053 885.0881 272.1267 429.5946 263.5937 118.3582 313.9719 197.9962 255.5782 894.3077;
	3.1038 41.9394 86.6124 109.8916 14.124 27.2597 28.3406 17.5059 26.8311 18.4108 34.0321 50.7691 76.4327 63.3034 186.0893 70.1081 86.9859 92.1791 43.0053 62.8653 9.4469 63.6061 34.6165 82.3076 96.7124 70.9344 12.9298 320.147 749.7454 749.7454 610.1928 103.7933 143.3509 161.8156 198.4646 319.8914 692.8082 235.5541 425.1014 259.051 118.9871 302.4015 175.8544 253.2877 700.0249;
	2.0023 27.0559 87.1209 106.3089 13.6848 14.0543 22.7034 17.8294 25.7599 26.6015 49.1726 73.3558 110.4367 62.8453 178.73 67.3355 83.5459 88.5337 87.6492 66.0236 7.5678 32.7933 56.793 82.0691 96.352 69.5212 13.5327 303.2642 659.5655 659.5655 573.9788 100.2514 292.164 169.9449 197.0285 281.4146 616.5565 209.3954 345.7652 258.0857 121.2259 155.9088 166.9762 261.9974 622.9789;
	2.3448 31.6832 89.4107 110.7954 14.4846 10.9816 21.5589 17.9369 26.0593 30.2939 55.9977 83.5376 125.7654 61.7887 184.5289 69.5202 86.2566 91.4062 86.8219 68.7704 7.1863 25.6237 71.3485 83.2354 98.9632 71.2262 13.6229 235.1574 559.629 559.629 506.5781 90.7668 289.4064 177.0152 193.7159 238.7751 395.462 179.8266 364.0598 265.08 123.5841 121.8224 139.9972 260.6639 399.5814;
	2.1983 29.7033 90.5839 112.28 12.1506 0.0357 18.4715 18.452 25.6853 28.5345 52.7457 78.6861 118.4616 60.8236 188.6339 71.0667 88.1754 93.4396 86.5304 70.0706 6.1572 0.0833 69.5932 84.7141 99.703 72.2434 13.7143 348.1146 432.2754 432.2754 359.6727 77.1032 288.4347 180.3618 190.6903 184.4375 334.3371 161.5388 332.3054 267.0617 123.0214 0.396 112.333 249.4018 337.8198;
	3.4051 46.0097 87.3644 76.732 13.9271 23.7175 12.8857 18.6247 15.7133 27.2791 50.4251 75.2243 113.2497 56.0757 183.7845 69.2397 85.9086 91.0374 86.788 69.7238 4.2952 55.3409 69.7165 85.9075 99.1056 72.145 13.7866 368.2017 479.2841 479.2841 384.7612 46.4006 289.2932 179.4693 175.805 204.4945 344.4504 148.1103 380.4518 265.4614 123.005 263.1064 74.561 260.4146 348.0384;
	3.2764 44.2712 88.3248 61.1683 14.0876 29.5647 10.9754 18.3501 24.7866 25.0255 46.2593 69.0098 103.8939 54.6677 187.3393 70.579 87.5702 92.7983 85.4102 70.8911 3.6585 68.9842 70.8389 86.4579 104.6036 73.0666 13.5418 514.1382 579.402 579.402 429.932 29.8042 284.7005 182.4739 171.3907 247.2115 536.1154 107.0859 149.5381 280.1883 119.8568 327.9705 103.7475 268.9751 541.7;
	3.7111 50.1449 88.2101 62.3641 14.2513 27.7539 24.2974 18.5296 25.0594 10.6076 19.608 29.2513 44.0377 57.7574 182.3837 68.712 85.2538 90.3435 77.7446 73.2146 8.0991 64.7591 50.3414 87.9934 104.5327 72.8617 13.598 623.1689 586.1601 586.1601 384.7867 23.2529 259.1488 188.4547 181.0772 250.095 683.1661 44.5081 369.0916 279.9982 120.8238 307.8834 109.647 263.6684 690.2824;
