function windprofile = ex_wind_profilesh1
%EX_WIND_PROFILE_D  Example wind_load_nyiso profile data for deterministic unit commitment.
% 2022.03.12
% Andres F. Ramirez


%% define constants
[GEN_BUS, PG, QG, QMAX, QMIN, VG, MBASE, GEN_STATUS, PMAX, PMIN, ...
    MU_PMAX, MU_PMIN, MU_QMAX, MU_QMIN, PC1, PC2, QC1MIN, QC1MAX, ...
    QC2MIN, QC2MAX, RAMP_AGC, RAMP_10, RAMP_30, RAMP_Q, APF] = idx_gen;
[CT_LABEL, CT_PROB, CT_TABLE, CT_TBUS, CT_TGEN, CT_TBRCH, CT_TAREABUS, ...
    CT_TAREAGEN, CT_TAREABRCH, CT_ROW, CT_COL, CT_CHGTYPE, CT_REP, ...
    CT_REL, CT_ADD, CT_NEWVAL, CT_TLOAD, CT_TAREALOAD, CT_LOAD_ALL_PQ, ...
    CT_LOAD_FIX_PQ, CT_LOAD_DIS_PQ, CT_LOAD_ALL_P, CT_LOAD_FIX_P, ...
    CT_LOAD_DIS_P, CT_TGENCOST, CT_TAREAGENCOST, CT_MODCOST_F, ...
    CT_MODCOST_X] = idx_ct;

windprofile = struct( ...
    'type', 'mpcData', ...
    'table', CT_TGEN, ...
    'rows', [1:45], ...
    'col', PMAX, ...
    'chgtype', 1, ...
    'values', [] );
windprofile.values(:,1,:) = [
	3.9504 53.3785 89.2436 119.3576 15.3891 36.2347 32.4979 7.481 27.9667 13.4666 24.8928 37.1352 55.9069 44.0688 183.8206 69.2533 85.9254 91.0553 83.5501 68.0991 10.8326 84.5476 31.7859 35.4499 45.3576 30.1529 4.7725 1279.8949 790.5547 790.5547 685.3773 87.951 278.5002 175.2872 138.1616 337.3033 1242.1824 212.5498 477.1104 121.4936 116.9881 401.9635 219.3485 119.1633 1255.1218;
	3.5641 48.1593 86.3986 49.9435 15.4154 31.488 32.3728 7.3687 10.9891 14.0128 25.9025 38.6414 58.1744 40.8914 179.9666 67.8014 84.1239 89.1462 85.8296 67.6001 10.7909 73.472 29.747 35.3944 39.7142 30.8828 5.2638 1306.7288 822.9741 822.9741 774.8161 82.7155 286.0988 174.0029 128.2 351.1356 1299.1309 219.1205 477.4821 106.3772 117.4636 349.307 219.1838 104.4943 1312.6635;
	3.4235 46.2595 91.7082 51.2097 15.4191 26.7703 32.1935 6.6711 9.5402 15.8386 29.2775 43.6763 65.7544 36.7519 188.2998 70.9408 88.0192 93.2741 87.1881 60.3628 10.7312 62.4641 37.2346 35.1409 37.4693 30.1039 5.635 1328.6068 829.7277 829.7277 774.4599 95.0375 290.6271 155.3739 115.222 354.0172 1323.6667 217.0204 467.4464 100.3641 37.0591 296.9722 219.3676 131.8705 1337.4549;
	3.6015 48.6644 87.7212 51.9463 15.2131 14.7209 31.6522 7.2757 8.459 14.549 26.8936 40.1199 60.4004 22.2367 189.5249 71.4024 88.5919 93.8809 82.2567 61.2885 10.5507 34.3489 36.1549 32.8101 37.16 31.984 5.1722 1329.275 826.1537 826.1537 754.6909 100.0308 274.189 157.7569 69.7151 352.4923 1321.5407 228.3508 440.402 99.5358 37.1928 163.3042 219.2221 111.8327 1335.3067;
	3.8901 52.5639 83.8272 42.6093 14.792 22.8117 31.6531 6.9616 9.6871 12.0585 22.2899 33.2521 50.0609 22.2049 166.5232 62.7366 77.8399 82.4871 85.5462 57.2309 10.551 53.2274 10.0763 21.177 37.8325 62.5883 4.8452 1270.0085 821.437 821.437 769.1887 99.917 285.1539 147.3124 69.6153 350.4798 1299.4044 228.1402 459.4946 101.337 37.7572 253.0583 217.3701 181.3733 1312.9398;
	3.8508 52.0332 92.8002 114.1326 14.6974 33.8311 31.3002 7.1485 10.127 12.6638 23.4088 34.9214 52.5739 3.2426 189.8877 71.5391 88.7615 94.0607 90.4433 59.0944 10.4334 78.9391 8.4789 16.5289 51.037 67.138 5.2501 1273.7468 811.7753 811.7753 740.0901 108.594 301.4776 152.109 10.166 346.3575 1319.1109 230.762 456.9388 136.7063 70.7724 375.2992 216.3061 226.0632 1332.8517;
	3.9475 53.3389 91.3573 118.7241 14.5836 35.0544 31.6834 11.133 10.1664 11.555 21.3593 31.8639 47.971 32.3726 193.9616 73.0739 90.6658 96.0786 84.3934 66.7786 10.5611 81.7937 23.9193 45.0468 100.3426 74.0497 10.9343 1218.0991 821.7113 821.7113 767.2621 109.4987 281.3114 171.8883 101.4925 350.5968 1310.0371 281.4741 452.5788 268.7748 107.0469 388.8704 218.6909 270.1842 1323.6833;
	3.8455 51.9616 91.1557 117.9691 14.5332 34.7846 30.8555 18.4587 9.7233 8.8409 16.3422 24.3794 36.703 49.6238 188.0746 70.856 87.914 93.1626 77.9844 54.5121 10.2852 81.1641 21.9303 50.5705 104.475 72.9842 13.5826 1122.4601 796.7096 796.7096 772.0314 115.9955 259.9481 140.3142 155.5772 339.9294 1268.1113 300.261 464.8886 279.8438 120.6717 385.8772 217.1568 269.3771 1281.3208;
	3.7264 50.352 90.698 111.4143 14.584 34.1039 30.4242 17.5915 8.9259 0.1701 0.3145 0.4691 0.7063 56.7298 195.6994 73.7286 91.4781 96.9395 49.3425 64.0669 10.1414 79.5757 0.0199 85.0367 102.8207 71.2826 13.2843 819.4773 829.0215 829.0215 775.6885 114.0897 164.4749 164.9085 177.8556 353.7158 1214.2908 309.0453 451.329 275.4126 119.0086 378.3255 214.5978 262.8171 1226.9397;
	3.6306 49.0578 88.3736 113.4636 14.5616 33.438 30.6088 17.8807 18.2515 0.0 0.0 0.0 0.0 55.0802 177.2209 66.7669 82.8404 87.7861 44.6206 55.6797 10.2029 78.0219 0.0 86.4137 102.4272 72.0992 13.0704 644.7545 811.8094 811.8094 763.8173 102.6613 148.7353 143.3197 172.6838 346.372 1104.6417 265.6926 441.8719 274.3586 116.6774 370.9384 209.73 260.8843 1116.1483;
	3.5113 47.4458 87.1975 110.9289 14.3272 30.9121 29.9908 18.5963 25.8271 7.1561 13.2279 19.7334 29.7085 64.7398 192.5536 72.5435 90.0076 95.3812 24.1471 63.3658 9.9969 72.1282 4.6256 81.4317 100.7029 72.0784 13.5633 422.3798 770.6227 770.6227 733.4586 88.0661 80.4903 163.1039 202.9679 328.799 882.6802 253.8245 431.5071 269.7398 118.0087 342.9183 200.6676 247.3742 891.8748;
	3.117 42.1171 88.8962 114.2554 14.4947 31.6177 28.3034 18.4617 26.34 11.5711 21.389 31.9083 48.0377 63.1909 194.7498 73.3708 91.0342 96.4691 52.9654 58.8762 9.4345 73.7745 25.377 81.8413 99.7811 73.793 13.1912 312.2582 770.347 770.347 727.1777 96.6201 176.5512 151.5475 198.1119 328.6814 776.3116 255.6517 431.9498 267.2707 120.283 350.7451 187.6615 249.8938 784.3981;
	2.0978 28.3456 88.3437 111.4057 14.3559 19.8775 24.6613 18.5396 27.0701 25.3737 46.9028 69.9698 105.3392 63.0354 199.4371 75.1368 93.2253 98.7909 91.5677 66.2064 8.2204 46.3809 53.1417 81.6405 98.7641 71.26 13.5129 311.0865 675.796 675.796 656.9883 98.744 305.2256 170.4154 197.6244 288.3396 656.5582 233.7966 427.4196 264.5467 118.7601 220.5081 168.8992 260.4758 663.3973;
	2.2644 30.5967 90.1748 112.9942 14.288 13.0006 25.1906 18.8281 28.0891 30.0114 55.4755 82.7586 124.5926 63.1837 204.022 76.8641 95.3684 101.062 92.0691 70.08 8.3969 30.3346 72.1167 81.5882 99.0012 73.155 13.5034 324.3134 584.5795 584.5795 589.2723 99.4124 306.8969 180.386 198.0893 249.4206 492.7133 214.1741 444.0269 265.1818 120.709 144.2195 143.588 260.5452 497.8457;
	2.232 30.1595 92.6755 115.1478 12.3628 3.2521 21.657 18.9282 27.8799 29.6152 54.7432 81.6661 122.9478 62.9263 203.3192 76.5993 95.0399 100.7139 92.6549 72.3205 7.219 7.5883 73.6501 83.9677 102.7241 75.6015 13.7668 465.052 480.3559 480.3559 403.8019 89.8659 308.8496 186.153 197.2826 204.9518 433.0841 189.9582 450.357 275.1538 121.2648 36.0771 117.9033 252.3193 437.5954;
	3.3895 45.8001 93.6102 87.803 14.3328 26.3747 16.5258 18.9719 23.7361 29.3306 54.2171 80.8813 121.7663 56.5947 197.3232 74.3404 92.2371 97.7438 89.6466 70.1606 5.5086 61.5409 73.9382 86.5199 104.0003 75.825 13.8388 564.7149 512.671 512.671 409.1499 48.4823 298.8219 180.5937 177.4319 218.7396 532.7873 166.2584 462.3545 278.5721 120.4904 292.583 84.2646 260.2149 538.3372;
	3.2709 44.1972 95.2456 70.3244 14.819 32.0109 13.9773 19.1072 27.45 28.3858 52.4707 78.276 117.844 62.5533 197.9049 74.5595 92.509 98.032 88.3604 71.2833 4.6591 74.6922 74.9834 87.9222 106.2187 76.3466 13.9432 633.7551 559.7457 559.7457 442.4593 29.4707 294.5347 183.4835 196.113 238.8248 612.6569 121.5685 197.6966 284.5143 122.1548 355.1081 111.2372 262.0188 619.0387;
	3.5903 48.5128 94.4983 69.3039 14.3023 32.2898 27.7795 19.0598 26.1888 11.3692 21.0158 31.3514 47.1994 63.3165 189.0944 71.2402 88.3906 93.6677 69.0838 70.475 9.2598 75.3428 49.5696 89.8062 106.5904 76.4199 14.017 706.0985 558.3576 558.3576 405.418 27.7137 230.2795 181.4028 198.5059 238.2326 767.7344 81.5359 408.0645 285.5101 123.699 358.201 114.0739 260.303 775.7316;
