function solarprofile = ex_solar_profilesh1
%EX_WIND_PROFILE_D  Example wind_load_nyiso profile data for deterministic unit commitment.
% 2022.03.12
% Andres F. Ramirez


%% define constants
[GEN_BUS, PG, QG, QMAX, QMIN, VG, MBASE, GEN_STATUS, PMAX, PMIN, ...
    MU_PMAX, MU_PMIN, MU_QMAX, MU_QMIN, PC1, PC2, QC1MIN, QC1MAX, ...
    QC2MIN, QC2MAX, RAMP_AGC, RAMP_10, RAMP_30, RAMP_Q, APF] = idx_gen;
[CT_LABEL, CT_PROB, CT_TABLE, CT_TBUS, CT_TGEN, CT_TBRCH, CT_TAREABUS, ...
    CT_TAREAGEN, CT_TAREABRCH, CT_ROW, CT_COL, CT_CHGTYPE, CT_REP, ...
    CT_REL, CT_ADD, CT_NEWVAL, CT_TLOAD, CT_TAREALOAD, CT_LOAD_ALL_PQ, ...
    CT_LOAD_FIX_PQ, CT_LOAD_DIS_PQ, CT_LOAD_ALL_P, CT_LOAD_FIX_P, ...
    CT_LOAD_DIS_P, CT_TGENCOST, CT_TAREAGENCOST, CT_MODCOST_F, ...
    CT_MODCOST_X] = idx_ct;

solarprofile = struct( ...
    'type', 'mpcData', ...
    'table', CT_TGEN, ...
    'rows', [1:12], ...
    'col', PMAX, ...
    'chgtype', 1, ...
    'values', [] );
solarprofile.values(:,1,:) = [
	0.0 0.0 0.0 0.0 0.0 0.0 0.0 0.0 0.0 0.0 0.0 0.0;
	0.0 0.0 0.0 0.0 0.0 0.0 0.0 0.0 0.0 0.0 0.0 0.0;
	0.0 0.0 0.0 0.0 0.0 0.0 0.0 0.0 0.0 0.0 0.0 0.0;
	0.0 0.0 0.0 0.0 0.0 0.0 0.0 0.0 0.0 0.0 0.0 0.0;
	0.0 0.0 0.0 0.0 0.0 0.0 0.0 0.0 0.0 0.0 0.0 0.0;
	0.0 0.0 0.0 0.0 0.0 0.0 0.0 0.0 0.0 0.0 0.0 0.0;
	0.3047 0.3363 0.4147 0.0 0.5947 0.0 0.0 0.4305 11.8472 0.7193 3.0426 1.3026;
	1.2809 1.4859 0.9944 0.546 2.9808 19.5056 2.4382 5.2088 29.7359 0.0 0.0 0.0;
	1.6616 2.3988 1.2474 1.3276 4.8307 44.7984 5.5998 9.0216 52.5144 2.3161 2.2855 4.1945;
	2.7302 4.9241 2.2865 1.5207 6.1216 39.5047 4.9381 8.7716 99.8885 0.0 0.0 0.0;
	2.4568 3.4835 2.1 0.9399 6.8165 22.127 2.7659 8.7105 109.8906 0.0 0.0 0.0;
	2.2965 2.6668 2.0 0.7257 6.5397 14.3244 1.7906 9.5407 108.0991 0.0 0.0 0.0;
	4.0002 3.9519 3.281 1.8236 3.4054 30.8916 3.8614 27.913 97.6603 0.9164 2.2591 1.6595;
	3.9836 3.0652 3.4003 2.2886 2.5382 32.695 4.0869 24.0992 71.9266 5.653 9.5803 10.2376;
	3.1693 2.2854 2.7848 2.1737 2.1901 33.8353 4.2294 19.8069 43.5124 11.1812 10.2467 20.2492;
	2.1184 1.6584 1.7779 0.8944 1.7312 37.6012 4.7002 10.411 20.2852 8.2347 7.0596 14.9132;
	0.3124 0.2726 0.1537 0.4835 1.2908 40.8559 5.107 7.7297 25.6101 16.5626 10.3767 29.995;
	0.0 0.0 0.0 0.0 0.0 0.0 0.0 0.0 0.0 0.0 0.0 0.0;
	0.0 0.0 0.0 0.0 0.0 0.0 0.0 0.0 0.0 0.0 0.0 0.0;
	0.0 0.0 0.0 0.0 0.0 0.0 0.0 0.0 0.0 0.0 0.0 0.0;
	0.0 0.0 0.0 0.0 0.0 0.0 0.0 0.0 0.0 0.0 0.0 0.0;
	0.0 0.0 0.0 0.0 0.0 0.0 0.0 0.0 0.0 0.0 0.0 0.0;
	0.0 0.0 0.0 0.0 0.0 0.0 0.0 0.0 0.0 0.0 0.0 0.0;
	0.0 0.0 0.0 0.0 0.0 0.0 0.0 0.0 0.0 0.0 0.0 0.0;
];
