function solarprofile = ex_solar_profilesh1
%EX_WIND_PROFILE_D  Example wind_load_nyiso profile data for deterministic unit commitment.
% 2022.03.12
% Andres F. Ramirez


%% define constants
[GEN_BUS, PG, QG, QMAX, QMIN, VG, MBASE, GEN_STATUS, PMAX, PMIN, ...
    MU_PMAX, MU_PMIN, MU_QMAX, MU_QMIN, PC1, PC2, QC1MIN, QC1MAX, ...
    QC2MIN, QC2MAX, RAMP_AGC, RAMP_10, RAMP_30, RAMP_Q, APF] = idx_gen;
[CT_LABEL, CT_PROB, CT_TABLE, CT_TBUS, CT_TGEN, CT_TBRCH, CT_TAREABUS, ...
    CT_TAREAGEN, CT_TAREABRCH, CT_ROW, CT_COL, CT_CHGTYPE, CT_REP, ...
    CT_REL, CT_ADD, CT_NEWVAL, CT_TLOAD, CT_TAREALOAD, CT_LOAD_ALL_PQ, ...
    CT_LOAD_FIX_PQ, CT_LOAD_DIS_PQ, CT_LOAD_ALL_P, CT_LOAD_FIX_P, ...
    CT_LOAD_DIS_P, CT_TGENCOST, CT_TAREAGENCOST, CT_MODCOST_F, ...
    CT_MODCOST_X] = idx_ct;

solarprofile = struct( ...
    'type', 'mpcData', ...
    'table', CT_TGEN, ...
    'rows', [1:12], ...
    'col', PMAX, ...
    'chgtype', 1, ...
    'values', [] );
solarprofile.values(:,1,:) = [
	0.0 0.0 0.0 0.0 0.0 0.0 0.0 0.0 0.0 0.0 0.0 0.0;
	0.0 0.0 0.0 0.0 0.0 0.0 0.0 0.0 0.0 0.0 0.0 0.0;
	0.0 0.0 0.0 0.0 0.0 0.0 0.0 0.0 0.0 0.0 0.0 0.0;
	0.0 0.0 0.0 0.0 0.0 0.0 0.0 0.0 0.0 0.0 0.0 0.0;
	0.0 0.0 0.0 0.0 0.0 0.0 0.0 0.0 0.0 0.0 0.0 0.0;
	0.0 0.0 0.0 0.0 0.0 0.0 0.0 0.0 0.0 0.0 0.0 0.0;
	0.0 0.0 0.0 1.0794 0.3321 18.4205 2.3026 2.0986 0.0 13.8211 10.1166 25.0301;
	0.5753 0.4409 0.407 3.5701 3.2817 17.9925 2.2491 2.4906 4.871 29.1464 26.9497 52.7842;
	1.2896 0.8254 0.807 4.2782 5.3988 15.6123 1.9515 2.2424 7.9748 38.4894 35.3117 69.7046;
	2.8498 1.8459 2.1386 2.438 5.2548 8.9166 1.1146 2.8872 29.2099 39.2605 57.3472 71.101;
	3.2586 2.0106 2.6877 1.9881 5.1445 23.2396 2.905 4.1932 45.8062 46.4503 97.9121 84.1218;
	4.8424 2.3904 3.4007 2.0765 5.3238 52.2918 6.5365 6.2335 73.9615 55.3994 117.1341 100.3286;
	15.1509 9.175 3.7169 3.9095 6.4491 118.942 14.8677 27.0788 109.9315 102.1768 112.8034 185.0428;
	9.6011 6.2275 2.246 4.0619 6.3933 57.4366 7.1796 21.2803 92.5018 88.343 65.7334 159.9896;
	3.0753 2.4779 1.2497 3.4199 5.9904 23.1583 2.8948 13.8683 60.3089 68.4671 37.074 123.9944;
	1.0474 0.8088 0.3083 2.3318 4.7324 0.0 0.0 3.0896 13.9002 36.1679 20.2152 65.5004;
	0.3507 0.2894 0.1669 1.221 1.5198 34.8293 4.3537 6.4813 24.6269 20.9924 12.8804 38.0173;
	0.0 0.0 0.0 0.0 0.0 0.0 0.0 0.0 0.0 0.0 0.0 0.0;
	0.0 0.0 0.0 0.0 0.0 0.0 0.0 0.0 0.0 0.0 0.0 0.0;
	0.0 0.0 0.0 0.0 0.0 0.0 0.0 0.0 0.0 0.0 0.0 0.0;
	0.0 0.0 0.0 0.0 0.0 0.0 0.0 0.0 0.0 0.0 0.0 0.0;
	0.0 0.0 0.0 0.0 0.0 0.0 0.0 0.0 0.0 0.0 0.0 0.0;
	0.0 0.0 0.0 0.0 0.0 0.0 0.0 0.0 0.0 0.0 0.0 0.0;
	0.0 0.0 0.0 0.0 0.0 0.0 0.0 0.0 0.0 0.0 0.0 0.0;
];
