function loadprofile = ex_load_profilesh1
%EX_LOAD_PROFILE  Example load profile data file for stochastic unit commitment.
% 2022.03.12
% Andres F. Ramirez

%% define constants
[CT_LABEL, CT_PROB, CT_TABLE, CT_TBUS, CT_TGEN, CT_TBRCH, CT_TAREABUS, ...
    CT_TAREAGEN, CT_TAREABRCH, CT_ROW, CT_COL, CT_CHGTYPE, CT_REP, ...
    CT_REL, CT_ADD, CT_NEWVAL, CT_TLOAD, CT_TAREALOAD, CT_LOAD_ALL_PQ, ...
    CT_LOAD_FIX_PQ, CT_LOAD_DIS_PQ, CT_LOAD_ALL_P, CT_LOAD_FIX_P, ...
    CT_LOAD_DIS_P, CT_TGENCOST, CT_TAREAGENCOST, CT_MODCOST_F, ...
    CT_MODCOST_X] = idx_ct;

loadprofile = struct( ...
    'type', 'mpcData', ...
    'table', CT_TAREALOAD, ...
    'rows', [1:11], ...
    'col', CT_LOAD_ALL_P, ...
    'chgtype', 1, ...
    'values', [] );
loadprofile.values(:,1,:) = [
	1541.0593 959.9672 1691.6 567.1 793.0292 1230.5504 916.3 278.9804 554.0325 4863.4075 1870.2051;
	1535.4894 935.7697 1647.0256 566.5993 782.777 1204.8227 881.0348 272.8 523.27 4655.4037 1815.3265;
	1547.1455 928.082 1659.8419 562.9 791.5 1184.2431 871.2344 262.8158 520.9633 4533.4483 1790.9;
	1553.8262 937.128 1660.9843 577.7 818.8268 1212.2019 893.1917 272.0026 524.6312 4653.8019 1820.737;
	1621.2876 988.1915 1749.6114 580.5581 863.4151 1310.6358 948.8 289.5797 573.7871 4794.5447 1855.9155;
	1674.8971 1012.0 1792.8764 600.3429 913.6 1367.2942 1008.8 296.7151 624.4579 4935.4805 1971.7;
	1743.1801 1063.8654 1891.7335 622.4405 960.4 1413.2951 1067.2476 320.1256 650.0882 5119.0235 2095.4847;
	1757.8435 1068.3346 1877.406 620.9628 976.5523 1441.2576 1100.7677 321.8 649.6 5226.5271 2106.7919;
	1726.9866 1068.1 1868.0998 608.7816 974.064 1436.1948 1144.5702 319.0292 674.0 5392.8899 2112.3356;
	1737.3875 1085.1949 1870.6708 590.7895 947.6814 1482.3149 1209.1456 317.1 703.3728 5584.0198 2247.7125;
	1768.8775 1118.0417 1910.1137 591.5 954.1746 1480.4529 1201.878 321.9462 709.31 5676.4339 2261.7398;
	1727.3755 1103.6881 1882.3847 571.1584 943.3641 1480.7 1205.7718 310.0437 679.6 5561.2251 2207.6284;
	1697.1172 1116.8 1882.5574 562.9 932.46 1452.3999 1187.9736 306.2624 688.5301 5578.8685 2267.8428;
	1651.2762 1080.2877 1832.4023 558.774 934.1326 1434.1531 1145.0659 326.8305 675.3081 5563.5201 2289.8923;
	1661.936 1140.5422 1916.1994 550.8241 929.9 1445.2267 1141.1644 318.0954 666.7898 5595.0033 2349.3028;
	1665.8374 1136.4529 1928.9165 549.4765 941.3571 1448.5566 1138.9644 324.3247 662.3864 5584.0413 2462.0959;
	1703.4529 1134.92 1912.934 556.4896 929.4864 1520.9532 1214.7909 353.3809 691.6997 5801.855 2529.3327;
	1727.7814 1154.8998 1987.3927 588.82 971.9028 1539.7765 1254.4573 390.271 713.5658 5759.7845 2565.8818;
	1729.5336 1174.3113 1952.6101 601.6 982.2872 1529.8539 1209.0764 391.5347 718.4225 5773.5844 2521.8004;
	1722.1067 1135.0786 1902.176 573.407 908.5333 1453.1912 1187.5471 370.3847 698.2268 5623.6088 2500.8086;
	1651.5545 1068.0 1828.8747 565.2157 839.8294 1370.9572 1089.2488 343.4223 657.5573 5527.4606 2304.4451;
	1596.0031 1018.1311 1738.8236 551.4356 792.6921 1324.141 1038.2259 313.2467 611.2073 5329.7963 2144.9037;
	1513.3964 939.9062 1668.7892 556.4904 788.3017 1184.4129 915.9992 282.1667 522.8 5173.3063 1830.9136;
	1513.8433 926.9114 1642.3862 549.2 791.8508 1179.5668 898.6915 271.6 507.8958 5094.7405 1806.0617;
];
