function solarprofile = ex_solar_profilesh1
%EX_WIND_PROFILE_D  Example wind_load_nyiso profile data for deterministic unit commitment.
% 2022.03.12
% Andres F. Ramirez


%% define constants
[GEN_BUS, PG, QG, QMAX, QMIN, VG, MBASE, GEN_STATUS, PMAX, PMIN, ...
    MU_PMAX, MU_PMIN, MU_QMAX, MU_QMIN, PC1, PC2, QC1MIN, QC1MAX, ...
    QC2MIN, QC2MAX, RAMP_AGC, RAMP_10, RAMP_30, RAMP_Q, APF] = idx_gen;
[CT_LABEL, CT_PROB, CT_TABLE, CT_TBUS, CT_TGEN, CT_TBRCH, CT_TAREABUS, ...
    CT_TAREAGEN, CT_TAREABRCH, CT_ROW, CT_COL, CT_CHGTYPE, CT_REP, ...
    CT_REL, CT_ADD, CT_NEWVAL, CT_TLOAD, CT_TAREALOAD, CT_LOAD_ALL_PQ, ...
    CT_LOAD_FIX_PQ, CT_LOAD_DIS_PQ, CT_LOAD_ALL_P, CT_LOAD_FIX_P, ...
    CT_LOAD_DIS_P, CT_TGENCOST, CT_TAREAGENCOST, CT_MODCOST_F, ...
    CT_MODCOST_X] = idx_ct;

solarprofile = struct( ...
    'type', 'mpcData', ...
    'table', CT_TGEN, ...
    'rows', [1:12], ...
    'col', PMAX, ...
    'chgtype', 1, ...
    'values', [] );
solarprofile.values(:,1,:) = [
	0.0 0.0 0.0 0.0 0.0 0.0 0.0 0.0 0.0 0.0 0.0 0.0;
	0.0 0.0 0.0 0.0 0.0 0.0 0.0 0.0 0.0 0.0 0.0 0.0;
	0.0 0.0 0.0 0.0 0.0 0.0 0.0 0.0 0.0 0.0 0.0 0.0;
	0.0 0.0 0.0 0.0 0.0 0.0 0.0 0.0 0.0 0.0 0.0 0.0;
	0.0 0.0 0.0 0.0 0.0 0.0 0.0 0.0 0.0 0.0 0.0 0.0;
	0.0 0.0 0.0 0.0 0.0 0.0 0.0 0.0 0.0 0.0 0.0 0.0;
	0.1274 0.0 0.036 0.0 0.6652 5.1299 0.6412 2.2334 22.1122 12.4851 5.6293 22.6106;
	0.8797 0.9038 0.6633 0.7532 3.731 13.8932 1.7367 2.7008 13.4341 30.6822 15.5497 55.5656;
	1.6129 2.3492 1.2438 1.3963 4.3459 15.5429 1.9429 3.4774 7.9787 57.3787 29.5779 103.9133;
	5.2688 9.3396 4.2867 0.8835 2.5544 15.3635 1.9204 11.0683 10.2346 48.2349 25.4031 87.3537;
	7.4153 6.3342 5.311 0.2888 2.4667 27.1379 3.3922 17.8534 13.5027 59.8743 21.8595 108.4327;
	6.1308 4.4744 5.3391 0.1264 3.0584 52.2277 6.5285 31.8909 24.6886 60.7477 23.6381 110.0145;
	3.9122 4.4624 4.2038 1.0744 4.1961 121.9907 15.2488 65.3164 81.4806 50.3275 46.2141 91.1434;
	2.9867 3.193 2.63 1.7767 4.0575 82.2145 10.2768 62.2709 73.3913 25.5227 38.1962 46.2217;
	1.9549 2.1403 1.6817 2.043 3.0365 46.3397 5.7925 44.8241 45.2477 13.4881 22.2171 24.4269;
	1.3121 1.2669 0.8854 1.0536 0.8435 23.4961 2.937 3.9244 10.732 11.028 8.252 19.9718;
	0.2926 0.2998 0.1647 0.492 0.9759 37.4938 4.6867 6.1916 22.8629 22.4056 10.3636 40.5766;
	0.0 0.0 0.0 0.0 0.0 0.0 0.0 0.0 0.0 0.0 0.0 0.0;
	0.0 0.0 0.0 0.0 0.0 0.0 0.0 0.0 0.0 0.0 0.0 0.0;
	0.0 0.0 0.0 0.0 0.0 0.0 0.0 0.0 0.0 0.0 0.0 0.0;
	0.0 0.0 0.0 0.0 0.0 0.0 0.0 0.0 0.0 0.0 0.0 0.0;
	0.0 0.0 0.0 0.0 0.0 0.0 0.0 0.0 0.0 0.0 0.0 0.0;
	0.0 0.0 0.0 0.0 0.0 0.0 0.0 0.0 0.0 0.0 0.0 0.0;
	0.0 0.0 0.0 0.0 0.0 0.0 0.0 0.0 0.0 0.0 0.0 0.0;
];
