function windprofile = ex_wind_profilesh1
%EX_WIND_PROFILE_D  Example wind_load_nyiso profile data for deterministic unit commitment.
% 2022.03.12
% Andres F. Ramirez


%% define constants
[GEN_BUS, PG, QG, QMAX, QMIN, VG, MBASE, GEN_STATUS, PMAX, PMIN, ...
    MU_PMAX, MU_PMIN, MU_QMAX, MU_QMIN, PC1, PC2, QC1MIN, QC1MAX, ...
    QC2MIN, QC2MAX, RAMP_AGC, RAMP_10, RAMP_30, RAMP_Q, APF] = idx_gen;
[CT_LABEL, CT_PROB, CT_TABLE, CT_TBUS, CT_TGEN, CT_TBRCH, CT_TAREABUS, ...
    CT_TAREAGEN, CT_TAREABRCH, CT_ROW, CT_COL, CT_CHGTYPE, CT_REP, ...
    CT_REL, CT_ADD, CT_NEWVAL, CT_TLOAD, CT_TAREALOAD, CT_LOAD_ALL_PQ, ...
    CT_LOAD_FIX_PQ, CT_LOAD_DIS_PQ, CT_LOAD_ALL_P, CT_LOAD_FIX_P, ...
    CT_LOAD_DIS_P, CT_TGENCOST, CT_TAREAGENCOST, CT_MODCOST_F, ...
    CT_MODCOST_X] = idx_ct;

windprofile = struct( ...
    'type', 'mpcData', ...
    'table', CT_TGEN, ...
    'rows', [1:45], ...
    'col', PMAX, ...
    'chgtype', 1, ...
    'values', [] );
windprofile.values(:,1,:) = [
	3.8839 52.4798 88.0962 114.5599 15.3063 36.1444 31.8863 7.5791 27.5096 11.2165 20.7335 30.9304 46.5655 45.7114 180.1575 67.8733 84.2132 89.2408 84.158 68.4804 10.6288 84.3369 28.5492 40.4578 52.1376 30.1891 5.0946 1243.8637 810.0145 810.0145 659.6831 90.1439 280.5265 176.2686 143.3114 345.6062 1246.3758 203.5243 463.1082 139.6542 111.678 400.9615 214.5692 115.6103 1259.3588;
	3.2404 43.7851 78.5103 43.304 15.0455 29.453 31.3834 7.0073 10.0732 12.6519 23.3868 34.8885 52.5244 41.6245 182.5317 68.7678 85.323 90.4169 86.3652 67.5787 10.4611 68.7236 25.9718 33.4627 41.3984 27.4846 4.8191 1264.478 822.8664 822.8664 731.7601 79.3482 287.8841 173.9477 130.4984 351.0897 1303.2382 199.133 462.1778 110.8887 113.7858 326.7314 210.7046 93.9746 1316.8136;
	3.2896 44.4492 90.5921 46.9278 15.0746 25.291 31.3554 7.1073 9.4952 10.1566 18.7743 28.0076 42.1653 38.0157 184.7807 69.6151 86.3742 91.5309 84.0308 51.7213 10.4518 59.0123 22.7987 37.639 41.2763 29.2542 6.0991 1264.5474 829.7034 829.7034 736.7936 90.977 280.1025 133.1308 119.1843 354.0068 1271.2157 199.8336 461.2984 110.5615 31.3619 280.5612 212.2381 127.2551 1284.4575;
	3.6089 48.7644 87.0016 48.3704 14.8339 14.3828 31.7192 7.6973 10.9665 10.3619 19.1538 28.5737 43.0175 29.029 187.1282 70.4995 87.4715 92.6937 76.3273 63.0697 10.5731 33.56 29.2681 38.2797 43.0986 33.3975 5.8092 1277.8744 833.8151 833.8151 751.1804 98.0049 254.4244 162.3415 91.0097 355.7611 1285.118 220.4441 458.9382 115.4427 37.0267 159.5536 210.889 114.3215 1298.5046;
	3.8386 51.8686 83.6097 42.0107 15.189 22.678 31.5782 7.305 10.6487 9.9569 18.4051 27.4568 41.336 31.7821 170.7827 64.3414 79.831 84.597 83.1846 59.2189 10.5261 52.9153 13.7191 27.7791 41.9203 65.1338 5.9182 1249.0063 811.0576 811.0576 763.5966 98.5053 277.2819 152.4296 99.6412 346.0513 1288.6434 219.7991 454.9712 112.2864 34.7091 251.5743 206.9728 188.7091 1302.0667;
	3.8083 51.4589 92.4982 113.7881 14.8666 33.2052 31.5473 7.3425 9.7633 9.9518 18.3958 27.4429 41.3151 25.4421 184.1425 69.3746 86.0759 91.2148 87.1854 64.0374 10.5158 77.4788 11.7008 32.3284 54.4526 68.4323 5.8002 1193.1714 752.0914 752.0914 752.7223 109.0694 290.6181 164.8324 79.7644 320.8923 1220.6682 220.966 443.2196 145.8552 66.3061 368.3566 199.5787 237.9102 1233.3835;
	3.913 52.8732 93.785 120.3514 14.8765 35.3332 31.0586 11.7258 10.7987 10.953 20.2465 30.2038 45.4717 35.5731 193.8563 73.0342 90.6165 96.0265 80.5416 69.1704 10.3529 82.4441 26.2949 52.8622 102.6152 75.1228 11.6313 1184.6842 800.6431 800.6431 799.7225 115.7282 268.472 178.0447 111.5265 341.6077 1299.7002 266.6032 441.9551 274.8622 111.9545 391.963 207.0328 281.6249 1313.2388;
	3.7942 51.2678 94.1303 117.8522 15.0148 34.3925 29.7572 18.9573 10.3468 10.9842 20.3041 30.2897 45.6009 55.2267 188.3862 70.9734 88.0596 93.3169 85.4629 61.8045 9.9191 80.2491 28.0777 63.0936 105.9742 76.4326 14.1121 1100.3174 799.1816 799.1816 781.3819 113.3942 284.8765 159.0849 173.1432 340.9842 1254.5981 284.5005 447.0781 283.8596 121.8747 381.5271 198.884 285.3136 1267.6669;
	3.8915 52.5826 94.3267 116.802 15.1749 34.9586 29.0597 18.6218 9.3005 11.2675 20.8278 31.071 46.7772 58.4144 197.4892 74.4029 92.3147 97.826 55.3173 69.1876 9.6866 81.5702 28.9145 88.8189 105.1821 75.2349 13.9134 851.3114 835.9225 835.9225 770.8592 113.9126 184.3911 178.0891 183.1372 356.6603 1234.8692 292.3844 437.1452 281.7379 119.7796 387.8079 205.6258 286.2631 1247.7325;
	3.8328 51.7897 90.352 113.4066 14.6998 34.8569 29.8729 17.8708 17.2789 9.2914 17.1751 25.6218 38.5735 57.637 189.0439 71.2212 88.367 93.6427 59.4106 61.9658 9.9576 81.3327 23.8628 87.4389 99.2785 73.5013 13.1141 641.9411 836.181 836.181 780.3758 109.9635 198.0353 159.5002 180.6998 356.7706 1135.506 271.191 435.5603 265.9247 113.4815 386.6787 205.7438 282.1903 1147.3342;
	3.8577 52.1255 91.9211 115.8107 14.6918 34.525 29.5042 18.8208 26.4289 16.2681 30.0713 44.8605 67.5372 67.0965 200.5944 75.5728 93.7662 99.3642 44.4671 68.054 9.8347 80.5583 32.0083 87.8429 103.1251 75.5484 13.92 464.3531 798.5705 798.5705 756.3649 99.5124 148.2238 175.1712 210.3566 340.7234 948.2377 264.5358 429.0306 276.228 117.6066 382.9971 199.526 278.0722 958.1152;
	3.5322 47.7284 91.6395 115.7953 14.7698 33.2313 26.1625 18.462 25.9226 17.9061 33.0991 49.3774 74.3373 63.3529 193.0143 72.717 90.2229 95.6094 46.1387 63.0288 8.7208 77.5397 38.0225 87.6194 101.6224 75.8724 13.5787 302.7693 747.2145 747.2145 651.3734 96.6337 153.7956 162.2362 198.62 318.8115 727.2984 236.1383 405.1564 272.2028 119.8875 368.6457 189.9675 281.6456 734.8744;
	2.1701 29.3232 91.589 114.2964 14.4127 21.6248 19.8936 18.9124 22.777 25.2903 46.7488 69.7399 104.9931 63.3879 191.2929 72.0685 89.4183 94.7567 89.2417 66.5058 6.6312 50.4579 60.2792 89.1785 101.8461 73.4963 14.0184 252.465 669.1229 669.1229 598.4867 91.4283 297.4722 171.1862 198.7295 285.4924 609.8044 206.723 339.1084 272.8019 119.4377 239.8911 166.202 275.3628 616.1566;
	2.5009 33.7921 92.3515 116.4015 14.7726 13.7754 21.3352 18.8458 25.7858 29.573 54.6652 81.5497 122.7727 64.7081 196.1105 73.8835 91.6703 97.1431 90.5436 68.8061 7.1117 32.1425 74.9423 90.0754 105.5367 73.8923 14.0562 288.5156 601.1509 601.1509 608.0266 94.2502 301.8121 177.1071 202.8686 256.4911 481.9973 202.7751 411.5281 282.6877 120.6349 152.8148 141.213 277.029 487.0181;
	2.3742 32.0806 92.1873 114.1007 13.1318 7.2728 20.9677 18.4706 26.9364 29.2188 54.0105 80.573 121.3022 63.5216 202.5249 76.3001 94.6686 100.3205 91.605 71.7634 6.9892 16.9699 75.4841 89.8265 105.0862 73.5572 13.9132 448.7694 484.8031 484.8031 439.7318 80.1788 305.35 184.7192 199.1489 206.8493 439.8756 187.9729 436.9558 281.4809 121.9208 80.6798 111.2206 260.6757 444.4576;
	3.4723 46.9186 93.349 91.8925 14.9334 27.7711 15.2104 18.9311 23.9061 29.6426 54.7938 81.7416 123.0615 59.3967 200.9366 75.7017 93.9262 99.5337 91.6294 71.925 5.0701 64.7992 75.0661 89.8087 104.0 75.2041 14.0995 525.0511 531.231 531.231 425.6396 46.1975 305.4314 185.1352 186.2167 226.6585 525.9468 169.0119 437.6923 278.5715 121.1849 308.0741 81.0298 272.4825 531.4255;
	3.1577 42.6668 91.0242 63.6814 14.567 32.0488 12.2317 19.0287 26.1516 26.3929 48.7868 72.7804 109.5704 59.2309 194.9323 73.4396 91.1195 96.5595 87.1082 71.361 4.0772 74.7805 74.1327 89.1323 106.0947 75.2028 14.1086 596.9531 595.1422 595.1422 471.5919 27.7812 290.3607 183.6835 185.6968 253.9273 632.3221 126.2487 151.5387 284.1824 118.6091 355.5281 101.0705 264.7191 638.9088;
	3.6119 48.8047 91.4351 65.0574 14.5776 31.576 25.4223 19.1243 25.4738 10.8669 20.0874 29.9664 45.1143 62.4336 169.5537 63.8784 79.2565 83.9882 68.4639 69.9028 8.4741 73.6772 50.6633 90.0844 106.6624 74.804 14.0828 678.788 618.5997 618.5997 420.1762 28.354 228.2131 179.93 195.7377 263.9359 798.4962 84.4407 355.0349 285.703 119.8205 350.2827 106.33 260.2805 806.8139;
