function loadprofile = ex_load_profilesh1
%EX_LOAD_PROFILE  Example load profile data file for stochastic unit commitment.
% 2022.03.12
% Andres F. Ramirez

%% define constants
[CT_LABEL, CT_PROB, CT_TABLE, CT_TBUS, CT_TGEN, CT_TBRCH, CT_TAREABUS, ...
    CT_TAREAGEN, CT_TAREABRCH, CT_ROW, CT_COL, CT_CHGTYPE, CT_REP, ...
    CT_REL, CT_ADD, CT_NEWVAL, CT_TLOAD, CT_TAREALOAD, CT_LOAD_ALL_PQ, ...
    CT_LOAD_FIX_PQ, CT_LOAD_DIS_PQ, CT_LOAD_ALL_P, CT_LOAD_FIX_P, ...
    CT_LOAD_DIS_P, CT_TGENCOST, CT_TAREAGENCOST, CT_MODCOST_F, ...
    CT_MODCOST_X] = idx_ct;

loadprofile = struct( ...
    'type', 'mpcData', ...
    'table', CT_TAREALOAD, ...
    'rows', [1:11], ...
    'col', CT_LOAD_ALL_P, ...
    'chgtype', 1, ...
    'values', [] );
loadprofile.values(:,1,:) = [
	1508.0302 981.3792 1634.0262 589.9681 897.3294 1284.2074 975.4298 286.5 533.1068 4810.4777 1844.8408;
	1511.4766 962.3564 1619.4683 576.9821 881.875 1248.524 943.2539 277.6214 518.3012 4598.7493 1770.3947;
	1503.7496 955.7326 1596.3386 575.135 855.0634 1255.1496 930.6556 269.7 510.8857 4558.5758 1762.8167;
	1493.6961 961.5495 1607.9637 583.4954 883.8969 1258.137 939.1967 271.7671 522.9136 4637.7184 1804.0626;
	1564.0203 1025.5201 1691.186 595.1 932.1175 1321.4407 1005.3171 291.7756 551.2 4766.5399 1888.35;
	1564.9893 1054.2229 1763.0878 626.4073 997.5315 1380.0796 1061.8786 311.5249 582.9588 4928.0158 1933.2698;
	1606.769 1105.4855 1855.2565 627.7008 1033.258 1456.8 1125.8664 325.0 606.2092 5101.1672 2008.6766;
	1655.3424 1126.0 1888.9892 633.7516 1058.1227 1524.4 1205.512 368.9226 646.4227 5287.8824 2073.9;
	1652.4 1154.0237 1890.6249 645.4361 1049.5 1532.489 1254.8373 363.3517 668.8084 5439.8366 2140.1306;
	1650.2935 1149.7931 1882.0986 638.5103 1035.9793 1561.5307 1210.4143 347.755 648.7085 5478.485 2048.7877;
	1659.5 1170.2816 1871.7795 620.578 1003.9 1527.7062 1217.018 354.5 664.7451 5548.3679 2126.3212;
	1630.3492 1158.4217 1837.7112 608.3407 963.2928 1508.767 1200.171 358.3316 651.8288 5596.7012 2094.9;
	1578.3041 1099.9138 1778.796 599.1452 939.1 1444.5939 1136.9627 336.6 630.2409 5573.0597 1991.7366;
	1578.1589 1102.6137 1759.1655 597.2147 936.5168 1435.7258 1131.9446 320.9068 616.6565 5509.7 1988.2418;
	1567.322 1115.4255 1823.6 604.8 967.6748 1463.5055 1178.7006 328.8805 622.8141 5504.9417 2086.6;
	1616.0301 1163.4601 1894.8664 610.181 993.015 1520.2398 1192.0552 339.1 645.6384 5626.9676 2193.8149;
	1643.8489 1159.0895 1908.3946 606.2627 974.2102 1531.7717 1193.2186 352.3061 679.7004 5679.2446 2249.7328;
	1714.8479 1181.7163 1944.6721 619.9 1001.4184 1572.489 1212.9799 362.7192 718.4345 5746.9173 2395.6107;
	1750.1125 1228.554 1970.1377 614.9258 1025.0 1581.3069 1219.9468 378.9809 693.6599 5669.0 2390.4525;
	1708.5438 1187.5732 1884.332 579.8643 960.3132 1485.1291 1146.9899 340.0735 665.5896 5489.0164 2262.535;
	1629.0292 1106.5998 1782.4531 561.6766 886.1188 1366.6499 1054.8729 320.9 633.9 5336.7952 2116.5459;
	1566.6 1053.474 1751.1201 565.0833 848.4 1340.447 1001.8417 305.2438 594.7 5040.674 1974.7008;
	1468.2701 951.8894 1592.1583 570.4 790.0412 1213.5408 976.7707 276.6 517.6228 4663.4165 1753.1506;
	1498.8628 957.9873 1597.4953 561.9 754.7717 1160.2171 922.8 262.6829 472.253 4536.2951 1669.5232;
];
