function windprofile = ex_wind_profilesh1
%EX_WIND_PROFILE_D  Example wind_load_nyiso profile data for deterministic unit commitment.
% 2022.03.12
% Andres F. Ramirez


%% define constants
[GEN_BUS, PG, QG, QMAX, QMIN, VG, MBASE, GEN_STATUS, PMAX, PMIN, ...
    MU_PMAX, MU_PMIN, MU_QMAX, MU_QMIN, PC1, PC2, QC1MIN, QC1MAX, ...
    QC2MIN, QC2MAX, RAMP_AGC, RAMP_10, RAMP_30, RAMP_Q, APF] = idx_gen;
[CT_LABEL, CT_PROB, CT_TABLE, CT_TBUS, CT_TGEN, CT_TBRCH, CT_TAREABUS, ...
    CT_TAREAGEN, CT_TAREABRCH, CT_ROW, CT_COL, CT_CHGTYPE, CT_REP, ...
    CT_REL, CT_ADD, CT_NEWVAL, CT_TLOAD, CT_TAREALOAD, CT_LOAD_ALL_PQ, ...
    CT_LOAD_FIX_PQ, CT_LOAD_DIS_PQ, CT_LOAD_ALL_P, CT_LOAD_FIX_P, ...
    CT_LOAD_DIS_P, CT_TGENCOST, CT_TAREAGENCOST, CT_MODCOST_F, ...
    CT_MODCOST_X] = idx_ct;

windprofile = struct( ...
    'type', 'mpcData', ...
    'table', CT_TGEN, ...
    'rows', [1:45], ...
    'col', PMAX, ...
    'chgtype', 1, ...
    'values', [] );
windprofile.values(:,1,:) = [
	3.9535 53.4206 90.7066 120.3487 15.4032 35.9785 30.5314 7.7234 28.2742 12.4665 23.0442 34.3774 51.7549 41.6402 178.407 67.2138 83.3949 88.3737 77.6815 67.8466 10.1771 83.9497 32.1699 41.7813 51.4629 27.8191 4.9402 1285.6498 804.6977 804.6977 721.1446 86.7903 258.9384 174.6373 130.5477 343.3377 1193.6124 209.4536 453.8045 137.847 108.9015 399.1209 216.7441 131.8652 1206.0459;
	3.5723 48.2699 80.4769 49.1426 15.266 29.9964 30.5902 7.9332 10.3108 13.4414 24.8462 37.0657 55.8021 37.5952 182.7041 68.8327 85.4035 90.5022 83.9569 69.6043 10.1967 69.9916 27.8041 36.3204 42.0391 28.5097 5.3693 1323.8017 800.8072 800.8072 737.0946 79.5761 279.8564 179.1617 117.866 341.6777 1243.7773 193.0429 462.0822 112.6047 113.0421 332.7601 216.3233 108.5031 1256.7333;
	3.3846 45.7338 90.3854 49.5441 15.202 24.6712 30.4322 7.3351 8.7215 12.1699 22.4958 33.5594 50.5234 37.9753 194.4849 73.2711 90.9104 96.3379 85.5203 64.8025 10.1441 57.5661 25.9747 38.5919 42.1996 28.4725 5.8001 1330.3131 826.4202 826.4202 783.1516 97.2406 285.0677 166.8019 119.0577 352.6059 1276.7195 205.5054 456.79 113.0347 32.478 273.6859 217.4527 141.4602 1290.0187;
	3.6418 49.2081 87.4038 51.9263 15.3346 14.6768 30.1784 7.2721 10.3209 12.1814 22.5172 33.5912 50.5713 27.2098 196.3808 73.9853 91.7966 97.277 82.4625 68.3561 10.0595 34.2459 30.4569 37.8464 39.4528 26.3578 5.1298 1320.2876 833.1284 833.1284 777.5771 99.6728 274.8752 175.9488 85.3064 355.4681 1276.6215 230.8941 444.6925 105.6771 32.3882 162.8146 218.4094 122.8042 1289.9197;
	3.7731 50.9835 80.1088 42.447 14.976 22.2435 29.95 6.8204 10.3778 10.8862 20.123 30.0195 45.1942 31.2576 175.5535 66.1388 82.0611 86.9602 81.5017 67.9289 9.9833 51.9015 24.5681 26.3588 39.4373 51.8571 4.9363 1295.5354 839.0273 839.0273 798.2716 102.4346 271.6722 174.8491 97.9969 357.985 1274.023 239.4328 452.4319 105.6357 31.8832 246.7545 214.0802 186.6399 1287.2941;
	3.8358 51.8306 91.5832 114.3931 15.1884 33.6292 30.0507 6.4916 10.3623 12.0578 22.2887 33.2504 50.0583 29.027 193.1014 72.7498 90.2637 95.6526 85.2779 67.3566 10.0169 78.4682 26.9562 29.6503 54.5529 58.8287 4.5171 1265.3671 826.9427 826.9427 795.6115 113.9851 284.2596 173.3762 91.0037 352.8289 1258.4429 242.6605 451.4597 146.1239 52.6136 373.0603 213.7295 236.9377 1271.5517;
	3.865 52.225 91.9403 118.3346 15.1429 34.363 30.4833 10.4202 10.419 12.1213 22.406 33.4254 50.3217 38.4875 194.3694 73.2276 90.8564 96.2807 76.0275 67.5842 10.1611 80.1803 26.3639 52.0641 103.0356 72.9767 10.3584 1192.5377 838.751 838.751 805.7622 119.2663 253.4249 173.9618 120.6635 357.8671 1285.9612 290.2594 443.938 275.9883 96.286 381.1999 216.1259 273.3648 1299.3566;
	3.8514 52.0411 93.4542 118.1843 14.9081 34.0903 29.5528 18.3076 10.3575 11.0146 20.3604 30.3737 45.7274 57.8701 191.623 72.1928 89.5726 94.9202 79.417 49.9285 9.8509 79.5441 27.6204 61.1679 105.7651 72.5066 13.6239 1103.5814 803.0938 803.0938 773.2524 117.6574 264.7233 128.5161 181.4305 342.6533 1211.4121 299.3463 435.6038 283.2993 117.3103 378.1756 212.4152 275.3246 1224.031;
	3.7271 50.3607 93.8847 114.3418 14.8062 33.6008 28.9927 18.4288 8.7698 10.8747 20.1017 29.9878 45.1464 59.8428 188.5842 71.048 88.1521 93.415 40.7552 46.0352 9.6642 78.402 26.5132 88.7119 105.5098 72.6362 13.5714 753.1157 797.0881 797.0881 719.8127 109.1312 135.8507 118.4947 187.6154 340.0909 1092.5194 281.6151 443.0792 282.6156 116.7211 372.7453 215.3335 269.4147 1103.8999;
	3.6744 49.649 92.172 115.1669 14.7042 32.8967 26.9132 17.7992 18.2301 9.9713 18.4318 27.4966 41.3959 56.7735 185.3586 69.8328 86.6444 91.8172 47.5409 49.1216 8.9711 76.759 23.6083 89.5937 104.7651 70.8337 13.0703 586.4376 811.158 811.158 727.357 111.3297 158.4696 126.439 177.9925 346.0941 1037.824 261.4803 443.998 280.6208 112.1668 364.9344 210.8063 270.307 1048.6347;
	3.6902 49.8623 92.5909 117.169 14.4954 32.5978 28.3892 17.9347 26.8452 16.4452 30.3987 45.3489 68.2725 66.0435 193.0768 72.7406 90.2522 95.6404 30.3682 51.6629 9.4631 76.0616 27.2209 87.7666 103.5135 70.8881 13.0628 399.8174 772.9977 772.9977 729.3449 104.5424 101.2272 132.9804 207.0554 329.8124 898.4831 259.4501 441.5685 277.2684 114.6102 361.6185 203.8979 250.541 907.8423;
	3.2321 43.6734 88.6226 111.627 14.5163 29.5847 28.5472 17.3673 27.5218 19.6144 36.257 54.0883 81.4296 63.3592 190.4006 71.7323 89.0012 94.3147 38.4819 57.6196 9.5157 69.0309 36.2686 85.8397 99.4482 71.731 11.7202 293.4766 768.8276 768.8276 717.9244 107.6771 128.2731 148.3129 198.6398 328.0331 736.0525 236.1187 462.3153 266.3791 114.0474 328.1924 189.1602 258.545 743.7197;
	1.883 25.4432 88.5618 110.9937 13.9814 18.6192 24.3674 18.0211 26.6348 27.942 51.6504 77.0523 116.0018 65.9904 192.0581 72.3568 89.776 95.1358 90.2451 62.1982 8.1225 43.4447 62.0764 86.2313 98.3493 72.6513 13.4458 295.8758 690.6816 690.6816 653.0349 105.965 300.817 160.0984 206.8887 294.6908 650.4285 217.4298 443.6095 263.4356 116.6681 206.5484 166.3415 255.565 657.2038;
	2.0292 27.4184 87.7409 109.2799 14.4966 10.7452 24.2245 17.5648 27.1813 30.5327 56.4393 84.1964 126.7572 63.8897 192.0232 72.3436 89.7597 95.1184 87.1619 66.0638 8.0748 25.0722 74.7012 86.5015 97.8544 73.5493 13.2245 291.3478 602.3388 602.3388 616.3893 96.2616 290.5396 170.0485 200.3029 256.9979 483.7173 200.773 450.4572 262.11 118.8513 119.2005 132.8846 225.2151 488.756;
	2.0308 27.44 86.8844 104.5504 12.7374 0.0 21.8734 17.6443 26.7898 28.7886 53.2153 79.3867 119.5163 63.0374 193.2741 72.8149 90.3444 95.7381 79.9733 69.9841 7.2911 0.0 71.551 83.1807 94.6304 73.2806 13.5434 437.5447 474.935 474.935 428.7509 89.0281 266.5777 180.1392 197.6307 202.6389 425.037 177.2427 442.4989 253.4742 117.2793 0.0 111.4063 227.2941 429.4644;
	3.4678 46.8572 88.0648 80.7347 14.7921 25.7478 16.6915 18.0495 24.681 30.1069 55.6522 83.0221 124.9893 59.1735 192.9395 72.6888 90.188 95.5724 86.9396 70.8273 5.5638 60.0781 74.9015 85.08 96.0107 74.5709 13.4595 501.3643 540.1443 540.1443 426.3131 51.2813 289.7987 182.3097 185.5168 230.4616 508.5626 152.775 466.0397 257.1716 115.5305 285.6286 87.2384 259.8087 513.8601;
	3.3286 44.9769 93.5768 68.5063 14.9588 32.0082 16.3499 18.5954 28.252 29.5198 54.5669 81.403 122.5518 64.1036 195.6006 73.6914 91.4319 96.8906 88.9503 72.9928 5.45 74.6859 74.9416 85.8302 100.8181 75.4318 13.7353 560.89 609.9822 609.9822 466.9462 33.732 296.5009 187.8836 200.9733 260.2591 621.9986 117.4636 206.3897 270.0486 117.246 355.078 120.2254 262.7612 628.4777;
	3.4371 46.4424 86.3158 58.9884 14.3329 30.3438 30.6344 18.382 26.7214 13.3207 24.623 36.7327 55.3009 62.2359 184.6829 69.5782 86.3285 91.4824 73.3274 71.3217 10.2115 70.8021 53.6472 74.5493 83.8086 72.1195 13.5383 665.7145 619.3393 619.3393 402.0719 31.6461 244.4247 183.5823 195.1178 264.2514 796.2097 83.2053 423.7032 224.4874 118.5764 336.6135 117.4971 247.843 804.5036;
