function loadprofile = ex_load_profilesh1
%EX_LOAD_PROFILE  Example load profile data file for stochastic unit commitment.
% 2022.03.12
% Andres F. Ramirez

%% define constants
[CT_LABEL, CT_PROB, CT_TABLE, CT_TBUS, CT_TGEN, CT_TBRCH, CT_TAREABUS, ...
    CT_TAREAGEN, CT_TAREABRCH, CT_ROW, CT_COL, CT_CHGTYPE, CT_REP, ...
    CT_REL, CT_ADD, CT_NEWVAL, CT_TLOAD, CT_TAREALOAD, CT_LOAD_ALL_PQ, ...
    CT_LOAD_FIX_PQ, CT_LOAD_DIS_PQ, CT_LOAD_ALL_P, CT_LOAD_FIX_P, ...
    CT_LOAD_DIS_P, CT_TGENCOST, CT_TAREAGENCOST, CT_MODCOST_F, ...
    CT_MODCOST_X] = idx_ct;

loadprofile = struct( ...
    'type', 'mpcData', ...
    'table', CT_TAREALOAD, ...
    'rows', [1:11], ...
    'col', CT_LOAD_ALL_P, ...
    'chgtype', 1, ...
    'values', [] );
loadprofile.values(:,1,:) = [
	1488.5512 888.7119 1571.1622 570.1744 722.7748 1154.8947 880.7083 279.0095 520.9477 4737.2216 1838.0;
	1468.1265 885.8 1566.979 565.5297 708.7341 1167.3241 872.9 277.5936 515.5 4604.4754 1810.3;
	1484.8971 898.7158 1586.0762 580.5 709.1131 1165.9973 893.3861 280.9 513.522 4608.5119 1821.2723;
	1492.1931 913.301 1625.4195 599.5441 754.978 1193.986 910.0856 289.9943 536.6 4689.7603 1859.1833;
	1532.8507 928.3514 1632.5654 601.2858 763.7403 1208.9069 930.8933 299.6733 550.2545 4626.4334 1856.8865;
	1580.4403 960.3272 1700.1441 605.2488 815.7629 1259.9089 990.842 311.6 583.1923 4809.2093 1974.9957;
	1610.3601 990.9065 1723.1 605.6909 867.7569 1333.4799 1062.0622 317.2382 610.5874 4986.6974 2088.3335;
	1625.357 1010.688 1772.4774 586.3023 895.2732 1339.2732 1097.4731 334.864 631.7208 5138.1634 2127.2876;
	1633.3283 1013.8153 1781.2411 565.8176 878.5896 1346.8709 1098.4684 319.3881 632.8157 5070.6059 2102.3679;
	1641.8015 998.5424 1760.4267 583.83 894.2518 1322.4691 1068.7578 325.9886 646.8942 5106.8983 2098.394;
	1612.6 990.7263 1704.5376 589.8325 867.3156 1335.393 1081.0 311.3897 657.0943 5120.875 2139.9877;
	1624.3792 978.9155 1700.6206 572.7927 863.628 1338.1256 1092.7226 313.0183 644.2547 5169.477 2140.4309;
	1567.6001 935.3137 1672.4355 576.0 845.8395 1339.0344 1018.5179 294.853 633.6235 5233.8804 2154.0832;
	1581.4434 909.1675 1672.2454 562.426 853.5179 1346.9644 1027.9272 309.6715 635.3801 5293.6039 2091.5614;
	1607.2061 934.8264 1697.9856 550.7065 847.6479 1350.788 1060.2411 329.9944 639.5 5361.5825 2164.5168;
	1606.5017 1007.0062 1737.7223 520.4296 890.7487 1395.6566 1103.7469 335.588 642.7957 5359.8538 2203.7674;
	1642.6363 1043.9253 1768.0563 522.5765 922.7488 1380.8524 1113.8501 329.6473 655.3755 5439.0159 2241.4635;
	1718.7825 1092.9935 1890.0 548.0608 996.727 1490.1068 1204.5045 356.3701 720.1452 5671.1402 2446.03;
	1775.6151 1127.9306 1889.0167 538.0131 975.6663 1469.857 1159.7917 354.0003 718.6926 5640.8707 2386.6423;
	1735.5365 1074.3827 1804.3301 507.6519 922.9224 1418.9082 1106.5251 338.4981 689.0131 5494.4058 2330.2;
	1680.8543 1037.8 1753.3207 500.8113 875.532 1343.9492 1036.2 323.4911 642.0834 5332.6432 2156.5035;
	1623.3233 998.6364 1630.1554 465.9355 806.6698 1235.3186 945.2259 291.4404 573.8 5037.4565 1976.8359;
	1529.0173 921.0 1533.8745 508.9058 740.8457 1107.425 865.1 289.6446 531.4 4612.3854 1760.6814;
	1504.255 891.8818 1532.3566 516.5017 712.6479 1040.4698 834.911 274.4 506.1728 4464.9561 1693.7401;
];
