function windprofile = ex_wind_profilesh1
%EX_WIND_PROFILE_D  Example wind_load_nyiso profile data for deterministic unit commitment.
% 2022.03.12
% Andres F. Ramirez


%% define constants
[GEN_BUS, PG, QG, QMAX, QMIN, VG, MBASE, GEN_STATUS, PMAX, PMIN, ...
    MU_PMAX, MU_PMIN, MU_QMAX, MU_QMIN, PC1, PC2, QC1MIN, QC1MAX, ...
    QC2MIN, QC2MAX, RAMP_AGC, RAMP_10, RAMP_30, RAMP_Q, APF] = idx_gen;
[CT_LABEL, CT_PROB, CT_TABLE, CT_TBUS, CT_TGEN, CT_TBRCH, CT_TAREABUS, ...
    CT_TAREAGEN, CT_TAREABRCH, CT_ROW, CT_COL, CT_CHGTYPE, CT_REP, ...
    CT_REL, CT_ADD, CT_NEWVAL, CT_TLOAD, CT_TAREALOAD, CT_LOAD_ALL_PQ, ...
    CT_LOAD_FIX_PQ, CT_LOAD_DIS_PQ, CT_LOAD_ALL_P, CT_LOAD_FIX_P, ...
    CT_LOAD_DIS_P, CT_TGENCOST, CT_TAREAGENCOST, CT_MODCOST_F, ...
    CT_MODCOST_X] = idx_ct;

windprofile = struct( ...
    'type', 'mpcData', ...
    'table', CT_TGEN, ...
    'rows', [1:45], ...
    'col', PMAX, ...
    'chgtype', 1, ...
    'values', [] );
windprofile.values(:,1,:) = [
	3.9525 53.4068 83.517 111.533 15.4069 35.8827 32.0575 7.1378 28.2584 13.7407 25.3995 37.8911 57.0449 44.4675 186.434 70.2379 87.147 92.3499 90.0475 71.4538 10.6858 83.7262 33.1451 33.2061 45.9645 25.7646 5.0755 1198.675 794.6817 794.6817 658.9716 82.2886 300.1584 183.9224 139.4117 339.0642 1203.0495 214.2662 475.9915 123.1192 119.572 398.0583 217.7331 101.0708 1215.5813;
	3.5643 48.1613 78.0078 39.3494 15.1947 29.0185 31.5418 6.8073 10.3178 14.0757 26.0187 38.8148 58.4355 42.2945 186.2106 70.1538 87.0426 92.2392 90.5106 72.074 10.5139 67.7099 26.7164 23.9782 38.2876 26.3529 5.3284 1248.8023 828.9835 828.9835 735.0562 76.5081 301.7021 185.5186 132.599 353.6996 1261.5336 203.4293 477.7056 102.5561 117.3309 321.9123 217.0629 91.9131 1274.6746;
	3.1814 42.987 86.7252 39.5182 14.8936 22.3013 31.4752 5.7982 9.4558 14.0402 25.9531 38.717 58.2882 38.5196 195.933 73.8166 91.5873 97.0552 92.1801 68.5337 10.4917 52.0365 26.6476 3.6776 34.0919 19.7466 5.0061 1207.3973 807.2477 807.2477 745.0263 83.4511 307.267 176.406 120.764 344.4257 1235.6768 216.5887 472.6332 91.3175 36.7751 247.3962 215.3225 120.4222 1248.5484;
	3.5786 48.3547 83.2113 45.1378 14.7073 12.4551 31.7204 6.4218 10.9922 13.8439 25.5902 38.1756 57.4731 26.0051 195.781 73.7593 91.5162 96.9799 86.6415 67.5572 10.5735 29.0619 29.0846 2.3495 33.0608 25.9753 4.8686 1206.4477 794.1238 794.1238 736.8946 85.099 288.8049 173.8924 81.5295 338.8262 1213.36 228.133 457.4761 88.5556 41.5472 138.1684 214.2129 118.2974 1225.9992;
	3.8496 52.0172 82.2415 39.8323 14.6092 20.3793 31.8176 5.7871 9.2631 11.9159 22.0264 32.8591 49.4691 32.0614 188.6489 71.0724 88.1824 93.447 90.8195 70.6299 10.6059 47.5518 13.2665 18.3793 37.577 53.3007 3.1036 1151.7622 796.5256 796.5256 743.4216 90.0513 302.7315 181.8015 100.5169 339.8509 1215.7906 228.323 449.0992 100.6526 36.8663 226.0748 213.4909 196.3022 1228.4551;
	3.8701 52.294 93.3039 107.532 14.5955 32.2356 31.4383 5.8101 9.1765 12.0572 22.2876 33.2487 50.0558 27.7187 198.7574 74.8807 92.9075 98.4542 92.3839 69.6153 10.4794 75.2164 5.472 22.0801 54.3778 58.1718 4.1501 1128.5942 797.0739 797.0739 740.6651 96.8248 307.9463 179.1899 86.9019 340.0849 1174.4608 227.6331 451.6326 145.6549 74.6166 357.6004 211.2316 250.6565 1186.6948;
	3.9067 52.788 93.3427 111.7842 14.494 33.7783 31.9144 8.9828 11.7762 11.678 21.5867 32.2031 48.4815 38.7197 202.3653 76.24 94.594 100.2414 88.3002 72.4411 10.6381 78.8161 24.5886 35.2539 97.7915 73.4851 9.438 1143.4831 828.3547 828.3547 788.0224 109.294 294.3341 186.4635 121.3914 353.4313 1270.6484 279.6123 473.6486 261.9415 112.8872 374.7144 215.2859 282.4691 1283.8844;
	3.8739 52.3447 92.3283 111.4121 14.3909 34.8333 30.6082 17.7706 11.3625 11.0189 20.3682 30.3854 45.745 62.7724 203.5101 76.6713 95.1291 100.8085 89.0689 66.6482 10.2027 81.2777 24.9453 45.5114 102.0105 73.3825 13.333 1105.4187 807.0253 807.0253 773.2477 111.3867 296.8962 171.5525 196.8 344.3308 1252.2328 312.487 478.1839 273.2424 118.2727 386.4174 212.9514 277.0075 1265.2769;
	3.619 48.9012 89.6278 101.4173 11.4312 33.3363 28.6943 17.5869 8.7899 11.8692 21.9401 32.7302 49.2752 63.472 204.4277 77.0169 95.5581 101.263 60.166 69.9204 9.5648 77.7848 29.1371 84.629 101.5784 71.6448 13.251 819.5545 811.46 811.46 770.8427 110.4471 200.5533 179.9753 198.9933 346.2229 1187.7097 319.8448 459.4624 272.0849 116.67 369.811 203.0365 270.6503 1200.0817;
	3.6492 49.3087 89.7695 115.4568 14.3313 34.2462 30.2086 17.7577 19.1926 11.8658 21.9337 32.7208 49.261 62.0246 202.8655 76.4284 94.8278 100.4892 61.7585 62.3064 10.0695 79.9077 27.058 86.9709 101.7954 71.9742 12.9539 668.5531 828.5873 828.5873 759.322 107.3709 205.8617 160.3768 194.4554 353.5306 1149.1393 284.3882 473.6093 272.6662 116.1947 379.9042 199.9751 268.1648 1161.1095;
	3.7131 50.1723 89.7187 110.9069 14.259 33.6144 30.218 17.5541 26.2594 17.8706 33.0335 49.2795 74.1901 67.1031 205.1227 77.2788 95.8829 101.6073 48.362 69.069 10.0727 78.4336 30.7806 82.5357 99.3529 71.9413 13.3097 469.73 793.7354 793.7354 746.2641 97.1321 161.2066 177.7837 210.3773 338.6604 956.0229 295.9701 474.7229 266.1237 116.8723 372.8955 198.5241 269.7804 965.9815;
	3.2457 43.8562 92.0261 114.9102 14.0824 32.1083 29.6192 17.7779 27.0061 20.0693 37.0979 55.3427 83.3182 66.1328 205.6977 77.4954 96.1517 101.8921 61.4811 66.0181 9.8731 74.9195 36.2814 83.1847 99.7563 74.731 13.1937 342.586 759.4058 759.4058 671.8239 100.1107 204.9369 169.9306 207.3352 324.0131 776.3371 263.4002 467.9407 267.2044 118.014 356.1885 185.2908 272.3773 784.4239;
	2.1027 28.412 93.1237 116.4763 13.6576 20.9261 25.5378 18.3951 27.6366 28.3711 52.4435 78.2354 117.7829 62.2349 203.0635 76.503 94.9204 100.5873 93.0216 65.6807 8.5126 48.8277 61.2717 84.8947 98.8405 73.7195 13.6784 303.2478 671.7056 671.7056 619.7737 95.0911 310.072 169.0623 195.1149 286.5944 638.2908 237.2093 445.5309 264.7514 121.1367 232.1407 170.3175 279.6202 644.9396;
	2.3725 32.0576 94.4212 118.1017 14.2142 12.9902 25.76 18.3868 28.3397 31.3541 57.9575 86.4612 130.1669 63.8777 203.7172 76.7493 95.226 100.9111 92.7396 69.3706 8.5867 30.3105 75.8447 88.6393 104.0582 74.3305 13.6583 341.1067 613.952 613.952 580.4863 91.23 309.1319 178.5601 200.2653 261.9529 505.5492 209.7309 443.5902 278.7274 122.9724 144.1047 129.1871 274.8902 510.8154;
	2.3704 32.0287 94.0104 117.5194 11.3201 4.1889 22.327 18.7928 27.1241 30.9751 57.257 85.4162 128.5937 62.6156 203.6904 76.7392 95.2134 100.8978 91.8991 70.4559 7.4423 9.774 75.4403 88.7332 103.8286 74.9822 13.8429 496.4505 518.1253 518.1253 413.6522 72.2119 306.3305 181.3537 196.3083 221.0668 457.7953 181.5429 439.8073 278.1123 122.5839 46.4686 111.4061 264.3051 462.564;
	3.422 46.2385 91.7268 84.8137 13.2897 25.5691 16.8054 18.1729 23.6616 30.6884 56.7271 84.6256 127.4034 51.3296 202.0599 76.1249 94.4513 100.0902 92.1795 70.7606 5.6018 59.6612 74.9435 85.4707 100.1768 73.221 13.5068 554.642 552.3278 552.3278 405.0407 35.849 307.2651 182.1379 160.9253 235.6598 515.2513 157.2222 453.7669 268.3306 120.4067 283.6463 81.5261 267.6996 520.6185;
	3.3564 45.3529 92.367 63.0257 14.0501 32.1393 14.0404 18.082 26.9082 28.1735 52.0783 77.6906 116.9627 50.0784 197.9587 74.5798 92.5342 98.0586 91.5692 69.4869 4.6801 74.9917 73.9386 85.6096 103.4839 73.1078 13.5243 647.7544 611.3138 611.3138 413.7759 24.3077 305.2307 178.8594 157.0025 260.8272 635.7692 107.7479 180.5711 277.189 117.6299 356.5322 111.5489 268.1373 642.3918;
	3.6122 48.8085 90.7609 62.7891 13.9672 31.4658 27.8625 18.3542 25.4495 12.1755 22.5062 33.5748 50.5467 59.0782 183.6274 69.1806 85.8351 90.9596 75.7176 69.371 9.2875 73.4202 47.0707 86.1239 103.4773 72.1188 13.6595 797.279 643.3714 643.3714 385.904 31.1367 252.3921 178.5612 185.2182 274.5051 815.3183 82.6592 396.7824 277.1713 121.7809 349.0604 119.0505 263.0369 823.8112;
