function windprofile = ex_wind_profilesh1
%EX_WIND_PROFILE_D  Example wind_load_nyiso profile data for deterministic unit commitment.
% 2022.03.12
% Andres F. Ramirez


%% define constants
[GEN_BUS, PG, QG, QMAX, QMIN, VG, MBASE, GEN_STATUS, PMAX, PMIN, ...
    MU_PMAX, MU_PMIN, MU_QMAX, MU_QMIN, PC1, PC2, QC1MIN, QC1MAX, ...
    QC2MIN, QC2MAX, RAMP_AGC, RAMP_10, RAMP_30, RAMP_Q, APF] = idx_gen;
[CT_LABEL, CT_PROB, CT_TABLE, CT_TBUS, CT_TGEN, CT_TBRCH, CT_TAREABUS, ...
    CT_TAREAGEN, CT_TAREABRCH, CT_ROW, CT_COL, CT_CHGTYPE, CT_REP, ...
    CT_REL, CT_ADD, CT_NEWVAL, CT_TLOAD, CT_TAREALOAD, CT_LOAD_ALL_PQ, ...
    CT_LOAD_FIX_PQ, CT_LOAD_DIS_PQ, CT_LOAD_ALL_P, CT_LOAD_FIX_P, ...
    CT_LOAD_DIS_P, CT_TGENCOST, CT_TAREAGENCOST, CT_MODCOST_F, ...
    CT_MODCOST_X] = idx_ct;

windprofile = struct( ...
    'type', 'mpcData', ...
    'table', CT_TGEN, ...
    'rows', [1:45], ...
    'col', PMAX, ...
    'chgtype', 1, ...
    'values', [] );
windprofile.values(:,1,:) = [
	3.5876 48.4762 76.7415 105.6819 13.3847 30.752 32.181 5.9345 26.2478 10.097 18.6641 27.8432 41.9178 37.9339 186.5535 70.2829 87.2029 92.409 84.2691 69.2778 10.727 71.7548 1.5516 16.7873 34.959 27.5549 3.758 1282.796 791.9152 791.9152 626.6773 82.277 280.8969 178.3213 118.928 337.8838 1249.2954 190.1514 461.2878 93.6402 107.657 341.1426 191.6822 91.5355 1262.3089;
	2.6663 36.0277 70.1773 2.3815 12.4309 24.9482 31.5476 6.1913 8.9815 11.0405 20.4082 30.4449 45.8347 36.2596 193.2483 72.8052 90.3323 95.7253 87.4139 71.0842 10.5159 58.2126 12.7042 0.0 15.0546 28.0822 4.078 1274.5567 795.2285 795.2285 725.5818 76.7446 291.3798 182.9709 113.6786 339.2975 1287.7924 192.1347 469.5725 40.3247 111.392 276.7592 197.6521 72.4457 1301.207;
	2.7178 36.7233 78.3997 31.3536 11.4471 20.42 31.3218 3.6402 0.0064 10.8185 19.9979 29.833 44.9134 35.162 190.9433 71.9368 89.2549 94.5836 86.9792 63.1825 10.4406 47.6466 2.3001 0.6811 1.3679 27.1785 4.053 1271.9769 799.0358 799.0358 721.5601 85.716 289.9307 162.632 110.2377 340.9219 1270.3721 190.313 465.2902 3.6641 16.971 226.5258 187.8314 19.581 1283.6051;
	2.9211 39.47 73.8278 1.771 11.0377 11.3462 31.9097 2.9805 8.7079 11.5888 21.4218 31.9571 48.1112 28.0463 190.6489 71.8259 89.1173 94.4377 86.6923 64.343 10.6366 26.4744 22.2984 1.2322 9.0701 29.5458 4.347 1288.0118 813.8805 813.8805 738.5049 87.6094 288.9742 165.619 87.9289 347.2557 1296.4146 217.6084 473.9874 24.2949 18.9628 125.867 197.058 30.8534 1309.919;
	3.5536 48.0172 64.6235 31.9776 11.2684 19.8113 31.9368 0.1904 8.5309 8.7709 16.2129 24.1864 36.4126 30.0318 169.0985 63.7069 79.0437 83.7627 86.6283 60.5206 10.6456 46.2264 0.0 17.1515 24.9189 59.7379 3.7086 1229.5503 802.1265 802.1265 729.139 94.0133 288.7611 155.7802 94.1538 342.2406 1276.6024 222.9609 471.0374 66.747 30.6129 219.7734 198.7634 161.3971 1289.9003;
	3.3874 45.7716 82.469 101.736 11.4391 32.5418 31.314 0.0 5.8761 11.1402 20.5924 30.7198 46.2485 25.3688 180.5671 68.0276 84.4046 89.4437 91.7248 59.9153 10.438 75.9308 0.0122 1.8621 42.5205 61.739 2.2772 1163.3231 771.0537 771.0537 677.2735 98.1609 305.7495 154.2222 79.5345 328.9829 1216.7086 212.6306 456.495 113.8943 51.1791 360.9965 192.5463 179.6502 1229.3826;
	3.8026 51.3808 86.4416 109.1463 12.2397 33.6649 31.0218 7.5854 0.6108 0.798 1.4751 2.2005 3.3129 30.7104 190.0524 71.6011 88.8384 94.1422 85.186 68.0705 10.3406 78.5513 0.0 40.9824 97.7892 73.2883 10.2701 1065.6421 788.7513 788.7513 676.8911 95.2807 283.9532 175.2137 96.2813 336.5339 1252.1241 248.082 445.8503 261.9354 95.7563 373.4555 199.2272 261.6684 1265.167;
	3.7234 50.3112 78.0156 87.3603 13.3182 32.9065 30.4987 17.8516 0.0 0.0 0.0 0.0 0.0 55.9714 188.958 71.1888 88.3269 93.6001 85.0686 58.9312 10.1662 76.7818 0.0 43.2353 101.0519 72.6976 13.4486 1021.1705 814.667 814.667 732.6423 107.1426 283.562 151.6889 175.4779 347.5913 1259.3677 277.5642 456.8643 270.6747 117.5423 365.0424 199.7321 267.0794 1272.4861;
	3.8393 51.8778 87.3007 109.8439 14.4974 32.7468 30.0751 17.6072 7.97 7.5239 13.9078 20.7476 31.2355 60.9736 193.544 72.9166 90.4706 95.8718 52.4187 63.9944 10.025 76.4092 1.6736 85.5057 102.5173 73.4124 13.5747 785.117 830.9239 830.9239 712.0583 111.942 174.7291 164.7216 191.1606 354.5275 1182.2248 302.1549 457.305 274.5998 117.7689 363.2711 206.2295 272.7236 1194.5397;
	3.757 50.7651 85.4822 101.0476 14.1199 32.8624 29.7039 17.3414 17.1331 10.7045 19.787 29.5183 44.4397 61.1008 179.1033 67.4761 83.7204 88.7186 53.5087 50.7027 9.9013 76.679 0.0 86.8675 98.9317 70.9897 12.9291 567.7833 832.3633 832.3633 723.8428 107.4003 178.3622 130.509 191.5594 355.1417 1038.1373 276.1845 442.0972 264.9958 113.1738 364.5537 199.6873 263.3211 1048.9512;
	3.7568 50.762 85.7786 110.1548 12.7405 32.4424 30.8262 17.1428 25.6525 16.686 30.8438 46.0129 69.2721 67.9446 197.4693 74.3954 92.3054 97.8162 40.4808 65.7831 10.2754 75.6989 0.8176 83.0041 97.5543 72.1987 12.9863 420.5125 797.0754 797.0754 690.3085 92.8971 134.9359 169.3259 213.0154 340.0855 883.9338 259.4469 441.8252 261.3062 117.6521 359.8941 174.7608 260.8799 893.1414;
	3.3994 45.9331 86.5268 110.6947 14.1264 31.8615 29.9691 17.0654 27.0055 18.4831 34.1657 50.9685 76.7328 65.7693 198.1731 74.6606 92.6344 98.1648 55.7132 66.8272 9.9897 74.3435 2.9604 82.1394 94.3777 74.3634 12.2696 342.5115 821.3938 821.3938 718.3819 103.4291 185.7105 172.0134 206.1957 350.4614 766.3649 250.9367 455.8955 252.7975 117.2694 353.4503 188.6584 265.1546 774.3479;
	2.0998 28.3729 87.3422 110.6093 13.9933 19.3086 25.2291 18.0948 25.972 26.6539 49.2694 73.5002 110.6542 66.3294 194.9509 73.4466 91.1282 96.5687 91.8116 66.5595 8.4097 45.0533 37.4888 84.5755 97.947 75.5366 13.6791 309.886 748.6596 748.6596 638.7113 104.494 306.0387 171.3244 207.9515 319.4281 657.4639 234.7203 427.7727 262.3579 119.4907 214.1963 166.9267 268.3129 664.3125;
	2.1779 29.4285 86.4413 107.9181 13.9311 9.1699 23.7108 17.5315 22.8511 30.0277 55.5058 82.8037 124.6606 66.7771 195.9305 73.8157 91.5861 97.054 91.3703 68.2301 7.9036 21.3964 70.181 82.7353 98.2143 74.4428 13.2922 287.8288 580.4083 580.4083 536.9036 95.5589 304.5677 175.6244 209.3553 247.6409 445.8109 197.6924 423.2536 263.0739 120.5186 101.7247 124.902 257.7294 450.4548;
	2.1108 28.5222 86.7209 110.1218 11.3225 0.1514 20.9882 17.9884 25.4001 28.4921 52.6673 78.5692 118.2855 65.0942 203.3154 76.5979 95.0381 100.712 91.4141 73.1297 6.9961 0.3532 69.6807 83.2137 100.0354 75.2739 13.5213 408.4142 474.377 474.377 402.4905 87.3856 304.7136 188.236 204.0792 202.4009 401.8692 186.7719 440.7261 267.9519 121.1914 1.6794 105.3869 248.6021 406.0553;
	3.0563 41.2979 86.2454 76.5847 11.5988 24.0988 14.037 18.2894 16.154 30.1239 55.6835 83.0689 125.0598 55.4266 203.8569 76.8019 95.2912 100.9803 90.6506 73.382 4.679 56.2306 73.7069 84.8291 100.3798 74.8076 13.5572 413.7445 503.0157 503.0157 373.7916 48.3678 302.1685 188.8856 173.7698 214.62 441.6142 150.8721 436.3973 268.8744 116.7259 267.3362 68.7058 256.594 446.2143;
	2.9906 40.4101 88.1374 63.3239 13.0696 30.2169 13.3915 18.9555 25.5876 28.7206 53.0896 79.1993 119.2341 63.1446 194.5854 73.3089 90.9574 96.3877 87.8499 72.0277 4.4638 70.5061 73.6366 86.9447 106.1565 76.4545 13.9343 560.2944 598.5155 598.5155 420.9146 30.531 292.833 185.3996 197.9669 255.3666 595.9874 112.0774 180.7191 284.3477 117.5004 335.2063 96.4849 260.2126 602.1956;
	3.5646 48.1657 87.7649 61.1931 14.0573 29.731 28.0177 18.5419 25.9685 14.3609 26.546 39.6014 59.6196 65.4195 183.731 69.2196 85.8836 91.0109 72.7996 70.8009 9.3392 69.3722 54.4023 86.4721 105.2234 74.7175 13.3702 539.1021 606.4065 606.4065 377.8642 27.9879 242.6653 182.2418 205.099 258.7334 737.984 70.0021 422.5865 281.8485 117.7829 329.8153 102.4577 254.6179 745.6713;
