function loadprofile = ex_load_profilesh1
%EX_LOAD_PROFILE  Example load profile data file for stochastic unit commitment.
% 2022.03.12
% Andres F. Ramirez

%% define constants
[CT_LABEL, CT_PROB, CT_TABLE, CT_TBUS, CT_TGEN, CT_TBRCH, CT_TAREABUS, ...
    CT_TAREAGEN, CT_TAREABRCH, CT_ROW, CT_COL, CT_CHGTYPE, CT_REP, ...
    CT_REL, CT_ADD, CT_NEWVAL, CT_TLOAD, CT_TAREALOAD, CT_LOAD_ALL_PQ, ...
    CT_LOAD_FIX_PQ, CT_LOAD_DIS_PQ, CT_LOAD_ALL_P, CT_LOAD_FIX_P, ...
    CT_LOAD_DIS_P, CT_TGENCOST, CT_TAREAGENCOST, CT_MODCOST_F, ...
    CT_MODCOST_X] = idx_ct;

loadprofile = struct( ...
    'type', 'mpcData', ...
    'table', CT_TAREALOAD, ...
    'rows', [1:11], ...
    'col', CT_LOAD_ALL_P, ...
    'chgtype', 1, ...
    'values', [] );
loadprofile.values(:,1,:) = [
	1551.3277 955.7144 1663.4265 574.6663 903.6927 1252.1367 928.6535 293.4942 537.6306 4869.7816 1924.6582;
	1504.2971 930.1514 1614.4665 565.1907 844.6 1237.0 920.9164 294.8471 524.0 4803.2554 1903.3531;
	1506.531 935.3 1627.4159 560.8 846.0017 1230.2 913.9 280.1963 521.8518 4702.2864 1816.479;
	1503.1083 950.5 1661.5542 565.1142 873.4 1270.3443 919.5 283.0 517.6469 4756.9002 1830.4146;
	1527.7107 981.8872 1704.3007 584.2299 875.6479 1324.6 968.1634 311.654 562.8153 4902.4571 1927.4567;
	1596.3578 1044.4613 1790.2758 601.2816 973.5 1399.0041 1025.4521 356.5685 592.1764 5068.3638 2021.5132;
	1643.1846 1045.2348 1797.7893 610.9408 1018.8424 1447.0285 1074.2927 345.744 606.1651 5178.1535 2066.3955;
	1699.3824 1083.1 1848.6 627.4822 1049.6104 1523.058 1111.5388 349.7404 641.3964 5301.5362 2124.886;
	1771.5309 1101.9421 1874.52 607.3 1050.8534 1538.932 1145.735 360.2 647.1076 5435.6801 2187.7252;
	1775.2913 1128.1766 1888.6702 606.5238 1055.5594 1571.5639 1204.5881 380.3736 671.4 5649.8088 2237.2487;
	1755.0183 1101.5326 1855.9727 595.8 1027.0208 1587.3424 1187.328 358.4219 659.3 5693.7466 2159.8862;
	1747.0718 1084.5 1809.9846 572.577 1011.6074 1546.7868 1168.278 351.018 662.5373 5708.8637 2156.6321;
	1838.2951 1117.15 1815.7278 580.3924 989.44 1540.5178 1162.9875 349.463 648.1627 5632.5494 2167.758;
	1855.4435 1103.1 1755.5921 560.6677 951.5667 1534.3669 1143.5898 342.2311 643.2761 5580.1445 2107.7938;
	1758.8763 1109.1366 1809.4407 576.5287 975.7082 1547.4263 1195.7164 362.0736 660.087 5810.9347 2186.0261;
	1805.0585 1132.7622 1880.6981 598.2 1032.8923 1567.7733 1215.6749 350.9 691.2795 5732.1187 2243.1038;
	1742.5967 1132.1144 1857.3 600.431 1041.0 1553.1983 1170.9261 369.6 695.5442 5686.9534 2286.7569;
	1803.731 1171.5663 1952.0614 591.6339 1081.8335 1608.7858 1232.6 384.4 716.5 5778.2753 2432.9506;
	1823.7442 1168.2 1922.7354 570.761 1085.8226 1583.9914 1240.7653 402.3033 722.8 6020.0264 2503.6654;
	1842.3137 1134.5348 1875.3767 566.2488 1043.1656 1525.3229 1195.9209 375.2 687.2952 6129.9724 2370.4728;
	1737.294 1079.2949 1769.6777 542.2 974.4287 1407.446 1113.8969 353.4899 649.0 5713.1728 2219.8606;
	1695.4847 1011.3447 1684.3471 525.8 910.5013 1305.1701 1089.6426 328.0412 600.0161 5608.6911 2079.1499;
	1598.7181 945.1723 1622.1399 556.3339 876.4469 1222.5199 994.3745 298.8232 539.3671 4858.4778 1748.0372;
	1580.6814 950.8145 1601.0376 555.2884 855.2412 1200.7672 937.1015 293.1707 530.8928 4573.4363 1702.4804;
];
