function windprofile = ex_wind_profilesh1
%EX_WIND_PROFILE_D  Example wind_load_nyiso profile data for deterministic unit commitment.
% 2022.03.12
% Andres F. Ramirez


%% define constants
[GEN_BUS, PG, QG, QMAX, QMIN, VG, MBASE, GEN_STATUS, PMAX, PMIN, ...
    MU_PMAX, MU_PMIN, MU_QMAX, MU_QMIN, PC1, PC2, QC1MIN, QC1MAX, ...
    QC2MIN, QC2MAX, RAMP_AGC, RAMP_10, RAMP_30, RAMP_Q, APF] = idx_gen;
[CT_LABEL, CT_PROB, CT_TABLE, CT_TBUS, CT_TGEN, CT_TBRCH, CT_TAREABUS, ...
    CT_TAREAGEN, CT_TAREABRCH, CT_ROW, CT_COL, CT_CHGTYPE, CT_REP, ...
    CT_REL, CT_ADD, CT_NEWVAL, CT_TLOAD, CT_TAREALOAD, CT_LOAD_ALL_PQ, ...
    CT_LOAD_FIX_PQ, CT_LOAD_DIS_PQ, CT_LOAD_ALL_P, CT_LOAD_FIX_P, ...
    CT_LOAD_DIS_P, CT_TGENCOST, CT_TAREAGENCOST, CT_MODCOST_F, ...
    CT_MODCOST_X] = idx_ct;

windprofile = struct( ...
    'type', 'mpcData', ...
    'table', CT_TGEN, ...
    'rows', [1:45], ...
    'col', PMAX, ...
    'chgtype', 1, ...
    'values', [] );
windprofile.values(:,1,:) = [
	3.9091 52.82 83.7665 111.7849 14.6266 36.2252 31.0365 5.975 26.7403 12.6394 23.3637 34.8541 52.4726 41.8648 184.2837 69.4278 86.1419 91.2847 91.4017 71.4064 10.3455 84.5256 27.5243 0.5146 40.9299 13.1334 2.947 1289.6551 830.0538 830.0538 687.4043 77.7807 304.6722 183.8003 131.2518 354.1563 1300.5533 207.6099 442.3085 109.6338 119.0149 401.8587 217.9031 105.6704 1314.1008;
	3.374 45.5896 77.8724 42.0637 15.0614 30.247 30.7447 6.107 9.7865 13.7375 25.3935 37.8821 57.0313 38.9299 184.2773 69.4254 86.1389 91.2816 91.9926 70.5176 10.2482 70.5764 27.9145 29.1544 34.7238 24.2312 4.7377 1267.044 820.3553 820.3553 684.1565 69.7828 306.6419 181.5124 122.0504 350.0183 1285.542 188.6159 447.0183 93.0102 120.0608 335.5404 217.8476 98.2048 1298.9331;
	3.1099 42.021 88.3807 43.4738 15.0341 25.4499 31.2015 5.8963 8.0112 12.7218 23.5161 35.0814 52.8148 31.9752 182.7065 68.8336 85.4046 90.5034 91.2934 65.0907 10.4005 59.3832 26.4953 34.4743 34.9217 26.6134 5.4054 1271.3003 814.9678 814.9678 677.1646 87.7088 304.3114 167.5436 100.2464 347.7196 1254.191 192.2439 443.2758 93.5403 37.7629 282.3245 217.5526 128.9775 1267.2555;
	2.9235 39.5032 77.368 3.611 14.1018 10.5785 31.1712 2.2222 10.3589 11.7291 21.6811 32.3439 48.6935 25.2081 186.4342 70.238 87.1472 92.35 87.2165 66.0178 10.3904 24.6832 25.6503 4.7101 26.4531 15.8422 4.9476 1255.6263 810.1773 810.1773 695.2726 91.5553 290.7218 169.93 79.0308 345.6756 1245.2535 219.8545 440.604 70.8566 38.1755 117.3509 199.8042 96.8853 1258.2249;
	3.6191 48.9019 77.0639 9.8824 14.4309 16.0844 31.1962 0.7965 10.5521 6.5713 12.1469 18.1208 27.2807 27.3345 144.6835 54.5087 67.6311 71.6688 87.472 64.3757 10.3987 37.5302 0.091 18.6824 28.9076 52.9116 4.5233 1211.0269 795.6122 795.6122 666.0134 89.5099 291.5732 165.7032 85.6973 339.4612 1213.0559 214.2773 439.7577 77.4312 32.8378 178.4292 200.096 188.9095 1225.6919;
	3.5859 48.4529 89.8385 100.585 14.566 31.6715 30.6201 0.4942 10.4991 10.4419 19.3017 28.7943 43.3497 20.5304 176.332 66.4321 82.425 87.3459 88.3712 65.2561 10.2067 73.9002 0.9357 3.8365 36.1719 50.2596 4.3647 1154.8002 791.9579 791.9579 681.8065 99.4157 294.5708 167.9693 64.3656 337.9021 1146.6568 214.0269 436.0067 96.8891 65.9526 351.3426 200.7007 228.1504 1158.6011;
	3.702 50.0222 88.7395 111.299 14.7128 33.1142 31.052 10.1999 10.095 9.8132 18.1396 27.0608 40.7398 31.6165 188.0316 70.8398 87.8939 93.1413 80.9972 68.7464 10.3507 77.2664 22.5123 43.5416 97.2155 72.2853 11.1677 1099.8488 788.5964 788.5964 643.755 105.1275 269.9905 176.9535 99.1219 336.4678 1215.9944 265.5644 424.6479 260.3987 108.7708 367.3465 207.283 275.2798 1228.661;
	3.5806 48.3812 89.6747 112.1393 14.6588 33.7442 30.3148 18.1689 8.0388 9.3837 17.3457 25.8764 38.9567 45.7486 186.5432 70.2791 87.1981 92.404 83.3931 60.0162 10.1049 78.7365 5.4849 49.6718 102.4009 72.1679 13.5802 981.8657 771.2076 771.2076 616.5711 107.5449 277.9771 154.4818 143.4281 329.0486 1153.3202 277.5781 426.6324 274.2881 116.0933 374.3356 206.5825 270.0284 1165.334;
	3.5255 47.6372 91.5241 111.0926 14.776 33.7316 29.5052 17.7515 0.284 0.9157 1.6927 2.5252 3.8017 42.2009 192.6789 72.5906 90.0662 95.4432 50.6516 63.2785 9.8351 78.707 1.627 85.3052 102.0866 71.6558 13.318 681.1045 777.64 777.64 607.4154 109.561 168.8388 162.8789 132.3055 331.7931 1078.5839 278.0166 420.4792 273.4462 115.0018 374.1957 206.7617 268.8721 1089.8191;
	3.5717 48.2619 91.547 112.7594 14.7102 33.0687 29.7649 17.7794 17.2378 6.4508 11.9243 17.7887 26.7807 48.7748 188.4787 71.0083 88.1029 93.3627 56.3818 51.3635 9.9216 77.1604 17.1531 87.7773 102.7057 72.9091 13.6927 540.7868 821.264 821.264 693.0703 107.848 187.9394 132.2099 152.9156 350.406 1081.1476 279.5522 435.3771 275.1046 112.5087 366.8425 205.7347 270.8781 1092.4095;
	3.6345 49.1106 90.7867 116.0274 14.9828 32.9747 29.8463 17.4331 25.8199 7.657 14.1539 21.1148 31.7882 63.2832 194.4418 73.2548 90.8902 96.3165 40.2064 59.4297 9.9488 76.941 24.4477 83.6467 98.098 70.2569 13.4044 446.7255 802.8748 802.8748 705.6321 103.3591 134.0215 152.9721 198.4014 342.5599 962.5957 276.0809 405.3366 262.7626 110.7037 365.7993 199.4356 264.4437 972.6227;
	3.1091 42.0114 92.5246 117.4329 14.7711 31.8981 28.8291 17.6895 26.1215 17.9844 33.244 49.5934 74.6627 65.127 193.4725 72.8896 90.4371 95.8364 54.6235 60.1387 9.6097 74.429 32.7468 83.8785 97.502 73.2704 13.3851 248.0518 812.6403 812.6403 663.1431 105.8798 182.0783 154.7971 204.1818 346.7265 756.0535 253.771 426.4762 261.1661 114.1489 353.8566 184.4648 276.0969 763.929;
	1.9439 26.2666 91.5828 110.7839 14.2958 19.546 25.5325 17.8324 27.1005 27.1659 50.2157 74.912 112.7795 67.6718 192.8289 72.6472 90.1363 95.5176 91.809 66.617 8.5108 45.6073 64.8009 82.1802 96.268 70.8416 13.6107 278.0684 733.2825 733.2825 611.7595 102.3375 306.0299 171.4723 212.1603 312.8672 688.5978 233.4227 422.0779 257.8607 116.3345 216.8301 167.983 271.034 695.7707;
	2.114 28.5643 91.323 111.2935 14.6931 11.897 25.2591 17.6451 27.0019 31.2389 57.7447 86.1437 129.6888 67.6281 190.1165 71.6253 88.8684 94.174 87.4753 67.2785 8.4197 27.7597 75.6924 83.4791 98.4417 72.5733 13.5404 267.6958 647.932 647.932 564.3785 98.2187 291.5842 173.175 212.0232 276.451 502.5003 212.5052 438.9206 263.6831 119.7567 131.9776 133.0343 270.659 507.7346;
	2.1677 29.2903 89.5104 111.964 12.74 0.0355 20.9269 17.7893 26.561 30.8915 57.1025 85.1857 128.2467 67.1215 197.3321 74.3437 92.2413 97.7482 88.1833 71.8658 6.9756 0.0827 74.2414 84.3892 97.9517 71.1846 13.8429 410.415 512.1963 512.1963 400.2885 87.8044 293.9443 184.9827 210.435 218.5371 423.1863 183.6381 394.328 262.3705 117.2659 0.3933 108.1248 264.304 427.5945;
	3.3323 45.0269 91.2755 86.0617 14.8626 25.3642 15.998 17.9711 22.1784 30.2911 55.9927 83.53 125.754 58.5686 197.6482 74.4628 92.389 97.9048 90.0413 71.3251 5.3327 59.1832 73.8301 87.2424 99.7181 72.9084 13.6965 417.3574 528.6339 528.6339 379.8191 51.5633 300.1375 183.5909 183.6203 225.5505 475.851 161.0619 407.1998 267.1021 119.7417 281.374 81.4046 275.3084 480.8078;
	3.2324 43.6771 89.6315 64.8911 14.716 31.6487 13.8369 18.2732 25.9082 29.0103 53.6251 79.9982 120.4368 60.2011 194.4298 73.2503 90.8846 96.3106 87.9052 71.8307 4.6123 73.847 72.3498 86.2402 102.455 74.2331 13.6783 533.5443 589.3324 589.3324 399.6185 31.628 293.0175 184.8924 188.7387 251.4485 573.4056 115.2474 167.8943 274.4331 115.8703 351.0896 107.3344 266.67 579.3786;
	3.7146 50.1927 91.7476 61.624 15.1189 33.0813 27.4839 18.2821 25.9331 14.1667 26.1868 39.0656 58.8131 56.8596 193.8358 73.0265 90.607 96.0163 74.0695 73.7195 9.1613 77.1897 50.7739 86.8145 103.4364 72.6503 13.4559 705.4845 608.9775 608.9775 377.1561 31.6997 246.8983 189.7542 178.2624 259.8304 762.7295 80.8405 402.2926 277.0617 119.3349 366.9818 122.9181 265.75 770.6746;
