function solarprofile = ex_solar_profilesh1
%EX_WIND_PROFILE_D  Example wind_load_nyiso profile data for deterministic unit commitment.
% 2022.03.12
% Andres F. Ramirez


%% define constants
[GEN_BUS, PG, QG, QMAX, QMIN, VG, MBASE, GEN_STATUS, PMAX, PMIN, ...
    MU_PMAX, MU_PMIN, MU_QMAX, MU_QMIN, PC1, PC2, QC1MIN, QC1MAX, ...
    QC2MIN, QC2MAX, RAMP_AGC, RAMP_10, RAMP_30, RAMP_Q, APF] = idx_gen;
[CT_LABEL, CT_PROB, CT_TABLE, CT_TBUS, CT_TGEN, CT_TBRCH, CT_TAREABUS, ...
    CT_TAREAGEN, CT_TAREABRCH, CT_ROW, CT_COL, CT_CHGTYPE, CT_REP, ...
    CT_REL, CT_ADD, CT_NEWVAL, CT_TLOAD, CT_TAREALOAD, CT_LOAD_ALL_PQ, ...
    CT_LOAD_FIX_PQ, CT_LOAD_DIS_PQ, CT_LOAD_ALL_P, CT_LOAD_FIX_P, ...
    CT_LOAD_DIS_P, CT_TGENCOST, CT_TAREAGENCOST, CT_MODCOST_F, ...
    CT_MODCOST_X] = idx_ct;

solarprofile = struct( ...
    'type', 'mpcData', ...
    'table', CT_TGEN, ...
    'rows', [1:12], ...
    'col', PMAX, ...
    'chgtype', 1, ...
    'values', [] );
solarprofile.values(:,1,:) = [
	0.0 0.0 0.0 0.0 0.0 0.0 0.0 0.0 0.0 0.0 0.0 0.0;
	0.0 0.0 0.0 0.0 0.0 0.0 0.0 0.0 0.0 0.0 0.0 0.0;
	0.0 0.0 0.0 0.0 0.0 0.0 0.0 0.0 0.0 0.0 0.0 0.0;
	0.0 0.0 0.0 0.0 0.0 0.0 0.0 0.0 0.0 0.0 0.0 0.0;
	0.0 0.0 0.0 0.0 0.0 0.0 0.0 0.0 0.0 0.0 0.0 0.0;
	0.0284 0.0203 0.0225 0.0 0.0 0.0 0.0 0.0 0.0 0.0 0.0 0.0;
	0.3585 0.2496 0.3083 0.307 0.8897 13.4897 1.6862 1.8501 21.8651 11.7363 6.0549 21.2545;
	0.5812 0.4213 0.0823 0.4215 0.1213 12.6383 1.5798 2.7341 12.0869 26.5801 10.5233 48.1367;
	0.9149 0.6195 0.0743 0.7051 0.2611 15.9939 1.9992 3.5797 12.6409 49.6356 12.7957 89.8904;
	1.1717 0.715 0.5666 1.3242 2.5786 28.5029 3.5629 4.378 33.1892 57.6515 26.4701 104.4073;
	0.9929 0.9023 0.8806 1.6459 5.5394 25.4135 3.1767 3.8886 33.7035 69.8338 43.5669 126.4695;
	0.7649 1.0952 0.9113 1.8037 6.7083 28.9926 3.6241 4.1367 32.6102 72.6541 72.4658 131.5771;
	0.9454 1.4593 0.7536 2.3248 4.729 122.7389 15.3424 26.6089 63.8943 91.6918 97.2268 166.0544;
	0.5205 0.9764 0.5962 1.8642 3.3333 103.2271 12.9034 25.6516 71.8923 75.5821 54.6392 136.8796;
	0.0355 0.4388 0.3732 1.5551 2.6957 75.432 9.429 24.7845 73.4942 53.0413 34.4552 96.0581;
	0.1593 0.4584 0.6619 0.758 1.4788 25.386 3.1732 15.2592 67.0883 31.6479 18.5568 57.3145;
	0.2739 0.3208 0.1887 0.4345 0.5845 29.6981 3.7123 8.0375 27.285 21.3859 11.7614 38.7301;
	0.0 0.0 0.0 0.0 0.0 0.0 0.0 0.0 0.0 0.0 0.0 0.0;
	0.0 0.0 0.0 0.0 0.0 0.0 0.0 0.0 0.0 0.0 0.0 0.0;
	0.0 0.0 0.0 0.0 0.0 0.0 0.0 0.0 0.0 0.0 0.0 0.0;
	0.0 0.0 0.0 0.0 0.0 0.0 0.0 0.0 0.0 0.0 0.0 0.0;
	0.0 0.0 0.0 0.0 0.0 0.0 0.0 0.0 0.0 0.0 0.0 0.0;
	0.0 0.0 0.0 0.0 0.0 0.0 0.0 0.0 0.0 0.0 0.0 0.0;
	0.0 0.0 0.0 0.0 0.0 0.0 0.0 0.0 0.0 0.0 0.0 0.0;
];
