function windprofile = ex_wind_profilesh1
%EX_WIND_PROFILE_D  Example wind_load_nyiso profile data for deterministic unit commitment.
% 2022.03.12
% Andres F. Ramirez


%% define constants
[GEN_BUS, PG, QG, QMAX, QMIN, VG, MBASE, GEN_STATUS, PMAX, PMIN, ...
    MU_PMAX, MU_PMIN, MU_QMAX, MU_QMIN, PC1, PC2, QC1MIN, QC1MAX, ...
    QC2MIN, QC2MAX, RAMP_AGC, RAMP_10, RAMP_30, RAMP_Q, APF] = idx_gen;
[CT_LABEL, CT_PROB, CT_TABLE, CT_TBUS, CT_TGEN, CT_TBRCH, CT_TAREABUS, ...
    CT_TAREAGEN, CT_TAREABRCH, CT_ROW, CT_COL, CT_CHGTYPE, CT_REP, ...
    CT_REL, CT_ADD, CT_NEWVAL, CT_TLOAD, CT_TAREALOAD, CT_LOAD_ALL_PQ, ...
    CT_LOAD_FIX_PQ, CT_LOAD_DIS_PQ, CT_LOAD_ALL_P, CT_LOAD_FIX_P, ...
    CT_LOAD_DIS_P, CT_TGENCOST, CT_TAREAGENCOST, CT_MODCOST_F, ...
    CT_MODCOST_X] = idx_ct;

windprofile = struct( ...
    'type', 'mpcData', ...
    'table', CT_TGEN, ...
    'rows', [1:45], ...
    'col', PMAX, ...
    'chgtype', 1, ...
    'values', [] );
windprofile.values(:,1,:) = [
	3.8625 52.1906 84.203 112.5388 15.0334 34.5672 31.8778 7.373 28.3738 9.545 17.6439 26.3212 39.6264 38.6751 175.6663 66.1812 82.1138 87.0161 86.2329 71.0661 10.6259 80.6568 28.7764 32.8489 41.5371 28.8523 5.0418 1283.1225 816.2679 816.2679 671.5184 90.1151 287.4428 182.9244 121.2517 348.2743 1279.2406 215.2724 471.804 111.26 112.6259 383.4652 217.3269 117.279 1292.566;
	3.2432 43.8224 71.5334 0.0 15.0787 24.6387 30.4436 6.6951 10.1799 0.9767 1.8053 2.6932 4.0546 34.7287 176.8634 66.6322 82.6733 87.6091 89.2122 70.7325 10.1479 57.4902 22.4622 11.1239 14.7294 25.7586 4.7269 1286.5025 814.4138 814.4138 732.5416 81.381 297.3741 182.0657 108.8791 347.4832 1294.6047 200.3595 461.0184 39.4539 113.2226 273.3248 212.4999 99.8005 1308.0902;
	3.1207 42.1674 87.2333 38.9231 15.1747 22.2942 31.5987 6.9264 10.5247 9.7421 18.008 26.8645 40.4443 36.3243 184.8203 69.63 86.3927 91.5505 88.7075 64.626 10.5329 52.0197 28.3256 34.9795 38.0728 30.0778 5.6898 1277.9778 828.3696 828.3696 735.9052 98.1192 295.6916 166.3475 113.8817 353.4377 1260.2879 210.8432 468.967 101.9807 34.189 247.3167 214.153 137.386 1273.4159;
	3.2437 43.8291 80.9045 38.1656 14.4297 12.5956 31.9657 6.6629 11.2899 0.5745 1.0619 1.5842 2.385 25.8625 185.4079 69.8514 86.6674 91.8416 85.7307 64.5474 10.6552 29.3898 27.3112 2.1846 27.8096 28.8017 4.4037 1276.1669 827.1819 827.1819 754.1599 99.6781 285.7691 166.1452 81.0823 352.9309 1258.1494 227.2085 477.1202 74.4899 30.2782 139.7277 212.8183 110.0849 1271.2552;
	3.6698 49.5873 80.4103 40.9418 14.4095 21.4883 31.9441 6.8963 12.0757 3.2378 5.985 8.9285 13.4418 33.6992 169.8596 63.9936 79.3995 84.1398 90.8231 67.2617 10.648 50.1395 1.5608 17.8332 34.7123 56.1722 5.06 1271.085 835.4427 835.4427 782.2287 105.9096 302.7437 173.1319 105.6515 356.4555 1278.3278 239.3007 478.8223 92.9793 34.6801 238.3774 206.8592 195.5963 1291.6438;
	3.6374 49.1496 90.8402 109.9995 14.3045 30.4806 31.7303 7.3853 10.8507 0.2282 0.4218 0.6292 0.9472 28.4198 183.1046 68.9836 85.5907 90.7006 89.7903 64.0739 10.5768 71.1213 0.1036 18.2129 49.9215 65.7409 5.2942 1208.504 819.8436 819.8436 788.7724 114.9631 299.3011 164.9264 89.1001 349.7999 1261.9644 249.0159 478.3104 133.7184 68.1809 338.1311 199.1583 232.3504 1275.1098;
	3.7155 50.2046 90.0023 114.5549 14.3398 27.6789 31.1326 10.597 10.596 0.0 0.0 0.0 0.0 35.4152 190.083 71.6127 88.8528 94.1574 85.1309 69.1572 10.3775 64.584 7.396 40.2374 97.3488 72.906 10.9329 1171.7293 815.8015 815.8015 754.7036 114.7546 283.7697 178.0108 111.0315 348.0753 1276.8557 288.4072 470.7118 260.7557 111.1053 307.051 198.2126 265.9943 1290.1562;
	3.7253 50.3372 90.1311 115.6704 14.3849 30.2061 30.343 18.3727 10.1051 0.0 0.0 0.0 0.0 60.2047 190.673 71.8349 89.1285 94.4496 80.1848 54.7418 10.1143 70.481 21.5752 47.596 101.2004 73.4375 13.5642 1098.3876 825.3378 825.3378 766.1005 114.4608 267.2826 140.9054 188.75 352.1441 1267.3106 298.6317 468.1925 271.0725 120.9774 335.0868 201.6041 272.6287 1280.5117;
	3.7371 50.4963 92.1484 115.8511 14.5693 32.0441 30.0691 18.0155 9.239 0.4839 0.8945 1.3344 2.0089 63.2607 197.411 74.3734 92.2781 97.7873 52.3027 62.4331 10.023 74.7696 16.2539 85.4746 102.3629 73.1662 13.5313 828.1374 834.5291 834.5291 739.0911 116.0808 174.3425 160.703 198.3307 356.0657 1223.5048 307.563 460.1646 274.1863 123.3485 355.476 200.336 276.4013 1236.2496;
	3.8035 51.3931 88.0158 110.3741 14.5131 32.0134 30.8 17.3396 20.1208 8.5662 15.8345 23.6219 35.5626 60.6009 187.9442 70.8069 87.853 93.098 55.2554 52.5458 10.2667 74.6978 21.3831 66.5797 83.5994 69.8302 12.8593 624.1449 843.3403 843.3403 785.0501 115.2167 184.1846 135.2529 189.9919 359.8252 1133.2677 286.906 467.3428 223.9269 120.3735 355.1348 201.8918 266.0932 1145.0726;
	3.7867 51.1664 86.6571 109.4077 14.369 28.1395 30.272 16.5483 27.4818 7.7043 14.2413 21.2452 31.9845 66.7584 193.2489 72.8054 90.3326 95.7256 37.1297 56.0945 10.0907 65.6589 0.22 60.7423 73.933 70.4698 12.5441 461.9041 817.9659 817.9659 754.7419 103.3621 123.7656 144.3874 209.2965 348.9988 972.4997 281.6142 460.9776 198.0348 119.7868 312.1609 197.4172 266.5982 982.6299;
	3.2002 43.2419 86.8382 110.2936 14.4823 27.2736 27.8239 17.1696 27.7263 18.2713 33.7742 50.3844 75.8535 65.357 188.6345 71.0669 88.1756 93.4399 47.0675 53.6383 9.2746 63.6385 31.1833 61.9685 86.8621 71.4545 11.6799 303.1686 810.3015 810.3015 691.9118 105.1944 156.8918 138.0652 204.903 345.7286 794.4929 257.0923 465.1279 232.6664 119.046 302.5556 171.7175 264.6882 802.7688;
	2.0819 28.1314 89.6618 111.8292 14.2317 18.0574 25.0886 18.063 28.3796 27.9322 51.6323 77.0252 115.961 66.8139 193.6845 72.9695 90.5362 95.9414 91.8002 64.9845 8.3629 42.134 61.1665 73.915 92.8731 71.1417 13.5069 305.5684 748.4001 748.4001 641.7652 106.0952 306.0006 167.2703 209.4707 319.3174 714.3019 245.22 452.8374 248.7672 120.7087 200.3169 172.6962 266.1715 721.7426;
	2.1384 28.895 89.4424 110.6837 14.5349 10.3641 24.3813 17.9843 28.4058 31.0822 57.4549 85.7115 129.0381 67.2472 199.5097 75.1641 93.2592 98.8269 91.5655 70.2377 8.1271 24.1829 75.1754 81.6327 97.0311 73.976 13.3818 320.5873 646.9082 646.9082 616.0746 100.9817 305.2182 180.792 210.829 276.0142 540.1969 216.4157 470.067 259.9047 119.5148 114.9726 141.6569 264.1488 545.8239;
	1.9295 26.0714 86.8045 103.9419 11.9264 0.0 20.5162 17.454 27.3701 30.3245 56.0544 83.6222 125.8927 63.0499 202.8591 76.426 94.8248 100.486 88.6303 72.7908 6.8387 0.0 74.1494 81.6052 95.7252 71.7663 13.4066 449.1114 488.2834 488.2834 419.7827 90.7591 295.4343 187.3638 197.6701 208.3343 423.4821 184.3672 448.741 256.4068 119.1674 0.0 112.792 242.9674 427.8934;
	2.4744 33.4346 86.1612 69.5286 12.9718 15.6496 15.1491 18.0538 21.8133 29.4574 54.4516 81.2311 122.2929 54.17 200.0542 75.3693 93.5137 99.0966 88.1002 72.2662 5.0497 36.5158 73.1345 84.3317 96.4465 73.9681 13.3867 502.1048 503.8777 503.8777 403.1287 54.3462 293.6672 186.0134 169.8303 214.9878 485.2338 168.5576 444.8264 258.339 118.4015 173.6065 75.167 256.5756 490.2883;
	1.492 20.1606 80.6894 38.1471 6.1391 19.5139 12.4073 17.8965 26.7539 28.7551 53.1534 79.2943 119.3772 47.5702 192.4864 72.5181 89.9762 95.3479 86.112 71.9108 4.1358 45.5324 74.9356 83.3984 87.3259 74.0029 13.3308 560.6202 527.3354 527.3354 382.695 33.8559 287.04 185.0985 149.1391 224.9964 546.8284 113.5529 176.1911 233.9086 118.6874 216.4739 87.2533 240.2998 552.5246;
	1.7611 23.7964 80.4638 43.1442 5.1704 19.8377 25.3411 18.1215 25.6801 14.2188 26.2832 39.2094 59.0295 55.9136 181.5972 68.4157 84.8861 89.954 72.7995 72.88 8.447 46.2879 53.6408 84.8723 90.255 73.6925 13.2138 628.5654 558.6251 558.6251 338.0622 31.0562 242.665 187.5934 175.2967 238.3467 710.0095 75.0593 403.0683 241.7544 120.1998 220.066 79.2577 213.583 717.4054;
