function windprofile = ex_wind_profilesh1
%EX_WIND_PROFILE_D  Example wind_load_nyiso profile data for deterministic unit commitment.
% 2022.03.12
% Andres F. Ramirez


%% define constants
[GEN_BUS, PG, QG, QMAX, QMIN, VG, MBASE, GEN_STATUS, PMAX, PMIN, ...
    MU_PMAX, MU_PMIN, MU_QMAX, MU_QMIN, PC1, PC2, QC1MIN, QC1MAX, ...
    QC2MIN, QC2MAX, RAMP_AGC, RAMP_10, RAMP_30, RAMP_Q, APF] = idx_gen;
[CT_LABEL, CT_PROB, CT_TABLE, CT_TBUS, CT_TGEN, CT_TBRCH, CT_TAREABUS, ...
    CT_TAREAGEN, CT_TAREABRCH, CT_ROW, CT_COL, CT_CHGTYPE, CT_REP, ...
    CT_REL, CT_ADD, CT_NEWVAL, CT_TLOAD, CT_TAREALOAD, CT_LOAD_ALL_PQ, ...
    CT_LOAD_FIX_PQ, CT_LOAD_DIS_PQ, CT_LOAD_ALL_P, CT_LOAD_FIX_P, ...
    CT_LOAD_DIS_P, CT_TGENCOST, CT_TAREAGENCOST, CT_MODCOST_F, ...
    CT_MODCOST_X] = idx_ct;

windprofile = struct( ...
    'type', 'mpcData', ...
    'table', CT_TGEN, ...
    'rows', [1:45], ...
    'col', PMAX, ...
    'chgtype', 1, ...
    'values', [] );
windprofile.values(:,1,:) = [
	3.7269 50.3584 81.3315 114.8938 14.5701 33.4454 29.9703 6.9478 26.9265 12.1674 22.4913 33.5526 50.5133 38.7804 175.3526 66.0631 81.9671 86.8607 84.8758 67.0815 9.9901 78.0393 30.3632 32.9379 38.3961 24.7522 4.6902 1230.2489 748.995 748.995 634.7177 74.6607 282.9192 172.6679 121.5817 319.5712 1163.1173 184.6265 433.4751 102.8468 110.2925 371.021 195.0151 106.904 1175.2331;
	3.224 43.5635 74.7536 47.4117 14.7471 27.6295 30.2433 6.6239 10.0197 13.2075 24.4139 36.4208 54.8313 38.0098 173.0315 65.1886 80.8822 85.711 86.0642 68.5702 10.0811 64.4688 25.8027 32.4513 31.6398 22.2277 4.9758 1230.8918 785.397 785.397 689.8129 73.777 286.8806 176.4999 119.166 335.1027 1224.4028 184.1493 450.1977 84.7494 108.9461 306.5032 212.1014 94.7191 1237.157;
	3.1262 42.2424 86.1254 48.8479 14.9344 22.9238 31.2705 6.1031 9.7474 14.1697 26.1924 39.074 58.8256 36.4411 192.5235 72.5321 89.9936 95.3663 89.3847 61.1551 10.4235 53.4888 28.3185 36.9072 29.0209 25.4532 5.5288 1232.7449 798.8382 798.8382 695.5107 93.7723 297.949 157.4135 114.2477 340.8376 1228.4427 190.6948 443.7361 77.7346 15.7043 254.3009 210.187 128.9129 1241.239;
	3.557 48.0629 83.3245 48.2107 14.8024 13.577 31.7868 7.302 11.2045 12.2108 22.5714 33.6721 50.6932 26.3452 193.1972 72.7859 90.3084 95.7 87.3209 63.9719 10.5956 31.6796 23.4236 34.3605 29.3993 27.4108 5.1137 1293.2568 807.5378 807.5378 699.8126 96.4909 291.0698 164.6638 82.5957 344.5495 1258.2005 222.8405 451.8134 78.7482 32.3323 150.6137 214.4307 119.1719 1271.3067;
	3.8558 52.1009 83.7842 45.2243 15.2882 21.1486 30.4031 7.5216 11.2143 11.1518 20.6139 30.7518 46.2967 27.667 183.0372 68.9582 85.5593 90.6673 87.6449 62.4982 10.1344 49.3467 0.2096 30.3746 38.8616 62.1445 5.39 1234.1439 806.853 806.853 751.0186 100.6514 292.1497 160.8707 86.7398 344.2573 1220.8247 234.4998 447.4999 104.0936 33.7073 234.6085 207.567 205.4225 1233.5417;
	3.8003 51.3509 94.2412 116.6832 15.0031 32.2401 30.0417 7.8683 3.0154 10.9639 20.2666 30.2337 45.5167 26.0193 187.9322 70.8024 87.8474 93.092 87.0487 58.8112 10.0139 75.227 0.3057 37.3792 58.3038 69.1091 5.4337 1177.0056 785.6457 785.6457 719.9278 107.5647 290.1624 151.3802 81.5739 335.2088 1153.4937 222.9243 446.4868 156.1708 66.4013 357.6506 208.8909 250.3034 1165.5092;
	3.8001 51.3479 93.3409 120.4954 14.932 33.2948 31.0264 11.88 10.4335 10.7832 19.9325 29.7354 44.7665 36.0274 196.5284 74.0409 91.8656 97.3501 71.0664 69.3585 10.3421 77.6878 24.4353 55.1332 103.2666 74.3745 11.5901 1134.1821 808.24 808.24 737.1937 115.242 236.8881 178.5289 112.9507 344.8491 1232.5055 263.9612 445.5765 276.6069 107.3847 369.3501 212.7633 272.6045 1245.3441;
	3.8361 51.8335 92.6558 120.2094 15.1929 33.5848 30.8563 18.8961 10.2706 10.3847 19.196 28.6366 43.1123 56.0297 193.9482 73.0689 90.6595 96.072 72.8411 57.3365 10.2854 78.3645 26.0596 61.7664 106.1784 74.1063 13.9764 1080.0639 789.4061 789.4061 749.2038 113.7341 242.8037 147.5842 175.6607 336.8133 1196.6357 292.7731 462.9638 284.4064 118.5751 372.5672 211.7262 265.5843 1209.1007;
	3.7933 51.2557 92.4971 116.575 15.2212 32.9295 30.5564 18.2973 9.8404 11.663 21.5589 32.1617 48.4193 62.6641 192.5508 72.5424 90.0063 95.3798 46.1452 62.0979 10.1855 76.8355 29.2706 88.5148 105.2094 72.8731 13.6443 789.4719 811.5033 811.5033 754.3742 111.8516 153.8174 159.8403 196.4603 346.2414 1158.1434 307.9343 472.1391 281.8109 116.6805 365.2978 215.8453 261.4457 1170.2074;
	3.9136 52.8811 92.7381 118.4272 15.4131 34.9088 30.6256 18.2949 20.2637 10.9022 20.1526 30.0637 45.2607 61.3067 184.3036 69.4353 86.1512 91.2946 50.5174 54.0865 10.2085 81.4538 25.246 88.1382 101.5876 71.657 13.4426 585.6905 833.805 833.805 773.0238 102.873 168.3914 139.2187 192.2047 355.7568 1075.1418 269.0551 451.9468 272.1097 113.8428 387.2545 217.6062 268.0875 1086.3412;
	3.8944 52.6224 92.5435 117.2836 15.3912 34.8572 31.5852 18.8552 27.7577 16.1822 29.9126 44.6237 67.1808 67.1697 192.1401 72.3877 89.8143 95.1764 35.062 63.05 10.5284 81.3335 27.0826 86.5431 101.8617 72.0097 13.9407 450.5618 814.7854 814.7854 744.2546 91.8151 116.8735 162.2908 210.586 347.6418 954.4659 267.9226 455.2072 272.8439 115.9131 386.6825 216.4194 262.0626 964.4082;
	3.4951 47.2267 91.9654 116.6175 15.389 32.9267 29.6136 18.7593 27.4506 18.4049 34.0211 50.7529 76.4082 66.3028 186.3902 70.2214 87.1266 92.3282 35.8767 61.6246 9.8712 76.8291 32.2597 88.2401 103.7205 73.5988 13.4224 323.3131 791.7553 791.7553 724.2925 97.8416 119.589 158.622 207.8683 337.8156 799.0236 251.9891 440.2132 277.8227 115.6907 365.2674 199.2741 264.0969 807.3468;
	2.3197 31.3443 91.7348 117.6417 15.2917 21.0792 26.5886 18.5147 26.8624 25.0622 46.327 69.1108 104.046 65.235 185.5539 69.9064 86.7357 91.9139 86.1442 62.9912 8.8629 49.1848 53.3075 85.942 101.1597 71.4578 13.7087 319.631 728.9242 728.9242 661.7225 105.3918 287.1473 162.1394 204.5204 311.0077 690.8169 239.9592 429.2177 270.9636 118.7569 233.8386 182.8037 272.774 698.0129;
	2.3838 32.2107 92.0437 118.2148 15.1171 12.9633 25.6797 18.3086 27.0897 29.8407 55.1601 82.288 123.8841 66.2841 192.464 72.5097 89.9657 95.3368 87.1714 68.8782 8.5599 30.2478 72.8203 88.7397 103.069 72.5505 13.4411 319.3923 608.6258 608.6258 613.678 97.2753 290.5713 177.2928 207.8095 259.6803 495.9875 212.817 434.6018 276.0776 123.2489 143.8067 145.2582 261.8198 501.154;
	2.3862 32.2431 90.6081 118.643 13.5554 5.9979 20.4601 18.0013 26.1841 28.4213 52.5363 78.3738 117.9913 66.4191 196.2108 73.9213 91.7172 97.1928 85.8918 70.8834 6.82 13.9952 72.5883 87.4038 101.5491 71.1029 13.6083 460.8781 480.6471 480.6471 435.6408 87.9892 286.3058 182.4541 208.233 205.0761 425.8543 182.6146 418.1042 272.0064 122.06 66.5371 127.0452 248.9039 430.2903;
	3.4928 47.1951 89.2738 89.9962 14.8742 26.5766 15.6971 18.4784 18.442 28.3002 52.3124 78.0398 117.4885 60.2209 189.941 71.5592 88.7864 94.0871 79.6019 69.3014 5.2324 62.0121 72.1746 89.6555 104.3442 72.1449 13.592 486.2974 494.3562 494.3562 406.2366 42.8624 265.3395 178.3821 188.8005 210.9253 475.3712 151.9177 424.4737 279.4934 122.1324 294.8231 88.7801 261.3042 480.323;
	3.2885 44.4343 90.03 64.9687 14.7258 32.7564 13.6927 18.6849 25.5929 26.178 48.3896 72.1878 108.6784 61.2903 189.0922 71.2394 88.3896 93.6666 84.3252 69.8039 4.5642 76.4316 71.1605 89.4739 104.7735 73.1889 13.7552 565.8488 559.5322 559.5322 439.4156 31.4962 281.0839 179.6753 192.1535 238.7338 585.7777 121.1757 151.771 280.6432 121.1202 363.3776 117.4669 264.355 591.8796;
	3.7286 50.3815 89.7261 64.001 14.7949 33.0356 27.1868 18.3395 25.9165 13.9804 25.8425 38.5519 58.0397 66.0072 183.8719 69.2727 85.9494 91.0807 64.1246 71.9649 9.0623 77.0831 55.954 88.1208 103.1386 70.9028 13.3478 685.6142 591.818 591.818 404.6362 31.1782 213.7487 185.2377 206.9416 252.509 780.5949 83.3467 387.596 276.2641 120.2623 366.4749 126.5019 256.774 788.7261;
