function solarprofile = ex_solar_profilesh1
%EX_WIND_PROFILE_D  Example wind_load_nyiso profile data for deterministic unit commitment.
% 2022.03.12
% Andres F. Ramirez


%% define constants
[GEN_BUS, PG, QG, QMAX, QMIN, VG, MBASE, GEN_STATUS, PMAX, PMIN, ...
    MU_PMAX, MU_PMIN, MU_QMAX, MU_QMIN, PC1, PC2, QC1MIN, QC1MAX, ...
    QC2MIN, QC2MAX, RAMP_AGC, RAMP_10, RAMP_30, RAMP_Q, APF] = idx_gen;
[CT_LABEL, CT_PROB, CT_TABLE, CT_TBUS, CT_TGEN, CT_TBRCH, CT_TAREABUS, ...
    CT_TAREAGEN, CT_TAREABRCH, CT_ROW, CT_COL, CT_CHGTYPE, CT_REP, ...
    CT_REL, CT_ADD, CT_NEWVAL, CT_TLOAD, CT_TAREALOAD, CT_LOAD_ALL_PQ, ...
    CT_LOAD_FIX_PQ, CT_LOAD_DIS_PQ, CT_LOAD_ALL_P, CT_LOAD_FIX_P, ...
    CT_LOAD_DIS_P, CT_TGENCOST, CT_TAREAGENCOST, CT_MODCOST_F, ...
    CT_MODCOST_X] = idx_ct;

solarprofile = struct( ...
    'type', 'mpcData', ...
    'table', CT_TGEN, ...
    'rows', [1:12], ...
    'col', PMAX, ...
    'chgtype', 1, ...
    'values', [] );
solarprofile.values(:,1,:) = [
	0.0 0.0 0.0 0.0 0.0 0.0 0.0 0.0 0.0 0.0 0.0 0.0;
	0.0 0.0 0.0 0.0 0.0 0.0 0.0 0.0 0.0 0.0 0.0 0.0;
	0.0 0.0 0.0 0.0 0.0 0.0 0.0 0.0 0.0 0.0 0.0 0.0;
	0.0 0.0 0.0 0.0 0.0 0.0 0.0 0.0 0.0 0.0 0.0 0.0;
	0.0 0.0 0.0 0.0 0.0 0.0 0.0 0.0 0.0 0.0 0.0 0.0;
	0.0 0.0 0.0 0.0 0.0 0.0 0.0 0.0 0.0 0.0 0.0 0.0;
	0.0 0.2418 0.1431 5.6165 0.4247 0.0 0.0 0.0358 0.0 16.8708 10.0453 30.5532;
	1.2434 1.5172 0.9929 8.8095 3.0829 22.3019 2.7877 5.4344 0.0 108.9521 23.8759 197.3129;
	2.3052 2.7665 1.8884 7.2476 4.7161 54.9361 6.867 16.2417 13.345 131.6297 30.1747 238.3821;
	2.945 3.3335 2.5622 3.0392 5.0126 103.6693 12.9587 22.3741 78.5207 134.8776 37.2779 244.2642;
	2.3005 2.3052 1.9153 3.5282 5.9449 104.7446 13.0931 19.0948 101.2088 205.5463 43.7603 372.2456;
	1.4837 1.8578 0.9371 4.9585 7.0484 98.601 12.3251 14.3932 104.0816 267.3523 60.3934 484.1767;
	1.8619 1.8729 0.6397 7.4054 8.1309 118.6257 14.8282 20.6957 70.2432 318.3393 196.2519 576.5143;
	2.2252 1.9602 0.954 5.6443 7.1315 84.7549 10.5944 17.9281 47.0156 218.431 156.9907 395.5798;
	1.9465 1.4853 0.9941 2.2519 5.1929 67.7913 8.4739 16.6192 28.2214 104.273 85.9489 188.839;
	1.4737 0.9021 1.0276 0.4398 1.4452 55.21 6.9013 14.3293 14.6746 35.6145 18.1394 64.4981;
	0.3019 0.2272 0.1521 0.4093 1.2893 38.2156 4.7769 8.4005 26.1894 23.7867 9.6083 43.0779;
	0.0 0.0 0.0 0.0 0.0 0.0 0.0 0.0 0.0 0.0 0.0 0.0;
	0.0 0.0 0.0 0.0 0.0 0.0 0.0 0.0 0.0 0.0 0.0 0.0;
	0.0 0.0 0.0 0.0 0.0 0.0 0.0 0.0 0.0 0.0 0.0 0.0;
	0.0 0.0 0.0 0.0 0.0 0.0 0.0 0.0 0.0 0.0 0.0 0.0;
	0.0 0.0 0.0 0.0 0.0 0.0 0.0 0.0 0.0 0.0 0.0 0.0;
	0.0 0.0 0.0 0.0 0.0 0.0 0.0 0.0 0.0 0.0 0.0 0.0;
	0.0 0.0 0.0 0.0 0.0 0.0 0.0 0.0 0.0 0.0 0.0 0.0;
];
