function solarprofile = ex_solar_profilesh1
%EX_WIND_PROFILE_D  Example wind_load_nyiso profile data for deterministic unit commitment.
% 2022.03.12
% Andres F. Ramirez


%% define constants
[GEN_BUS, PG, QG, QMAX, QMIN, VG, MBASE, GEN_STATUS, PMAX, PMIN, ...
    MU_PMAX, MU_PMIN, MU_QMAX, MU_QMIN, PC1, PC2, QC1MIN, QC1MAX, ...
    QC2MIN, QC2MAX, RAMP_AGC, RAMP_10, RAMP_30, RAMP_Q, APF] = idx_gen;
[CT_LABEL, CT_PROB, CT_TABLE, CT_TBUS, CT_TGEN, CT_TBRCH, CT_TAREABUS, ...
    CT_TAREAGEN, CT_TAREABRCH, CT_ROW, CT_COL, CT_CHGTYPE, CT_REP, ...
    CT_REL, CT_ADD, CT_NEWVAL, CT_TLOAD, CT_TAREALOAD, CT_LOAD_ALL_PQ, ...
    CT_LOAD_FIX_PQ, CT_LOAD_DIS_PQ, CT_LOAD_ALL_P, CT_LOAD_FIX_P, ...
    CT_LOAD_DIS_P, CT_TGENCOST, CT_TAREAGENCOST, CT_MODCOST_F, ...
    CT_MODCOST_X] = idx_ct;

solarprofile = struct( ...
    'type', 'mpcData', ...
    'table', CT_TGEN, ...
    'rows', [1:12], ...
    'col', PMAX, ...
    'chgtype', 1, ...
    'values', [] );
solarprofile.values(:,1,:) = [
	0.0 0.0 0.0 0.0 0.0 0.0 0.0 0.0 0.0 0.0 0.0 0.0;
	0.0 0.0 0.0 0.0 0.0 0.0 0.0 0.0 0.0 0.0 0.0 0.0;
	0.0 0.0 0.0 0.0 0.0 0.0 0.0 0.0 0.0 0.0 0.0 0.0;
	0.0 0.0 0.0 0.0 0.0 0.0 0.0 0.0 0.0 0.0 0.0 0.0;
	0.0 0.0 0.0 0.0 0.0 0.0 0.0 0.0 0.0 0.0 0.0 0.0;
	0.0 0.0 0.0 0.0 0.0 0.0 0.0 0.0 0.0 0.0 0.0 0.0;
	0.4663 2.9386 0.6985 0.687 0.9163 6.1031 0.7629 5.0885 0.0 11.0508 4.0702 20.013;
	0.3351 1.0735 0.7437 0.7553 2.4684 14.2831 1.7854 3.9316 7.0735 8.3646 8.9461 15.1484;
	0.3294 0.9066 0.8262 0.8388 3.9987 23.8539 2.9817 5.6218 18.4974 12.8652 19.0085 23.2989;
	2.1821 2.2596 1.9371 2.352 7.706 69.478 8.6848 13.448 104.9026 15.7027 32.8125 28.4378;
	2.7653 3.0774 2.1926 4.1794 9.875 77.3809 9.6726 13.2232 119.7102 35.8581 41.5417 64.9392;
	2.8893 3.0786 2.1523 6.4546 10.6649 76.2342 9.5293 9.0557 120.4127 62.5609 46.64 113.2982;
	3.6998 3.0118 1.8313 10.7352 8.1643 133.7479 16.7185 12.9223 148.2446 119.9879 56.6717 217.2988;
	3.144 2.4288 1.6852 10.2445 5.6087 105.4386 13.1798 10.4574 134.5625 84.6822 45.7587 153.36;
	2.3827 1.9285 1.4293 8.0245 3.4733 78.9704 9.8713 10.8435 121.0108 51.7906 30.4697 93.7932;
	1.5326 1.4005 1.2377 1.0931 0.6663 30.4863 3.8108 9.1813 67.759 8.5747 16.7102 15.5289;
	0.2415 0.2189 0.1471 0.3793 0.5589 28.517 3.5646 6.7172 27.6921 17.5258 10.8182 31.7393;
	0.0 0.0 0.0 0.0 0.0 0.0 0.0 0.0 0.0 0.0 0.0 0.0;
	0.0 0.0 0.0 0.0 0.0 0.0 0.0 0.0 0.0 0.0 0.0 0.0;
	0.0 0.0 0.0 0.0 0.0 0.0 0.0 0.0 0.0 0.0 0.0 0.0;
	0.0 0.0 0.0 0.0 0.0 0.0 0.0 0.0 0.0 0.0 0.0 0.0;
	0.0 0.0 0.0 0.0 0.0 0.0 0.0 0.0 0.0 0.0 0.0 0.0;
	0.0 0.0 0.0 0.0 0.0 0.0 0.0 0.0 0.0 0.0 0.0 0.0;
	0.0 0.0 0.0 0.0 0.0 0.0 0.0 0.0 0.0 0.0 0.0 0.0;
];
