function windprofile = ex_wind_profilesh1
%EX_WIND_PROFILE_D  Example wind_load_nyiso profile data for deterministic unit commitment.
% 2022.03.12
% Andres F. Ramirez


%% define constants
[GEN_BUS, PG, QG, QMAX, QMIN, VG, MBASE, GEN_STATUS, PMAX, PMIN, ...
    MU_PMAX, MU_PMIN, MU_QMAX, MU_QMIN, PC1, PC2, QC1MIN, QC1MAX, ...
    QC2MIN, QC2MAX, RAMP_AGC, RAMP_10, RAMP_30, RAMP_Q, APF] = idx_gen;
[CT_LABEL, CT_PROB, CT_TABLE, CT_TBUS, CT_TGEN, CT_TBRCH, CT_TAREABUS, ...
    CT_TAREAGEN, CT_TAREABRCH, CT_ROW, CT_COL, CT_CHGTYPE, CT_REP, ...
    CT_REL, CT_ADD, CT_NEWVAL, CT_TLOAD, CT_TAREALOAD, CT_LOAD_ALL_PQ, ...
    CT_LOAD_FIX_PQ, CT_LOAD_DIS_PQ, CT_LOAD_ALL_P, CT_LOAD_FIX_P, ...
    CT_LOAD_DIS_P, CT_TGENCOST, CT_TAREAGENCOST, CT_MODCOST_F, ...
    CT_MODCOST_X] = idx_ct;

windprofile = struct( ...
    'type', 'mpcData', ...
    'table', CT_TGEN, ...
    'rows', [1:45], ...
    'col', PMAX, ...
    'chgtype', 1, ...
    'values', [] );
windprofile.values(:,1,:) = [
	3.7695 50.9341 83.9612 112.3158 15.316 35.9953 30.6209 7.6245 28.1494 13.7341 25.3874 37.8729 57.0175 40.5862 194.0217 73.0966 90.6939 96.1084 90.9879 73.2602 10.207 83.9891 34.0546 39.9167 47.9971 26.8868 4.8611 1260.9702 837.597 837.597 647.4399 83.5884 303.293 188.5719 127.2433 357.3747 1229.8111 186.7841 472.9729 128.5636 122.2372 399.3084 208.447 122.6014 1242.6217;
	3.1541 42.6194 77.3879 43.1068 15.3363 29.1224 29.9673 6.8747 10.757 14.6143 27.0143 40.3 60.6714 39.7457 193.5036 72.9014 90.4517 95.8518 92.0388 72.6138 9.9891 67.9523 28.8632 39.9052 43.8239 26.7469 5.0225 1279.6717 821.8871 821.8871 666.0564 76.851 306.7959 186.9082 124.6081 350.6718 1248.616 183.2711 465.9995 117.3855 122.2065 323.0646 209.3165 110.1317 1261.6224;
	3.218 43.4821 87.614 42.394 15.2839 25.0973 30.8474 4.7466 11.2875 14.9059 27.5533 41.1041 61.8821 40.5582 200.7997 75.6501 93.8622 99.4659 91.0483 69.6111 10.2825 58.5603 29.8353 38.2841 35.5538 24.8396 5.0445 1269.0055 834.233 834.233 722.4703 94.1316 303.4942 179.179 127.1554 355.9394 1262.1717 197.9896 477.3461 95.2333 36.6716 278.4125 214.6613 132.7161 1275.3193;
	3.4509 46.6292 83.0284 39.8836 15.0398 14.0211 31.8226 6.3547 12.348 13.7991 25.5074 38.052 57.2871 26.7136 199.0223 74.9805 93.0313 98.5854 91.3004 69.07 10.6075 32.7159 28.5695 35.2676 31.0424 29.897 4.3472 1298.6793 826.8892 826.8892 739.6469 93.0558 304.3348 177.7863 83.7506 352.8061 1262.444 208.262 477.1401 83.1493 39.4552 155.5405 208.1838 115.4315 1275.5944;
	3.7397 50.5317 81.047 33.0644 15.0096 22.6949 31.691 6.477 12.8735 12.82 23.6976 35.3521 53.2224 29.2496 176.3352 66.4333 82.4265 87.3474 91.3806 67.3533 10.5637 52.9548 5.0732 27.28 36.7358 59.967 4.3601 1214.3265 823.999 823.999 770.2557 99.2727 304.6019 173.3676 91.7016 351.5729 1240.7286 225.9953 472.1406 98.3995 39.4121 251.7623 210.9844 195.8145 1253.6528;
	3.6975 49.9615 91.749 104.0324 14.9299 33.7581 30.895 6.7949 11.6638 12.1482 22.4558 33.4996 50.4335 26.7538 190.5638 71.7938 89.0775 94.3956 92.8144 68.8597 10.2983 78.769 0.9734 24.4957 47.7577 65.7406 4.805 1200.3013 804.4423 804.4423 752.8812 108.6887 309.3815 177.245 83.8766 343.2287 1217.1148 225.8122 452.4308 127.9224 71.3256 374.4902 209.8586 232.2041 1229.793;
	3.7806 51.0843 92.1815 116.4664 14.804 35.1945 30.8847 11.0096 10.8166 12.7194 23.5115 35.0746 52.8046 39.6341 199.4733 75.1504 93.2422 98.8089 88.6032 73.4399 10.2949 82.1204 24.6474 50.2451 99.1129 73.3178 10.0891 1229.7333 835.3995 835.3995 769.9582 118.8152 295.3441 189.0344 124.2583 356.4371 1301.0744 283.3255 446.8462 265.4809 110.2898 390.4238 215.3847 275.3514 1314.6272;
	3.717 50.2248 90.887 117.0469 14.7721 35.1181 31.9828 18.8245 12.5692 12.02 22.2188 33.1461 49.9013 64.8792 198.0343 74.6083 92.5695 98.096 88.938 62.2218 10.6609 81.9421 25.0719 56.756 104.5073 73.989 13.597 1156.2954 812.4357 812.4357 753.1701 119.3899 296.4601 160.1591 203.4051 346.6392 1285.2213 294.9815 463.2859 279.9303 116.8529 389.5763 210.6255 277.5214 1298.6091;
	3.6661 49.5372 90.6737 112.9074 14.6165 34.1715 30.6119 18.4817 9.314 12.5997 23.2903 34.7445 52.3077 65.634 200.3912 75.4962 93.6712 99.2636 59.3628 66.7601 10.204 79.7334 30.0033 86.2573 103.8951 73.3482 13.406 799.4857 813.0567 813.0567 756.0107 115.1279 197.876 171.8406 205.7714 346.9042 1209.8254 281.7231 456.6663 278.2905 117.9921 379.0756 212.6972 262.8024 1222.4278;
	3.6554 49.393 88.1205 115.8603 14.7954 34.0469 29.8448 18.1536 19.5435 12.0454 22.2658 33.2162 50.0068 61.5234 198.9248 74.9438 92.9858 98.5372 62.2171 63.5916 9.9483 79.4428 28.2194 87.2369 101.0322 70.9685 12.8662 579.354 790.1696 790.1696 682.6159 106.9448 207.3904 163.6851 192.8842 337.139 1032.0835 249.2777 448.4495 270.622 113.8336 377.6937 203.7007 253.2777 1042.8343;
	3.6294 49.0414 91.6943 117.6088 14.4198 33.6164 30.8356 18.4574 26.4789 17.8898 33.069 49.3325 74.2698 69.2342 206.0424 77.6253 96.3129 102.0629 51.7723 71.7258 10.2785 78.4383 30.3537 84.1989 99.8145 71.2205 13.59 426.1029 776.8741 776.8741 712.9631 102.5352 172.5743 184.6224 217.0587 331.4663 898.0303 256.3646 451.2583 267.3604 117.8887 372.918 203.1222 257.632 907.3848;
	3.3476 45.2338 93.5701 116.7754 14.5663 32.764 29.6053 18.2028 27.2021 21.0869 38.9788 58.1487 87.5426 67.5963 200.7439 75.6291 93.8361 99.4382 58.8303 68.6075 9.8684 76.4493 39.1647 84.0099 99.5048 73.9848 13.2392 327.2553 783.5179 783.5179 717.5831 108.4677 196.101 176.5958 211.9235 334.301 780.7344 258.9164 454.9007 266.5306 120.4724 363.4616 197.0068 264.2532 788.8671;
	2.0845 28.1663 92.6197 112.1065 14.1592 21.33 24.4614 18.6553 27.1554 28.4909 52.6651 78.5659 118.2806 65.6227 199.7022 75.2366 93.3492 98.9222 92.9862 67.9059 8.1538 49.77 62.7259 85.1757 98.6897 74.7404 13.9318 335.6887 675.2605 675.2605 606.4729 108.4498 309.9542 174.79 205.7359 288.1111 675.6657 229.0683 432.5393 264.3475 122.4371 236.6207 171.8432 268.656 682.7039;
	1.994 26.9429 88.884 111.2192 14.3165 11.1484 24.7298 18.0082 26.9575 30.9589 57.2271 85.3715 128.5264 64.7081 202.0451 76.1193 94.4443 100.0828 91.8351 70.2882 8.2433 26.0129 75.2512 83.6118 96.7094 73.5767 13.3841 310.2081 577.1952 577.1952 587.9717 100.8761 306.1171 180.922 202.8685 246.27 487.2252 208.7743 449.2963 259.043 120.4812 123.6728 115.9199 257.5156 492.3005;
	2.1747 29.3856 89.5103 114.5971 12.1354 2.7582 20.7843 17.9503 26.4453 29.6963 54.8932 81.8898 123.2847 63.265 203.7001 76.7428 95.218 100.9026 91.1881 71.2811 6.9281 6.4358 75.0811 83.7743 96.6805 72.8169 13.663 472.0282 484.866 484.866 429.3395 88.7836 303.9605 183.4777 198.3442 206.8762 435.9114 187.0717 443.7168 258.9657 120.2262 30.5976 105.5985 240.7721 440.4521;
	3.329 44.9822 92.0521 85.9596 14.5884 26.478 15.6764 18.3258 22.5958 30.0775 55.5978 82.941 124.8672 56.2513 194.9038 73.4289 91.1062 96.5454 90.6502 71.2065 5.2255 61.782 75.0336 86.112 99.0626 74.7015 13.6688 536.0413 506.6617 506.6617 406.2501 48.8771 302.1672 183.2858 176.3553 216.1756 481.5528 164.3631 442.3603 265.3462 120.9461 293.7295 80.6979 265.1739 486.569;
	3.0975 41.8546 89.2413 63.4717 14.3117 32.185 12.6744 18.4616 26.5628 28.4452 52.5806 78.4399 118.0908 56.4048 188.8257 71.139 88.265 93.5346 87.1111 69.9952 4.2248 75.0982 74.8354 85.0266 102.7345 74.9927 13.7084 601.0461 564.2478 564.2478 435.4094 32.2344 290.3702 180.1677 176.8365 240.7457 572.1096 120.0731 160.9325 275.1818 122.0473 357.0385 101.5527 269.8722 578.0691;
	3.6613 49.4716 87.8985 58.2762 13.9896 32.7545 27.1944 18.0567 27.0057 12.6173 23.3228 34.793 52.3807 63.2394 176.3274 66.4303 82.4228 87.3436 71.7885 69.5184 9.0648 76.4272 51.3088 77.7335 99.5155 71.6642 13.3501 688.6379 584.8728 584.8728 406.6985 28.7739 239.295 178.9404 198.264 249.5457 717.7775 83.5789 408.2876 266.5595 121.3204 363.3569 114.5331 266.9335 725.2543;
