function windprofile = ex_wind_profilesh1
%EX_WIND_PROFILE_D  Example wind_load_nyiso profile data for deterministic unit commitment.
% 2022.03.12
% Andres F. Ramirez


%% define constants
[GEN_BUS, PG, QG, QMAX, QMIN, VG, MBASE, GEN_STATUS, PMAX, PMIN, ...
    MU_PMAX, MU_PMIN, MU_QMAX, MU_QMIN, PC1, PC2, QC1MIN, QC1MAX, ...
    QC2MIN, QC2MAX, RAMP_AGC, RAMP_10, RAMP_30, RAMP_Q, APF] = idx_gen;
[CT_LABEL, CT_PROB, CT_TABLE, CT_TBUS, CT_TGEN, CT_TBRCH, CT_TAREABUS, ...
    CT_TAREAGEN, CT_TAREABRCH, CT_ROW, CT_COL, CT_CHGTYPE, CT_REP, ...
    CT_REL, CT_ADD, CT_NEWVAL, CT_TLOAD, CT_TAREALOAD, CT_LOAD_ALL_PQ, ...
    CT_LOAD_FIX_PQ, CT_LOAD_DIS_PQ, CT_LOAD_ALL_P, CT_LOAD_FIX_P, ...
    CT_LOAD_DIS_P, CT_TGENCOST, CT_TAREAGENCOST, CT_MODCOST_F, ...
    CT_MODCOST_X] = idx_ct;

windprofile = struct( ...
    'type', 'mpcData', ...
    'table', CT_TGEN, ...
    'rows', [1:45], ...
    'col', PMAX, ...
    'chgtype', 1, ...
    'values', [] );
windprofile.values(:,1,:) = [
	3.9451 53.3068 88.5616 117.6366 15.1837 36.012 30.3618 7.7601 27.7431 12.2346 22.6154 33.7377 50.792 42.9851 164.6208 62.0199 76.9506 81.5447 83.7046 66.9542 10.1206 84.028 28.7951 42.8797 52.0297 26.4326 4.7233 1259.7698 774.5243 774.5243 586.4823 79.9217 279.0153 172.3403 134.7641 330.4637 1202.1994 202.106 460.5405 139.3653 120.0154 399.4931 215.3616 121.9006 1214.7223;
	3.4862 47.1062 81.6026 46.4213 15.1842 28.9749 29.8154 7.6136 10.6084 13.5875 25.1162 37.4685 56.4086 39.1282 179.5896 67.6593 83.9477 88.9595 84.5488 68.4538 9.9385 67.608 27.5566 37.9075 40.6326 26.6662 4.6337 1282.4232 809.4555 809.4555 634.2996 70.4068 281.8292 176.2001 122.6722 345.3677 1280.5693 194.6111 468.1536 108.8372 120.9354 321.428 215.046 97.8854 1293.9085;
	3.2485 43.8938 89.7367 46.0875 14.6804 22.739 29.7875 6.912 8.9567 13.1597 24.3256 36.289 54.6329 39.5619 188.0183 70.8348 87.8876 93.1346 86.8341 62.2799 9.9292 53.0577 27.825 39.1972 38.7116 25.9976 5.1227 1259.7877 819.4146 819.4146 663.1968 84.3041 289.4469 160.3086 124.032 349.6169 1258.6674 194.0955 456.4426 103.6918 34.8546 252.2516 203.1981 128.1574 1271.7785;
	3.633 49.0901 87.9283 51.3457 14.3377 14.2666 29.6572 7.8097 11.0398 12.8363 23.7276 35.3969 53.2899 28.7449 187.8317 70.7645 87.8004 93.0422 84.724 62.7572 9.8857 33.2888 29.4124 39.1905 39.7613 29.8017 5.3515 1280.479 822.4128 822.4128 629.7542 89.0116 282.4133 161.5372 90.1192 350.8961 1276.5331 210.0123 464.4517 106.5034 39.6997 158.2644 206.6856 111.7663 1289.8303;
	3.8428 51.9247 85.2437 43.3501 14.6603 21.2878 30.2887 7.4631 11.5471 11.2316 20.7614 30.972 46.6281 33.6688 169.191 63.7417 79.087 83.8086 85.8492 66.7254 10.0962 49.6716 4.0529 29.0242 39.4618 58.8972 5.4392 1207.9311 814.4386 814.4386 650.4899 84.5485 286.1641 171.7514 105.5561 347.4938 1235.6204 212.8917 471.9059 105.7013 37.457 236.1528 200.1491 184.5018 1248.4915;
	3.8213 51.6339 94.8895 116.5762 15.0207 32.9069 29.7332 7.4907 11.3304 12.28 22.6994 33.8631 50.9807 25.4793 177.2764 66.7879 82.8664 87.8137 88.6724 65.4562 9.9111 76.7827 1.8774 34.0622 56.7104 66.9073 5.5524 1137.4451 789.6797 789.6797 681.9266 101.0446 295.5747 168.4845 79.881 336.93 1180.7487 212.5553 455.9597 151.9028 77.2745 365.0467 203.0852 241.8213 1193.0482;
	3.9569 53.4664 94.1832 119.4275 15.1861 34.715 29.6361 11.5317 10.1977 11.7122 21.6498 32.2972 48.6232 35.0641 187.6697 70.7035 87.7247 92.962 74.5453 67.3047 9.8787 81.0017 22.2592 51.762 103.5474 74.0638 11.6807 1109.8863 798.8512 798.8512 680.0669 102.287 248.4843 173.2425 109.9306 340.8432 1220.6473 240.9838 441.3167 277.359 118.2199 385.1053 215.2012 276.758 1233.3624;
	3.9126 52.8679 94.5963 119.606 14.8329 34.9785 30.0423 18.5316 10.3412 10.5906 19.5766 29.2045 43.9672 58.4572 184.0904 69.355 86.0515 91.189 75.3795 58.3655 10.0141 81.6165 21.9201 60.6464 104.882 73.6547 14.0142 1000.2198 800.9611 800.9611 734.3187 108.6499 251.2649 150.2331 183.2713 341.7434 1158.0408 272.4395 455.308 280.9339 123.6823 388.0279 216.5224 281.2365 1170.1037;
	3.8776 52.3945 94.5719 119.7715 14.9469 35.0624 29.836 17.6395 10.0492 10.9142 20.1747 30.0967 45.3105 62.5739 189.0437 71.2211 88.367 93.6426 48.383 63.2834 9.9453 81.8122 19.5763 88.1604 104.1972 72.9233 13.5171 800.6362 834.1048 834.1048 748.5793 109.172 161.2766 162.8917 196.1776 355.8847 1192.1778 292.0109 453.3363 279.0997 123.5717 388.9587 218.7761 278.6625 1204.5963;
	3.8582 52.1332 94.4687 118.4057 14.7877 34.7182 29.855 17.8584 19.5229 11.0386 20.4046 30.4397 45.8268 52.4231 177.3705 66.8233 82.9104 87.8603 51.8906 59.1263 9.9517 81.0092 16.654 88.7112 101.9443 72.9721 13.5898 610.2282 824.6922 824.6922 746.2829 107.6947 172.9686 152.1912 164.3536 351.8687 1061.2453 275.1123 444.5542 273.065 123.6273 385.1409 215.8783 271.1667 1072.3;
	3.9144 52.8924 95.0134 116.279 15.2394 34.4293 31.114 17.6716 27.5259 16.2444 30.0276 44.7953 67.4391 66.7605 195.7975 73.7656 91.5239 96.988 41.2475 67.1381 10.3713 80.3351 3.8268 87.6795 99.6081 71.8176 13.422 447.2735 811.3888 811.3888 729.0145 100.8754 137.4918 172.8137 209.3031 346.1926 941.6881 270.0312 447.4566 266.8073 123.8397 381.9361 215.5714 267.5807 951.4973;
	3.4567 46.7075 91.7358 111.2961 14.7905 32.642 30.1371 17.5492 27.0902 18.0276 33.3237 49.7124 74.8417 64.3022 189.6874 71.4636 88.6678 93.9614 53.6359 62.8854 10.0457 76.1647 6.5655 82.1332 95.4078 72.5566 13.1956 315.1669 775.7443 775.7443 665.8077 105.6862 178.7863 161.8671 201.5961 330.9843 761.4437 246.6287 447.1991 255.5566 123.4785 362.1086 203.6519 262.7536 769.3754;
	2.1821 29.4847 91.5089 110.206 14.3773 21.0254 26.6819 18.487 26.7483 27.0986 50.0913 74.7264 112.5002 65.0803 195.0819 73.496 91.1895 96.6336 92.8042 68.0407 8.894 49.0594 55.0168 82.6812 98.3399 73.2534 14.0049 276.2754 697.2057 697.2057 621.5081 107.7286 309.3473 175.137 204.0356 297.4744 662.6411 235.7915 435.6215 263.4105 123.8376 233.2423 180.089 269.3954 669.5436;
	2.2947 31.007 88.8577 107.9904 14.3166 11.9712 25.9291 18.1622 26.6096 30.1199 55.6763 83.058 125.0434 65.9091 197.2587 74.3161 92.207 97.7119 92.1698 69.45 8.643 27.9328 71.086 82.4952 97.8146 72.4889 13.9828 270.8152 601.1079 601.1079 589.7352 100.746 307.2325 178.7645 206.6338 256.4727 483.0993 218.4013 446.6167 262.0035 123.551 132.8005 145.9442 256.6264 488.1316;
	2.1097 28.5069 91.7746 111.1512 13.3656 0.1174 22.6846 18.6148 27.4867 28.8961 53.4139 79.6831 119.9624 63.8614 204.0842 76.8875 95.3975 101.0929 91.0717 73.4417 7.5615 0.2738 69.4548 84.5224 99.6523 72.1102 14.1101 408.4594 481.4256 481.4256 418.9488 90.6745 303.5724 189.0391 200.214 205.4082 430.5564 190.9032 451.1664 266.9258 123.4273 1.3019 120.3932 258.1688 435.0414;
	3.3074 44.6904 92.7248 86.1534 14.7918 27.2371 15.9337 18.9603 23.3503 28.7781 53.1959 79.3578 119.4728 57.497 200.2999 75.4618 93.6286 99.2183 91.641 71.7266 5.3112 63.5533 69.0783 87.371 100.8723 74.2786 14.1462 438.5479 491.2498 491.2498 387.9003 47.7815 305.47 184.6245 180.2608 209.5999 451.0989 169.9506 449.704 270.1938 123.698 302.1504 87.4705 276.1093 455.7979;
	3.2699 44.1835 94.1041 61.7177 15.1087 33.7571 14.2184 18.9267 27.7579 26.6735 49.3056 73.5542 110.7355 57.887 196.946 74.1983 92.0608 97.557 91.1773 72.0072 4.7395 78.7667 69.9428 86.9161 103.0851 74.542 14.0879 566.9276 565.3493 565.3493 446.7865 32.439 303.9243 185.3467 181.4835 241.2157 586.9241 135.9327 178.2675 276.1209 123.5205 374.4792 117.7393 271.6693 593.0379;
	3.6835 49.7722 94.0969 63.4998 14.3024 33.0302 28.2062 18.9616 26.0939 11.0313 20.3913 30.4197 45.7968 61.3461 185.4923 69.8831 86.7069 91.8834 76.9669 71.7149 9.4021 77.0704 47.2161 87.5613 104.0396 74.6673 13.8947 661.2722 573.0791 573.0791 402.1342 30.4451 256.5563 184.5944 192.3284 244.5137 765.9945 88.6306 405.0301 278.6776 123.8666 366.4147 120.9201 268.9792 773.9736;
