function solarprofile = ex_solar_profilesh1
%EX_WIND_PROFILE_D  Example wind_load_nyiso profile data for deterministic unit commitment.
% 2022.03.12
% Andres F. Ramirez


%% define constants
[GEN_BUS, PG, QG, QMAX, QMIN, VG, MBASE, GEN_STATUS, PMAX, PMIN, ...
    MU_PMAX, MU_PMIN, MU_QMAX, MU_QMIN, PC1, PC2, QC1MIN, QC1MAX, ...
    QC2MIN, QC2MAX, RAMP_AGC, RAMP_10, RAMP_30, RAMP_Q, APF] = idx_gen;
[CT_LABEL, CT_PROB, CT_TABLE, CT_TBUS, CT_TGEN, CT_TBRCH, CT_TAREABUS, ...
    CT_TAREAGEN, CT_TAREABRCH, CT_ROW, CT_COL, CT_CHGTYPE, CT_REP, ...
    CT_REL, CT_ADD, CT_NEWVAL, CT_TLOAD, CT_TAREALOAD, CT_LOAD_ALL_PQ, ...
    CT_LOAD_FIX_PQ, CT_LOAD_DIS_PQ, CT_LOAD_ALL_P, CT_LOAD_FIX_P, ...
    CT_LOAD_DIS_P, CT_TGENCOST, CT_TAREAGENCOST, CT_MODCOST_F, ...
    CT_MODCOST_X] = idx_ct;

solarprofile = struct( ...
    'type', 'mpcData', ...
    'table', CT_TGEN, ...
    'rows', [1:12], ...
    'col', PMAX, ...
    'chgtype', 1, ...
    'values', [] );
solarprofile.values(:,1,:) = [
	0.0 0.0 0.0 0.0 0.0 0.0 0.0 0.0 0.0 0.0 0.0 0.0;
	0.0 0.0 0.0 0.0 0.0 0.0 0.0 0.0 0.0 0.0 0.0 0.0;
	0.0 0.0 0.0 0.0 0.0 0.0 0.0 0.0 0.0 0.0 0.0 0.0;
	0.0 0.0 0.0 0.0 0.0 0.0 0.0 0.0 0.0 0.0 0.0 0.0;
	0.0 0.0 0.0 0.0 0.0 0.0 0.0 0.0 0.0 0.0 0.0 0.0;
	0.0 0.0 0.0 0.0 0.0 0.0 0.0 0.0 0.0 0.0 0.0 0.0;
	0.4018 0.6807 0.5488 0.4331 3.0143 27.1559 3.3945 2.1102 37.5394 14.3622 4.8732 26.0099;
	0.6591 0.6674 0.7664 0.8229 4.5707 62.6557 7.832 2.5134 50.0973 39.4833 12.3165 71.5045;
	0.8668 0.8037 0.8798 1.185 4.617 71.4898 8.9362 4.9806 66.9091 59.9438 24.1064 108.5586;
	1.5292 1.6201 1.1752 1.3082 3.2575 127.17 15.8962 25.7205 169.0646 51.0362 28.9509 92.4269;
	1.5858 1.5787 1.0245 1.2852 3.528 146.7635 18.3454 24.2861 175.3451 58.3395 30.2535 105.6532;
	1.6867 1.5289 1.0291 1.0449 3.5549 154.4808 19.3101 17.825 170.0239 56.0467 25.0396 101.501;
	3.0909 2.7944 1.932 0.9381 2.5494 228.2702 28.5338 27.7363 207.0746 58.6095 15.3516 106.1421;
	2.7916 2.3792 1.9892 1.1852 2.0361 187.715 23.4644 22.7544 194.8021 57.1122 11.4544 103.4304;
	2.0204 1.6716 1.431 1.6199 2.0049 162.6925 20.3366 19.5157 176.5754 54.6324 10.8317 98.9396;
	1.3599 0.7847 0.949 2.5262 2.6808 91.2095 11.4012 5.7327 66.467 47.2484 18.1352 85.5672;
	0.2467 0.2168 0.1477 1.0391 1.3407 34.9349 4.3669 6.1431 22.1728 21.3514 24.1757 38.6675;
	0.0 0.0 0.0 0.0 0.0 0.0 0.0 0.0 0.0 0.0 0.0 0.0;
	0.0 0.0 0.0 0.0 0.0 0.0 0.0 0.0 0.0 0.0 0.0 0.0;
	0.0 0.0 0.0 0.0 0.0 0.0 0.0 0.0 0.0 0.0 0.0 0.0;
	0.0 0.0 0.0 0.0 0.0 0.0 0.0 0.0 0.0 0.0 0.0 0.0;
	0.0 0.0 0.0 0.0 0.0 0.0 0.0 0.0 0.0 0.0 0.0 0.0;
	0.0 0.0 0.0 0.0 0.0 0.0 0.0 0.0 0.0 0.0 0.0 0.0;
	0.0 0.0 0.0 0.0 0.0 0.0 0.0 0.0 0.0 0.0 0.0 0.0;
];
