function loadprofile = ex_load_profilesh1
%EX_LOAD_PROFILE  Example load profile data file for stochastic unit commitment.
% 2022.03.12
% Andres F. Ramirez

%% define constants
[CT_LABEL, CT_PROB, CT_TABLE, CT_TBUS, CT_TGEN, CT_TBRCH, CT_TAREABUS, ...
    CT_TAREAGEN, CT_TAREABRCH, CT_ROW, CT_COL, CT_CHGTYPE, CT_REP, ...
    CT_REL, CT_ADD, CT_NEWVAL, CT_TLOAD, CT_TAREALOAD, CT_LOAD_ALL_PQ, ...
    CT_LOAD_FIX_PQ, CT_LOAD_DIS_PQ, CT_LOAD_ALL_P, CT_LOAD_FIX_P, ...
    CT_LOAD_DIS_P, CT_TGENCOST, CT_TAREAGENCOST, CT_MODCOST_F, ...
    CT_MODCOST_X] = idx_ct;

loadprofile = struct( ...
    'type', 'mpcData', ...
    'table', CT_TAREALOAD, ...
    'rows', [1:11], ...
    'col', CT_LOAD_ALL_P, ...
    'chgtype', 1, ...
    'values', [] );
loadprofile.values(:,1,:) = [
	1445.4684 928.3612 1593.5089 587.5 820.43 1248.31 893.2775 285.7472 512.3305 4667.7229 1793.0669;
	1413.9958 902.7263 1527.5134 560.3216 797.8296 1221.1895 842.7309 262.6055 466.7087 4383.2499 1554.8231;
	1413.4718 905.2866 1515.8374 554.7547 773.3207 1219.8822 830.4914 265.8 438.0391 4405.1475 1629.2898;
	1430.0519 923.3 1573.1 559.5 817.5516 1245.6164 854.7937 269.6553 478.0 4449.8335 1646.8918;
	1465.7595 945.8 1616.9136 584.9 860.7 1287.889 899.2508 285.0 536.4 4664.3461 1825.316;
	1542.9803 990.9593 1688.6842 597.3195 928.057 1356.2 945.7511 290.3775 586.0341 4816.9297 1922.3;
	1613.0602 1023.4923 1762.7697 610.4639 1007.0282 1403.574 992.1036 323.2433 612.2446 5016.8372 1984.2072;
	1603.7488 1031.0595 1823.4456 625.3151 1027.334 1445.1083 1055.5932 343.6 645.0924 5263.6662 2080.7394;
	1648.6 1067.7 1862.8066 611.6075 1025.6566 1490.299 1081.2426 350.2 661.7203 5392.3711 2140.154;
	1689.2746 1058.96 1865.6301 603.4227 1029.1142 1521.0403 1090.5 350.7 658.3184 5349.0336 2158.2391;
	1679.8143 1066.5678 1834.466 593.5177 1027.395 1497.3527 1090.8889 349.818 646.3797 5495.1839 2226.7489;
	1658.8549 1042.2398 1849.4178 577.9389 1021.3156 1545.7129 1136.0988 339.5293 628.7 5394.2272 2243.3212;
	1685.162 1046.8375 1837.5 583.4474 1001.5864 1479.4696 1065.6006 341.9317 620.2999 5358.61 2181.8249;
	1647.1201 1049.0337 1811.6221 582.3994 1007.5805 1414.3646 1050.1139 338.1729 600.7807 5360.89 2103.8557;
	1649.1797 1067.7088 1836.3092 572.2524 1034.9643 1421.2 1069.8229 333.191 620.6332 5344.6995 2109.9768;
	1675.0692 1108.8798 1887.3991 600.4443 1054.792 1504.9606 1097.1899 319.3 620.4515 5373.6245 2183.2284;
	1706.8549 1114.2756 1890.8951 607.4799 1040.4147 1503.242 1120.7501 358.1457 664.9195 5519.1922 2283.2024;
	1725.4838 1156.2926 1963.1371 621.2136 1067.8135 1587.2 1183.3214 377.3038 705.6654 5619.4059 2416.0881;
	1791.4903 1163.3 1959.2351 611.6 1084.8834 1593.913 1162.702 374.6 689.5652 5661.558 2504.5526;
	1757.0407 1140.3995 1894.4647 592.3545 1030.3947 1536.6225 1126.1536 353.5922 681.2 5530.0797 2370.2;
	1707.306 1072.4 1794.9547 571.6369 963.3932 1468.0 1059.5316 313.1758 640.4213 5246.4672 2190.9825;
	1623.7902 1012.3838 1660.0161 558.4428 879.3848 1328.8 983.4 287.5101 611.0 4944.0884 2017.2297;
	1541.2342 940.8 1601.947 553.3975 809.6212 1325.6623 937.3052 272.0 542.8093 4611.028 1797.5776;
	1509.6 937.5802 1611.7193 545.5488 808.8351 1301.3001 876.5946 265.8942 518.7536 4391.7477 1718.4;
];
