function windprofile = ex_wind_profilesh1
%EX_WIND_PROFILE_D  Example wind_load_nyiso profile data for deterministic unit commitment.
% 2022.03.12
% Andres F. Ramirez


%% define constants
[GEN_BUS, PG, QG, QMAX, QMIN, VG, MBASE, GEN_STATUS, PMAX, PMIN, ...
    MU_PMAX, MU_PMIN, MU_QMAX, MU_QMIN, PC1, PC2, QC1MIN, QC1MAX, ...
    QC2MIN, QC2MAX, RAMP_AGC, RAMP_10, RAMP_30, RAMP_Q, APF] = idx_gen;
[CT_LABEL, CT_PROB, CT_TABLE, CT_TBUS, CT_TGEN, CT_TBRCH, CT_TAREABUS, ...
    CT_TAREAGEN, CT_TAREABRCH, CT_ROW, CT_COL, CT_CHGTYPE, CT_REP, ...
    CT_REL, CT_ADD, CT_NEWVAL, CT_TLOAD, CT_TAREALOAD, CT_LOAD_ALL_PQ, ...
    CT_LOAD_FIX_PQ, CT_LOAD_DIS_PQ, CT_LOAD_ALL_P, CT_LOAD_FIX_P, ...
    CT_LOAD_DIS_P, CT_TGENCOST, CT_TAREAGENCOST, CT_MODCOST_F, ...
    CT_MODCOST_X] = idx_ct;

windprofile = struct( ...
    'type', 'mpcData', ...
    'table', CT_TGEN, ...
    'rows', [1:45], ...
    'col', PMAX, ...
    'chgtype', 1, ...
    'values', [] );
windprofile.values(:,1,:) = [
	3.6448 49.2489 80.1652 112.125 14.4408 34.4381 30.8162 7.1195 27.4006 10.2675 18.9792 28.3133 42.6255 41.6663 189.0087 71.2079 88.3506 93.6252 78.4561 69.7561 10.2721 80.3556 23.7253 38.512 45.5491 29.68 4.9852 1272.0281 804.5253 804.5253 695.7663 85.145 261.5205 179.5524 130.6294 343.2641 1248.8657 197.4888 455.3592 122.0064 115.24 382.0335 199.9422 104.2252 1261.8747;
	2.6188 35.3857 74.3346 41.8806 14.6622 27.1556 29.8168 7.3022 9.2379 11.201 20.7049 30.8877 46.5013 41.9655 190.1133 71.6241 88.8669 94.1724 84.5305 70.1473 9.9389 63.3631 20.0641 37.5384 39.5834 30.1831 5.4702 1318.2184 808.0318 808.0318 700.8766 75.9396 281.7683 180.5594 131.5676 344.7603 1279.4515 184.6759 451.388 106.0271 114.538 301.2462 192.6932 88.4977 1292.7792;
	2.7814 37.5834 84.6625 43.0446 14.6699 21.1703 29.5301 6.885 0.3095 10.2561 18.9582 28.2819 42.5782 40.3372 196.3651 73.9794 91.7892 97.2692 84.4693 61.8037 9.8434 49.3974 1.4342 38.2683 37.9991 32.198 6.1872 1313.649 808.9471 808.9471 715.6299 88.6225 281.5643 159.0828 126.4626 345.1508 1287.3079 194.7127 443.1824 101.7832 32.7738 234.8494 205.1217 129.0845 1300.7174;
	3.1559 42.6429 82.9836 45.6092 14.4094 11.2635 29.8306 7.4422 0.4437 11.726 21.6754 32.3354 48.6808 26.7775 196.4492 74.0111 91.8286 97.3109 77.2384 65.5506 9.9435 26.2815 21.7143 37.809 39.0506 33.2973 5.7804 1266.276 816.4753 816.4753 737.7157 90.4093 257.4613 168.7273 83.951 348.3628 1270.7834 209.6329 442.3511 104.5998 32.413 124.9499 200.0647 114.9212 1284.0207;
	3.6741 49.6447 84.7361 42.0299 14.8428 20.48 31.3033 7.3337 10.623 11.0194 20.3693 30.3869 45.7473 32.4495 178.0949 67.0962 83.249 88.2191 84.1789 66.2122 10.4344 47.7867 0.562 31.6397 42.8627 64.9581 5.5743 1255.5541 808.4695 808.4695 772.4296 96.7475 280.5964 170.4305 101.7336 344.947 1294.3585 233.4321 447.3668 114.8109 33.7228 227.1918 206.7552 197.7717 1307.8414;
	3.7127 50.1664 93.7935 110.9265 14.7976 33.2895 30.6613 5.1171 8.2921 9.7187 17.9648 26.7999 40.3471 27.7677 187.0281 70.4617 87.4248 92.6441 88.2524 67.1078 10.2204 77.6754 0.0 30.9452 53.2978 64.5292 4.6819 1210.1794 792.9756 792.9756 794.2474 104.9521 294.1745 172.7357 87.0555 338.3362 1252.1332 229.7689 436.5463 142.7621 68.2076 369.291 206.4193 245.0751 1265.1762;
	3.7807 51.086 92.8867 117.376 14.8653 34.8237 30.8611 10.9884 10.3611 9.9176 18.3326 27.3486 41.1732 35.7565 192.7066 72.6011 90.0791 95.457 82.3394 70.939 10.287 81.2552 0.0 50.7354 101.3015 74.192 10.2566 1137.9441 791.8861 791.8861 768.5544 110.1393 274.4648 182.5971 112.1015 337.8714 1264.7311 269.7665 435.7463 271.3433 106.701 386.3105 213.3588 281.5439 1277.9054;
	3.8223 51.6472 90.3053 116.0324 14.8331 33.9212 29.8588 18.2166 10.2246 10.5625 19.5246 29.1269 43.8504 61.7994 186.8881 70.409 87.3593 92.5748 77.7303 59.7603 9.9529 79.1496 2.2445 54.8617 104.9238 73.2946 13.0994 1078.959 795.5586 795.5586 786.8596 112.1828 259.1009 153.8232 193.7494 339.4383 1258.4006 304.5508 443.4253 281.0459 118.5507 376.2996 208.2774 284.9103 1271.5089;
	3.7611 50.8201 92.0799 114.1202 14.756 32.4591 29.91 17.8044 9.6041 10.4976 19.4047 28.948 43.5811 62.2017 189.7804 71.4987 88.7113 94.0075 46.4065 64.7901 9.97 75.7378 1.9945 88.2607 105.2696 71.1342 13.1141 801.4445 810.0277 810.0277 778.0305 110.5338 154.6883 166.7698 195.0106 345.6118 1221.2622 300.8756 444.9506 281.9722 120.3117 360.0792 211.2062 279.1109 1233.9837;
	3.8856 52.5029 92.018 117.9299 15.1053 34.504 30.7568 17.8504 20.794 10.7921 19.949 29.7601 44.8036 63.9273 190.5163 71.7759 89.0553 94.372 51.9631 63.1127 10.2523 80.5093 18.981 89.4075 105.4234 69.5247 12.949 674.2983 846.138 846.138 800.5865 107.4131 173.2104 162.4522 200.4206 361.0189 1217.4171 283.6256 447.554 282.384 120.8124 382.7644 215.6416 278.3962 1230.0985;
	3.8063 51.4318 90.7155 112.1451 14.9792 34.4214 29.9545 17.4295 27.7133 17.6292 32.5873 48.6139 73.188 69.28 201.4153 75.882 94.1499 99.7708 37.3853 70.3685 9.9848 80.3167 25.8445 84.3678 102.3199 68.9846 12.8844 464.7429 812.4902 812.4902 775.2478 99.064 124.6177 181.1286 217.202 346.6625 995.2685 267.2095 437.7535 274.0712 116.1834 381.8484 209.2005 272.6086 1005.6359;
	3.2269 43.6028 92.0255 113.4089 14.4623 32.1866 28.7938 17.7096 27.0026 19.8326 36.6603 54.69 82.3355 67.8059 195.8642 73.7907 91.5551 97.0211 47.1004 68.1639 9.5979 75.1021 29.3956 86.2988 102.5877 72.428 12.7397 302.4969 766.6432 766.6432 691.4966 102.8083 157.0012 175.4539 212.5806 327.1011 785.0893 242.9066 451.757 274.7885 115.2827 357.0571 190.9931 272.4215 793.2673;
	2.1177 28.6147 89.9726 111.4275 14.2343 21.3594 24.6445 18.3968 26.5765 27.3093 50.4809 75.3076 113.3752 68.7793 190.3925 71.7293 88.9974 94.3107 89.045 66.4828 8.2148 49.8385 52.5233 85.2924 99.1492 72.3902 13.7164 286.8316 712.7996 712.7996 628.4424 98.4195 296.8168 171.127 215.6324 304.1278 695.5405 219.6933 416.5445 265.5781 116.3796 236.9465 174.2446 278.9198 702.7857;
	2.4384 32.9487 92.4164 113.0504 15.0168 14.2791 24.4442 18.5674 26.9729 30.0622 55.5694 82.8987 124.8035 67.213 189.1603 71.265 88.4214 93.7003 84.9762 70.4123 8.1481 33.3178 70.924 88.4064 104.008 75.3441 13.6433 292.964 581.2117 581.2117 537.1013 97.4603 283.254 181.2415 210.7217 247.9837 493.487 193.6615 440.4897 278.5929 120.0355 158.4023 147.404 280.652 498.6275;
	2.1546 29.1129 87.5471 110.1836 11.4081 1.6928 19.4172 18.3234 26.4891 28.6473 52.954 78.997 118.9296 65.2408 192.7906 72.6328 90.1184 95.4986 79.5629 71.2871 6.4724 3.9499 69.3074 86.7113 100.5476 71.115 13.6502 442.957 445.6218 445.6218 385.4081 78.2283 265.2098 183.4931 204.5386 190.132 424.6627 176.9035 421.842 269.3239 117.009 18.779 112.5941 257.6597 429.0862;
	3.3541 45.3211 87.1882 81.0546 14.0522 26.4297 15.125 18.5413 22.9575 28.2956 52.304 78.0273 117.4696 58.4316 191.0053 71.9601 89.2839 94.6143 79.2036 69.9589 5.0417 61.6693 69.3532 88.4099 102.4834 73.3744 13.6427 537.7997 511.4174 511.4174 401.6173 46.0653 264.012 180.0744 183.191 218.2047 510.5442 162.5006 441.2184 274.509 119.0155 293.1935 74.211 269.4468 515.8623;
	3.0944 41.8117 83.7773 56.1464 14.3901 31.4403 13.3067 18.4884 27.022 26.67 49.2991 73.5446 110.721 54.9202 184.4577 69.4934 86.2233 91.3709 84.2015 68.9073 4.4356 73.3607 69.6819 86.1136 103.1368 73.9331 13.6653 582.5551 571.2061 571.2061 427.9457 26.8485 280.6715 177.3675 172.1821 243.7146 595.7224 119.4893 157.4705 276.2592 117.2047 348.7778 102.7578 260.1707 601.9279;
	3.6011 48.6592 84.2283 52.7157 14.0617 31.7573 26.9784 18.4194 26.0035 11.4176 21.1053 31.4849 47.4003 54.4762 154.3179 58.1384 72.1346 76.4412 56.7872 68.9551 8.9928 74.1003 47.3737 86.4215 101.4756 72.314 13.3019 727.2291 603.3829 603.3829 405.3107 23.8791 189.2907 177.4907 170.7901 257.4434 805.4434 81.1723 313.2354 271.8095 118.1185 352.2942 113.6518 254.1222 813.8335;
