function loadprofile = ex_load_profilesh1
%EX_LOAD_PROFILE  Example load profile data file for stochastic unit commitment.
% 2022.03.12
% Andres F. Ramirez

%% define constants
[CT_LABEL, CT_PROB, CT_TABLE, CT_TBUS, CT_TGEN, CT_TBRCH, CT_TAREABUS, ...
    CT_TAREAGEN, CT_TAREABRCH, CT_ROW, CT_COL, CT_CHGTYPE, CT_REP, ...
    CT_REL, CT_ADD, CT_NEWVAL, CT_TLOAD, CT_TAREALOAD, CT_LOAD_ALL_PQ, ...
    CT_LOAD_FIX_PQ, CT_LOAD_DIS_PQ, CT_LOAD_ALL_P, CT_LOAD_FIX_P, ...
    CT_LOAD_DIS_P, CT_TGENCOST, CT_TAREAGENCOST, CT_MODCOST_F, ...
    CT_MODCOST_X] = idx_ct;

loadprofile = struct( ...
    'type', 'mpcData', ...
    'table', CT_TAREALOAD, ...
    'rows', [1:11], ...
    'col', CT_LOAD_ALL_P, ...
    'chgtype', 1, ...
    'values', [] );
loadprofile.values(:,1,:) = [
	1458.7356 924.6 1610.1 579.3276 808.2807 1206.7572 881.1583 265.6828 580.6787 4923.6115 1855.4182;
	1435.0934 898.7772 1568.3438 579.2713 789.8 1193.7337 867.6 264.0417 578.35 4718.0436 1793.9796;
	1418.8272 909.4 1574.2 573.1692 801.8806 1186.3372 859.9565 259.7934 565.9171 4700.3206 1772.9029;
	1444.5 917.0835 1588.9767 566.7 816.7358 1205.8731 874.4 261.3621 562.0134 4678.257 1786.0215;
	1490.6083 971.3056 1660.7413 584.7791 870.3604 1260.4973 931.1607 270.5718 604.9281 4869.8139 1926.9897;
	1566.3075 1031.191 1750.4343 588.4043 921.2852 1315.201 978.9458 306.9 624.5262 4985.8201 1984.3132;
	1606.2888 1065.9153 1781.9294 594.1436 960.6042 1390.3488 1019.4035 324.0552 640.9868 5094.5952 2044.9828;
	1618.9716 1092.8014 1810.0346 628.6183 958.4448 1453.454 1093.1632 323.3262 655.2387 5316.9966 2112.3579;
	1665.4403 1103.1595 1803.0449 626.5438 978.6162 1473.2 1138.2013 346.6981 679.451 5576.0712 2248.6293;
	1679.1117 1098.9399 1779.9075 604.2 978.6579 1475.8505 1159.2249 359.9445 692.7344 5650.8597 2358.0024;
	1688.2114 1113.9733 1753.8704 622.1026 955.6681 1449.2652 1123.5625 348.83 710.9157 5703.0923 2337.2793;
	1646.2474 1085.1362 1680.2693 608.3495 943.1739 1432.0915 1105.0614 341.5 691.1214 5587.5795 2328.8724;
	1654.076 1100.3766 1675.6152 614.1587 911.0005 1446.0047 1087.1527 332.898 693.7498 5547.1805 2289.3141;
	1648.4795 1123.8582 1716.5503 588.3271 900.3134 1437.0803 1109.813 348.0568 698.0321 5651.8604 2287.8031;
	1645.427 1108.0515 1689.2408 582.6429 899.6876 1438.5025 1103.7108 335.3667 700.531 5535.0461 2236.0422;
	1672.4146 1141.4 1688.192 579.3685 891.5697 1452.6413 1102.7205 332.3183 679.7699 5529.1736 2209.6874;
	1633.4681 1141.5 1736.787 574.5401 923.9963 1484.5506 1100.5 350.3141 692.0 5614.6569 2310.7541;
	1764.3048 1181.8868 1860.6782 589.6289 980.0687 1528.22 1162.8933 350.5273 729.755 5758.625 2400.6787;
	1747.6749 1160.3 1808.93 590.376 955.8633 1491.5433 1127.7106 321.9752 726.079 5701.3044 2373.4958;
	1647.1892 1097.2045 1732.5409 565.5 920.9 1428.1588 1090.2016 326.1746 707.6608 5658.4679 2316.1815;
	1596.527 1041.7 1632.9699 558.5 852.3098 1353.2 1003.5184 310.9 654.8158 5373.1224 2160.8503;
	1511.6161 957.6627 1529.1462 522.9264 783.7581 1241.2302 924.3993 286.5888 586.4 5059.2235 1985.7229;
	1489.9 953.0472 1501.3264 556.0257 722.4099 1117.9068 872.925 274.2408 542.7017 4738.8834 1881.7474;
	1469.2912 913.1 1453.6955 546.0936 714.5422 1072.9945 852.3 243.7516 545.6353 4631.5 1807.2105;
];
