function solarprofile = ex_solar_profilesh1
%EX_WIND_PROFILE_D  Example wind_load_nyiso profile data for deterministic unit commitment.
% 2022.03.12
% Andres F. Ramirez


%% define constants
[GEN_BUS, PG, QG, QMAX, QMIN, VG, MBASE, GEN_STATUS, PMAX, PMIN, ...
    MU_PMAX, MU_PMIN, MU_QMAX, MU_QMIN, PC1, PC2, QC1MIN, QC1MAX, ...
    QC2MIN, QC2MAX, RAMP_AGC, RAMP_10, RAMP_30, RAMP_Q, APF] = idx_gen;
[CT_LABEL, CT_PROB, CT_TABLE, CT_TBUS, CT_TGEN, CT_TBRCH, CT_TAREABUS, ...
    CT_TAREAGEN, CT_TAREABRCH, CT_ROW, CT_COL, CT_CHGTYPE, CT_REP, ...
    CT_REL, CT_ADD, CT_NEWVAL, CT_TLOAD, CT_TAREALOAD, CT_LOAD_ALL_PQ, ...
    CT_LOAD_FIX_PQ, CT_LOAD_DIS_PQ, CT_LOAD_ALL_P, CT_LOAD_FIX_P, ...
    CT_LOAD_DIS_P, CT_TGENCOST, CT_TAREAGENCOST, CT_MODCOST_F, ...
    CT_MODCOST_X] = idx_ct;

solarprofile = struct( ...
    'type', 'mpcData', ...
    'table', CT_TGEN, ...
    'rows', [1:12], ...
    'col', PMAX, ...
    'chgtype', 1, ...
    'values', [] );
solarprofile.values(:,1,:) = [
	0.0 0.0 0.0 0.0 0.0 0.0 0.0 0.0 0.0 0.0 0.0 0.0;
	0.0 0.0 0.0 0.0 0.0 0.0 0.0 0.0 0.0 0.0 0.0 0.0;
	0.0 0.0 0.0 0.0 0.0 0.0 0.0 0.0 0.0 0.0 0.0 0.0;
	0.0 0.0 0.0 0.0 0.0 0.0 0.0 0.0 0.0 0.0 0.0 0.0;
	0.0 0.0 0.0 0.0 0.0 0.0 0.0 0.0 0.0 0.0 0.0 0.0;
	0.0 0.0 0.0 0.0 0.0 0.0 0.0 0.0 0.0 0.0 0.0 0.0;
	0.0 0.0 0.0 0.7322 4.2119 11.3682 1.421 0.6223 38.4893 16.5029 5.4177 29.8869;
	0.243 0.0 0.0 3.2873 5.1642 24.4945 3.0618 1.0556 39.0467 68.7897 14.7947 124.5785;
	1.0448 0.6938 0.6031 4.81 5.4007 29.7432 3.7179 1.4149 31.0985 71.373 26.8473 129.257;
	2.8856 2.1901 1.9586 4.8642 5.1866 28.8034 3.6004 3.1401 30.7266 57.6645 26.4406 104.4308;
	3.0392 2.2208 1.777 5.2311 6.2285 20.3448 2.5431 2.8099 32.0631 69.8936 31.5806 126.5778;
	2.9316 2.09 1.2399 6.2827 6.4369 16.4922 2.0615 3.6684 35.1201 75.8714 38.9882 137.4036;
	3.5758 2.7484 1.136 8.046 4.5562 36.2597 4.5325 21.4031 43.2499 106.6304 50.8669 193.1083;
	3.0846 2.3495 1.388 7.0512 3.2453 25.4993 3.1874 20.3421 31.6761 78.6933 35.8744 142.514;
	2.2719 1.6543 1.4317 4.6188 2.1081 21.7429 2.7179 15.0471 18.2898 40.3099 13.9145 73.0015;
	1.5963 0.8143 1.3704 0.9407 0.605 12.174 1.5218 2.7673 7.9856 8.4068 0.0 15.2247;
	0.3254 0.2272 0.1675 0.4865 0.5544 34.3552 4.2944 6.1934 25.4042 16.8969 8.0935 30.6003;
	0.0 0.0 0.0 0.0 0.0 0.0 0.0 0.0 0.0 0.0 0.0 0.0;
	0.0 0.0 0.0 0.0 0.0 0.0 0.0 0.0 0.0 0.0 0.0 0.0;
	0.0 0.0 0.0 0.0 0.0 0.0 0.0 0.0 0.0 0.0 0.0 0.0;
	0.0 0.0 0.0 0.0 0.0 0.0 0.0 0.0 0.0 0.0 0.0 0.0;
	0.0 0.0 0.0 0.0 0.0 0.0 0.0 0.0 0.0 0.0 0.0 0.0;
	0.0 0.0 0.0 0.0 0.0 0.0 0.0 0.0 0.0 0.0 0.0 0.0;
	0.0 0.0 0.0 0.0 0.0 0.0 0.0 0.0 0.0 0.0 0.0 0.0;
];
