function windprofile = ex_wind_profilesh1
%EX_WIND_PROFILE_D  Example wind_load_nyiso profile data for deterministic unit commitment.
% 2022.03.12
% Andres F. Ramirez


%% define constants
[GEN_BUS, PG, QG, QMAX, QMIN, VG, MBASE, GEN_STATUS, PMAX, PMIN, ...
    MU_PMAX, MU_PMIN, MU_QMAX, MU_QMIN, PC1, PC2, QC1MIN, QC1MAX, ...
    QC2MIN, QC2MAX, RAMP_AGC, RAMP_10, RAMP_30, RAMP_Q, APF] = idx_gen;
[CT_LABEL, CT_PROB, CT_TABLE, CT_TBUS, CT_TGEN, CT_TBRCH, CT_TAREABUS, ...
    CT_TAREAGEN, CT_TAREABRCH, CT_ROW, CT_COL, CT_CHGTYPE, CT_REP, ...
    CT_REL, CT_ADD, CT_NEWVAL, CT_TLOAD, CT_TAREALOAD, CT_LOAD_ALL_PQ, ...
    CT_LOAD_FIX_PQ, CT_LOAD_DIS_PQ, CT_LOAD_ALL_P, CT_LOAD_FIX_P, ...
    CT_LOAD_DIS_P, CT_TGENCOST, CT_TAREAGENCOST, CT_MODCOST_F, ...
    CT_MODCOST_X] = idx_ct;

windprofile = struct( ...
    'type', 'mpcData', ...
    'table', CT_TGEN, ...
    'rows', [1:45], ...
    'col', PMAX, ...
    'chgtype', 1, ...
    'values', [] );
windprofile.values(:,1,:) = [
	3.9533 53.4179 84.281 116.0163 15.2995 36.036 32.2756 7.6466 27.71 11.5886 21.4213 31.9564 48.1102 44.3461 193.4404 72.8775 90.4221 95.8205 91.1355 69.7311 10.7585 84.0839 3.3998 36.0441 46.8777 21.7016 4.7184 1259.2805 828.3367 828.3367 666.5158 88.1035 303.7852 179.4881 139.0311 353.4237 1254.1906 221.6446 474.903 125.5654 116.5205 399.7588 218.4583 110.7275 1267.2551;
	3.6394 49.1757 81.1401 46.9885 15.3255 31.3911 32.5354 7.465 11.3653 11.1616 20.632 30.7789 46.3374 45.104 195.437 73.6298 91.3554 96.8095 91.8884 69.8374 10.8451 73.2459 0.5203 36.3705 42.2116 24.4227 4.9772 1290.4732 830.3738 830.3738 722.0663 83.6723 306.2948 179.7616 141.4071 354.2928 1297.0042 221.395 478.8589 113.0668 116.1563 348.2318 219.1757 91.2501 1310.5146;
	3.5113 47.4451 90.4891 51.5748 15.3103 26.1023 32.5037 6.7702 9.9434 10.3039 19.0467 28.4139 42.7769 41.6601 192.3244 72.4571 89.9005 95.2677 91.239 64.5528 10.8346 60.9055 1.254 37.6739 39.6715 26.8168 5.3758 1295.4621 838.5091 838.5091 749.3974 95.5879 304.1301 166.159 130.6102 357.7639 1289.6564 217.4885 474.2679 106.263 33.2669 289.5619 219.426 119.7471 1303.0903;
	3.6866 49.8141 86.8654 53.8725 15.0346 15.261 32.6548 6.6742 12.2581 10.3555 19.1421 28.5562 42.9912 31.445 194.2007 73.164 90.7775 96.1971 89.3575 65.6862 10.8849 35.609 1.256 34.9725 35.9274 26.0991 4.8657 1313.2349 843.7271 843.7271 753.5836 96.5865 297.8582 169.0764 98.5843 359.9902 1282.172 241.0149 471.6383 96.2341 32.363 169.2952 219.5011 118.1931 1295.528;
	3.8881 52.5364 84.4127 43.9653 15.0795 23.2447 32.4841 7.2563 12.3196 9.2668 17.1295 25.5539 38.4713 34.1521 178.5787 67.2785 83.4752 88.4588 91.3781 66.4509 10.828 54.2377 0.0 28.5092 42.063 60.6254 5.4384 1252.6631 838.3948 838.3948 754.8164 95.2749 304.5936 171.0449 107.0713 357.7151 1265.3652 236.0525 466.387 112.6688 32.0853 257.8613 219.3037 198.5733 1278.5461;
	3.8606 52.1645 94.1513 113.8884 15.0132 33.6186 32.1416 7.3734 11.639 7.1342 13.1875 19.6731 29.6178 31.4441 182.3492 68.699 85.2376 90.3265 91.8939 66.3256 10.7139 78.4433 0.0 32.2132 57.6528 64.2402 5.412 1200.2566 829.015 829.015 751.7691 106.6588 306.3131 170.7223 98.5815 353.7131 1207.7796 245.1161 466.583 154.4273 64.9397 372.9419 219.1299 250.6809 1220.3606;
	3.8697 52.288 93.5853 119.5974 14.9336 34.1902 31.9873 12.2563 11.4752 9.5115 17.5818 26.2286 39.487 41.3688 191.4943 72.1444 89.5124 94.8565 85.3293 68.2121 10.6624 79.7772 0.0 50.4621 103.6321 74.382 11.9306 1153.009 829.7559 829.7559 776.7193 110.9114 284.4309 175.5782 129.6967 354.0292 1254.2285 288.9548 472.1156 277.586 108.8094 379.2834 218.6552 274.7503 1267.2934;
	3.861 52.1702 92.5127 116.7808 15.0139 34.4875 31.1887 18.6089 9.8509 9.134 16.8841 25.1877 37.92 59.8862 199.8933 75.3086 93.4385 99.0169 85.5048 58.4311 10.3962 80.4709 0.0 50.5234 103.9078 73.6678 13.7505 1083.3962 803.0734 803.0734 778.2625 116.215 285.0159 150.4017 187.7514 342.6446 1234.0192 307.4123 459.8173 278.3245 115.8907 382.5816 218.0683 272.4095 1246.8735;
	3.8572 52.1195 93.6053 111.4422 15.0013 34.3602 31.3274 18.2203 9.0738 10.7207 19.8171 29.5632 44.5072 64.5503 199.688 75.2313 93.3425 98.9152 51.1964 63.5807 10.4425 80.1737 23.2166 84.9461 102.0211 71.6274 13.517 820.0734 831.34 831.34 765.4277 113.8591 170.6547 163.657 202.374 354.7051 1219.872 306.0898 470.0779 273.2707 118.1674 381.1688 218.2926 273.4705 1232.579;
	3.9059 52.7772 93.0678 112.9767 14.9368 33.8595 31.0292 17.6741 20.4783 12.1118 22.3885 33.3993 50.2825 61.2939 190.5076 71.7726 89.0512 94.3677 58.4051 54.8357 10.3431 79.0056 23.6897 86.1692 98.9032 69.5978 12.9448 649.3616 819.7562 819.7562 755.2831 107.6918 194.6836 141.1473 192.1647 349.7626 1118.6418 259.9168 470.0623 264.9194 113.4201 375.615 216.9922 270.3558 1130.2943;
	3.9279 53.0741 93.3025 112.6209 14.9216 34.3973 31.7911 17.5889 27.6937 18.8541 34.8516 51.9917 78.2732 69.0012 201.4007 75.8766 94.1431 99.7636 50.5907 66.6697 10.597 80.2604 29.2167 81.8117 98.2401 69.7418 13.3584 498.2048 815.2357 815.2357 767.2375 96.2063 168.6357 171.608 216.3281 347.8339 986.0963 266.979 467.0831 263.1431 118.5257 381.5808 217.6045 265.1454 996.3681;
	3.7083 50.1074 94.9911 117.8026 15.0635 33.5893 31.5872 18.3903 28.1094 21.493 39.7295 59.2686 89.2286 68.0272 196.0797 73.8719 91.6558 97.1278 57.6738 66.2951 10.5291 78.375 33.5185 83.9401 99.346 73.8936 13.5713 349.8766 791.7233 791.7233 700.9902 96.5443 192.246 170.6437 213.2744 337.8019 808.9284 240.1541 477.2698 266.1053 122.6376 372.6169 213.6622 270.3087 817.3548;
	2.5058 33.8591 94.8831 118.8299 14.6331 22.4066 27.897 18.7289 27.1426 28.0185 51.7918 77.2632 116.3194 66.5341 189.9479 71.5618 88.7896 94.0905 92.3037 65.8685 9.299 52.282 57.2623 83.4859 100.1809 71.8709 13.9542 329.3105 707.7595 707.7595 648.4081 95.4029 307.6789 169.5456 208.5935 301.9774 722.9963 222.1361 444.4882 268.3417 120.1718 248.5638 184.7991 275.6991 730.5275;
	2.5918 35.0208 92.2008 117.4159 14.9123 13.0171 27.8328 17.9374 27.3092 30.5823 56.5309 84.333 126.9629 66.5963 190.172 71.6462 88.8943 94.2015 91.1914 69.1339 9.2776 30.3732 72.7284 82.7994 97.3003 71.4358 13.4605 343.948 612.0153 612.0153 604.7709 90.8248 303.9712 177.9508 208.7885 261.1265 551.643 200.7197 460.0505 260.6258 121.5437 144.4028 152.4093 260.3787 557.3892;
	2.5506 34.4642 94.273 120.4271 13.819 9.8401 23.7404 18.4977 26.8953 30.0686 55.5814 82.9165 124.8303 65.8095 195.2164 73.5466 91.2523 96.7002 89.2556 71.798 7.9135 22.9602 72.5312 87.1298 101.4985 71.8808 13.9441 526.2299 514.2914 514.2914 445.894 87.0907 297.5188 184.8083 206.3218 219.431 500.9666 188.7795 455.406 271.8711 121.5218 109.1592 126.7252 249.7633 506.185;
	3.5746 48.3013 91.0206 90.3234 14.6398 26.8811 16.0034 18.7219 21.6044 28.5624 52.7972 78.763 118.5773 57.8416 199.2056 75.0495 93.117 98.6762 89.5385 72.3502 5.3345 62.7226 71.0722 86.9637 100.8324 73.0949 13.8854 566.9562 529.3903 529.3903 440.4345 51.2302 298.4618 186.2296 181.3412 225.8732 534.7587 166.7312 434.3978 270.0868 119.7175 298.2011 88.2002 260.1543 540.3291;
	3.4597 46.7479 93.6772 67.002 14.3463 31.749 15.1497 18.6008 27.3229 27.5253 50.8801 75.9032 114.2718 63.1851 197.9802 74.5879 92.5442 98.0692 87.6247 69.8858 5.0499 74.0809 72.1378 86.2039 103.9329 73.9758 13.7827 646.0619 616.391 616.391 493.4936 31.6311 292.0822 179.8862 198.0938 262.9935 651.785 124.5244 165.7564 278.3917 116.1529 352.2019 115.9294 267.5201 658.5744;
	3.905 52.7656 94.4015 68.6101 15.1629 34.357 30.7894 19.1024 28.0163 14.3632 26.5501 39.6075 59.6289 64.4552 195.695 73.727 91.4761 96.9373 76.9624 71.151 10.2631 80.1664 55.6666 88.4687 106.3923 73.8843 13.9842 750.8445 653.4046 653.4046 455.5111 34.0364 256.5413 183.1428 202.0759 278.786 863.5495 91.0864 408.6136 284.9793 122.5462 381.1338 135.336 265.3247 872.5448;
