function solarprofile = ex_solar_profilesh1
%EX_WIND_PROFILE_D  Example wind_load_nyiso profile data for deterministic unit commitment.
% 2022.03.12
% Andres F. Ramirez


%% define constants
[GEN_BUS, PG, QG, QMAX, QMIN, VG, MBASE, GEN_STATUS, PMAX, PMIN, ...
    MU_PMAX, MU_PMIN, MU_QMAX, MU_QMIN, PC1, PC2, QC1MIN, QC1MAX, ...
    QC2MIN, QC2MAX, RAMP_AGC, RAMP_10, RAMP_30, RAMP_Q, APF] = idx_gen;
[CT_LABEL, CT_PROB, CT_TABLE, CT_TBUS, CT_TGEN, CT_TBRCH, CT_TAREABUS, ...
    CT_TAREAGEN, CT_TAREABRCH, CT_ROW, CT_COL, CT_CHGTYPE, CT_REP, ...
    CT_REL, CT_ADD, CT_NEWVAL, CT_TLOAD, CT_TAREALOAD, CT_LOAD_ALL_PQ, ...
    CT_LOAD_FIX_PQ, CT_LOAD_DIS_PQ, CT_LOAD_ALL_P, CT_LOAD_FIX_P, ...
    CT_LOAD_DIS_P, CT_TGENCOST, CT_TAREAGENCOST, CT_MODCOST_F, ...
    CT_MODCOST_X] = idx_ct;

solarprofile = struct( ...
    'type', 'mpcData', ...
    'table', CT_TGEN, ...
    'rows', [1:12], ...
    'col', PMAX, ...
    'chgtype', 1, ...
    'values', [] );
solarprofile.values(:,1,:) = [
	0.0 0.0 0.0 0.0 0.0 0.0 0.0 0.0 0.0 0.0 0.0 0.0;
	0.0 0.0 0.0 0.0 0.0 0.0 0.0 0.0 0.0 0.0 0.0 0.0;
	0.0 0.0 0.0 0.0 0.0 0.0 0.0 0.0 0.0 0.0 0.0 0.0;
	0.0 0.0 0.0 0.0 0.0 0.0 0.0 0.0 0.0 0.0 0.0 0.0;
	0.0 0.0 0.0 0.0 0.0 0.0 0.0 0.0 0.0 0.0 0.0 0.0;
	0.0 0.0 0.0 0.0 0.0 0.0 0.0 0.0 0.0 0.0 0.0 0.0;
	0.0 0.0 0.0 1.0464 0.8798 127.9907 15.9988 48.0087 48.7918 10.2499 6.0215 18.5627;
	0.0 0.4494 0.3543 1.3412 0.6372 100.8175 12.6022 33.6163 33.979 44.2243 15.6726 80.0906;
	1.0749 1.2805 1.0219 2.0884 1.1405 97.2219 12.1527 30.8111 31.3018 132.8939 34.6002 240.6717;
	3.2599 4.6118 2.645 4.6717 4.6074 201.5871 25.1984 58.0542 86.1975 259.0499 53.5332 469.141;
	3.0523 2.9917 2.3999 5.4534 6.5323 288.244 36.0305 68.8295 110.2917 287.6442 51.9173 520.9254;
	2.9979 2.4699 2.197 4.9613 6.3685 286.6681 35.8335 69.0621 117.2676 290.2048 51.7447 525.5626;
	4.4676 4.191 2.1722 3.8013 3.7481 170.1425 21.2678 63.3051 96.3315 281.227 91.0603 509.3037;
	4.6464 4.5772 2.0872 3.0926 3.2367 84.2452 10.5306 60.7494 58.376 261.5811 81.8254 473.7249;
	3.4257 4.6368 1.5831 2.7335 3.7327 53.4647 6.6831 60.4109 29.613 193.5469 52.1928 350.5146;
	2.0301 2.8814 1.1654 2.3645 3.452 45.7594 5.7199 58.6337 8.8205 40.5195 19.9268 73.3811;
	0.3374 0.4613 0.1686 0.4956 0.5949 35.3747 4.4218 9.0745 22.1728 20.735 11.1235 37.5512;
	0.0 0.0 0.0 0.0 0.0 0.0 0.0 0.0 0.0 0.0 0.0 0.0;
	0.0 0.0 0.0 0.0 0.0 0.0 0.0 0.0 0.0 0.0 0.0 0.0;
	0.0 0.0 0.0 0.0 0.0 0.0 0.0 0.0 0.0 0.0 0.0 0.0;
	0.0 0.0 0.0 0.0 0.0 0.0 0.0 0.0 0.0 0.0 0.0 0.0;
	0.0 0.0 0.0 0.0 0.0 0.0 0.0 0.0 0.0 0.0 0.0 0.0;
	0.0 0.0 0.0 0.0 0.0 0.0 0.0 0.0 0.0 0.0 0.0 0.0;
	0.0 0.0 0.0 0.0 0.0 0.0 0.0 0.0 0.0 0.0 0.0 0.0;
];
