function windprofile = ex_wind_profilesh1
%EX_WIND_PROFILE_D  Example wind_load_nyiso profile data for deterministic unit commitment.
% 2022.03.12
% Andres F. Ramirez


%% define constants
[GEN_BUS, PG, QG, QMAX, QMIN, VG, MBASE, GEN_STATUS, PMAX, PMIN, ...
    MU_PMAX, MU_PMIN, MU_QMAX, MU_QMIN, PC1, PC2, QC1MIN, QC1MAX, ...
    QC2MIN, QC2MAX, RAMP_AGC, RAMP_10, RAMP_30, RAMP_Q, APF] = idx_gen;
[CT_LABEL, CT_PROB, CT_TABLE, CT_TBUS, CT_TGEN, CT_TBRCH, CT_TAREABUS, ...
    CT_TAREAGEN, CT_TAREABRCH, CT_ROW, CT_COL, CT_CHGTYPE, CT_REP, ...
    CT_REL, CT_ADD, CT_NEWVAL, CT_TLOAD, CT_TAREALOAD, CT_LOAD_ALL_PQ, ...
    CT_LOAD_FIX_PQ, CT_LOAD_DIS_PQ, CT_LOAD_ALL_P, CT_LOAD_FIX_P, ...
    CT_LOAD_DIS_P, CT_TGENCOST, CT_TAREAGENCOST, CT_MODCOST_F, ...
    CT_MODCOST_X] = idx_ct;

windprofile = struct( ...
    'type', 'mpcData', ...
    'table', CT_TGEN, ...
    'rows', [1:45], ...
    'col', PMAX, ...
    'chgtype', 1, ...
    'values', [] );
windprofile.values(:,1,:) = [
	3.7509 50.6826 87.0305 120.2571 15.298 35.5583 31.8803 7.2116 28.3132 13.1124 24.238 36.1583 54.4362 47.2463 176.9883 66.6793 82.7317 87.6709 86.0263 68.1827 10.6268 82.9694 29.0993 35.1466 46.8613 29.1243 4.1065 1321.7217 828.2621 828.2621 691.1202 82.0418 286.7543 175.5026 148.1235 353.3918 1272.7673 197.9184 477.9276 125.5213 112.8759 394.4603 213.7912 114.4938 1286.0253;
	3.2594 44.042 84.473 56.8623 15.2901 29.5636 32.1682 7.0119 11.4449 13.6753 25.2786 37.7107 56.7732 44.015 186.6454 70.3176 87.2459 92.4546 90.7862 70.2435 10.7227 68.9817 26.5953 35.2527 40.8572 28.7079 4.6354 1322.0186 840.4558 840.4558 749.9188 76.571 302.6206 180.8069 137.9929 358.5945 1295.3582 194.7248 475.0611 109.439 119.9288 327.9586 216.5197 106.0369 1308.8515;
	3.1074 41.9881 92.996 51.7508 15.2945 24.5467 32.2556 4.7503 10.0573 13.1386 24.2865 36.2307 54.5452 39.2529 192.7557 72.6196 90.1021 95.4813 89.4839 65.3179 10.7519 57.2756 26.3273 37.2034 33.2607 27.3237 3.4641 1341.9465 837.4264 837.4264 762.6107 93.2877 298.2797 168.1285 123.063 357.3019 1274.746 195.0045 468.5737 89.0911 34.9793 272.3048 216.7976 135.7934 1288.0246;
	3.3197 44.8565 88.6095 50.5951 15.1259 13.8284 32.6166 3.7853 11.1624 11.8438 21.893 32.6601 49.1696 26.702 192.0704 72.3614 89.7818 95.1419 89.2306 65.2399 10.8722 32.2663 26.0092 34.2167 32.3442 23.9499 2.7679 1295.7539 842.3326 842.3326 767.2944 94.9421 297.4352 167.9278 83.7144 359.3952 1274.4625 215.6015 470.8753 86.6362 32.3286 153.4033 215.5384 117.4593 1287.7382;
	3.6327 49.0852 86.588 41.288 15.067 20.6221 32.2961 6.1176 11.9436 10.3978 19.2202 28.6728 43.1668 33.2661 178.7838 67.3558 83.571 88.5603 90.5866 68.6861 10.7654 48.1181 2.3652 23.8207 34.3356 59.208 4.9085 1254.0208 842.2072 842.2072 798.9199 98.6376 301.9554 176.7982 104.2936 359.3417 1273.8477 230.3153 475.3077 91.9703 35.8952 228.7674 209.6085 204.8294 1287.117;
	3.5988 48.6271 93.9209 111.0588 15.1077 31.9301 32.1838 6.3775 11.566 12.1791 22.5129 33.5849 50.5618 29.3403 188.4159 70.9846 88.0735 93.3316 91.0998 67.2326 10.7279 74.5036 0.2998 27.4719 52.1964 60.3721 4.9708 1138.8569 815.6171 815.6171 753.7095 103.5426 303.6661 173.0569 91.9857 347.9966 1203.3649 215.4182 471.9589 139.8117 71.9693 354.2114 203.0917 246.105 1215.9;
	3.823 51.6569 93.4003 116.8333 15.3175 33.892 31.9285 11.0988 11.1378 11.7789 21.7731 32.4813 48.9003 41.7602 195.1167 73.5091 91.2057 96.6508 87.8549 69.4779 10.6428 79.0812 22.6205 51.5292 98.1829 73.8863 10.9324 1055.6123 829.7528 829.7528 776.0046 107.2885 292.8496 178.8363 130.9238 354.0279 1232.1753 262.3886 467.1579 262.9899 115.9925 375.9747 207.9216 279.8307 1245.0104;
	3.7702 50.9442 92.9523 115.6335 15.3825 34.124 31.1406 17.9506 10.5081 9.6783 17.8901 26.6885 40.1794 65.5445 192.7549 72.6193 90.1017 95.4809 85.8217 60.7334 10.3802 79.6227 23.5531 56.0768 101.8461 71.9335 13.3918 979.1478 809.6452 809.6452 776.6684 106.8492 286.0724 156.3279 205.4909 345.4486 1220.212 281.844 477.5802 272.802 122.0499 378.549 209.7472 277.7631 1232.9225;
	3.7497 50.6669 95.1221 116.7187 15.4108 33.5721 30.7713 18.302 10.2679 11.7998 21.8117 32.5388 48.987 67.9969 200.1756 75.415 93.5704 99.1567 56.9171 67.1274 10.2571 78.3348 27.0014 88.1614 104.7865 72.1388 13.6048 775.1153 840.3703 840.3703 765.4944 107.3828 189.7238 172.7862 213.1794 358.558 1203.1861 282.0077 479.9632 280.6781 122.3464 372.4261 208.6903 279.2373 1215.7193;
	3.7148 50.1954 95.0839 116.0216 15.3554 33.755 30.9081 18.2564 19.7669 12.659 23.3999 34.9081 52.5539 66.2239 190.2287 71.6675 88.9208 94.2295 54.3568 56.2772 10.3027 78.7617 30.6459 89.3894 103.4074 70.9585 13.1228 612.4967 845.6981 845.6981 795.2685 101.2276 181.1893 144.8577 207.6209 360.8312 1134.0712 268.1892 476.166 276.984 121.081 374.4557 209.5778 283.8044 1145.8845;
	3.8105 51.4883 95.3169 116.5371 15.413 34.7558 31.7032 18.2195 27.7454 18.5466 34.2831 51.1437 76.9965 69.5258 195.6953 73.7271 91.4762 96.9375 32.4366 62.6669 10.5677 81.0968 31.0745 87.5969 103.3827 72.3796 13.2112 460.2192 802.1677 802.1677 762.8208 88.9334 108.122 161.3048 217.9727 342.2582 938.1097 252.7524 471.6402 276.918 122.2498 385.5574 210.4643 280.7683 947.8817;
	3.3987 45.9241 95.4594 119.8677 15.4098 33.7421 31.3641 18.639 28.2163 20.735 38.3283 57.1783 86.0816 69.0992 193.9115 73.055 90.6423 96.0538 52.6454 62.2523 10.4547 78.7315 37.3532 89.2492 104.9941 75.5739 13.5691 350.2426 798.3698 798.3698 746.642 95.4012 175.4846 160.2375 216.6353 340.6378 782.6761 248.3582 476.206 281.2342 123.1867 374.3122 194.4925 285.3149 790.829;
	2.1735 29.3689 95.3214 116.3924 15.2945 22.9851 26.7858 19.0313 27.5735 28.1698 52.0714 77.6803 116.9473 64.6329 188.586 71.0487 88.153 93.4158 89.9084 57.9995 8.9286 53.6319 59.9276 89.1834 105.2447 75.6392 14.089 316.1503 695.8658 695.8658 657.731 94.3829 299.6945 149.2909 202.6328 296.9027 645.9753 221.7897 447.98 281.9054 122.3623 254.9815 172.4567 286.0295 652.7042;
	2.2468 30.3599 94.8264 114.0477 14.8818 13.8702 27.5411 18.8879 27.2158 31.0548 57.4044 85.6361 128.9246 65.7782 193.2865 72.8195 90.3502 95.7442 87.2433 66.7998 9.1804 32.3638 72.4647 89.5739 105.6845 75.4664 13.9507 299.9728 601.1292 601.1292 605.1217 97.3263 290.8109 171.9428 206.2236 256.4818 481.6776 201.2328 465.859 283.0836 123.2488 153.8667 139.4992 273.4641 486.695;
	2.1084 28.4888 94.163 112.9667 13.3954 5.5627 22.746 18.8119 26.9084 30.1412 55.7156 83.1166 125.1316 64.1551 201.0162 75.7317 93.9634 99.5731 90.3741 70.5104 7.582 12.9796 71.1167 89.3086 103.4956 75.9132 13.9808 386.595 463.0483 463.0483 420.4269 72.1653 301.247 181.4941 201.1348 197.5673 401.4458 169.6078 453.3644 277.2204 121.7935 61.7088 113.1997 267.41 405.6275;
	3.2372 43.7413 93.4287 81.1709 14.2716 25.7846 15.7619 18.9247 21.3782 30.0318 55.5133 82.8149 124.6774 55.4857 200.5269 75.5473 93.7347 99.3308 91.4643 71.7979 5.254 60.164 71.8066 87.81 104.3163 75.4423 13.839 477.3303 478.3141 478.3141 399.55 37.3288 304.881 184.8079 173.9551 204.0807 465.3059 159.3139 437.1464 279.4186 123.1961 286.037 80.8669 267.6434 470.1529;
	2.8623 38.6765 93.1037 61.8518 14.1865 30.8837 13.2079 18.9766 26.1497 27.7702 51.3328 76.5784 115.2883 59.1447 194.7148 73.3577 91.0178 96.4517 86.0289 70.5272 4.4026 72.062 72.2159 87.2427 104.304 74.5474 13.985 557.4464 563.1683 563.1683 443.8681 22.4389 286.7628 181.5373 185.4265 240.2852 575.6841 116.6786 151.5865 279.3857 121.8421 342.6034 103.062 258.8638 581.6809;
	3.5647 48.1672 90.3952 61.1506 14.7481 30.8691 28.0085 18.6916 26.3324 14.2205 26.2863 39.214 59.0364 64.3926 181.0729 68.2181 84.641 89.6942 66.5966 71.5302 9.3362 72.0278 50.8729 86.284 102.3611 72.901 13.5006 539.8275 610.8458 610.8458 404.5095 17.4373 221.9886 184.1189 201.8795 260.6275 747.155 76.5956 390.1778 274.1814 121.5993 342.4408 112.3853 249.9106 754.9379;
