function solarprofile = ex_solar_profilesh1
%EX_WIND_PROFILE_D  Example wind_load_nyiso profile data for deterministic unit commitment.
% 2022.03.12
% Andres F. Ramirez


%% define constants
[GEN_BUS, PG, QG, QMAX, QMIN, VG, MBASE, GEN_STATUS, PMAX, PMIN, ...
    MU_PMAX, MU_PMIN, MU_QMAX, MU_QMIN, PC1, PC2, QC1MIN, QC1MAX, ...
    QC2MIN, QC2MAX, RAMP_AGC, RAMP_10, RAMP_30, RAMP_Q, APF] = idx_gen;
[CT_LABEL, CT_PROB, CT_TABLE, CT_TBUS, CT_TGEN, CT_TBRCH, CT_TAREABUS, ...
    CT_TAREAGEN, CT_TAREABRCH, CT_ROW, CT_COL, CT_CHGTYPE, CT_REP, ...
    CT_REL, CT_ADD, CT_NEWVAL, CT_TLOAD, CT_TAREALOAD, CT_LOAD_ALL_PQ, ...
    CT_LOAD_FIX_PQ, CT_LOAD_DIS_PQ, CT_LOAD_ALL_P, CT_LOAD_FIX_P, ...
    CT_LOAD_DIS_P, CT_TGENCOST, CT_TAREAGENCOST, CT_MODCOST_F, ...
    CT_MODCOST_X] = idx_ct;

solarprofile = struct( ...
    'type', 'mpcData', ...
    'table', CT_TGEN, ...
    'rows', [1:12], ...
    'col', PMAX, ...
    'chgtype', 1, ...
    'values', [] );
solarprofile.values(:,1,:) = [
	0.0 0.0 0.0 0.0 0.0 0.0 0.0 0.0 0.0 0.0 0.0 0.0;
	0.0 0.0 0.0 0.0 0.0 0.0 0.0 0.0 0.0 0.0 0.0 0.0;
	0.0 0.0 0.0 0.0 0.0 0.0 0.0 0.0 0.0 0.0 0.0 0.0;
	0.0 0.0 0.0 0.0 0.0 0.0 0.0 0.0 0.0 0.0 0.0 0.0;
	0.0 0.0 0.0 0.0 0.0 0.0 0.0 0.0 0.0 0.0 0.0 0.0;
	0.0 0.0 0.0 0.0 0.0 0.0 0.0 0.0 0.0 0.0 0.0 0.0;
	0.0 0.0795 0.0147 7.0115 4.1267 9.5294 1.1912 0.0 13.7938 14.9071 5.7733 26.9969;
	0.0 0.0 0.0 8.0136 7.1996 37.277 4.6596 3.939 6.4429 74.4114 14.4175 134.7594;
	0.0 0.0 0.0464 6.8292 8.2387 53.2735 6.6592 8.1892 5.5109 127.7671 27.9582 231.3869;
	0.8736 1.2616 1.1138 5.1419 7.3394 65.7161 8.2145 6.859 24.7951 136.388 47.2758 246.9996;
	2.3734 2.3747 2.0993 6.935 7.3597 80.9936 10.1242 7.2655 38.2089 135.3678 92.0693 245.1519;
	2.768 2.4471 2.16 8.9443 7.5269 81.4658 10.1832 8.5851 39.4709 125.3364 110.0193 226.9849;
	2.3405 1.3288 1.1865 8.5878 6.8873 84.1483 10.5185 27.5987 28.0791 158.0109 74.9202 286.1587;
	1.2076 0.6002 0.6513 5.1835 5.6536 40.1531 5.0191 21.9042 18.2769 117.0854 45.1696 212.0423;
	0.4957 0.1486 0.3877 2.1887 4.4479 22.3892 2.7986 13.1706 14.802 74.621 28.1337 135.1391;
	0.8664 0.8145 1.199 0.6072 1.468 8.6163 1.077 2.8568 15.0258 39.5551 18.4853 71.6344;
	0.3248 0.3124 0.3315 0.4838 0.967 30.1412 3.7676 7.1118 22.204 21.4491 14.3794 38.8444;
	0.0 0.0 0.0 0.0 0.0 0.0 0.0 0.0 0.0 0.0 0.0 0.0;
	0.0 0.0 0.0 0.0 0.0 0.0 0.0 0.0 0.0 0.0 0.0 0.0;
	0.0 0.0 0.0 0.0 0.0 0.0 0.0 0.0 0.0 0.0 0.0 0.0;
	0.0 0.0 0.0 0.0 0.0 0.0 0.0 0.0 0.0 0.0 0.0 0.0;
	0.0 0.0 0.0 0.0 0.0 0.0 0.0 0.0 0.0 0.0 0.0 0.0;
	0.0 0.0 0.0 0.0 0.0 0.0 0.0 0.0 0.0 0.0 0.0 0.0;
	0.0 0.0 0.0 0.0 0.0 0.0 0.0 0.0 0.0 0.0 0.0 0.0;
];
