function loadprofile = ex_load_profilesh1
%EX_LOAD_PROFILE  Example load profile data file for stochastic unit commitment.
% 2022.03.12
% Andres F. Ramirez

%% define constants
[CT_LABEL, CT_PROB, CT_TABLE, CT_TBUS, CT_TGEN, CT_TBRCH, CT_TAREABUS, ...
    CT_TAREAGEN, CT_TAREABRCH, CT_ROW, CT_COL, CT_CHGTYPE, CT_REP, ...
    CT_REL, CT_ADD, CT_NEWVAL, CT_TLOAD, CT_TAREALOAD, CT_LOAD_ALL_PQ, ...
    CT_LOAD_FIX_PQ, CT_LOAD_DIS_PQ, CT_LOAD_ALL_P, CT_LOAD_FIX_P, ...
    CT_LOAD_DIS_P, CT_TGENCOST, CT_TAREAGENCOST, CT_MODCOST_F, ...
    CT_MODCOST_X] = idx_ct;

loadprofile = struct( ...
    'type', 'mpcData', ...
    'table', CT_TAREALOAD, ...
    'rows', [1:11], ...
    'col', CT_LOAD_ALL_P, ...
    'chgtype', 1, ...
    'values', [] );
loadprofile.values(:,1,:) = [
	1420.4775 886.387 1615.1679 582.0 886.2321 1233.9255 910.3418 328.1716 532.0917 4712.9 1780.3007;
	1372.2717 855.9099 1560.0064 575.3 856.4978 1189.8732 864.812 311.771 495.4802 4517.5317 1723.3066;
	1355.4834 794.3153 1557.3015 580.1 860.7573 1181.8708 867.0341 302.026 494.2 4431.7953 1688.7871;
	1372.3995 843.013 1573.5423 592.4858 864.214 1166.1244 862.4 293.0575 483.4494 4341.4355 1695.1;
	1430.3655 889.8739 1656.2299 585.4 921.0 1224.8456 905.0679 319.2501 527.6 4592.3181 1779.6829;
	1480.6976 949.6948 1730.1488 586.6519 991.6075 1306.5 942.6689 324.7248 565.6802 4759.2191 1869.3192;
	1513.2044 964.969 1746.3 601.5242 1022.8331 1366.2541 1018.651 346.1319 602.0 4953.5509 1959.8999;
	1533.7009 1039.4451 1797.774 606.976 1056.8647 1409.6934 1055.1637 354.7007 619.6404 5008.6064 1932.9694;
	1594.0 1053.8045 1822.5 613.4902 1107.4604 1442.0202 1075.5057 356.0 632.8196 5283.0757 2012.7948;
	1556.918 1062.3219 1779.2635 603.4326 1086.4464 1429.3664 1079.7898 330.4 646.1561 5420.5433 2043.5235;
	1547.043 1065.1011 1766.4613 597.79 1069.5537 1426.4 1059.2382 325.5774 633.8635 5450.7125 1891.1362;
	1565.8958 1070.2 1765.8107 577.2928 1051.6267 1406.3 1057.6911 319.1 640.1414 5528.387 1924.9727;
	1506.2058 1059.167 1751.4541 573.2 1043.3802 1382.9548 1021.8366 312.2361 617.9246 5461.5933 1757.2348;
	1570.1893 1048.4503 1747.6548 575.6 1017.963 1390.295 1047.9309 317.3 624.8585 5449.8161 1850.5541;
	1555.2726 1049.1412 1811.2511 566.2097 1008.5717 1418.7082 1061.0354 305.4212 632.3626 5386.8981 1868.869;
	1551.9948 1014.6144 1787.0751 575.8 1006.7 1464.2091 1098.1785 295.6 657.0614 5437.2625 1970.4909;
	1564.7312 1077.9392 1848.3812 581.1912 994.633 1487.8183 1117.0191 301.1256 658.9979 5420.4865 2068.3063;
	1606.9991 1129.3 1950.6796 606.8838 1080.8332 1549.4894 1164.0819 318.2169 693.931 5665.5176 2258.1878;
	1646.1535 1117.1627 1953.3354 601.1431 1066.1951 1532.125 1154.6736 321.1687 704.7255 5679.6154 2277.3818;
	1618.4615 1057.9224 1851.9286 575.8 1012.0386 1407.8194 1063.3797 305.7026 660.6464 5490.0019 2122.7678;
	1548.6302 1020.3307 1762.7767 558.3889 965.229 1330.8217 994.7633 285.3048 623.8515 5324.0354 2065.9346;
	1469.7767 957.8 1636.8966 548.0132 872.7637 1218.0035 888.1725 263.9816 565.6318 4988.7239 1885.788;
	1383.9289 872.962 1548.2242 569.7401 834.3768 1065.1974 781.6896 247.517 492.6955 4621.2697 1670.3333;
	1349.921 866.1 1516.4813 559.7088 810.3994 1033.792 756.3393 232.6337 472.7461 4384.7237 1544.0981;
];
