function windprofile = ex_wind_profilesh1
%EX_WIND_PROFILE_D  Example wind_load_nyiso profile data for deterministic unit commitment.
% 2022.03.12
% Andres F. Ramirez


%% define constants
[GEN_BUS, PG, QG, QMAX, QMIN, VG, MBASE, GEN_STATUS, PMAX, PMIN, ...
    MU_PMAX, MU_PMIN, MU_QMAX, MU_QMIN, PC1, PC2, QC1MIN, QC1MAX, ...
    QC2MIN, QC2MAX, RAMP_AGC, RAMP_10, RAMP_30, RAMP_Q, APF] = idx_gen;
[CT_LABEL, CT_PROB, CT_TABLE, CT_TBUS, CT_TGEN, CT_TBRCH, CT_TAREABUS, ...
    CT_TAREAGEN, CT_TAREABRCH, CT_ROW, CT_COL, CT_CHGTYPE, CT_REP, ...
    CT_REL, CT_ADD, CT_NEWVAL, CT_TLOAD, CT_TAREALOAD, CT_LOAD_ALL_PQ, ...
    CT_LOAD_FIX_PQ, CT_LOAD_DIS_PQ, CT_LOAD_ALL_P, CT_LOAD_FIX_P, ...
    CT_LOAD_DIS_P, CT_TGENCOST, CT_TAREAGENCOST, CT_MODCOST_F, ...
    CT_MODCOST_X] = idx_ct;

windprofile = struct( ...
    'type', 'mpcData', ...
    'table', CT_TGEN, ...
    'rows', [1:45], ...
    'col', PMAX, ...
    'chgtype', 1, ...
    'values', [] );
windprofile.values(:,1,:) = [
	3.7818 51.1008 80.1889 106.9057 14.6599 33.7784 30.0052 6.1295 27.0117 0.2191 0.4049 0.604 0.9094 16.5062 145.2134 54.7083 67.8788 71.9313 69.3106 67.7788 10.0017 78.8164 0.0 27.9932 43.5848 24.8326 3.7171 1224.7903 777.0561 777.0561 614.0099 88.8549 231.0354 174.4629 51.749 331.5439 1188.8852 199.0923 418.9519 116.7451 94.1594 374.7155 199.6429 87.6952 1201.2694;
	2.8188 38.0881 63.5592 0.0 14.4228 22.2597 30.0554 6.5888 10.0882 0.6833 1.263 1.8841 2.8366 27.0167 154.1657 58.081 72.0635 76.3658 80.2776 69.1248 10.0185 51.9393 0.0 5.4502 34.2188 27.5625 3.0649 1198.5875 794.2505 794.2505 635.371 78.3439 267.5921 177.9275 84.701 338.8802 1218.1573 186.8553 434.1827 91.6575 96.7973 246.9344 186.0381 0.0 1230.8464;
	2.2989 31.0634 74.0766 31.3451 14.3264 20.4961 30.1135 6.2947 8.7896 0.9355 1.7292 2.5796 3.8836 31.894 176.3675 66.4454 82.4416 87.3634 83.4131 61.3226 10.0378 47.8242 0.0 23.254 33.9417 30.2186 4.8386 1216.0611 801.9388 801.9388 664.9158 91.7118 278.0438 157.8445 99.992 342.1605 1249.2562 191.1993 435.998 90.9154 0.0 227.3699 186.8581 24.4514 1262.2693;
	1.5282 20.6499 79.8208 40.0277 14.4213 11.5243 30.2101 7.1545 10.4444 0.1157 0.2138 0.319 0.4802 20.0083 185.8866 70.0317 86.8912 92.0787 82.807 64.4326 10.07 26.8901 0.0 30.507 35.222 32.7575 5.0603 1221.8342 814.9687 814.9687 723.709 97.1198 276.0233 165.8496 62.7287 347.72 1255.72 222.0188 437.542 94.3445 11.5423 127.8433 189.6473 18.5576 1268.8004;
	3.5078 47.3987 83.0885 41.3894 14.8354 19.0396 30.9419 7.9061 11.4823 0.1849 0.3418 0.5099 0.7677 26.2463 164.5342 61.9873 76.9102 81.5018 86.2754 66.3111 10.314 44.4258 0.0 27.2208 41.324 68.544 5.7231 1199.6185 829.0218 829.0218 692.8351 103.1983 287.5846 170.6849 82.2857 353.716 1278.07 220.6788 455.5036 110.6893 25.3724 211.2129 198.579 183.7057 1291.3832;
	3.5856 48.4488 94.5249 114.4112 15.1318 32.7382 30.8568 8.0354 11.3609 8.8918 16.4363 24.5197 36.9143 15.0208 186.5169 70.2692 87.1858 92.3909 91.161 66.587 10.2856 76.3892 0.0211 32.6384 56.6929 74.1706 5.8241 1099.3233 804.9768 804.9768 684.5752 107.6704 303.87 171.3951 47.0922 343.4568 1205.8843 217.7666 448.8779 151.8559 65.0332 363.1762 205.5588 231.3008 1218.4456;
	3.7236 50.3135 94.3436 119.898 15.2052 34.9045 30.8283 12.201 11.2019 11.4922 21.2432 31.6907 47.7101 35.5579 196.4778 74.0219 91.842 97.3251 88.2839 69.4864 10.2761 81.4439 23.7814 55.4295 103.8504 76.481 11.3158 1077.4924 814.7845 814.7845 692.4059 110.954 294.2798 178.8581 111.4789 347.6414 1229.9352 257.7125 465.7179 278.1708 110.3502 387.2075 214.9575 281.2424 1242.747;
	3.591 48.5219 91.4846 114.7239 14.9041 33.9224 30.3274 18.7635 10.4067 10.2392 18.927 28.2353 42.5081 59.0289 199.3531 75.1051 93.186 98.7493 85.4921 57.2171 10.1091 79.1522 22.3769 55.3101 102.56 75.8431 13.6517 906.0214 764.2094 764.2094 629.0444 110.786 284.9738 147.277 185.0636 326.0627 1142.9966 263.6546 453.8168 274.7143 115.0462 376.312 207.8776 272.5062 1154.9029;
	3.6091 48.7673 92.7681 114.1157 15.2382 33.1212 29.7144 18.6737 10.0101 12.6544 23.3914 34.8954 52.5348 60.7191 200.1247 75.3958 93.5467 99.1315 53.0002 57.8912 9.9048 77.2828 29.2315 86.0744 101.9552 75.2199 13.633 648.5357 791.9347 791.9347 639.6024 111.7993 176.6674 149.0122 190.3624 337.8921 1112.2667 289.3766 453.1267 273.0943 116.7295 367.4246 212.5873 267.8083 1123.8528;
	2.4933 33.6895 91.322 117.4655 14.8126 33.0236 29.1382 17.8255 19.118 9.9516 18.3953 27.4422 41.314 49.0653 193.9393 73.0655 90.6553 96.0676 55.7141 56.2758 9.7127 77.055 17.0706 87.2223 99.6368 74.191 13.059 381.4122 782.9932 782.9932 610.9277 110.9891 185.7138 144.8541 153.8263 334.0771 953.2704 261.3445 456.3367 266.8844 113.3357 366.3416 207.8892 262.9507 963.2003;
	3.581 48.3877 90.4826 116.5655 14.8268 33.5088 31.1074 17.6289 27.48 16.6632 30.8017 45.9501 69.1777 65.654 200.4411 75.515 93.6945 99.2882 41.003 65.6413 10.3691 78.1873 20.1171 83.6886 97.9957 74.1029 13.0709 399.3014 799.4728 799.4728 711.5503 101.6539 136.6765 168.961 205.8343 341.1084 910.3748 276.2644 466.761 262.4884 117.3035 371.7248 203.898 256.9577 919.8578;
	2.5067 33.8704 88.1196 112.6272 15.0645 31.4759 29.7498 17.6057 27.5915 19.0584 35.2291 52.5549 79.1212 62.4745 193.2928 72.822 90.3532 95.7474 53.1808 62.0419 9.9166 73.4439 6.5607 82.3476 95.1029 73.9131 12.6282 263.2447 736.2485 736.2485 509.3022 104.0924 177.2694 159.696 195.8662 314.1327 671.3591 239.2443 459.3155 254.74 116.9398 349.1731 186.1865 248.7396 678.3524;
	1.418 19.1601 92.5249 111.155 14.7569 19.3717 26.7858 18.2953 28.3133 28.0948 51.9329 77.4736 116.6361 63.1312 188.0657 70.8527 87.9098 93.1581 91.2081 60.4709 8.9286 45.2007 47.9233 84.0541 97.1986 73.9342 13.6856 246.666 670.8154 670.8154 536.9242 96.2567 304.0271 155.6523 197.925 286.2146 607.5043 212.4105 444.7187 260.3533 118.7514 214.8971 161.5952 265.61 613.8325;
	1.6313 22.0427 89.1169 110.4005 14.3683 10.6416 26.3073 17.6967 27.8932 30.4111 56.2144 83.8608 126.252 65.4273 189.7369 71.4823 88.691 93.986 89.8605 65.2162 8.7691 24.8304 69.0032 83.9255 97.9292 73.6505 13.3669 262.7524 621.7273 621.7273 581.2933 100.9396 299.535 167.8666 205.1235 265.2703 473.7332 212.6314 443.5382 262.3103 118.3986 118.051 133.3969 259.0956 478.6679;
	2.0613 27.852 91.1955 114.3504 13.2019 0.4003 21.8664 17.9147 27.79 29.2965 54.1542 80.7874 121.625 68.1808 195.1953 73.5387 91.2425 96.6898 90.726 70.5651 7.2888 0.934 67.2737 86.582 98.2013 71.2185 13.6218 442.6989 506.1314 506.1314 438.5032 93.6282 302.4199 181.6348 213.756 215.9494 433.6763 192.0354 440.3271 263.0393 118.3574 4.4404 117.2998 251.5197 438.1938;
	2.8712 38.796 90.7207 86.6731 14.5305 24.2574 14.7251 18.7472 24.1602 28.4932 52.6693 78.5722 118.29 58.9166 191.134 72.0086 89.344 94.678 89.4051 71.025 4.9084 56.6007 66.4794 89.0248 103.4301 74.8694 13.8427 459.01 517.2736 517.2736 392.8731 50.3044 298.0169 182.8186 184.7116 220.7034 456.8367 156.6695 429.0219 277.0448 121.2247 269.0957 78.7515 264.8496 461.5955;
	2.9445 39.7864 91.0381 63.4962 15.0885 30.7789 13.0365 18.8153 26.9965 28.0904 51.9247 77.4614 116.6177 64.7346 187.6172 70.6837 87.7002 92.936 90.4865 70.5275 4.3455 71.8174 70.7113 89.4869 105.8678 75.6501 13.8478 545.6966 580.6396 580.6396 425.5475 31.6314 301.6217 181.5379 202.9516 247.7396 565.1584 117.7886 167.396 283.5743 120.8436 341.4404 109.0164 265.6624 571.0455;
	3.5681 48.2128 93.8935 66.6973 14.8258 31.3348 26.7211 19.0876 26.6711 13.8794 25.6559 38.2735 57.6206 66.6517 176.0266 66.317 82.2822 87.1946 77.0296 69.6149 8.907 73.1146 46.9503 89.8206 106.7663 75.5866 14.0762 659.8541 579.9388 579.9388 378.0301 28.3648 256.7654 179.1888 208.962 247.4406 742.8078 76.704 411.7707 285.9811 124.0288 347.6078 115.4675 268.0711 750.5453;
