function windprofile = ex_wind_profilesh1
%EX_WIND_PROFILE_D  Example wind_load_nyiso profile data for deterministic unit commitment.
% 2022.03.12
% Andres F. Ramirez


%% define constants
[GEN_BUS, PG, QG, QMAX, QMIN, VG, MBASE, GEN_STATUS, PMAX, PMIN, ...
    MU_PMAX, MU_PMIN, MU_QMAX, MU_QMIN, PC1, PC2, QC1MIN, QC1MAX, ...
    QC2MIN, QC2MAX, RAMP_AGC, RAMP_10, RAMP_30, RAMP_Q, APF] = idx_gen;
[CT_LABEL, CT_PROB, CT_TABLE, CT_TBUS, CT_TGEN, CT_TBRCH, CT_TAREABUS, ...
    CT_TAREAGEN, CT_TAREABRCH, CT_ROW, CT_COL, CT_CHGTYPE, CT_REP, ...
    CT_REL, CT_ADD, CT_NEWVAL, CT_TLOAD, CT_TAREALOAD, CT_LOAD_ALL_PQ, ...
    CT_LOAD_FIX_PQ, CT_LOAD_DIS_PQ, CT_LOAD_ALL_P, CT_LOAD_FIX_P, ...
    CT_LOAD_DIS_P, CT_TGENCOST, CT_TAREAGENCOST, CT_MODCOST_F, ...
    CT_MODCOST_X] = idx_ct;

windprofile = struct( ...
    'type', 'mpcData', ...
    'table', CT_TGEN, ...
    'rows', [1:45], ...
    'col', PMAX, ...
    'chgtype', 1, ...
    'values', [] );
windprofile.values(:,1,:) = [
	3.893 52.603 82.2182 111.9769 14.8793 33.9572 32.3718 7.0495 28.0099 11.5612 21.3706 31.8808 47.9963 45.2275 188.8114 71.1336 88.2583 93.5275 85.4288 71.5872 10.7906 79.2336 25.1851 20.8754 45.4994 27.8331 5.0305 1309.5471 847.3154 847.3154 729.5918 89.8228 284.7627 184.2657 141.7943 361.5212 1280.0967 224.0763 470.9865 121.8733 115.3942 376.699 213.7909 96.493 1293.4311;
	3.1008 41.898 72.3525 38.7793 14.8196 26.1443 31.7597 5.7267 10.3455 12.1837 22.5214 33.5974 50.5808 45.8724 186.6414 70.3161 87.244 92.4526 84.6255 70.3232 10.5866 61.0034 24.7582 27.5226 33.0412 28.6289 4.8041 1298.0911 850.8507 850.8507 753.2403 81.0871 282.0849 181.012 143.8163 363.0296 1297.5889 224.2027 471.7954 88.5032 117.4621 290.0274 207.1119 83.3505 1311.1055;
	3.0603 41.3507 86.0306 44.005 14.8506 23.7323 32.3958 6.3331 10.2036 13.5497 25.0464 37.3643 56.2518 44.0856 196.5518 74.0498 91.8766 97.3617 89.5257 66.7797 10.7986 55.3753 30.5496 30.8256 34.6113 29.2563 6.0328 1321.7878 851.7193 851.7193 785.6504 95.4677 298.4191 171.891 138.2143 363.4002 1306.3369 223.7595 477.3841 92.7087 34.2049 263.2701 214.1779 112.3474 1319.9446;
	3.4273 46.3105 84.1037 43.9275 14.5938 13.7129 32.5649 6.9401 11.6616 13.5134 24.9794 37.2643 56.1012 27.1118 193.9287 73.0615 90.6504 96.0624 84.9203 66.3213 10.855 31.9968 31.3816 6.6094 32.409 31.4964 5.6123 1303.2125 847.1258 847.1258 776.4905 92.9207 283.0678 170.7112 84.999 361.4404 1290.0722 236.2636 464.9103 86.8098 37.8976 152.1218 211.528 101.0063 1303.5105;
	3.6722 49.6202 77.6807 33.749 14.5416 22.2834 32.4098 6.4463 11.6416 11.3962 21.0658 31.426 47.3117 31.3964 175.4859 66.1133 82.0294 86.9267 86.9748 64.5131 10.8033 51.9947 14.7266 0.0 28.0239 62.7953 5.4382 1236.4534 842.1851 842.1851 796.8457 99.2263 289.916 166.057 98.432 359.3323 1271.2051 244.1866 456.4773 75.064 35.6026 247.1976 210.3483 169.9414 1284.4469;
	3.603 48.6848 91.5809 107.0403 14.6038 33.3074 32.0291 7.3257 10.3145 11.7077 21.6416 32.285 48.6049 26.4334 185.0473 69.7155 86.4988 91.663 89.778 65.1751 10.6764 77.7172 5.5163 15.5032 49.208 70.2298 5.8009 1141.9946 826.9562 826.9562 802.8085 102.6353 299.2601 167.7609 82.8722 352.8346 1223.2173 254.3194 458.5528 131.8071 69.0336 369.4896 210.7448 225.2957 1235.9592;
	3.803 51.3863 90.476 109.1617 14.7764 34.7656 32.3288 10.3001 10.1272 10.9774 20.2916 30.271 45.5729 38.225 188.1828 70.8968 87.9645 93.2162 81.2359 66.8514 10.7763 81.1197 5.5127 19.4032 93.8891 73.9114 10.7412 1110.0611 811.3767 811.3767 779.7537 101.7982 270.7864 172.0757 119.8406 346.1874 1246.5785 284.7714 466.0301 251.4886 101.3843 385.666 212.974 266.4568 1259.5637;
	3.8603 52.1606 91.056 110.6683 14.9064 35.1493 32.2664 18.0717 10.6485 9.5311 17.618 26.2826 39.5683 62.7731 185.0545 69.7182 86.5022 91.6665 80.4482 52.0626 10.7555 82.015 0.0 21.1528 92.9899 73.4314 13.5526 1059.6056 825.9647 825.9647 793.7445 110.3352 268.1607 134.0092 196.8022 352.4116 1241.6854 315.2963 475.3935 249.0801 116.9281 389.9227 216.443 270.805 1254.6196;
	3.8233 51.6617 90.5664 110.5726 14.7039 34.3857 31.3032 17.36 9.5212 10.278 18.9987 28.3423 42.6691 63.9509 190.8686 71.9086 89.22 94.5465 48.4832 59.2007 10.4344 80.2334 0.0 83.6642 99.7482 71.4311 13.2521 737.9331 827.6885 827.6885 781.4152 111.0575 161.6106 152.3827 200.4946 353.1471 1188.6551 317.0185 471.7931 267.1827 119.3081 381.4524 217.5008 261.7316 1201.037;
	3.7808 51.0865 87.8508 109.4659 14.3953 33.9214 30.0866 17.1506 16.3933 9.9034 18.3063 27.3094 41.1141 62.0075 188.8796 71.1593 88.2902 93.5613 49.2011 53.1651 10.0289 79.1498 0.0 85.3714 96.358 67.9974 12.8135 490.8488 823.2511 823.2511 724.8984 102.9655 164.0037 136.8472 194.4018 351.2538 1040.6181 262.7765 445.8186 258.1017 117.4308 376.3009 213.7364 250.4871 1051.4579;
	3.6709 49.6015 87.1861 110.4684 14.3191 33.6456 31.4768 16.6884 27.16 9.7671 18.0543 26.9335 40.5483 68.1693 199.4819 75.1536 93.2462 98.8131 31.3928 57.5032 10.4923 78.5063 0.0 73.3807 92.9558 65.9814 12.804 414.6823 788.0619 788.0619 707.8848 97.2358 104.6428 148.0133 213.7201 336.2397 882.4373 269.2322 450.9956 248.9887 117.7379 373.2415 206.503 245.9156 891.6293;
	3.262 44.0763 88.6123 114.691 14.3617 32.7868 30.3621 17.5908 27.1187 17.4458 32.2483 48.1082 72.4266 67.1852 193.6358 72.9511 90.5135 95.9172 51.483 55.8519 10.1207 76.5025 1.2274 81.6965 93.636 72.5951 12.9475 299.0394 770.9661 770.9661 682.2245 99.7964 171.6101 143.763 210.6346 328.9455 759.3711 245.8631 434.2902 250.8107 118.3068 363.7148 199.5063 261.3504 767.2812;
	2.0642 27.8919 88.2368 109.9484 13.5574 22.0373 27.7819 17.7837 27.6843 25.5141 47.1625 70.3571 105.9222 69.0353 198.3852 74.7405 92.7335 98.2699 92.2867 62.2466 9.2606 51.4203 34.9191 80.0026 89.7192 69.7819 13.3568 291.411 704.4868 704.4868 648.9507 94.8547 307.6223 160.2228 216.435 300.581 645.8612 231.2954 432.6834 240.3193 118.944 244.467 178.1646 258.213 652.5889;
	2.3279 31.4549 86.987 110.6115 14.2511 13.7367 25.7783 17.4313 26.6325 30.2101 55.8429 83.3067 125.4177 68.0387 197.5788 74.4367 92.3566 97.8704 89.73 67.1076 8.5928 32.0524 62.3902 81.7161 89.5766 71.4182 13.2693 255.8256 585.9178 585.9178 568.3465 94.3326 299.0999 172.7351 213.3107 249.9916 419.7386 199.8028 448.7242 239.9374 121.5295 152.3863 142.7877 254.1804 424.1108;
	2.2189 29.9828 85.6277 108.6926 12.3233 3.9783 20.0886 14.9888 25.8649 29.0073 53.6195 79.9897 120.4241 66.9545 199.9264 75.3211 93.454 99.0333 91.6414 70.3799 6.6962 9.2826 66.195 82.3953 93.0617 69.5801 12.8966 429.2017 467.5767 467.5767 420.1849 90.7326 305.4713 181.1581 209.9115 199.4994 397.44 188.4227 421.7061 249.2725 119.6362 44.1322 113.3012 236.9077 401.58;
	3.2612 44.0666 84.7995 79.2663 14.0478 26.6779 15.5661 17.5728 21.1946 29.0227 53.648 80.0323 120.4882 59.5224 199.2611 75.0705 93.143 98.7037 90.5688 69.8449 5.1887 62.2483 67.2102 85.0168 96.4124 72.0952 13.2808 466.0044 485.0409 485.0409 384.2458 47.5253 301.896 179.7809 186.6106 206.9508 461.7435 167.346 436.6375 258.2474 121.2313 295.9463 81.9464 252.3449 466.5534;
	3.0547 41.2753 86.2857 60.0189 14.4544 32.7464 12.8049 17.903 25.7962 26.9037 49.7311 74.1891 111.6912 59.3368 191.639 72.1989 89.5801 94.9281 86.7908 68.51 4.2683 76.4082 63.9793 85.1111 100.5875 73.5901 13.4482 587.5873 532.6568 532.6568 414.0129 27.7824 289.3027 176.3448 186.0289 227.2669 586.531 118.8468 156.1343 269.4309 122.0758 363.2666 111.1025 235.64 592.6407;
	3.4923 47.1882 86.446 52.7947 14.826 33.0966 25.7605 18.1247 25.7613 12.9072 23.8588 35.5926 53.5845 61.4377 185.5392 69.9008 86.7288 91.9066 73.5981 70.1134 8.5868 77.2253 33.1951 86.6539 101.2613 74.0588 13.2503 692.2392 589.931 589.931 395.3252 27.4992 245.3269 180.4722 192.6156 251.7039 770.5088 78.6851 346.9385 271.2356 121.8864 367.1513 114.1227 246.8701 778.5349;
