function loadprofile = ex_load_profilesh1
%EX_LOAD_PROFILE  Example load profile data file for stochastic unit commitment.
% 2022.03.12
% Andres F. Ramirez

%% define constants
[CT_LABEL, CT_PROB, CT_TABLE, CT_TBUS, CT_TGEN, CT_TBRCH, CT_TAREABUS, ...
    CT_TAREAGEN, CT_TAREABRCH, CT_ROW, CT_COL, CT_CHGTYPE, CT_REP, ...
    CT_REL, CT_ADD, CT_NEWVAL, CT_TLOAD, CT_TAREALOAD, CT_LOAD_ALL_PQ, ...
    CT_LOAD_FIX_PQ, CT_LOAD_DIS_PQ, CT_LOAD_ALL_P, CT_LOAD_FIX_P, ...
    CT_LOAD_DIS_P, CT_TGENCOST, CT_TAREAGENCOST, CT_MODCOST_F, ...
    CT_MODCOST_X] = idx_ct;

loadprofile = struct( ...
    'type', 'mpcData', ...
    'table', CT_TAREALOAD, ...
    'rows', [1:11], ...
    'col', CT_LOAD_ALL_P, ...
    'chgtype', 1, ...
    'values', [] );
loadprofile.values(:,1,:) = [
	1484.495 902.0843 1614.99 571.6816 845.2648 1242.9827 879.2644 294.4053 535.2921 4791.7287 1852.1174;
	1428.4689 878.0 1584.8357 558.3113 835.8926 1225.7922 877.6815 275.8722 521.163 4642.5687 1765.7832;
	1456.0 885.5928 1586.5431 550.1755 816.4041 1231.3 876.7034 271.8741 513.8649 4528.1791 1765.7702;
	1459.7236 892.4723 1582.8794 552.1044 834.1778 1259.0 890.5038 271.1 531.0267 4552.1546 1815.8673;
	1493.0952 918.7669 1616.1833 577.7 866.5177 1291.853 928.7294 287.1879 554.1062 4663.0346 1877.8006;
	1588.8 1005.2906 1732.7287 594.2255 931.9646 1377.6912 994.8 308.9121 585.1634 4791.3383 1931.2;
	1621.5666 1023.5937 1770.8895 600.4178 976.4203 1449.2366 1059.4 311.7646 616.2 4941.4907 1988.5515;
	1614.8 1030.614 1788.4373 601.6232 1014.0768 1481.4874 1080.9353 317.6 640.6 5166.5669 2045.6106;
	1628.6387 1029.8635 1763.2236 594.255 1002.7369 1426.9677 1052.3419 321.138 641.127 5284.1887 2059.5425;
	1643.6847 1034.2299 1738.4196 594.4 973.388 1419.681 1034.0739 304.2736 659.8315 5197.5042 1967.272;
	1676.4059 1086.2978 1803.5307 587.3 985.8576 1498.3344 1037.597 305.107 652.3295 5350.0506 2039.9948;
	1650.4002 1072.3284 1774.0 578.1 956.9757 1447.488 1001.116 293.5535 644.6632 5272.6946 1998.5778;
	1639.2713 1065.8887 1717.3022 568.0194 930.5763 1405.5711 990.623 295.0731 645.3954 5349.009 2081.372;
	1671.4947 1081.8963 1729.7911 587.6 943.7653 1427.0065 1019.8005 307.2 651.7484 5441.6023 2109.7;
	1681.5245 1112.4103 1776.2851 606.3776 946.5785 1471.5298 1054.6792 318.2983 684.392 5567.8317 2189.7033;
	1637.128 1096.867 1762.6532 597.8121 962.094 1471.6261 1058.8264 314.3984 687.3295 5538.799 2179.5556;
	1672.354 1110.2306 1796.487 613.5788 1001.3068 1494.995 1059.4661 307.9169 707.3157 5560.6938 2226.6109;
	1730.6231 1175.219 1879.6004 625.5 1086.3841 1554.0439 1121.0804 345.2404 717.2008 5737.851 2355.5094;
	1830.0742 1198.5797 1905.7043 622.2 1074.9508 1534.5495 1086.8316 337.9659 713.0412 5673.8242 2324.3748;
	1770.1371 1138.7218 1818.1874 604.4907 1037.7491 1471.7 1080.2951 335.4511 697.0916 5574.4 2257.7814;
	1697.8183 1051.3005 1719.4226 587.127 950.2 1367.6607 996.7019 302.1 631.93 5226.9179 2083.8;
	1613.1913 974.5955 1592.7892 562.1588 861.5 1299.2607 900.1835 265.9509 571.8397 4976.6176 1940.292;
	1487.2207 877.4267 1566.2 560.8052 814.0392 1170.9922 880.745 281.5 559.9643 4735.5553 1814.1;
	1463.9239 884.4281 1579.5 544.6044 779.9 1132.7899 830.0401 258.8977 508.9146 4515.3685 1719.6291;
];
