function windprofile = ex_wind_profilesh1
%EX_WIND_PROFILE_D  Example wind_load_nyiso profile data for deterministic unit commitment.
% 2022.03.12
% Andres F. Ramirez


%% define constants
[GEN_BUS, PG, QG, QMAX, QMIN, VG, MBASE, GEN_STATUS, PMAX, PMIN, ...
    MU_PMAX, MU_PMIN, MU_QMAX, MU_QMIN, PC1, PC2, QC1MIN, QC1MAX, ...
    QC2MIN, QC2MAX, RAMP_AGC, RAMP_10, RAMP_30, RAMP_Q, APF] = idx_gen;
[CT_LABEL, CT_PROB, CT_TABLE, CT_TBUS, CT_TGEN, CT_TBRCH, CT_TAREABUS, ...
    CT_TAREAGEN, CT_TAREABRCH, CT_ROW, CT_COL, CT_CHGTYPE, CT_REP, ...
    CT_REL, CT_ADD, CT_NEWVAL, CT_TLOAD, CT_TAREALOAD, CT_LOAD_ALL_PQ, ...
    CT_LOAD_FIX_PQ, CT_LOAD_DIS_PQ, CT_LOAD_ALL_P, CT_LOAD_FIX_P, ...
    CT_LOAD_DIS_P, CT_TGENCOST, CT_TAREAGENCOST, CT_MODCOST_F, ...
    CT_MODCOST_X] = idx_ct;

windprofile = struct( ...
    'type', 'mpcData', ...
    'table', CT_TGEN, ...
    'rows', [1:45], ...
    'col', PMAX, ...
    'chgtype', 1, ...
    'values', [] );
windprofile.values(:,1,:) = [
	3.9376 53.2053 87.0635 117.5366 15.3679 36.2725 31.9291 7.9356 28.4001 11.7262 21.6758 32.336 48.6817 36.3055 162.9347 61.3847 76.1625 80.7095 66.5852 68.6277 10.643 84.6358 21.7765 41.8385 54.312 27.2335 5.3869 1177.6091 808.7073 808.7073 645.2757 73.2132 221.9507 176.648 113.8225 345.0484 1219.4994 190.4615 457.5456 145.4787 115.2398 402.3827 216.3396 114.303 1232.2025;
	3.4069 46.0347 80.8704 46.0744 15.2091 31.9012 31.4905 8.2304 13.1626 12.5219 23.1466 34.5302 51.985 34.6476 164.0471 61.8038 76.6825 81.2605 69.3992 69.9902 10.4968 74.4362 22.7795 38.6775 47.0744 28.0871 5.7895 1237.5381 821.9663 821.9663 669.7146 69.4008 231.3306 180.1551 108.625 350.7056 1273.8205 188.6503 472.4201 126.092 119.9286 353.8908 215.8148 98.458 1287.0895;
	3.3485 45.2458 94.2248 53.0103 15.3802 28.4487 32.2888 7.7933 13.5549 13.1016 24.2181 36.1286 54.3914 37.0072 183.3712 69.084 85.7154 90.8327 76.2242 67.6137 10.7629 66.3803 23.1777 43.2535 52.097 31.0093 6.5176 1274.4621 847.4082 847.4082 754.4296 88.6929 254.0808 174.0379 116.0225 361.5608 1324.4999 210.4132 478.2056 139.5456 40.4558 315.591 214.3975 140.6394 1338.2968;
	3.6449 49.2499 90.7293 49.9238 15.3569 16.7012 31.6736 7.6163 12.4224 12.0108 22.2017 33.1206 49.8629 23.1995 187.1248 70.4982 87.47 92.6921 72.3695 67.5175 10.5579 38.9695 3.382 41.1558 44.9951 29.2067 5.4849 1293.0246 852.1607 852.1607 764.6466 93.0649 241.2315 173.7902 72.7335 363.5886 1337.395 241.5072 468.4737 120.5225 38.9968 185.2721 214.3101 123.1835 1351.3262;
	3.9094 52.824 87.5415 42.9504 15.3625 26.0144 31.2625 7.7643 12.4452 11.3168 20.919 31.2071 46.982 27.5467 170.8522 64.3676 79.8635 84.6314 82.1699 67.6083 10.4208 60.7003 0.2508 31.8462 51.0106 63.4357 5.3889 1282.5978 851.763 851.763 779.0927 102.7742 273.8998 174.0239 86.3626 363.4189 1321.423 243.8332 474.3592 136.6355 34.8979 288.5865 215.7275 206.4122 1335.1878;
	3.9197 52.9636 95.4374 117.0442 15.3849 34.9345 31.348 8.5542 11.4879 12.4378 22.991 34.2981 51.6356 21.5913 189.5043 71.3946 88.5822 93.8707 88.6042 67.963 10.4493 81.5138 0.3847 40.2831 70.5382 71.7264 5.6543 1231.5557 822.4795 822.4795 744.863 110.4286 295.3474 174.9369 67.6916 350.9246 1251.4231 239.0302 470.544 188.9417 71.2596 387.5397 214.6918 259.7945 1264.4587;
	3.9846 53.841 95.2124 120.0596 15.1118 35.4161 31.065 12.8808 11.1495 11.8871 21.9732 32.7796 49.3496 11.7946 190.8921 71.9175 89.231 94.5582 80.5986 68.1922 10.355 82.6375 20.4963 58.4599 106.4913 75.8212 11.5993 1151.0584 806.6209 806.6209 675.6235 110.7846 268.662 175.527 36.9776 344.1582 1259.8526 276.5062 461.2193 285.2445 114.5463 392.8824 212.7013 284.06 1272.9761;
	3.8585 52.1362 93.3006 117.2821 14.7052 34.9931 30.8224 18.8734 10.8959 12.4073 22.9346 34.214 51.5089 40.5685 190.5802 71.8 89.0852 94.4037 84.119 53.3344 10.2741 81.6506 25.7573 57.4306 106.2691 74.6752 13.7289 1086.9793 775.8024 775.8024 675.4799 112.4718 280.3968 137.2828 127.1877 331.009 1258.7487 295.0243 472.9473 284.6495 120.4317 388.1904 210.5775 285.3379 1271.8606;
	3.8819 52.453 92.0505 111.6847 14.9264 34.3317 31.2537 18.3649 10.4852 12.9341 23.9084 35.6667 53.696 57.9629 201.4972 75.9129 94.1882 99.8114 52.4129 64.3334 10.4179 80.1074 28.906 86.6367 104.8929 73.4956 13.5578 861.1909 806.9811 806.9811 700.791 113.47 174.7095 165.5943 181.7217 344.3119 1269.6235 305.8741 476.8729 280.963 121.1975 380.8533 215.3161 282.7353 1282.8487;
	3.8719 52.3183 89.6162 114.8791 14.6903 33.3797 31.1498 18.0756 20.0738 10.2645 18.9738 28.3052 42.6133 52.0137 188.4316 70.9905 88.0808 93.3394 54.2067 49.8138 10.3833 77.8859 19.2098 86.7416 102.522 71.1702 13.0368 638.7955 811.0441 811.0441 703.0907 115.0714 180.6889 128.221 163.0701 346.0455 1176.4972 270.0152 465.0572 274.6126 118.6559 370.2916 212.138 279.9912 1188.7524;
	3.8694 52.2843 93.0885 115.9044 15.196 34.5236 30.611 17.8837 28.1353 17.0267 31.4737 46.9525 70.6868 66.7154 193.626 72.9475 90.5089 95.9124 32.231 58.6241 10.2037 80.555 3.6941 84.7453 103.1248 70.8757 13.3142 450.269 760.9874 760.9874 676.3153 101.4326 107.4366 150.8985 209.1617 324.688 983.7618 259.045 452.9044 276.2272 122.4593 382.9815 208.8551 276.9038 994.0093;
	3.5912 48.5245 92.6807 116.8443 15.3501 33.4643 30.1536 18.3347 28.2026 19.9672 36.909 55.0609 82.8939 64.3138 192.8595 72.6587 90.1506 95.5327 53.5162 60.0967 10.0512 78.0835 31.4335 85.5362 102.5187 73.033 13.3389 347.0427 764.5593 764.5593 667.9138 107.0842 178.3874 154.6891 201.6324 326.212 833.2949 246.0463 455.7546 274.6037 121.2548 371.2311 203.0398 273.9606 841.9751;
	2.22 29.9977 91.0854 110.0876 14.7767 21.223 25.8273 18.2873 28.0861 27.8847 51.5445 76.8942 115.7638 65.696 187.968 70.8158 87.8641 93.1097 91.8555 61.5426 8.6091 49.5202 53.9881 83.0383 99.6099 71.6578 13.6297 337.0775 673.0189 673.0189 594.5489 106.6428 306.185 158.4108 205.9658 287.1547 677.9874 230.5135 437.2505 266.8121 123.4591 235.4333 175.2261 267.2555 685.0497;
	2.4494 33.0971 92.2067 116.9179 14.9465 14.1217 26.1617 18.5244 28.1966 30.8652 57.0538 85.1131 128.1373 64.2469 190.0783 71.6109 88.8505 94.155 89.875 67.4633 8.7206 32.9507 71.6273 88.1506 105.1585 73.2588 13.7178 334.2931 607.9664 607.9664 585.9867 105.0566 299.5834 173.6508 201.4227 259.399 507.7084 205.8756 449.9604 281.6745 122.7678 156.6569 146.1314 270.0263 512.9971;
	2.4657 33.3172 90.1484 116.2087 13.078 17.2843 22.2091 18.3158 27.2241 29.4649 54.4654 81.2516 122.3239 61.0022 197.3178 74.3383 92.2346 97.7411 88.8337 70.6021 7.403 40.3301 69.1909 87.4814 104.7466 71.6142 13.512 511.667 497.2777 497.2777 401.973 91.2612 296.1122 181.7299 191.2502 212.1718 466.0021 170.182 446.9077 280.5711 117.7373 191.7409 121.0926 257.3502 470.8563;
	3.5413 47.8508 91.9635 92.9223 14.5734 27.9973 17.8983 18.6686 23.8688 30.8371 57.0019 85.0357 128.0207 50.6293 200.6332 75.5874 93.7844 99.3834 90.5745 71.2523 5.9661 65.3271 73.3873 88.0192 102.183 74.9023 13.7654 534.3898 504.3775 504.3775 373.4875 45.7819 301.9149 183.4035 158.7296 215.2011 502.5283 146.2801 469.2327 273.7045 118.1661 310.5836 87.1397 267.2295 507.763;
	3.5831 48.416 93.5627 70.33 14.7102 34.895 17.2517 18.7102 27.8217 30.3214 56.0487 83.6136 125.8798 56.8918 197.915 74.5633 92.5137 98.0369 92.3402 71.4203 5.7506 81.4217 74.9027 87.5394 105.3051 75.3057 13.7225 578.5486 564.636 564.636 408.1138 23.9523 307.8006 183.8361 178.3635 240.9113 586.1672 113.0996 196.5816 282.0671 114.7219 387.1019 125.3832 271.6906 592.2731;
	3.8934 52.6084 93.2452 68.3541 15.1887 34.6637 29.0599 18.8515 27.1118 14.8544 27.4581 40.9621 61.6683 60.8664 186.0587 70.0965 86.9716 92.1639 77.4701 71.7343 9.6866 80.8819 54.9695 87.0901 104.9738 75.3273 13.7928 675.2159 565.8672 565.8672 389.2192 19.9432 258.2338 184.6442 190.8243 241.4367 756.4903 71.3282 421.5516 281.1797 119.6153 384.5358 131.4626 269.1649 764.3704;
