function windprofile = ex_wind_profilesh1
%EX_WIND_PROFILE_D  Example wind_load_nyiso profile data for deterministic unit commitment.
% 2022.03.12
% Andres F. Ramirez


%% define constants
[GEN_BUS, PG, QG, QMAX, QMIN, VG, MBASE, GEN_STATUS, PMAX, PMIN, ...
    MU_PMAX, MU_PMIN, MU_QMAX, MU_QMIN, PC1, PC2, QC1MIN, QC1MAX, ...
    QC2MIN, QC2MAX, RAMP_AGC, RAMP_10, RAMP_30, RAMP_Q, APF] = idx_gen;
[CT_LABEL, CT_PROB, CT_TABLE, CT_TBUS, CT_TGEN, CT_TBRCH, CT_TAREABUS, ...
    CT_TAREAGEN, CT_TAREABRCH, CT_ROW, CT_COL, CT_CHGTYPE, CT_REP, ...
    CT_REL, CT_ADD, CT_NEWVAL, CT_TLOAD, CT_TAREALOAD, CT_LOAD_ALL_PQ, ...
    CT_LOAD_FIX_PQ, CT_LOAD_DIS_PQ, CT_LOAD_ALL_P, CT_LOAD_FIX_P, ...
    CT_LOAD_DIS_P, CT_TGENCOST, CT_TAREAGENCOST, CT_MODCOST_F, ...
    CT_MODCOST_X] = idx_ct;

windprofile = struct( ...
    'type', 'mpcData', ...
    'table', CT_TGEN, ...
    'rows', [1:45], ...
    'col', PMAX, ...
    'chgtype', 1, ...
    'values', [] );
windprofile.values(:,1,:) = [
	3.916 52.9137 86.6806 115.8671 15.1338 36.0877 29.5864 7.1373 26.2449 11.2292 20.7569 30.9653 46.618 34.9462 179.0172 67.4437 83.6801 88.676 83.1444 69.7092 9.8621 84.2045 31.2057 24.6472 44.7833 23.7212 5.3021 1169.8351 758.832 758.832 657.0583 85.2519 277.148 179.4317 109.5612 323.7683 1193.7635 201.1716 434.6534 119.9553 116.7292 400.3324 216.2065 115.7277 1206.1985;
	3.3044 44.6497 79.674 45.3461 15.0841 31.367 29.0975 7.4536 6.3477 13.2472 24.4873 36.5302 54.996 29.8445 178.6667 67.3116 83.5163 88.5023 87.7288 70.1166 9.6992 73.1896 28.8574 29.4359 39.6507 26.6877 5.7205 1217.5884 785.4027 785.4027 650.6351 77.9853 292.4292 180.4803 93.5664 335.1052 1243.0821 198.6095 434.9113 106.2071 119.9008 347.9644 217.4511 100.8176 1256.0309;
	3.2751 44.2533 91.0473 51.3567 14.934 27.3816 29.7781 7.3111 4.5698 12.7973 23.6556 35.2895 53.1281 20.0519 188.8257 71.139 88.2651 93.5346 89.6616 64.945 9.926 63.8904 27.2448 36.1233 44.2725 28.3781 6.3983 1228.0914 791.8075 791.8075 719.6655 91.4215 298.872 167.1687 62.8655 337.8379 1245.3708 214.7031 434.4301 118.587 39.6578 303.7531 218.8703 135.9562 1258.3434;
	3.6701 49.591 88.1391 52.2596 14.8339 19.122 30.4711 7.6383 9.3208 12.849 23.7512 35.4321 53.3428 19.1146 193.0725 72.739 90.2502 95.6383 88.4159 67.1804 10.157 44.6181 24.8422 29.4099 40.95 31.1629 5.8077 1281.9724 815.7918 815.7918 751.1859 95.6343 294.7197 172.9226 59.9267 348.0712 1300.8989 243.62 440.3901 109.6875 43.2931 212.127 219.4689 122.3751 1314.4499;
	3.7385 50.5154 82.4515 43.2856 14.3702 25.2011 30.2575 7.4212 8.0855 10.0395 18.5579 27.6848 41.6793 25.3801 181.7686 68.4803 84.9663 90.0389 89.8113 67.4514 10.0858 58.8025 0.1191 23.201 40.5185 61.862 5.8482 1221.5539 814.4047 814.4047 751.7145 95.0035 299.371 173.62 79.5701 347.4793 1251.335 238.3704 448.7048 108.5317 43.1924 279.5637 218.2452 200.3627 1264.3698;
	3.884 52.4816 93.516 114.6558 14.761 35.0901 30.8805 7.7622 9.3927 11.8426 21.8908 32.6568 49.1647 22.0317 184.38 69.4641 86.1869 91.3324 88.4395 62.001 10.2935 81.877 2.3386 31.5836 60.4586 68.6647 6.1164 1105.0247 787.4234 787.4234 699.7159 89.43 294.7983 159.5908 69.0723 335.9673 1176.5908 230.1837 456.4693 161.9427 78.9673 389.2665 219.1526 261.7968 1188.847;
	3.9731 53.6851 94.6905 120.845 14.9773 35.618 30.8604 12.355 7.232 12.1589 22.4755 33.5291 50.4779 36.8338 187.7893 70.7485 87.7806 93.0212 79.7291 67.4442 10.2868 83.1086 23.9644 55.9346 106.202 76.292 12.8903 1068.2806 756.6805 756.6805 707.0924 104.9692 265.7638 173.6014 115.479 322.8503 1202.3311 293.7425 463.73 284.4697 119.9291 395.1221 219.9123 284.2257 1214.8553;
	3.9086 52.8134 94.844 120.7641 14.8822 35.3269 30.5397 19.1419 9.7577 10.6785 19.739 29.4468 44.332 57.2693 192.2944 72.4458 89.8864 95.2528 80.9226 55.7403 10.1799 82.4294 22.7684 64.2612 106.5684 76.5528 14.1682 986.8039 742.1574 742.1574 726.1237 111.1868 269.742 143.4757 179.547 316.6538 1150.6953 303.5034 469.8081 285.4512 123.9554 391.8929 217.9906 285.8836 1162.6817;
	3.8617 52.1798 93.4077 118.7304 14.7963 34.4559 30.3467 18.949 9.4724 11.488 21.2354 31.6791 47.6926 62.2257 194.7639 73.3762 91.0408 96.4761 51.1381 66.2645 10.1156 80.3971 27.5834 88.1816 106.1939 74.4652 14.1356 740.5136 803.0777 803.0777 764.8322 114.0053 170.4604 170.565 195.0861 342.6465 1126.1295 309.916 466.6578 284.4481 123.0595 382.2308 213.8249 275.4543 1137.8601;
	3.8425 51.9212 93.3937 118.7662 14.6258 34.294 31.1016 18.8198 20.2671 11.3037 20.8947 31.1707 46.9274 63.0208 192.7942 72.6341 90.1201 95.5004 57.6811 60.8879 10.3672 80.0194 22.2775 88.6244 105.4337 73.8312 14.1014 546.0271 806.2733 806.2733 725.2796 109.4722 192.2705 156.7255 197.5788 344.0099 1020.2332 273.7953 471.6567 282.4116 120.9564 380.4349 215.9428 279.0831 1030.8607;
	3.81 51.4809 91.5424 116.5048 14.8413 34.3045 30.7636 18.7148 27.6602 17.6518 32.6291 48.6762 73.2818 67.623 198.9364 74.9481 92.9912 98.5429 41.7612 67.0792 10.2545 80.0438 3.8318 84.0755 103.5915 74.0438 14.0763 422.806 793.3825 793.3825 702.5077 99.5667 139.2041 172.6619 212.0073 338.5099 889.276 264.7037 451.8031 277.4773 121.6693 380.5509 210.6475 271.6183 898.5393;
	3.3844 45.7306 90.9987 115.6451 14.5583 32.2044 29.1422 17.789 27.2932 19.0398 35.1948 52.5037 79.0441 66.9014 198.0779 74.6247 92.5899 98.1176 49.3935 66.3303 9.7141 75.1435 17.142 83.272 100.6696 72.2344 13.6807 302.972 791.8605 791.8605 665.6753 103.1855 164.6449 170.7343 209.7449 337.8605 755.2294 227.2481 456.9266 269.6506 122.4867 357.2538 197.1339 266.5949 763.0964;
	2.129 28.7673 92.2543 115.3289 14.4396 21.2983 25.5245 18.7048 26.9999 26.5452 49.0685 73.2005 110.203 67.0869 197.9479 74.5757 92.5291 98.0533 92.3659 67.1467 8.5082 49.696 54.3979 86.4754 104.302 72.8013 13.9091 294.7245 720.1357 720.1357 648.9553 101.1684 307.8864 172.8357 210.3266 307.2579 673.949 218.379 424.0068 279.3802 120.8774 236.2688 178.353 275.754 680.9693;
	2.1181 28.6197 89.3609 113.222 14.2036 11.44 26.1114 18.2462 26.3623 28.8498 53.3283 79.5554 119.7702 67.5888 193.3701 72.8511 90.3893 95.7857 89.2918 67.8434 8.7038 26.6934 70.0043 84.8742 102.2112 73.0841 13.9105 296.7102 628.6062 628.6062 572.522 102.1583 297.6395 174.629 211.9001 268.2053 495.2363 195.8797 449.0054 273.7799 119.7586 126.9079 134.8282 260.5443 500.395;
	1.8832 25.4461 87.7667 113.0792 12.308 0.0826 21.5653 17.8826 26.1148 24.7448 45.7404 68.2356 102.7283 63.5333 200.5584 75.5592 93.7494 99.3464 90.5054 71.3153 7.1884 0.1928 68.1993 84.8511 100.2294 71.1243 13.9819 404.1592 484.8072 484.8072 415.3629 90.8495 301.6847 183.5657 199.1855 206.8511 404.4877 174.6149 434.0357 268.4717 118.3516 0.9167 114.8188 229.4046 408.7011;
	3.2195 43.5028 88.0149 84.7647 14.1635 25.6297 16.3368 18.4471 19.1541 27.0983 50.0908 74.7255 112.4989 62.6895 199.1246 75.019 93.0792 98.6362 92.2929 70.6168 5.4456 59.8027 68.6531 84.9055 100.7014 74.6439 14.0636 474.3144 526.2232 526.2232 395.4059 50.4811 307.6428 181.7678 196.54 224.5219 478.9256 157.1061 442.5252 269.7359 121.6081 284.3192 90.5355 259.8084 483.9144;
	2.7649 37.3603 87.6546 58.8253 14.2817 30.6904 12.7223 18.2978 23.1315 23.1732 42.8352 63.9017 96.2037 63.4141 197.1339 74.269 92.1486 97.65 87.1914 68.8804 4.2408 71.6109 64.3137 85.974 104.3031 75.2564 13.9317 552.9109 555.6447 555.6447 369.196 27.7905 290.6378 177.2983 198.8118 237.0751 557.9773 109.0398 164.7313 279.3832 116.5029 340.4586 109.8727 256.9411 563.7896;
	3.4166 46.1654 88.0844 58.8985 14.3934 30.4449 25.8186 18.738 14.3175 0.8709 1.6099 2.4016 3.6157 62.6657 180.8822 68.1463 84.5519 89.5998 71.03 69.0108 8.6062 71.0381 28.1275 88.2109 106.158 73.6612 13.9179 645.5405 577.5265 577.5265 360.7431 29.1422 236.7667 177.6341 196.4654 246.4113 738.6487 71.1299 375.0972 284.3517 119.539 337.7353 118.8745 255.0779 746.3429;
