function loadprofile = ex_load_profilesh1
%EX_LOAD_PROFILE  Example load profile data file for stochastic unit commitment.
% 2022.03.12
% Andres F. Ramirez

%% define constants
[CT_LABEL, CT_PROB, CT_TABLE, CT_TBUS, CT_TGEN, CT_TBRCH, CT_TAREABUS, ...
    CT_TAREAGEN, CT_TAREABRCH, CT_ROW, CT_COL, CT_CHGTYPE, CT_REP, ...
    CT_REL, CT_ADD, CT_NEWVAL, CT_TLOAD, CT_TAREALOAD, CT_LOAD_ALL_PQ, ...
    CT_LOAD_FIX_PQ, CT_LOAD_DIS_PQ, CT_LOAD_ALL_P, CT_LOAD_FIX_P, ...
    CT_LOAD_DIS_P, CT_TGENCOST, CT_TAREAGENCOST, CT_MODCOST_F, ...
    CT_MODCOST_X] = idx_ct;

loadprofile = struct( ...
    'type', 'mpcData', ...
    'table', CT_TAREALOAD, ...
    'rows', [1:11], ...
    'col', CT_LOAD_ALL_P, ...
    'chgtype', 1, ...
    'values', [] );
loadprofile.values(:,1,:) = [
	1435.4978 966.8 1649.5142 590.7385 804.2119 1238.0383 954.9137 311.5728 575.8105 5026.177 1852.1017;
	1401.5486 935.2747 1622.2574 579.1309 799.9 1222.1438 921.2691 285.9831 542.7057 4760.5457 1786.9;
	1410.4982 941.2275 1651.6075 572.7965 815.3 1238.8156 936.185 300.7055 541.8619 4783.1759 1790.9127;
	1430.8026 946.7093 1657.291 582.6431 824.7268 1249.9739 960.8692 304.0098 549.3256 4810.7478 1843.5886;
	1472.8118 981.4458 1705.4313 588.5 870.1738 1327.6 988.3438 324.399 570.0304 4875.2086 1931.0623;
	1532.3158 1010.7794 1747.1659 612.6 903.6775 1371.5023 1029.2 326.494 595.673 4991.8 1974.2146;
	1567.4 1041.4 1752.395 618.2 928.7 1448.2975 1080.5439 346.4382 624.5 5273.0931 2060.7313;
	1614.0442 1044.2085 1779.1048 605.9793 913.8598 1457.2 1129.6527 369.1564 635.4865 5310.0064 2071.4501;
	1650.832 1074.1585 1791.0 579.7001 945.7863 1529.7074 1200.0236 397.4957 648.9116 5566.1279 2139.7;
	1683.7552 1086.4726 1809.7691 568.06 942.8476 1504.6406 1208.8178 433.1491 649.3282 5615.324 2268.969;
	1700.956 1114.3 1857.2 571.3375 945.9875 1500.0 1177.4187 413.4372 635.3 5668.7276 2269.4598;
	1724.1 1102.9382 1836.3112 568.0578 933.2871 1526.4067 1199.2377 427.0917 663.0712 5802.2972 2352.76;
	1675.3028 1101.7604 1812.6046 558.1196 905.6464 1442.2255 1147.4 388.0286 628.7723 5559.3422 2203.5939;
	1641.2313 1061.2777 1774.8706 540.4 902.0673 1427.3059 1126.8627 407.6093 629.8362 5649.5922 2130.6137;
	1663.1614 1077.9188 1785.739 514.4589 917.4376 1454.8683 1134.6986 377.4149 621.2445 5551.6071 2057.9;
	1680.5677 1075.2 1817.569 554.3691 939.6605 1475.4955 1085.3527 358.3693 630.5427 5497.6738 2084.612;
	1758.3304 1171.3239 1910.1549 578.9105 991.7088 1563.5102 1124.9311 381.9 672.2007 5577.6886 2276.8135;
	1769.2961 1162.8002 1957.8627 584.2315 1042.431 1618.6375 1177.8283 389.9296 725.5916 5891.4789 2408.3464;
	1780.1965 1171.2813 1919.4593 574.7745 990.3623 1579.4112 1156.2227 377.3 712.7862 5742.7411 2338.9991;
	1717.7888 1131.4757 1863.5473 555.1 954.428 1504.2376 1110.0936 380.801 683.8824 5658.4419 2292.0333;
	1645.5155 1073.8091 1779.4269 501.9471 900.0742 1424.4994 1024.231 341.7524 635.5773 5369.5565 2158.1887;
	1603.7124 1001.1 1673.4737 503.0514 834.7927 1321.2574 971.5711 323.2151 585.9 5119.8648 1980.9738;
	1521.539 937.1846 1654.5547 503.6531 783.5 1244.2176 989.3601 319.6363 537.0296 5282.3247 1848.6448;
	1454.6309 910.0 1618.2355 514.7353 743.7544 1206.5646 953.1661 289.358 505.0081 4981.3075 1738.1868;
];
