function solarprofile = ex_solar_profilesh1
%EX_WIND_PROFILE_D  Example wind_load_nyiso profile data for deterministic unit commitment.
% 2022.03.12
% Andres F. Ramirez


%% define constants
[GEN_BUS, PG, QG, QMAX, QMIN, VG, MBASE, GEN_STATUS, PMAX, PMIN, ...
    MU_PMAX, MU_PMIN, MU_QMAX, MU_QMIN, PC1, PC2, QC1MIN, QC1MAX, ...
    QC2MIN, QC2MAX, RAMP_AGC, RAMP_10, RAMP_30, RAMP_Q, APF] = idx_gen;
[CT_LABEL, CT_PROB, CT_TABLE, CT_TBUS, CT_TGEN, CT_TBRCH, CT_TAREABUS, ...
    CT_TAREAGEN, CT_TAREABRCH, CT_ROW, CT_COL, CT_CHGTYPE, CT_REP, ...
    CT_REL, CT_ADD, CT_NEWVAL, CT_TLOAD, CT_TAREALOAD, CT_LOAD_ALL_PQ, ...
    CT_LOAD_FIX_PQ, CT_LOAD_DIS_PQ, CT_LOAD_ALL_P, CT_LOAD_FIX_P, ...
    CT_LOAD_DIS_P, CT_TGENCOST, CT_TAREAGENCOST, CT_MODCOST_F, ...
    CT_MODCOST_X] = idx_ct;

solarprofile = struct( ...
    'type', 'mpcData', ...
    'table', CT_TGEN, ...
    'rows', [1:12], ...
    'col', PMAX, ...
    'chgtype', 1, ...
    'values', [] );
solarprofile.values(:,1,:) = [
	0.0 0.0 0.0 0.0 0.0 0.0 0.0 0.0 0.0 0.0 0.0 0.0;
	0.0 0.0 0.0 0.0 0.0 0.0 0.0 0.0 0.0 0.0 0.0 0.0;
	0.0 0.0 0.0 0.0 0.0 0.0 0.0 0.0 0.0 0.0 0.0 0.0;
	0.0 0.0 0.0 0.0 0.0 0.0 0.0 0.0 0.0 0.0 0.0 0.0;
	0.0 0.0 0.0 0.0 0.0 0.0 0.0 0.0 0.0 0.0 0.0 0.0;
	0.0 0.0 0.0 0.0 0.0 0.0 0.0 0.0 0.0 0.0 0.0 0.0;
	0.1711 0.212 0.1679 0.2994 0.0 0.0 0.0 3.0682 0.0 11.4237 3.7956 20.6885;
	0.557 0.393 0.497 0.7816 0.9707 0.0 0.0 2.6683 8.5853 31.5634 6.898 57.1614;
	0.9618 0.674 0.8038 1.5936 2.4773 0.0 0.0 2.8104 18.5305 60.6201 15.9829 109.7835;
	2.9533 2.5009 2.3269 3.5139 3.65 24.2801 3.035 3.8761 74.2758 55.0604 16.3211 99.7147;
	4.256 4.0126 2.7899 2.8884 3.6121 26.1518 3.269 2.3881 63.7246 48.1054 17.6922 87.1191;
	4.2307 4.2761 2.6987 2.481 4.0192 30.7358 3.842 1.7989 56.8891 39.4509 17.5668 71.4458;
	3.9908 5.7339 3.2169 3.8404 4.5515 143.0514 17.8814 9.5738 81.6103 68.8397 12.7975 124.669;
	3.3454 4.0487 2.9121 4.8209 4.3003 195.922 24.4903 15.1999 81.3336 78.3421 8.2679 141.878;
	2.7301 3.7287 3.0596 5.2407 3.0421 291.8545 36.4818 23.0222 75.4533 66.2719 2.8845 120.0188;
	4.8033 5.2946 4.6171 2.0636 0.426 292.1286 36.5161 38.4419 40.3871 52.6529 1.5238 95.3547;
	0.5986 0.4903 0.3422 0.438 0.5544 41.6879 5.211 8.1793 25.1103 22.1366 9.0814 40.0894;
	0.0 0.0 0.0 0.0 0.0 0.0 0.0 0.0 0.0 0.0 0.0 0.0;
	0.0 0.0 0.0 0.0 0.0 0.0 0.0 0.0 0.0 0.0 0.0 0.0;
	0.0 0.0 0.0 0.0 0.0 0.0 0.0 0.0 0.0 0.0 0.0 0.0;
	0.0 0.0 0.0 0.0 0.0 0.0 0.0 0.0 0.0 0.0 0.0 0.0;
	0.0 0.0 0.0 0.0 0.0 0.0 0.0 0.0 0.0 0.0 0.0 0.0;
	0.0 0.0 0.0 0.0 0.0 0.0 0.0 0.0 0.0 0.0 0.0 0.0;
	0.0 0.0 0.0 0.0 0.0 0.0 0.0 0.0 0.0 0.0 0.0 0.0;
];
