function solarprofile = ex_solar_profilesh1
%EX_WIND_PROFILE_D  Example wind_load_nyiso profile data for deterministic unit commitment.
% 2022.03.12
% Andres F. Ramirez


%% define constants
[GEN_BUS, PG, QG, QMAX, QMIN, VG, MBASE, GEN_STATUS, PMAX, PMIN, ...
    MU_PMAX, MU_PMIN, MU_QMAX, MU_QMIN, PC1, PC2, QC1MIN, QC1MAX, ...
    QC2MIN, QC2MAX, RAMP_AGC, RAMP_10, RAMP_30, RAMP_Q, APF] = idx_gen;
[CT_LABEL, CT_PROB, CT_TABLE, CT_TBUS, CT_TGEN, CT_TBRCH, CT_TAREABUS, ...
    CT_TAREAGEN, CT_TAREABRCH, CT_ROW, CT_COL, CT_CHGTYPE, CT_REP, ...
    CT_REL, CT_ADD, CT_NEWVAL, CT_TLOAD, CT_TAREALOAD, CT_LOAD_ALL_PQ, ...
    CT_LOAD_FIX_PQ, CT_LOAD_DIS_PQ, CT_LOAD_ALL_P, CT_LOAD_FIX_P, ...
    CT_LOAD_DIS_P, CT_TGENCOST, CT_TAREAGENCOST, CT_MODCOST_F, ...
    CT_MODCOST_X] = idx_ct;

solarprofile = struct( ...
    'type', 'mpcData', ...
    'table', CT_TGEN, ...
    'rows', [1:12], ...
    'col', PMAX, ...
    'chgtype', 1, ...
    'values', [] );
solarprofile.values(:,1,:) = [
	0.0 0.0 0.0 0.0 0.0 0.0 0.0 0.0 0.0 0.0 0.0 0.0;
	0.0 0.0 0.0 0.0 0.0 0.0 0.0 0.0 0.0 0.0 0.0 0.0;
	0.0 0.0 0.0 0.0 0.0 0.0 0.0 0.0 0.0 0.0 0.0 0.0;
	0.0 0.0 0.0 0.0 0.0 0.0 0.0 0.0 0.0 0.0 0.0 0.0;
	0.0 0.0 0.0 0.0 0.0 0.0 0.0 0.0 0.0 0.0 0.0 0.0;
	0.0 0.0 0.0 0.0 0.0 0.0 0.0 0.0 0.0 0.0 0.0 0.0;
	0.5143 1.0078 0.3536 0.7922 0.0 2.0058 0.2507 0.7298 5.8845 14.5545 8.7341 26.3583;
	0.6169 0.6888 0.5679 2.6371 0.6206 25.847 3.2309 2.065 9.5708 30.7691 14.7399 55.723;
	0.836 0.8092 0.8079 2.6491 1.3426 55.3314 6.9164 3.8288 13.6569 44.6785 23.8241 80.9131;
	1.8515 1.7952 1.8389 1.2698 0.8049 98.2508 12.2814 9.6266 34.693 41.6068 25.4572 75.3502;
	1.5716 1.9495 1.5581 1.8018 1.0538 110.0473 13.7559 12.647 33.943 62.2025 33.0333 112.6492;
	1.3144 1.7997 1.1682 2.6724 1.1427 89.807 11.2259 10.6238 23.7358 64.612 28.1081 117.0127;
	2.1069 1.8977 1.0574 3.1249 0.142 39.3452 4.9181 10.5439 13.3094 43.71 11.1252 79.159;
	1.9602 1.4625 0.9403 1.5764 0.0 20.832 2.604 7.2371 11.9765 21.4003 3.6724 38.7561;
	1.3646 0.8785 0.6045 0.5629 0.0 16.642 2.0802 5.8932 16.5623 6.6501 1.2162 12.0434;
	0.3122 0.2792 0.2563 0.0 0.0 28.3988 3.5499 6.1017 30.6781 0.0 11.2815 0.0;
	0.2415 0.2168 0.1471 0.438 0.5681 35.5419 4.4427 7.087 27.3544 13.5057 10.197 24.4588;
	0.0 0.0 0.0 0.0 0.0 0.0 0.0 0.0 0.0 0.0 0.0 0.0;
	0.0 0.0 0.0 0.0 0.0 0.0 0.0 0.0 0.0 0.0 0.0 0.0;
	0.0 0.0 0.0 0.0 0.0 0.0 0.0 0.0 0.0 0.0 0.0 0.0;
	0.0 0.0 0.0 0.0 0.0 0.0 0.0 0.0 0.0 0.0 0.0 0.0;
	0.0 0.0 0.0 0.0 0.0 0.0 0.0 0.0 0.0 0.0 0.0 0.0;
	0.0 0.0 0.0 0.0 0.0 0.0 0.0 0.0 0.0 0.0 0.0 0.0;
	0.0 0.0 0.0 0.0 0.0 0.0 0.0 0.0 0.0 0.0 0.0 0.0;
];
