function loadprofile = ex_load_profilesh1
%EX_LOAD_PROFILE  Example load profile data file for stochastic unit commitment.
% 2022.03.12
% Andres F. Ramirez

%% define constants
[CT_LABEL, CT_PROB, CT_TABLE, CT_TBUS, CT_TGEN, CT_TBRCH, CT_TAREABUS, ...
    CT_TAREAGEN, CT_TAREABRCH, CT_ROW, CT_COL, CT_CHGTYPE, CT_REP, ...
    CT_REL, CT_ADD, CT_NEWVAL, CT_TLOAD, CT_TAREALOAD, CT_LOAD_ALL_PQ, ...
    CT_LOAD_FIX_PQ, CT_LOAD_DIS_PQ, CT_LOAD_ALL_P, CT_LOAD_FIX_P, ...
    CT_LOAD_DIS_P, CT_TGENCOST, CT_TAREAGENCOST, CT_MODCOST_F, ...
    CT_MODCOST_X] = idx_ct;

loadprofile = struct( ...
    'type', 'mpcData', ...
    'table', CT_TAREALOAD, ...
    'rows', [1:11], ...
    'col', CT_LOAD_ALL_P, ...
    'chgtype', 1, ...
    'values', [] );
loadprofile.values(:,1,:) = [
	1483.7563 928.5 1619.4 573.7 808.2025 1219.8 919.899 293.5 559.4563 4794.512 1863.7668;
	1464.1807 919.1029 1590.1808 565.5 779.5859 1167.3489 881.2684 282.3289 558.894 4660.5504 1824.877;
	1439.4 907.6886 1591.3 566.0486 770.5334 1199.4674 886.9014 271.2037 566.1829 4592.4551 1819.351;
	1449.3674 915.5 1613.9883 579.1 793.6363 1216.9817 900.101 277.698 566.1236 4608.3742 1849.569;
	1520.4939 957.935 1698.4023 601.6 827.7087 1261.5157 948.3821 299.1 597.0106 4714.5 1921.8901;
	1566.9719 1005.8 1754.2499 617.4631 916.45 1337.7478 1011.7 325.2 652.7187 4913.8354 2022.5917;
	1581.77 1021.1576 1788.2 618.3 942.076 1406.2851 1059.289 341.6962 651.1052 5086.5696 2137.8364;
	1658.0564 1054.9309 1834.974 622.5437 970.5502 1467.7738 1136.8759 360.4 679.0119 5317.4221 2244.3701;
	1632.5539 1061.1273 1841.3079 594.3958 939.2 1454.9719 1193.2254 374.7959 706.4463 5576.1176 2414.2225;
	1662.6458 1081.5 1816.7974 587.661 931.5561 1455.448 1176.2499 380.2625 685.3313 5606.6839 2435.8607;
	1657.9261 1065.4151 1781.9448 575.4956 891.9481 1403.0983 1173.429 375.6076 689.1029 5653.871 2529.7769;
	1660.0966 1067.7732 1824.4594 567.8512 893.9613 1415.9115 1178.5352 379.8988 690.8718 5850.784 2492.4533;
	1665.0134 1071.8637 1793.7025 566.9 898.8437 1314.5123 1111.7903 375.2136 686.2388 5827.5036 2452.9144;
	1712.6119 1103.1 1840.394 582.2454 911.5383 1370.4114 1119.4772 381.9944 709.2127 5789.0131 2530.1041;
	1708.4 1105.0076 1900.2919 585.912 941.0091 1424.1541 1139.9604 374.3457 687.064 5656.82 2512.4071;
	1733.5723 1145.8331 1960.8077 594.0269 949.5 1506.8066 1230.3408 380.3668 712.954 5732.1263 2534.5922;
	1738.1235 1157.038 1933.3412 612.1897 959.4534 1470.5665 1192.3323 364.4815 735.2232 5657.8189 2494.7;
	1744.1419 1174.9073 2008.7126 621.2 997.4864 1548.5928 1301.308 360.3 785.8647 5733.1102 2577.0302;
	1814.1455 1199.9183 2009.3482 611.3007 969.9294 1536.0 1258.2987 378.0191 778.5412 5744.8493 2581.9506;
	1783.4041 1139.4101 1909.0626 586.5 923.9491 1455.4554 1195.7 364.6178 727.8652 5718.7163 2509.0781;
	1701.8042 1087.0537 1844.3774 567.2727 898.1986 1354.0763 1110.2848 341.6 685.9306 5448.0055 2346.4037;
	1624.3513 1021.7521 1730.8 532.6267 837.0121 1267.6923 1017.6 304.316 610.7633 5194.8308 2151.8807;
	1450.9346 926.5012 1586.7118 503.5438 745.5259 1126.7644 915.0203 281.1516 519.861 4736.0773 1784.4563;
	1432.401 899.3577 1531.7859 515.2025 695.8015 1104.7019 888.0526 263.4 482.0808 4434.8795 1691.1168;
];
