function windprofile = ex_wind_profilesh1
%EX_WIND_PROFILE_D  Example wind_load_nyiso profile data for deterministic unit commitment.
% 2022.03.12
% Andres F. Ramirez


%% define constants
[GEN_BUS, PG, QG, QMAX, QMIN, VG, MBASE, GEN_STATUS, PMAX, PMIN, ...
    MU_PMAX, MU_PMIN, MU_QMAX, MU_QMIN, PC1, PC2, QC1MIN, QC1MAX, ...
    QC2MIN, QC2MAX, RAMP_AGC, RAMP_10, RAMP_30, RAMP_Q, APF] = idx_gen;
[CT_LABEL, CT_PROB, CT_TABLE, CT_TBUS, CT_TGEN, CT_TBRCH, CT_TAREABUS, ...
    CT_TAREAGEN, CT_TAREABRCH, CT_ROW, CT_COL, CT_CHGTYPE, CT_REP, ...
    CT_REL, CT_ADD, CT_NEWVAL, CT_TLOAD, CT_TAREALOAD, CT_LOAD_ALL_PQ, ...
    CT_LOAD_FIX_PQ, CT_LOAD_DIS_PQ, CT_LOAD_ALL_P, CT_LOAD_FIX_P, ...
    CT_LOAD_DIS_P, CT_TGENCOST, CT_TAREAGENCOST, CT_MODCOST_F, ...
    CT_MODCOST_X] = idx_ct;

windprofile = struct( ...
    'type', 'mpcData', ...
    'table', CT_TGEN, ...
    'rows', [1:45], ...
    'col', PMAX, ...
    'chgtype', 1, ...
    'values', [] );
windprofile.values(:,1,:) = [
	3.8111 51.4964 80.8261 106.7147 14.5979 34.2284 30.7096 7.2242 26.4945 10.7583 19.8866 29.6668 44.6633 40.023 190.4895 71.7658 89.0428 94.3588 89.815 72.3479 10.2365 79.8662 30.4895 33.9224 42.6204 28.0389 4.7441 1200.1239 795.5331 795.5331 684.4657 83.605 299.3834 186.2237 125.4774 339.4275 1224.6976 227.3611 448.1537 114.1619 113.7656 379.7066 205.1786 116.4775 1237.4549;
	3.2845 44.3815 74.8811 40.549 13.675 25.98 31.1792 7.8922 10.3032 12.3055 22.7465 33.9334 51.0865 35.6258 192.2391 72.425 89.8606 95.2254 90.7511 72.7183 10.3931 60.6201 29.3882 31.184 36.9457 30.7687 5.5005 1270.7537 808.5059 808.5059 725.6021 75.2735 302.5037 187.1772 111.6916 344.9625 1294.0321 213.3961 464.1329 98.9617 114.9326 288.2053 205.0582 102.4159 1307.5116;
	3.1465 42.5167 86.8448 43.5226 14.6137 23.1662 30.724 7.6214 9.4996 11.8991 21.9953 32.8126 49.3992 29.7716 194.3922 73.2361 90.867 96.2919 90.9536 70.0303 10.2413 54.0544 28.6588 38.889 38.7758 33.1449 6.2112 1269.4145 824.528 824.528 734.3338 85.7197 303.1785 180.2581 93.338 351.7986 1303.051 211.4399 455.0807 103.8638 35.2401 256.99 210.1499 141.0147 1316.6245;
	3.499 47.2794 84.1267 44.8692 14.3407 14.029 31.8667 8.4239 12.2165 11.8591 21.9214 32.7024 49.2333 24.1162 196.8907 74.1774 92.035 97.5296 91.2257 70.476 10.6222 32.7343 27.7423 32.8978 34.6067 34.3493 5.5394 1316.2468 823.43 823.43 772.3401 95.8052 304.0855 181.4055 75.6076 351.3301 1324.5297 242.8556 475.4955 92.6965 41.0429 155.628 214.0345 121.7028 1338.3269;
	3.7419 50.5612 83.391 42.8724 14.4979 22.6064 31.5997 8.0909 11.6836 10.9616 20.2623 30.2273 45.5071 27.991 184.9362 69.6737 86.4469 91.608 91.8531 71.1028 10.5332 52.7483 4.9921 28.1225 39.4752 68.5519 5.3899 1240.9606 811.6634 811.6634 784.1907 101.0416 306.1768 183.0189 87.7555 346.3097 1296.3924 240.5711 463.16 105.7371 41.0052 250.7803 210.098 199.9205 1309.8964;
	3.8343 51.8094 94.4813 118.1004 14.7283 34.6327 31.4087 8.438 11.6555 11.6054 21.4524 32.0028 48.1801 26.9874 193.9759 73.0793 90.6725 96.0857 93.0699 70.2309 10.4696 80.8097 2.3131 34.2174 59.1358 74.1491 5.4523 1208.3165 811.7385 811.7385 794.0714 113.1294 310.233 180.7745 84.6092 346.3418 1287.7134 237.7144 469.295 158.3996 77.8127 384.1924 212.3277 262.155 1301.127;
	3.7985 51.3261 91.3402 119.527 14.5803 34.9975 31.1223 11.958 11.3726 11.5443 21.3395 31.8344 47.9265 35.6738 197.9301 74.569 92.5208 98.0445 90.9442 73.1494 10.3741 81.6608 27.556 50.4302 99.9411 75.9718 10.9331 1158.5498 814.1813 814.1813 788.4559 119.2701 303.1475 188.2867 111.8421 347.384 1292.1514 281.3787 457.6211 267.6994 112.6555 388.239 206.1844 280.2698 1305.6113;
	3.668 49.5622 92.1639 118.8618 14.4324 35.0486 30.6732 18.7045 11.0744 11.4807 21.2218 31.6588 47.6622 55.0418 200.0301 75.3602 93.5024 99.0847 88.5867 62.831 10.2244 81.78 26.5801 56.5277 104.5527 75.35 13.4621 1020.8777 814.4879 814.4879 778.4082 121.1904 295.289 161.7272 172.5635 347.5148 1227.5809 311.8428 457.1244 280.0518 119.2431 388.8056 206.536 281.0842 1240.3682;
	3.6691 49.5772 90.5481 117.1114 14.6188 34.6145 30.5353 18.7284 9.8399 11.7311 21.6848 32.3495 48.702 62.3048 200.2708 75.4509 93.615 99.2039 58.2909 69.6489 10.1784 80.7671 26.9381 86.9272 104.4035 75.419 13.3707 758.1578 835.4984 835.4984 771.0901 116.4346 194.303 179.2764 195.3341 356.4793 1191.5594 308.8845 469.778 279.6522 118.8372 383.9899 200.9837 274.8173 1203.9715;
	3.6595 49.4476 89.7129 119.2054 14.754 33.9337 29.8356 18.6114 20.02 12.0466 22.2679 33.2193 50.0115 58.3347 195.8307 73.7781 91.5395 97.0045 67.8413 62.6253 9.9452 79.1786 27.064 87.8648 101.7537 75.3197 13.3836 595.2327 833.0043 833.0043 770.2214 115.0203 226.1376 161.1978 182.8871 355.4152 1089.7494 275.3566 466.8896 272.5546 115.4966 376.4377 202.6953 268.1592 1101.1009;
	3.6858 49.8038 89.2866 115.7215 14.7087 33.595 31.4457 18.2194 27.9304 18.6868 34.5424 51.5304 77.5787 67.5636 204.3082 76.9719 95.5022 101.2038 52.2431 71.2844 10.4819 78.3884 31.9675 83.0421 98.4104 72.7347 13.3833 444.2522 838.854 838.854 780.8356 104.9849 174.1437 183.4862 211.8211 357.911 945.0352 282.6971 473.8231 263.5993 117.2427 372.6808 201.7796 266.0357 954.8793;
	3.0295 40.9357 90.9876 113.7071 14.4479 31.5102 30.1883 18.1241 27.646 21.3639 39.4908 58.9125 88.6924 64.0567 192.9476 72.6919 90.1918 95.5764 62.2716 64.8907 10.0628 73.5237 37.4027 84.5899 97.3201 76.1493 13.1196 320.6331 802.44 802.44 728.351 109.1839 207.5719 167.0287 200.8263 342.3744 773.9053 259.9107 472.7926 260.6787 118.5364 349.5527 185.0313 270.7651 781.9668;
	1.9049 25.7388 89.5114 110.0476 13.9548 20.4724 25.9338 18.8571 26.2025 28.6393 52.9392 78.9749 118.8963 66.7788 190.9958 71.9565 89.2794 94.6095 93.0985 64.8142 8.6446 47.7689 64.9208 85.5956 97.9255 75.8819 13.9993 359.6981 766.6191 766.6191 676.465 109.9093 310.3284 166.8318 209.3604 327.0908 704.6033 241.3387 451.2578 262.3005 118.1914 227.107 159.2196 268.5431 711.9429;
	1.8161 24.5399 88.45 109.3307 14.2431 12.1471 27.5033 18.5163 27.6233 31.1185 57.522 85.8116 129.1888 65.8865 197.4614 74.3924 92.3017 97.8123 93.0172 68.801 9.1678 28.3433 74.5749 84.6568 99.8451 75.0553 13.7822 360.2889 670.7322 670.7322 648.1626 109.2128 310.0574 177.0939 206.5631 286.1791 528.4256 222.2099 476.7128 267.4423 119.9925 134.7522 131.7816 262.523 533.9301;
	1.7945 24.2474 87.0214 104.3422 11.6816 0.0 23.029 17.9681 26.7349 30.0821 55.6064 82.9538 124.8864 68.0459 200.9424 75.7039 93.9289 99.5366 93.028 71.0391 7.6763 0.0 73.842 83.4707 97.0716 72.7228 13.7052 489.5708 545.829 545.829 476.1149 99.7438 310.0932 182.8548 213.3329 232.887 450.4541 200.3469 472.0909 260.0132 118.454 0.0 109.4443 253.2214 455.1463;
	3.1935 43.1514 91.0558 83.7184 13.9296 24.2324 16.7992 18.6384 22.3927 30.3538 56.1085 83.7029 126.0142 62.2594 201.9112 76.0689 94.3817 100.0165 92.3861 71.8707 5.5997 56.5422 73.5644 86.2317 99.3269 74.0671 13.7856 549.3385 581.442 581.442 443.0368 55.0627 307.9536 184.9953 195.1917 248.0819 513.5946 176.3374 464.4576 266.0543 121.4934 268.8179 79.5926 265.5755 518.9445;
	3.1161 42.1059 94.2044 68.2877 14.4245 31.5451 15.6379 18.9948 27.9076 28.762 53.1662 79.3135 119.4061 65.316 190.8567 71.9042 89.2144 94.5406 89.3999 69.0995 5.2126 73.6053 73.5606 88.9725 104.9429 76.5172 13.899 603.5591 625.9823 625.9823 485.5333 33.9679 297.9998 177.8624 204.7746 267.0858 612.2716 134.937 198.782 281.0969 123.4461 349.9408 108.1417 275.7431 618.6494;
	3.6309 49.0619 93.0215 65.7887 14.0993 31.5028 29.4362 19.0649 27.3699 14.3638 26.5513 39.6094 59.6317 65.4907 152.7392 57.5436 71.3967 75.6592 70.5229 68.9704 9.8121 73.5064 51.0749 89.1397 104.9321 75.8392 14.0871 714.5822 661.0305 661.0305 439.6446 33.8821 235.0765 177.53 205.3223 282.0397 816.6631 94.37 431.2855 281.0682 123.2137 349.4706 112.4512 272.566 825.17;
