function solarprofile = ex_solar_profilesh1
%EX_WIND_PROFILE_D  Example wind_load_nyiso profile data for deterministic unit commitment.
% 2022.03.12
% Andres F. Ramirez


%% define constants
[GEN_BUS, PG, QG, QMAX, QMIN, VG, MBASE, GEN_STATUS, PMAX, PMIN, ...
    MU_PMAX, MU_PMIN, MU_QMAX, MU_QMIN, PC1, PC2, QC1MIN, QC1MAX, ...
    QC2MIN, QC2MAX, RAMP_AGC, RAMP_10, RAMP_30, RAMP_Q, APF] = idx_gen;
[CT_LABEL, CT_PROB, CT_TABLE, CT_TBUS, CT_TGEN, CT_TBRCH, CT_TAREABUS, ...
    CT_TAREAGEN, CT_TAREABRCH, CT_ROW, CT_COL, CT_CHGTYPE, CT_REP, ...
    CT_REL, CT_ADD, CT_NEWVAL, CT_TLOAD, CT_TAREALOAD, CT_LOAD_ALL_PQ, ...
    CT_LOAD_FIX_PQ, CT_LOAD_DIS_PQ, CT_LOAD_ALL_P, CT_LOAD_FIX_P, ...
    CT_LOAD_DIS_P, CT_TGENCOST, CT_TAREAGENCOST, CT_MODCOST_F, ...
    CT_MODCOST_X] = idx_ct;

solarprofile = struct( ...
    'type', 'mpcData', ...
    'table', CT_TGEN, ...
    'rows', [1:12], ...
    'col', PMAX, ...
    'chgtype', 1, ...
    'values', [] );
solarprofile.values(:,1,:) = [
	0.0 0.0 0.0 0.0 0.0 0.0 0.0 0.0 0.0 0.0 0.0 0.0;
	0.0 0.0 0.0 0.0 0.0 0.0 0.0 0.0 0.0 0.0 0.0 0.0;
	0.0 0.0 0.0 0.0 0.0 0.0 0.0 0.0 0.0 0.0 0.0 0.0;
	0.0 0.0 0.0 0.0 0.0 0.0 0.0 0.0 0.0 0.0 0.0 0.0;
	0.0 0.0 0.0 0.0 0.0 0.0 0.0 0.0 0.0 0.0 0.0 0.0;
	0.0 0.0 0.0 0.0 0.0 0.0 0.0 0.0 0.0 0.0 0.0 0.0;
	0.3925 0.2061 0.2955 1.2775 1.7718 67.701 8.4626 0.105 31.9256 11.2225 5.0749 20.324;
	0.4851 0.5201 0.4048 6.7988 3.6612 92.8703 11.6088 2.3053 44.596 28.951 12.5962 52.4304;
	0.6295 0.8229 0.5153 7.3278 3.2708 74.5244 9.3156 3.1132 41.9127 52.0706 22.1055 94.3001;
	2.1843 2.1301 1.4769 4.4379 1.5446 148.1394 18.5174 3.6695 109.487 47.295 35.8308 85.6516;
	1.4695 1.1451 1.0217 3.3208 2.5253 189.7692 23.7212 3.2585 140.7975 56.4909 61.843 102.3054;
	0.854 0.3044 0.7004 3.3629 2.9346 226.7452 28.3431 3.1251 167.207 59.3743 104.3917 107.5272;
	2.2572 0.7915 1.457 6.2566 1.299 329.0258 41.1282 10.9902 192.7816 81.5218 159.3553 147.6365;
	3.3742 1.977 2.1271 7.0869 0.9099 284.6356 35.5795 11.3465 178.18 70.4905 89.7562 127.6587;
	5.4487 2.5671 2.0053 7.0926 1.0075 251.4194 31.4274 10.5437 145.7947 53.6666 33.8504 97.1906;
	7.2968 4.6284 1.8218 4.2591 3.0865 135.5702 16.9463 5.1495 61.04 37.8058 3.7294 68.4665;
	0.2415 0.2251 0.1471 1.0102 1.6266 35.1855 4.3982 6.6636 24.7908 21.6293 8.5464 39.1708;
	0.0 0.0 0.0 0.0 0.0 0.0 0.0 0.0 0.0 0.0 0.0 0.0;
	0.0 0.0 0.0 0.0 0.0 0.0 0.0 0.0 0.0 0.0 0.0 0.0;
	0.0 0.0 0.0 0.0 0.0 0.0 0.0 0.0 0.0 0.0 0.0 0.0;
	0.0 0.0 0.0 0.0 0.0 0.0 0.0 0.0 0.0 0.0 0.0 0.0;
	0.0 0.0 0.0 0.0 0.0 0.0 0.0 0.0 0.0 0.0 0.0 0.0;
	0.0 0.0 0.0 0.0 0.0 0.0 0.0 0.0 0.0 0.0 0.0 0.0;
	0.0 0.0 0.0 0.0 0.0 0.0 0.0 0.0 0.0 0.0 0.0 0.0;
];
