function windprofile = ex_wind_profilesh1
%EX_WIND_PROFILE_D  Example wind_load_nyiso profile data for deterministic unit commitment.
% 2022.03.12
% Andres F. Ramirez


%% define constants
[GEN_BUS, PG, QG, QMAX, QMIN, VG, MBASE, GEN_STATUS, PMAX, PMIN, ...
    MU_PMAX, MU_PMIN, MU_QMAX, MU_QMIN, PC1, PC2, QC1MIN, QC1MAX, ...
    QC2MIN, QC2MAX, RAMP_AGC, RAMP_10, RAMP_30, RAMP_Q, APF] = idx_gen;
[CT_LABEL, CT_PROB, CT_TABLE, CT_TBUS, CT_TGEN, CT_TBRCH, CT_TAREABUS, ...
    CT_TAREAGEN, CT_TAREABRCH, CT_ROW, CT_COL, CT_CHGTYPE, CT_REP, ...
    CT_REL, CT_ADD, CT_NEWVAL, CT_TLOAD, CT_TAREALOAD, CT_LOAD_ALL_PQ, ...
    CT_LOAD_FIX_PQ, CT_LOAD_DIS_PQ, CT_LOAD_ALL_P, CT_LOAD_FIX_P, ...
    CT_LOAD_DIS_P, CT_TGENCOST, CT_TAREAGENCOST, CT_MODCOST_F, ...
    CT_MODCOST_X] = idx_ct;

windprofile = struct( ...
    'type', 'mpcData', ...
    'table', CT_TGEN, ...
    'rows', [1:45], ...
    'col', PMAX, ...
    'chgtype', 1, ...
    'values', [] );
windprofile.values(:,1,:) = [
	3.7706 50.9497 83.7976 118.5084 15.0083 34.1953 32.2046 7.4193 28.3224 12.4533 23.0198 34.341 51.7002 43.5754 170.0058 64.0487 79.4678 84.2122 82.557 69.9013 10.7349 79.7891 32.1812 38.0587 45.8582 26.8436 5.0513 1281.5025 809.4752 809.4752 700.7016 86.9732 275.1899 179.9261 136.6148 345.3761 1302.7562 208.6792 475.1971 122.8345 112.3323 379.3402 200.5894 106.0052 1316.3266;
	3.1727 42.8699 77.1517 49.0054 15.0808 27.116 32.1738 7.7192 12.2556 13.0078 24.0448 35.8701 54.0023 40.9435 178.4432 67.2274 83.4118 88.3916 84.0759 71.757 10.7246 63.2706 25.97 33.9602 38.2795 29.1554 5.6817 1287.8286 816.6436 816.6436 752.0105 75.9807 280.2528 184.7026 128.3635 348.4346 1322.2499 204.2404 479.2809 102.5344 113.759 300.8067 206.4661 89.7937 1336.0233;
	3.0381 41.051 88.7572 51.4915 14.6768 22.2327 32.1337 7.3534 10.1011 12.5855 23.2641 34.7055 52.249 38.8286 190.7914 71.8795 89.1839 94.5083 84.4237 66.0124 10.7112 51.8763 17.8535 36.9507 37.9296 30.146 6.6071 1321.9757 824.0507 824.0507 750.6504 93.6741 281.4123 169.9161 121.7328 351.5949 1332.3616 207.0599 478.369 101.5971 31.9569 246.6348 205.5529 132.133 1346.2404;
	3.4007 45.9503 84.4938 52.4117 14.3906 13.4362 32.6123 7.9842 12.7135 12.0103 22.2009 33.1194 49.861 28.2091 187.3609 70.5871 87.5803 92.809 70.1885 65.0631 10.8708 31.3511 2.9263 28.0912 34.2463 32.3918 5.7131 1353.2142 841.4703 841.4703 805.9926 93.3684 233.9615 167.4725 88.4395 359.0273 1359.3731 236.3377 480.0483 91.7311 25.4187 149.0519 211.2207 119.1922 1373.5332;
	3.7045 50.0562 84.1986 48.1619 14.8506 20.4011 32.4731 8.2491 13.4274 10.8418 20.0409 29.8971 45.0099 36.7312 163.3202 61.5299 76.3427 80.9005 83.8955 67.4297 10.8244 47.6027 0.6657 25.1508 37.2319 66.6686 6.0461 1346.0019 836.3738 836.3738 810.6292 99.4553 279.6517 173.5642 115.1572 356.8528 1349.6934 238.9276 479.8202 99.7282 34.3232 226.3167 207.4124 209.4514 1363.7528;
	3.8242 51.6736 94.9699 119.477 14.6471 32.7836 32.007 8.4424 11.511 11.0758 20.4734 30.5423 45.9813 29.9658 187.2827 70.5577 87.5438 92.7703 87.8259 67.2814 10.669 76.495 0.5175 25.651 54.4127 70.6542 5.8493 1236.9414 800.1823 800.1823 753.6932 105.812 292.7531 173.1824 93.9469 341.4111 1287.4641 227.8169 480.0051 145.7483 61.005 363.6791 207.0246 262.3575 1300.8752;
	3.899 52.6837 94.2741 120.2389 14.7953 33.9176 30.4475 12.8679 10.8635 9.2915 17.1752 25.6219 38.5737 37.027 190.6683 71.8332 89.1264 94.4473 75.8105 68.3385 10.1492 79.1411 22.8429 50.2454 102.1895 75.2664 11.7543 1209.8481 785.9231 785.9231 743.8497 109.8446 252.7018 175.9035 116.0847 335.3272 1269.526 274.5585 470.8955 273.7219 103.833 376.2592 200.7654 283.4139 1282.7503;
	3.8988 52.6815 95.0085 120.8637 15.3856 34.531 30.526 19.144 12.171 10.9567 20.2532 30.2138 45.4867 64.3655 190.7743 71.8731 89.1759 94.4998 78.0848 59.4892 10.1753 80.5723 26.53 60.8966 106.2144 76.5852 14.0976 1148.5292 788.3855 788.3855 749.4042 114.1219 260.2826 153.1253 201.7945 336.3778 1248.4804 303.0718 469.9251 284.5028 120.9558 383.0636 212.6513 286.6246 1261.4855;
	3.8435 51.9337 94.4159 120.4488 15.2845 33.6472 28.9452 19.0887 9.5392 10.8002 19.964 29.7823 44.8372 64.1699 192.5087 72.5265 89.9866 95.359 45.7987 65.1324 9.6484 78.5102 28.329 88.7384 106.091 76.4636 14.1146 871.8664 805.4915 805.4915 728.86 111.3134 152.6624 167.651 201.1815 343.6764 1224.1815 308.2978 452.4049 284.1722 120.5873 373.26 213.393 283.7171 1236.9334;
	3.8555 52.0959 94.9192 121.0196 14.922 34.6576 29.4387 19.0616 18.194 10.2906 19.022 28.377 42.7214 64.9733 195.4097 73.6195 91.3427 96.796 48.2497 64.6528 9.8129 80.8677 23.2282 89.784 106.1022 75.7662 14.1162 674.9125 817.9986 817.9986 733.0937 110.2587 160.8322 166.4165 203.7002 349.0127 1197.5977 274.9742 455.7792 284.2024 122.779 384.468 217.3716 282.1059 1210.0727;
	3.8256 51.6928 93.3938 119.0659 14.7159 34.4742 30.0955 19.1262 25.7982 15.3962 28.4596 42.4561 63.9174 69.606 197.5088 74.4103 92.3239 97.8358 32.1278 67.6898 10.0318 80.4399 26.4418 86.3431 105.502 75.047 14.0251 545.9623 814.1824 814.1824 763.3786 104.0063 107.0928 174.2336 218.2241 347.3845 1080.2417 277.9725 459.7466 282.5946 120.0919 382.4343 212.7344 268.3859 1091.4942;
	3.5402 47.8355 94.1541 118.6885 15.1359 32.5546 27.3928 19.06 25.6434 10.1443 18.7516 27.9736 42.1142 69.2919 195.1994 73.5402 91.2444 96.6918 51.4029 64.543 9.1309 75.9607 19.9503 87.9036 105.7916 76.1638 13.9928 380.6285 799.2855 799.2855 734.517 105.9016 171.3429 166.1339 217.2394 341.0285 868.0023 259.6515 445.0438 283.3703 120.5492 361.139 203.7941 280.1666 877.044;
	2.2768 30.7648 93.0615 113.2739 14.7349 20.3204 26.1645 19.1063 26.4704 26.5422 49.0629 73.1921 110.1904 68.6956 195.0335 73.4778 91.1668 96.6096 92.3053 64.3387 8.7215 47.4144 56.6978 87.054 104.6582 75.6267 14.1221 357.419 748.6985 748.6985 691.2172 108.6487 307.6842 165.6079 215.3701 319.4447 749.4736 233.3568 444.2807 280.3345 122.5154 225.4215 185.9321 269.8951 757.2806;
	2.456 33.1855 94.3793 118.3991 14.6164 11.9141 25.2137 19.128 27.0179 29.7263 54.9486 81.9725 123.4091 66.4259 198.051 74.6145 92.5773 98.1043 90.9064 71.1566 8.4046 27.7995 71.9268 87.6636 105.8812 75.6789 14.1474 342.5289 622.3609 622.3609 625.404 96.9293 303.0215 183.1574 208.2543 265.5406 528.7614 202.2242 461.3235 283.6104 123.2373 132.1669 144.789 269.4738 534.2693;
	2.3252 31.4185 94.5652 116.2227 13.5279 0.8708 21.7954 19.1742 26.9943 28.7661 53.1738 79.3248 119.423 68.0861 204.5393 77.059 95.6102 101.3183 89.3463 72.7822 7.2651 2.0318 71.4813 89.2117 106.0693 76.0559 14.1652 497.0951 501.0058 501.0058 435.16 93.9543 297.8211 187.3417 213.4591 213.7625 455.7566 189.937 467.1655 284.1142 121.4443 9.6599 118.4697 261.4631 460.504;
	3.3869 45.7641 94.7908 91.715 14.5906 25.227 16.8737 19.1893 23.3293 28.7968 53.2305 79.4094 119.5504 61.7497 201.4635 75.9002 94.1725 99.7947 88.217 72.6283 5.6246 58.863 70.9021 89.4696 106.7068 76.6414 14.172 533.6778 526.5205 526.5205 414.944 48.6756 294.0568 186.9455 193.5937 224.6487 501.7044 164.8952 465.1834 285.8218 120.0333 279.8518 83.771 265.5106 506.9305;
	3.078 41.5901 94.6358 70.5068 14.6197 31.9116 15.0086 19.1888 27.2042 26.004 48.0681 71.7081 107.9562 64.7624 198.7118 74.8635 92.8862 98.4317 90.4764 70.3117 5.0029 74.4605 71.3148 89.7691 106.7314 76.2765 14.1669 675.6211 608.626 608.626 472.3979 33.7007 301.588 180.9825 203.0389 259.6804 655.4434 133.1225 193.3962 285.8876 119.8473 354.0065 109.8288 261.7572 662.271;
	3.5811 48.3883 93.3909 69.4917 14.4821 32.3597 29.9535 19.1861 27.549 13.5218 24.9948 37.2874 56.1359 64.1464 189.4171 71.3618 88.5415 93.8276 79.6174 69.5993 9.9845 75.5059 52.9329 88.4772 106.6421 76.227 14.1657 783.5215 656.0405 656.0405 457.147 33.3996 265.3912 179.1487 201.1077 279.9106 871.6033 98.3076 429.9816 285.6484 120.879 358.9767 118.9041 263.2441 880.6825;
