function loadprofile = ex_load_profilesh1
%EX_LOAD_PROFILE  Example load profile data file for stochastic unit commitment.
% 2022.03.12
% Andres F. Ramirez

%% define constants
[CT_LABEL, CT_PROB, CT_TABLE, CT_TBUS, CT_TGEN, CT_TBRCH, CT_TAREABUS, ...
    CT_TAREAGEN, CT_TAREABRCH, CT_ROW, CT_COL, CT_CHGTYPE, CT_REP, ...
    CT_REL, CT_ADD, CT_NEWVAL, CT_TLOAD, CT_TAREALOAD, CT_LOAD_ALL_PQ, ...
    CT_LOAD_FIX_PQ, CT_LOAD_DIS_PQ, CT_LOAD_ALL_P, CT_LOAD_FIX_P, ...
    CT_LOAD_DIS_P, CT_TGENCOST, CT_TAREAGENCOST, CT_MODCOST_F, ...
    CT_MODCOST_X] = idx_ct;

loadprofile = struct( ...
    'type', 'mpcData', ...
    'table', CT_TAREALOAD, ...
    'rows', [1:11], ...
    'col', CT_LOAD_ALL_P, ...
    'chgtype', 1, ...
    'values', [] );
loadprofile.values(:,1,:) = [
	1505.717 944.7 1612.1849 596.5526 803.7982 1255.9411 932.978 239.8587 559.6012 4815.0518 1870.5584;
	1502.2787 930.1501 1595.787 579.6 792.3959 1245.5 912.0196 244.5 547.2104 4651.1323 1825.1425;
	1509.7504 925.8614 1573.3 581.4583 777.4099 1257.5604 908.9483 229.707 531.0131 4556.5883 1786.9881;
	1518.3825 942.3859 1617.3 589.5 821.1173 1298.1126 937.1005 248.0722 549.7191 4659.928 1822.4625;
	1543.6314 974.1262 1671.1018 598.0289 845.3405 1289.1419 956.7531 258.7649 569.1227 4706.0 1866.3367;
	1579.8329 1025.6286 1766.4615 632.1804 924.8202 1376.2925 1017.1113 271.6155 600.0 4906.3363 1943.8114;
	1617.4541 1052.7188 1851.3485 649.2344 979.1325 1427.0989 1089.4232 303.7406 635.1501 5105.8783 2016.5;
	1656.6229 1083.3558 1922.3226 664.5955 997.7 1482.8507 1144.1168 309.6828 674.9578 5317.4033 2090.3561;
	1655.4626 1097.6346 1959.1441 644.5781 1014.0915 1505.4161 1139.1 303.0393 685.7822 5511.6212 2197.5265;
	1647.3153 1108.3377 1928.3659 661.8523 1011.2658 1492.4993 1121.9 298.4236 683.4795 5558.8701 2149.9495;
	1626.5376 1113.3252 1926.6836 656.7993 1019.9306 1541.8606 1116.3415 324.8911 679.3962 5570.0406 2123.3865;
	1632.8497 1109.2 1947.8244 643.1941 998.6038 1471.5374 1084.8083 319.5924 660.3541 5508.8436 2109.4166;
	1609.4372 1116.9934 1918.7826 630.6994 978.0363 1418.5072 1058.2949 286.0929 650.6019 5544.0086 2107.4;
	1598.2669 1089.8369 1872.6549 628.1198 969.6969 1467.9728 1072.2725 300.8616 643.9947 5533.149 2161.6802;
	1601.4809 1101.8234 1890.9302 610.4163 999.8547 1452.3148 1078.0261 313.5 644.5724 5545.1232 2163.6013;
	1652.8633 1124.7567 1861.072 616.7856 997.0809 1488.1259 1105.5337 327.434 662.2721 5624.4915 2211.4533;
	1685.3 1133.3193 1875.3931 614.0 1031.1683 1520.7613 1090.6918 333.2013 667.5262 5659.9316 2278.2228;
	1737.1 1159.8872 1926.0854 624.3618 1067.8244 1555.7437 1143.1047 325.8 702.2 5857.3067 2401.2353;
	1754.8946 1162.6598 1918.2 631.4505 1056.9291 1526.6207 1161.9387 338.1352 703.3983 5735.2096 2378.8006;
	1696.0025 1092.1 1823.9464 610.1 995.2732 1425.2214 1099.0524 318.7623 670.0526 5547.7718 2299.9792;
	1605.3996 1029.2547 1718.2241 569.1833 929.6357 1321.7381 1009.0092 310.4642 588.8833 5277.6272 2116.0399;
	1570.5 984.628 1650.7076 547.6649 857.2634 1222.8 931.6251 285.0981 551.29 4967.3773 1922.2085;
	1534.8169 946.275 1686.3732 558.9 834.6308 1126.4791 896.4918 264.1 525.1477 4818.6739 1754.464;
	1510.8176 938.4 1641.3598 551.6 808.0188 1135.9999 886.4 251.4 505.5 4606.1339 1685.4495;
];
