function loadprofile = ex_load_profilesh1
%EX_LOAD_PROFILE  Example load profile data file for stochastic unit commitment.
% 2022.03.12
% Andres F. Ramirez

%% define constants
[CT_LABEL, CT_PROB, CT_TABLE, CT_TBUS, CT_TGEN, CT_TBRCH, CT_TAREABUS, ...
    CT_TAREAGEN, CT_TAREABRCH, CT_ROW, CT_COL, CT_CHGTYPE, CT_REP, ...
    CT_REL, CT_ADD, CT_NEWVAL, CT_TLOAD, CT_TAREALOAD, CT_LOAD_ALL_PQ, ...
    CT_LOAD_FIX_PQ, CT_LOAD_DIS_PQ, CT_LOAD_ALL_P, CT_LOAD_FIX_P, ...
    CT_LOAD_DIS_P, CT_TGENCOST, CT_TAREAGENCOST, CT_MODCOST_F, ...
    CT_MODCOST_X] = idx_ct;

loadprofile = struct( ...
    'type', 'mpcData', ...
    'table', CT_TAREALOAD, ...
    'rows', [1:11], ...
    'col', CT_LOAD_ALL_P, ...
    'chgtype', 1, ...
    'values', [] );
loadprofile.values(:,1,:) = [
	1513.6939 949.8 1615.7844 581.5 830.0 1259.4381 932.0081 289.8 531.8606 4742.4569 1864.7969;
	1514.9817 917.8453 1548.1681 583.3653 797.6946 1201.8693 891.3628 273.301 517.7956 4529.1485 1770.3584;
	1523.7124 908.1622 1524.1708 591.9 782.8037 1200.1359 898.2166 256.9466 510.0606 4554.0727 1756.746;
	1532.5451 920.5643 1534.7992 607.6252 803.0999 1204.4883 901.9 264.2679 510.2339 4560.4065 1774.1616;
	1560.9386 954.2278 1593.3559 614.1181 852.209 1254.9 947.3 294.5502 552.4965 4711.7293 1858.1843;
	1652.1224 1021.9 1712.234 627.9 920.6496 1327.3357 984.7683 317.9 589.8 4922.3 1970.8088;
	1670.2876 1029.5 1726.9615 639.0689 974.5364 1366.5473 1024.4 332.7307 603.3 5006.3886 2029.7107;
	1726.1087 1055.2901 1802.5165 635.4412 1005.8295 1433.543 1062.5477 329.9269 628.3765 5152.0462 2130.4386;
	1766.4793 1057.8915 1836.0148 631.888 1011.0553 1387.892 1087.0792 340.2 647.143 5283.1537 2144.0074;
	1746.3928 1049.9263 1814.5643 639.4 1008.5871 1391.6836 1124.7965 335.9018 670.7041 5327.2379 2099.4599;
	1761.9617 1042.6521 1795.8558 617.3896 997.2 1381.646 1080.0166 335.4822 665.1856 5311.6229 2064.0;
	1715.4266 1010.9704 1747.4843 611.1364 967.641 1350.0283 1051.0639 324.1 638.3233 5261.3077 2000.0975;
	1681.2492 1010.7225 1700.405 603.1858 925.8426 1305.3799 1027.5623 326.6 631.2205 5307.409 2018.2775;
	1706.4812 1052.2 1752.8876 592.5624 957.8431 1345.9697 1070.9407 351.1597 642.0 5367.6033 2040.8436;
	1731.5816 1074.8068 1777.7679 580.4082 957.7 1411.3157 1099.9784 378.1709 654.7 5453.2647 2087.989;
	1753.6653 1075.6728 1789.3308 599.1 999.5086 1460.8541 1111.5264 388.9005 666.111 5550.613 2194.5336;
	1690.7078 1088.7286 1797.0921 609.5837 1007.2985 1497.6651 1117.0 364.1824 701.9132 5501.0315 2243.9874;
	1715.5888 1116.3 1836.5946 611.6441 1069.6171 1538.6653 1139.5343 358.1703 706.6 5484.189 2297.4057;
	1729.9542 1119.1654 1800.3895 616.8394 1031.6 1505.5215 1157.8567 364.7575 720.3778 5613.7235 2323.3944;
	1707.0147 1090.3297 1808.9434 611.2375 1010.2 1474.2502 1127.5806 364.8 687.8275 5606.7185 2277.1;
	1622.2676 998.7738 1708.4644 576.4 965.0878 1388.8586 1080.6364 326.8557 639.5857 5365.2793 2095.5795;
	1592.4696 983.0 1644.5817 560.6 918.8379 1298.9678 1001.847 296.5154 602.5 5074.8655 1964.9513;
	1592.0905 932.6 1570.222 545.09 838.2066 1150.7 917.7997 290.0 532.6859 4821.2745 1791.6744;
	1492.679 889.3052 1516.5012 542.1974 782.9055 1068.3443 870.7196 255.2848 506.8326 4577.0153 1676.1572;
];
