function solarprofile = ex_solar_profilesh1
%EX_WIND_PROFILE_D  Example wind_load_nyiso profile data for deterministic unit commitment.
% 2022.03.12
% Andres F. Ramirez


%% define constants
[GEN_BUS, PG, QG, QMAX, QMIN, VG, MBASE, GEN_STATUS, PMAX, PMIN, ...
    MU_PMAX, MU_PMIN, MU_QMAX, MU_QMIN, PC1, PC2, QC1MIN, QC1MAX, ...
    QC2MIN, QC2MAX, RAMP_AGC, RAMP_10, RAMP_30, RAMP_Q, APF] = idx_gen;
[CT_LABEL, CT_PROB, CT_TABLE, CT_TBUS, CT_TGEN, CT_TBRCH, CT_TAREABUS, ...
    CT_TAREAGEN, CT_TAREABRCH, CT_ROW, CT_COL, CT_CHGTYPE, CT_REP, ...
    CT_REL, CT_ADD, CT_NEWVAL, CT_TLOAD, CT_TAREALOAD, CT_LOAD_ALL_PQ, ...
    CT_LOAD_FIX_PQ, CT_LOAD_DIS_PQ, CT_LOAD_ALL_P, CT_LOAD_FIX_P, ...
    CT_LOAD_DIS_P, CT_TGENCOST, CT_TAREAGENCOST, CT_MODCOST_F, ...
    CT_MODCOST_X] = idx_ct;

solarprofile = struct( ...
    'type', 'mpcData', ...
    'table', CT_TGEN, ...
    'rows', [1:12], ...
    'col', PMAX, ...
    'chgtype', 1, ...
    'values', [] );
solarprofile.values(:,1,:) = [
	0.0 0.0 0.0 0.0 0.0 0.0 0.0 0.0 0.0 0.0 0.0 0.0;
	0.0 0.0 0.0 0.0 0.0 0.0 0.0 0.0 0.0 0.0 0.0 0.0;
	0.0 0.0 0.0 0.0 0.0 0.0 0.0 0.0 0.0 0.0 0.0 0.0;
	0.0 0.0 0.0 0.0 0.0 0.0 0.0 0.0 0.0 0.0 0.0 0.0;
	0.0 0.0 0.0 0.0 0.0 0.0 0.0 0.0 0.0 0.0 0.0 0.0;
	0.0006 0.0 0.0 0.0 0.0 0.0 0.0 0.0 0.0 0.0 0.0 0.0;
	0.9454 1.0632 0.4462 0.1437 0.3024 88.6971 11.0871 42.7483 11.861 11.2524 4.8572 20.3781;
	2.5773 2.1323 1.7988 1.1809 3.7242 97.4748 12.1844 53.9654 29.4956 87.8946 13.7855 159.1777;
	2.5293 1.7991 1.9407 2.4169 6.994 67.6041 8.4505 58.0669 23.6089 156.6356 24.1006 283.668;
	2.3034 1.7342 1.9037 3.892 8.3333 63.9128 7.9891 41.9334 29.0878 45.7326 12.8731 82.822;
	1.514 1.574 1.1236 2.8284 6.1695 93.1881 11.6485 38.2169 49.0923 23.5104 11.5464 42.5775;
	1.5056 1.9488 1.114 2.6061 4.4275 112.7989 14.0999 40.7295 84.809 20.7861 13.3363 37.6438;
	3.9579 3.4937 2.5799 5.3806 2.3803 141.2419 17.6552 56.3643 91.34 50.1576 25.6567 90.8357;
	3.5235 2.62 2.2515 6.8349 2.7554 83.8538 10.4817 53.8731 59.2175 56.8039 20.7326 102.8723;
	2.4009 1.6108 1.509 7.3523 3.1708 41.2475 5.1559 38.6757 27.3716 34.5281 10.1677 62.5307;
	1.1842 0.74 0.5196 3.7649 2.0459 12.071 1.5089 5.9578 7.7337 7.0459 0.0 12.7601;
	0.2546 0.309 0.1504 0.8492 0.6732 28.9984 3.6248 6.1891 24.7665 20.6083 9.0796 37.3218;
	0.0 0.0 0.0 0.0 0.0 0.0 0.0 0.0 0.0 0.0 0.0 0.0;
	0.0 0.0 0.0 0.0 0.0 0.0 0.0 0.0 0.0 0.0 0.0 0.0;
	0.0 0.0 0.0 0.0 0.0 0.0 0.0 0.0 0.0 0.0 0.0 0.0;
	0.0 0.0 0.0 0.0 0.0 0.0 0.0 0.0 0.0 0.0 0.0 0.0;
	0.0 0.0 0.0 0.0 0.0 0.0 0.0 0.0 0.0 0.0 0.0 0.0;
	0.0 0.0 0.0 0.0 0.0 0.0 0.0 0.0 0.0 0.0 0.0 0.0;
	0.0 0.0 0.0 0.0 0.0 0.0 0.0 0.0 0.0 0.0 0.0 0.0;
];
