function solarprofile = ex_solar_profilesh1
%EX_WIND_PROFILE_D  Example wind_load_nyiso profile data for deterministic unit commitment.
% 2022.03.12
% Andres F. Ramirez


%% define constants
[GEN_BUS, PG, QG, QMAX, QMIN, VG, MBASE, GEN_STATUS, PMAX, PMIN, ...
    MU_PMAX, MU_PMIN, MU_QMAX, MU_QMIN, PC1, PC2, QC1MIN, QC1MAX, ...
    QC2MIN, QC2MAX, RAMP_AGC, RAMP_10, RAMP_30, RAMP_Q, APF] = idx_gen;
[CT_LABEL, CT_PROB, CT_TABLE, CT_TBUS, CT_TGEN, CT_TBRCH, CT_TAREABUS, ...
    CT_TAREAGEN, CT_TAREABRCH, CT_ROW, CT_COL, CT_CHGTYPE, CT_REP, ...
    CT_REL, CT_ADD, CT_NEWVAL, CT_TLOAD, CT_TAREALOAD, CT_LOAD_ALL_PQ, ...
    CT_LOAD_FIX_PQ, CT_LOAD_DIS_PQ, CT_LOAD_ALL_P, CT_LOAD_FIX_P, ...
    CT_LOAD_DIS_P, CT_TGENCOST, CT_TAREAGENCOST, CT_MODCOST_F, ...
    CT_MODCOST_X] = idx_ct;

solarprofile = struct( ...
    'type', 'mpcData', ...
    'table', CT_TGEN, ...
    'rows', [1:12], ...
    'col', PMAX, ...
    'chgtype', 1, ...
    'values', [] );
solarprofile.values(:,1,:) = [
	0.0 0.0 0.0 0.0 0.0 0.0 0.0 0.0 0.0 0.0 0.0 0.0;
	0.0 0.0 0.0 0.0 0.0 0.0 0.0 0.0 0.0 0.0 0.0 0.0;
	0.0 0.0 0.0 0.0 0.0 0.0 0.0 0.0 0.0 0.0 0.0 0.0;
	0.0 0.0 0.0 0.0 0.0 0.0 0.0 0.0 0.0 0.0 0.0 0.0;
	0.0 0.0 0.0 0.0 0.0 0.0 0.0 0.0 0.0 0.0 0.0 0.0;
	0.0 0.0 0.0 0.0 0.0 0.0 0.0 0.0 0.0 0.0 0.0 0.0;
	0.0 0.0 0.0487 0.0 0.0 0.0 0.0 0.0 0.0 12.8578 6.1924 23.2855;
	0.4714 0.3141 0.6193 0.3566 0.044 3.2321 0.404 1.7628 7.881 27.8875 14.0781 50.5044;
	0.9945 0.6851 1.0469 0.9417 0.4334 8.7576 1.0947 2.8207 14.2178 30.5728 16.1831 55.3675;
	2.1953 2.0015 2.0589 1.2671 1.0178 26.8299 3.3537 2.8534 30.3846 12.667 0.0 22.9399;
	2.4609 2.4945 2.3233 1.417 1.4774 29.1962 3.6495 1.5848 55.0887 24.4201 7.4007 44.2249;
	2.4862 2.7818 2.3645 1.5171 1.4147 27.3756 3.4219 1.6698 73.6304 35.1801 17.9055 63.7113;
	2.1917 2.7545 1.4115 1.581 0.4011 32.2625 4.0328 13.898 28.5027 32.2074 19.1149 58.3277;
	1.4867 1.5371 0.6955 1.3093 0.1832 23.9653 2.9957 16.9096 9.9272 18.4007 8.23 33.3237;
	0.5832 0.6959 0.0586 0.913 0.2534 25.6377 3.2047 12.8454 0.467 7.6199 0.0 13.7997;
	0.0 0.142 0.0 0.4461 0.2565 26.0338 3.2542 1.9419 0.0 0.0 0.0 0.0;
	0.2415 0.2189 0.1471 0.4353 0.5517 29.7392 3.7174 6.1592 25.6823 20.1694 9.4964 36.5269;
	0.0 0.0 0.0 0.0 0.0 0.0 0.0 0.0 0.0 0.0 0.0 0.0;
	0.0 0.0 0.0 0.0 0.0 0.0 0.0 0.0 0.0 0.0 0.0 0.0;
	0.0 0.0 0.0 0.0 0.0 0.0 0.0 0.0 0.0 0.0 0.0 0.0;
	0.0 0.0 0.0 0.0 0.0 0.0 0.0 0.0 0.0 0.0 0.0 0.0;
	0.0 0.0 0.0 0.0 0.0 0.0 0.0 0.0 0.0 0.0 0.0 0.0;
	0.0 0.0 0.0 0.0 0.0 0.0 0.0 0.0 0.0 0.0 0.0 0.0;
	0.0 0.0 0.0 0.0 0.0 0.0 0.0 0.0 0.0 0.0 0.0 0.0;
];
