function windprofile = ex_wind_profilesh1
%EX_WIND_PROFILE_D  Example wind_load_nyiso profile data for deterministic unit commitment.
% 2022.03.12
% Andres F. Ramirez


%% define constants
[GEN_BUS, PG, QG, QMAX, QMIN, VG, MBASE, GEN_STATUS, PMAX, PMIN, ...
    MU_PMAX, MU_PMIN, MU_QMAX, MU_QMIN, PC1, PC2, QC1MIN, QC1MAX, ...
    QC2MIN, QC2MAX, RAMP_AGC, RAMP_10, RAMP_30, RAMP_Q, APF] = idx_gen;
[CT_LABEL, CT_PROB, CT_TABLE, CT_TBUS, CT_TGEN, CT_TBRCH, CT_TAREABUS, ...
    CT_TAREAGEN, CT_TAREABRCH, CT_ROW, CT_COL, CT_CHGTYPE, CT_REP, ...
    CT_REL, CT_ADD, CT_NEWVAL, CT_TLOAD, CT_TAREALOAD, CT_LOAD_ALL_PQ, ...
    CT_LOAD_FIX_PQ, CT_LOAD_DIS_PQ, CT_LOAD_ALL_P, CT_LOAD_FIX_P, ...
    CT_LOAD_DIS_P, CT_TGENCOST, CT_TAREAGENCOST, CT_MODCOST_F, ...
    CT_MODCOST_X] = idx_ct;

windprofile = struct( ...
    'type', 'mpcData', ...
    'table', CT_TGEN, ...
    'rows', [1:45], ...
    'col', PMAX, ...
    'chgtype', 1, ...
    'values', [] );
windprofile.values(:,1,:) = [
	3.8959 52.6428 83.3519 114.114 14.8419 36.1427 29.6754 8.2979 27.3968 14.1425 26.1422 38.9991 58.7129 42.4478 177.7648 66.9719 83.0947 88.0556 86.2037 68.9636 9.8918 84.333 33.4655 35.1367 45.5769 29.159 5.298 1243.0895 800.2389 800.2389 628.5847 77.7171 287.3458 177.5124 133.0796 341.4352 1235.6716 211.002 464.0808 122.0809 119.7397 400.9431 207.6015 110.7309 1248.5432;
	3.4089 46.0623 80.2452 46.9986 15.0016 30.8437 27.9396 9.18 10.0161 14.8451 27.4409 40.9365 61.6297 39.2424 181.6188 68.4238 84.8962 89.9647 90.4495 70.3343 9.3132 71.9686 33.0829 35.8074 43.132 30.1628 6.3297 1216.9493 777.5409 777.5409 635.2682 69.5486 301.4984 181.0408 123.0302 331.7508 1214.3939 189.4906 464.3623 115.532 121.0716 342.1593 207.2655 110.8458 1227.0439;
	3.5029 47.3316 88.3266 49.7465 15.1814 27.4075 30.0243 7.6212 9.474 13.9018 25.6973 38.3353 57.7136 38.7838 188.0805 70.8582 87.9167 93.1655 90.8839 63.6928 10.0081 63.9509 31.1505 37.7066 38.0546 29.9186 6.9731 1243.8401 813.3093 813.3093 697.9763 84.3014 302.9465 163.9454 121.5925 347.012 1257.6018 209.7964 473.8243 101.9319 35.2989 304.0407 210.7525 141.4376 1270.7018;
	3.5772 48.3359 85.9876 52.1858 14.5996 15.4951 30.5244 7.4793 11.7463 13.9096 25.7116 38.3566 57.7457 27.9995 189.0407 71.22 88.3655 93.6411 88.12 65.0779 10.1748 36.1552 32.0084 35.2512 33.5475 26.8969 5.7792 1245.2994 816.9417 816.9417 726.8094 94.8654 293.7333 167.5108 87.7823 348.5618 1293.469 232.8199 478.5189 89.8594 39.5714 171.8923 204.1643 121.7175 1306.9426;
	3.8813 52.4455 81.8067 41.6733 14.5005 24.5096 30.8382 7.4814 12.4386 12.3741 22.8733 34.1224 51.3711 32.3109 157.4236 59.3084 73.5864 77.9796 90.3765 62.8733 10.2794 57.1891 8.2822 27.0909 34.8178 59.2125 5.5001 1215.8912 820.744 820.744 765.0308 101.7953 301.2551 161.836 101.2991 350.1841 1282.8109 242.0724 478.8516 93.2619 37.6889 271.8931 204.6349 195.7705 1296.1735;
	3.8672 52.2545 92.4726 111.5185 14.7719 33.9168 29.9498 7.3858 11.1728 13.0767 24.1721 36.0599 54.288 29.2594 187.9712 70.8171 87.8656 93.1113 92.1368 67.439 9.9833 79.1392 7.8509 29.9386 51.6734 65.7414 5.3666 1096.6816 792.4958 792.4958 729.9041 108.5127 307.1228 173.5881 91.7321 338.1315 1220.5418 248.0821 461.4454 138.4109 73.9347 376.2506 200.6546 248.7402 1233.2558;
	3.9022 52.7271 89.6376 117.4483 14.7621 33.9632 30.5459 8.9421 11.7283 13.5323 25.0143 37.3165 56.1797 43.075 196.105 73.8814 91.6677 97.1404 86.6838 71.4562 10.182 79.2475 26.827 48.984 97.7895 72.0813 10.4844 1196.0677 816.6559 816.6559 779.1221 117.324 288.9461 183.9286 135.0459 348.4399 1294.096 297.8365 465.91 261.9361 112.8227 376.7651 205.3577 281.2134 1307.5762;
	3.8263 51.7016 90.4922 119.0808 14.663 34.3285 30.7446 18.1877 11.0884 11.5123 21.2804 31.7461 47.7936 65.1163 194.6413 73.33 90.9835 96.4154 86.3719 62.5086 10.2482 80.0998 23.0615 56.0495 102.5613 71.5603 13.605 1139.719 804.8768 804.8768 783.7649 122.4189 287.9065 160.8972 204.1484 343.4141 1281.0745 322.9995 474.9892 274.7178 118.1496 380.8173 206.6849 284.14 1294.419;
	3.7999 51.3453 91.41 115.6617 14.7757 34.5241 31.0713 17.8314 9.5578 12.2021 22.5554 33.6483 50.6573 65.3425 193.3756 72.8531 90.3919 95.7884 59.1318 66.4695 10.3571 80.5563 23.0929 87.8301 102.2252 70.0058 13.2478 856.9086 805.9852 805.9852 758.2918 113.2941 197.1061 171.0926 204.8577 343.887 1218.7712 300.6308 460.5818 273.8175 116.7629 382.9877 212.4383 277.1049 1231.4668;
	3.7728 50.9783 88.0067 114.8445 14.6663 34.5793 31.7297 17.8219 19.0925 11.4358 21.139 31.5352 47.476 65.9806 189.8989 71.5433 88.7667 94.0662 61.5583 62.5506 10.5766 80.6849 21.2773 88.9688 100.2695 68.9662 12.9618 636.4991 793.1501 793.1501 722.327 114.3996 205.1943 161.0053 206.8582 338.4107 1075.0382 281.0543 454.428 268.579 114.5955 383.5993 207.7318 269.4197 1086.2365;
	3.8403 51.8903 87.8138 114.3085 14.4853 33.6952 31.4319 17.3411 26.3108 16.9518 31.3351 46.7459 70.3756 69.2423 199.1582 75.0317 93.0949 98.6528 45.0275 66.8147 10.4773 78.6222 24.1374 85.2887 98.1225 69.3262 13.0047 443.4407 762.7746 762.7746 703.0232 106.817 150.0916 171.9811 217.084 325.4505 938.3412 286.1544 449.3178 262.8282 117.7787 373.7922 201.8028 262.7764 948.1156;
	3.3262 44.9438 87.5723 112.1274 14.235 31.6657 29.6478 16.2901 26.8662 20.082 37.1214 55.3778 83.3709 65.8315 194.4664 73.2641 90.9017 96.3287 60.2738 61.6903 9.8826 73.8866 32.2216 83.2949 92.507 70.229 11.6156 284.6327 667.5144 667.5144 609.8949 100.4428 200.9126 158.791 206.3906 284.8062 720.1535 252.5766 440.1297 247.7867 116.2976 351.2779 182.6943 259.782 727.6551;
	2.0212 27.3102 87.3383 110.6322 13.8096 19.9682 26.1129 17.6453 26.3832 27.019 49.9441 74.5068 112.1696 63.8145 192.1075 72.3754 89.7991 95.1602 92.3299 62.6582 8.7043 46.5924 57.0785 82.5732 89.0009 69.7621 12.9187 311.0549 629.9733 629.9733 593.2114 98.9756 307.7663 161.2825 200.0672 268.7886 634.2072 226.0407 404.2963 238.3954 115.5537 221.5138 156.6147 263.324 640.8135;
	2.3767 32.1146 86.4266 106.7017 13.7394 11.1544 24.9645 17.365 26.1443 30.411 56.2143 83.8607 126.2518 63.7158 189.5428 71.4091 88.6002 93.8898 90.4404 66.7829 8.3215 26.0269 72.1579 82.7408 85.6641 71.2188 12.8465 311.2867 493.395 493.395 555.8891 95.2441 301.4678 171.8993 199.7575 210.5152 469.8979 201.2459 425.8693 229.4575 118.0547 123.7395 133.0301 260.3145 474.7926;
	2.2563 30.488 86.3295 109.0535 10.5147 1.3035 21.3025 17.4072 26.1556 28.6224 52.9081 78.9284 118.8263 64.0924 200.5873 75.5701 93.7629 99.3607 91.681 72.1595 7.1008 3.0415 69.5853 83.6745 92.7851 70.0966 13.3188 456.7131 439.2492 439.2492 393.0127 85.7451 305.6034 185.7388 200.9385 187.413 413.5565 179.2508 430.2004 248.5315 117.597 14.4603 109.8358 241.814 417.8644;
	3.5657 48.1811 89.7465 87.0578 14.1233 27.588 17.0452 18.349 23.8093 28.8662 53.3588 79.6008 119.8385 59.7738 199.4316 75.1347 93.2227 98.7882 87.0142 72.5586 5.6817 64.372 72.0698 86.7581 96.7814 72.7284 13.6913 501.9814 472.9182 472.9182 368.5915 45.4265 290.0472 186.7661 187.399 201.7784 473.2826 146.4849 444.5118 259.2358 120.5784 306.0429 90.7986 270.0333 478.2126;
	3.3147 44.789 91.4641 69.0684 14.7798 33.165 15.373 18.5384 27.9617 27.669 51.1457 76.2993 114.8681 61.6667 199.2275 75.0578 93.1273 98.6871 88.3635 71.6166 5.1243 77.3849 73.2549 87.3466 102.4464 73.7437 13.9384 588.484 545.9773 545.9773 397.684 27.6072 294.5451 184.3412 193.3335 232.9503 607.4034 111.904 168.757 274.41 121.2268 367.9101 115.4481 271.8337 613.7305;
	3.8142 51.5379 92.7286 69.0215 15.0536 33.7987 30.6911 18.9828 27.728 13.1495 24.3066 36.2607 54.5902 62.3777 194.4927 73.274 90.914 96.3417 74.6714 71.9418 10.2304 78.8636 51.1185 89.4303 104.8301 73.7774 14.0408 728.4131 591.8769 591.8769 378.694 29.7441 248.9045 185.1784 195.5624 252.5341 838.2092 81.6458 395.1773 280.7948 123.5173 374.94 120.6425 263.7076 846.9406;
