function windprofile = ex_wind_profilesh1
%EX_WIND_PROFILE_D  Example wind_load_nyiso profile data for deterministic unit commitment.
% 2022.03.12
% Andres F. Ramirez


%% define constants
[GEN_BUS, PG, QG, QMAX, QMIN, VG, MBASE, GEN_STATUS, PMAX, PMIN, ...
    MU_PMAX, MU_PMIN, MU_QMAX, MU_QMIN, PC1, PC2, QC1MIN, QC1MAX, ...
    QC2MIN, QC2MAX, RAMP_AGC, RAMP_10, RAMP_30, RAMP_Q, APF] = idx_gen;
[CT_LABEL, CT_PROB, CT_TABLE, CT_TBUS, CT_TGEN, CT_TBRCH, CT_TAREABUS, ...
    CT_TAREAGEN, CT_TAREABRCH, CT_ROW, CT_COL, CT_CHGTYPE, CT_REP, ...
    CT_REL, CT_ADD, CT_NEWVAL, CT_TLOAD, CT_TAREALOAD, CT_LOAD_ALL_PQ, ...
    CT_LOAD_FIX_PQ, CT_LOAD_DIS_PQ, CT_LOAD_ALL_P, CT_LOAD_FIX_P, ...
    CT_LOAD_DIS_P, CT_TGENCOST, CT_TAREAGENCOST, CT_MODCOST_F, ...
    CT_MODCOST_X] = idx_ct;

windprofile = struct( ...
    'type', 'mpcData', ...
    'table', CT_TGEN, ...
    'rows', [1:45], ...
    'col', PMAX, ...
    'chgtype', 1, ...
    'values', [] );
windprofile.values(:,1,:) = [
	3.7741 50.9957 89.2695 119.1535 14.712 35.2224 31.028 7.5203 27.0488 10.9426 20.2272 30.175 45.4282 39.3007 180.4982 68.0017 84.3724 89.4096 84.6825 70.0119 10.3427 82.1856 26.6682 40.3069 51.1742 26.4188 5.0386 1245.3284 832.0626 832.0626 693.1496 84.3208 282.275 180.2108 123.2129 355.0134 1223.4698 202.7377 438.4611 137.0737 111.6892 390.7339 207.8662 107.3647 1236.2142;
	3.2895 44.4483 82.9488 46.2349 15.0529 29.0159 30.5948 7.4574 10.0011 13.0826 24.1829 36.0761 54.3124 38.9949 181.7971 68.491 84.9796 90.053 85.8285 71.9767 10.1983 67.7037 26.9397 38.3812 43.3965 22.4645 5.5997 1262.3508 834.8008 834.8008 752.2883 76.3344 286.0951 185.2682 122.2544 356.1817 1260.6156 195.663 444.1519 116.2406 112.7538 321.8828 211.4323 89.4367 1273.747;
	3.1535 42.61 89.9821 47.229 14.51 23.4863 30.5808 6.5292 1.1169 11.6557 21.5454 32.1415 48.3889 36.7326 189.3343 71.3306 88.5028 93.7865 84.7758 68.0076 10.1936 54.8013 24.9853 34.8619 39.3114 25.5326 5.9072 1259.0414 831.1798 831.1798 746.8397 85.9607 282.5861 175.0517 115.1616 354.6367 1260.2394 198.2822 436.555 105.2983 30.3408 260.5412 206.4124 116.1491 1273.3669;
	3.1193 42.1486 82.3766 42.3948 14.0342 11.6677 31.6037 4.9735 7.2871 11.0048 20.3421 30.3465 45.6865 28.0482 188.6494 71.0726 88.1826 93.4473 83.873 67.4133 10.5346 27.2245 23.4788 7.3096 29.2267 3.0608 2.9455 1269.9023 842.5628 842.5628 764.4476 89.59 279.5767 173.522 87.935 359.4935 1290.6934 209.5943 449.6953 78.2857 30.0739 129.4332 188.98 31.1269 1304.1382;
	3.6085 48.7582 80.2964 34.4609 14.1095 14.4397 31.6447 6.5506 5.4552 7.0377 13.0091 19.407 29.2171 30.5397 168.8569 63.6159 78.9308 83.6431 89.9543 67.7037 10.5482 33.6927 0.0001 16.6648 36.7231 54.4334 4.044 1223.4645 839.5456 839.5456 768.4621 93.7658 299.8477 174.2696 95.7461 358.2061 1273.6316 224.5696 459.9416 98.3655 36.6424 160.1845 187.5734 172.0415 1286.8986;
	2.7456 37.0994 85.9021 87.7163 11.4676 24.4011 30.9623 4.2507 0.0354 0.0337 0.0622 0.0928 0.1397 25.0909 172.7289 65.0746 80.7407 85.5611 88.7541 64.2157 10.3208 56.936 0.0 0.0 48.9459 50.219 1.3392 1178.1179 798.2588 798.2588 719.9542 101.694 295.8469 165.2913 78.6635 340.5904 1224.1447 224.5213 442.2822 131.1052 66.6314 270.69 184.3543 179.3624 1236.8963;
	2.3207 31.3573 87.2479 109.1275 11.5641 24.9629 30.808 9.684 3.2509 4.4361 8.2001 12.2329 18.4165 34.8687 187.2348 70.5396 87.5214 92.7465 82.4608 67.9745 10.2693 58.2468 21.8363 37.1467 97.0582 73.0418 9.4281 1151.152 815.8951 815.8951 723.1986 109.6754 274.8693 174.9666 109.3181 348.1152 1239.7023 268.5086 437.8063 259.9774 105.0213 276.9217 184.1961 231.281 1252.6159;
	2.3247 31.412 87.7254 111.4824 14.1905 30.3536 31.7587 18.4009 9.987 0.6051 1.1185 1.6686 2.512 60.2918 182.3566 68.7018 85.2411 90.3301 81.6386 58.3532 10.5862 70.825 8.9893 46.5505 102.412 73.4806 13.2939 1081.689 833.7575 833.7575 717.659 112.5047 272.1287 150.2012 189.0229 355.7365 1213.046 283.9115 459.1903 274.318 116.9817 336.7224 200.2872 241.141 1225.6819;
	3.3051 44.6591 88.8818 110.6722 14.3748 29.9752 30.3888 18.0192 7.3104 0.5221 0.9651 1.4398 2.1676 60.0342 188.5849 71.0483 88.1525 93.4153 48.7801 64.1647 10.1296 69.9422 3.4153 85.4561 102.7642 72.4464 13.1827 841.3115 837.8955 837.8955 743.0758 113.929 162.6005 165.16 188.2153 357.5021 1201.6304 303.6329 446.634 275.2612 120.8085 332.5254 192.6042 257.7527 1214.1474;
	3.3818 45.696 86.5116 110.082 14.4221 32.2815 31.2141 17.7969 20.2658 8.5634 15.8292 23.6141 35.5509 58.3192 184.3092 69.4374 86.1538 91.2973 56.0118 58.0291 10.4047 75.3236 24.85 86.7019 99.9919 69.3141 12.8025 630.8788 832.7718 832.7718 747.894 112.1217 186.7059 149.3671 182.8385 355.316 1071.9541 264.6299 459.6794 267.8354 119.6726 358.1098 193.571 237.5702 1083.1203;
	2.8056 37.91 86.6645 100.957 14.2955 31.8546 31.3547 17.6915 27.9017 16.2869 30.1061 44.9124 67.6153 67.7895 194.5674 73.3021 90.949 96.3787 42.9859 64.9527 10.4516 74.3273 28.1858 81.5322 96.9591 69.7063 12.92 475.1893 817.6152 817.6152 744.0111 98.1402 143.2865 167.1884 212.5292 348.8491 938.1092 250.8277 473.04 259.7119 119.378 353.3733 173.8839 234.4093 947.8812;
	3.1787 42.9519 86.8764 112.1271 14.6686 31.5451 30.0545 18.1665 28.121 17.9758 33.2279 49.5696 74.6267 69.5189 194.6837 73.346 91.0033 96.4364 55.2304 63.9421 10.0182 73.6053 32.6069 82.0856 97.5538 73.5988 12.9421 352.3893 829.9753 829.9753 740.1962 108.2877 184.1012 164.5872 217.9513 354.1228 801.0559 242.9555 476.9362 261.3049 122.209 349.9407 176.0575 227.6978 809.4002;
	1.8553 25.0691 89.1352 111.9066 14.6435 20.5123 26.3474 18.4889 28.251 26.8053 49.5492 73.9177 111.2827 68.9697 189.1423 71.2583 88.413 93.6914 91.7333 63.9432 8.7825 47.8621 60.974 84.0957 99.0273 73.1833 13.5875 333.9385 743.298 743.298 689.1538 111.4717 305.7778 164.5901 216.2292 317.1405 667.4574 235.4087 455.4531 265.2517 123.1633 227.5501 148.2657 247.6043 674.4101;
	2.0253 27.3668 88.9697 109.8788 14.5723 11.3008 24.2567 18.6427 28.1969 29.7622 55.015 82.0716 123.5583 68.0695 188.6945 71.0895 88.2037 93.4696 87.7819 68.1799 8.0856 26.3685 73.2598 83.9581 100.2268 74.4861 13.6738 297.287 620.1687 620.1687 582.6148 100.2284 292.6063 175.4952 213.407 264.6053 454.6274 202.5777 462.2498 268.4647 122.9939 125.3634 122.2573 258.5326 459.3631;
	1.9702 26.6214 89.3258 111.4215 13.257 0.577 21.6651 18.3577 28.3313 28.2868 52.2877 78.003 117.4331 67.0268 197.9068 74.5602 92.5099 98.0329 86.1405 71.7159 7.2217 1.3464 73.6801 84.6678 101.1536 72.764 13.8037 448.7578 503.364 503.364 436.9058 91.4747 287.135 184.5969 210.138 214.7686 420.2758 186.1529 458.8394 270.9471 119.6971 6.4011 108.3647 246.7675 424.6536;
	3.1564 42.6498 86.6165 75.7299 14.3851 25.491 16.9426 17.7725 25.5796 29.0874 53.7677 80.2108 120.757 59.0889 200.3857 75.4942 93.6687 99.2608 88.9312 71.5615 5.6475 59.4791 72.0132 77.9065 96.2045 71.3482 13.4355 510.9443 540.9303 540.9303 425.9787 51.0878 296.4374 184.1995 185.2516 230.7969 496.2084 166.4869 466.4463 257.6907 121.0691 282.7807 80.6461 245.4507 501.3772;
	2.795 37.7672 80.0638 47.1073 14.1927 31.7594 13.5997 17.9247 27.9498 27.9346 51.6367 77.0318 115.9709 60.5556 193.9851 73.0827 90.6767 96.0903 87.1744 71.1638 4.5332 74.1054 73.8715 83.6057 87.4771 71.4064 13.4043 551.0172 565.437 565.437 430.9012 29.9653 290.5813 183.1758 189.8501 241.2531 559.093 120.8573 186.3154 234.3137 121.5619 352.3181 105.5844 254.4441 564.9169;
	3.3211 44.875 85.041 50.9171 14.3348 31.7964 27.5835 18.2326 27.1646 11.1445 20.6005 30.7318 46.2666 63.1445 186.4501 70.244 87.1546 92.3578 74.2239 70.54 9.1945 74.1916 45.8139 86.1896 97.6142 70.8065 13.4175 635.8168 589.6278 589.6278 404.5299 31.588 247.413 181.5701 197.9667 251.5745 731.0592 82.7586 408.4866 261.4665 119.7839 352.728 117.3909 249.7278 738.6744;
