function loadprofile = ex_load_profilesh1
%EX_LOAD_PROFILE  Example load profile data file for stochastic unit commitment.
% 2022.03.12
% Andres F. Ramirez

%% define constants
[CT_LABEL, CT_PROB, CT_TABLE, CT_TBUS, CT_TGEN, CT_TBRCH, CT_TAREABUS, ...
    CT_TAREAGEN, CT_TAREABRCH, CT_ROW, CT_COL, CT_CHGTYPE, CT_REP, ...
    CT_REL, CT_ADD, CT_NEWVAL, CT_TLOAD, CT_TAREALOAD, CT_LOAD_ALL_PQ, ...
    CT_LOAD_FIX_PQ, CT_LOAD_DIS_PQ, CT_LOAD_ALL_P, CT_LOAD_FIX_P, ...
    CT_LOAD_DIS_P, CT_TGENCOST, CT_TAREAGENCOST, CT_MODCOST_F, ...
    CT_MODCOST_X] = idx_ct;

loadprofile = struct( ...
    'type', 'mpcData', ...
    'table', CT_TAREALOAD, ...
    'rows', [1:11], ...
    'col', CT_LOAD_ALL_P, ...
    'chgtype', 1, ...
    'values', [] );
loadprofile.values(:,1,:) = [
	1467.1778 917.9635 1568.7924 588.4 765.8504 1218.8173 895.4904 263.639 535.7 4411.2029 1780.3697;
	1381.1507 875.9 1538.3437 581.0088 731.7199 1195.3 849.2 244.9517 513.6744 4121.1973 1712.1846;
	1374.1138 883.8152 1531.0829 586.2 746.4911 1182.9834 854.8861 247.1437 508.4093 3939.2283 1669.3481;
	1388.0472 891.7095 1554.4006 584.8 754.7674 1196.1097 877.5963 253.8 517.6875 4135.6412 1671.8185;
	1443.8203 940.2001 1631.5597 592.0854 789.3308 1247.4921 920.7143 282.4 542.7825 4248.0291 1686.377;
	1513.0607 966.7 1695.8306 615.5943 873.4549 1300.6608 934.0149 294.0251 555.1062 3479.4548 1706.3123;
	1547.2378 997.257 1719.6041 618.2 926.6688 1315.2794 995.3592 316.7763 587.5423 4336.9731 1822.2716;
	1552.8951 1030.2483 1782.7636 636.2451 944.2669 1352.986 1058.1003 307.8085 623.3587 4515.6684 1817.1828;
	1562.5348 1002.7262 1746.9374 622.3 979.682 1375.9063 1111.4173 319.2853 636.4484 4845.4925 1803.0961;
	1578.4 1009.9263 1745.1406 606.6146 989.5607 1393.1173 1150.2 323.7001 647.2369 5161.6075 1806.9364;
	1573.9 1022.0795 1754.1616 600.9489 955.4528 1381.6598 1142.1297 304.2956 677.371 5193.5836 1856.9175;
	1601.0238 1005.4661 1758.8828 577.3 932.1157 1364.0635 1126.2 309.5982 665.0866 5177.7896 1831.9459;
	1576.401 981.4054 1732.1441 570.4 900.2514 1346.7 1081.6864 314.6443 661.3642 4985.2958 1539.2723;
	1605.4678 1017.9883 1778.2254 569.8 910.2278 1355.0884 1052.8606 294.011 644.1079 5123.0647 1905.2869;
	1637.8462 1032.2904 1811.7 556.0794 927.5599 1352.5352 1056.7 296.2403 656.0191 5337.6482 1986.1858;
	1659.1106 1057.9743 1864.2 581.8 970.1784 1372.804 1058.9971 283.4245 662.131 5333.4184 2113.2;
	1711.2272 1088.9809 1833.1025 605.8 969.2616 1377.7 1080.825 297.9 672.4361 5353.6233 2197.2;
	1755.7196 1141.6832 1930.8963 630.3082 1017.1969 1468.4883 1151.2787 319.1827 685.5544 5433.426 2323.014;
	1743.0 1134.0613 1877.4163 621.0 949.9702 1460.9751 1144.1212 321.9965 684.5786 5442.6 2304.7131;
	1698.1 1088.748 1781.1482 602.9225 884.8445 1380.3578 1082.3798 308.619 629.9336 5336.3261 2221.5849;
	1641.2223 1025.5993 1688.8798 579.4233 816.9628 1305.9 998.4231 275.3437 576.9262 5112.7926 2054.0315;
	1582.2203 973.4095 1606.9752 561.1 757.754 1229.5872 934.4597 260.0583 550.3 4890.6982 1907.0959;
	1501.8678 888.5742 1485.486 553.9911 727.9961 1080.4652 849.4709 216.475 505.025 4188.6903 1668.3919;
	1476.1788 867.286 1452.084 567.7993 729.749 1044.1572 854.8793 224.1 496.7151 3960.2304 1548.906;
];
