function windprofile = ex_wind_profilesh1
%EX_WIND_PROFILE_D  Example wind_load_nyiso profile data for deterministic unit commitment.
% 2022.03.12
% Andres F. Ramirez


%% define constants
[GEN_BUS, PG, QG, QMAX, QMIN, VG, MBASE, GEN_STATUS, PMAX, PMIN, ...
    MU_PMAX, MU_PMIN, MU_QMAX, MU_QMIN, PC1, PC2, QC1MIN, QC1MAX, ...
    QC2MIN, QC2MAX, RAMP_AGC, RAMP_10, RAMP_30, RAMP_Q, APF] = idx_gen;
[CT_LABEL, CT_PROB, CT_TABLE, CT_TBUS, CT_TGEN, CT_TBRCH, CT_TAREABUS, ...
    CT_TAREAGEN, CT_TAREABRCH, CT_ROW, CT_COL, CT_CHGTYPE, CT_REP, ...
    CT_REL, CT_ADD, CT_NEWVAL, CT_TLOAD, CT_TAREALOAD, CT_LOAD_ALL_PQ, ...
    CT_LOAD_FIX_PQ, CT_LOAD_DIS_PQ, CT_LOAD_ALL_P, CT_LOAD_FIX_P, ...
    CT_LOAD_DIS_P, CT_TGENCOST, CT_TAREAGENCOST, CT_MODCOST_F, ...
    CT_MODCOST_X] = idx_ct;

windprofile = struct( ...
    'type', 'mpcData', ...
    'table', CT_TGEN, ...
    'rows', [1:45], ...
    'col', PMAX, ...
    'chgtype', 1, ...
    'values', [] );
windprofile.values(:,1,:) = [
	3.893 52.6031 83.6016 113.7365 14.9925 35.7374 31.7845 5.6882 27.6375 11.0664 20.456 30.5163 45.9422 40.9606 181.8338 68.5048 84.9968 90.0712 89.2755 69.9502 10.5948 83.3874 25.237 33.1077 44.4892 19.3313 4.4076 1274.535 818.0819 818.0819 701.7736 86.4427 297.585 180.0521 128.4171 349.0483 1273.6833 222.5042 467.4699 119.1674 119.517 396.4474 214.5956 106.7917 1286.9509;
	3.1674 42.7991 77.2471 42.2825 15.0788 28.6075 30.9491 4.2027 9.8776 11.611 21.4628 32.0182 48.2033 38.4396 175.1886 66.0013 81.8905 86.7795 88.1812 68.8937 10.3164 66.7507 10.0552 28.5155 34.5072 16.12 5.2798 1246.3093 815.6318 815.6318 742.1691 77.601 293.9372 177.3326 120.5134 348.0029 1274.8176 216.6764 468.3259 92.4299 115.6331 317.3521 211.7745 87.999 1288.0969;
	2.7551 37.2269 84.9806 36.8607 14.6851 22.9855 31.6805 0.0 9.2522 10.4995 19.4081 28.9531 43.5887 39.7478 186.1867 70.1448 87.0315 92.2274 87.7543 65.318 10.5602 53.6329 0.5215 26.0465 7.186 2.0773 5.2334 1246.5993 827.6868 827.6868 748.7838 96.1149 292.5143 168.1288 124.6149 353.1464 1271.9849 215.641 471.9197 19.2481 33.2191 254.9862 205.8545 102.4925 1285.2347;
	3.4049 46.0081 84.1023 45.295 14.4838 13.0307 31.263 0.7012 10.1964 11.4477 21.1609 31.5679 47.5252 28.8709 188.083 70.8592 87.9179 93.1667 85.952 64.4158 10.421 30.4049 23.0812 24.4668 4.7937 21.3804 4.9792 1268.9325 819.2465 819.2465 775.0448 100.3476 286.5067 165.8064 90.5141 349.5452 1294.7783 235.4661 467.5757 12.8403 37.9012 144.5537 213.7442 99.4915 1308.2655;
	3.7871 51.1722 84.1522 38.4422 14.7017 21.8385 31.6741 4.3959 11.3945 10.3188 19.0742 28.4549 42.8387 33.228 159.7682 60.1917 74.6823 79.141 85.9812 58.1121 10.558 50.9566 1.4497 21.5418 30.8047 57.8678 5.3612 1283.5597 817.1345 817.1345 768.6304 102.846 286.6041 149.5807 104.1742 348.644 1282.5274 229.2764 478.0985 82.5125 34.9331 242.262 210.0952 180.8659 1295.887;
	3.7607 50.8156 94.5181 109.4397 14.9046 33.3679 31.9323 6.3366 11.6313 12.6601 23.4019 34.9111 52.5584 27.6053 182.268 68.6684 85.1997 90.2863 90.0457 64.2261 10.6441 77.8584 2.1808 27.0667 49.0432 65.6378 5.4553 1265.1306 825.9096 825.9096 788.008 112.2459 300.1525 165.318 86.5465 352.3881 1291.7817 237.0774 473.2264 131.3657 66.3407 370.161 208.6903 241.4828 1305.2378;
	3.887 52.5217 93.54 116.5138 14.8001 34.0416 31.4648 9.9249 10.358 10.9762 20.2893 30.2677 45.5679 38.3091 191.6977 72.221 89.6075 94.9572 79.6724 68.7181 10.4883 79.4303 22.8934 45.4604 97.4137 72.9825 11.1813 1168.7603 824.8628 824.8628 777.0946 112.9658 265.5746 176.8805 120.1042 351.9415 1289.87 276.5047 459.7737 260.9294 100.9866 377.6343 215.0343 275.0813 1303.3062;
	3.7807 51.085 91.1812 115.4958 14.7632 34.3843 30.9558 18.6605 10.3405 6.8017 12.5728 18.7561 28.2373 60.5713 193.6735 72.9654 90.5311 95.9359 82.5946 54.1524 10.3186 80.2299 22.6685 54.6599 103.6951 73.4959 13.9022 1087.5952 810.5358 810.5358 755.6147 114.1251 275.3153 139.3884 189.8993 345.8286 1252.1842 298.9998 452.4559 277.7547 116.051 381.436 215.9934 275.1684 1265.2278;
	3.6004 48.6488 88.8753 110.8399 14.9275 33.8345 30.2901 18.2912 10.0078 9.6316 17.8038 26.5598 39.9857 64.1796 198.2854 74.7029 92.6869 98.2205 51.5894 66.3611 10.0967 78.9472 27.0829 86.0253 102.7708 71.9306 13.4653 827.1332 853.329 853.329 777.5305 114.886 171.9645 170.8137 201.2118 364.087 1249.2067 305.9752 448.6893 275.2788 118.2986 375.3376 213.894 261.5599 1262.2193;
	3.7008 50.0062 89.9281 115.0458 14.7061 33.2856 30.2677 18.5921 20.2256 9.9752 18.4391 27.5075 41.4124 57.8807 199.2663 75.0724 93.1454 98.7063 55.9896 62.6096 10.0892 77.6664 27.0463 87.7824 102.063 71.5933 13.4855 622.3686 846.8619 846.8619 770.5474 112.1462 186.6319 161.1572 181.4639 361.3277 1149.5034 275.4342 440.3443 273.383 118.2199 369.2482 205.7514 265.0462 1161.4774;
	3.6376 49.1525 90.666 113.9753 14.2273 31.8537 30.1745 18.3094 27.3052 15.0343 27.7906 41.4581 62.415 66.9076 201.8775 76.0562 94.366 99.9998 41.7075 67.8825 10.0582 74.3254 28.7012 83.163 99.803 70.5145 13.1484 442.9829 832.6441 832.6441 761.3701 105.6253 139.0249 174.7297 209.7643 355.2615 971.9379 269.777 437.4185 267.3294 117.9273 353.364 202.2203 257.618 982.0623;
	2.8357 38.316 90.3924 114.1481 14.5941 31.1165 28.2091 18.5026 27.8363 18.6882 34.5448 51.5341 77.5843 64.7892 194.87 73.4162 91.0904 96.5286 50.1117 63.6824 9.403 72.6051 37.4773 86.403 101.948 73.1443 12.9597 311.2208 811.427 811.427 674.4522 105.0286 167.0391 163.9186 203.1229 346.2088 787.8012 238.1965 434.2675 273.0749 119.0818 345.1854 188.3163 260.5445 796.0075;
	1.9554 26.4218 91.1096 111.6061 14.037 20.775 24.6054 18.5532 27.9365 25.5668 47.2599 70.5025 106.1411 64.0825 195.7683 73.7546 91.5103 96.9736 90.8099 65.3384 8.2018 48.4751 57.8161 83.9244 100.946 73.3127 13.657 325.5266 736.5119 736.5119 596.8621 106.1909 302.6998 168.1812 200.9074 314.2451 682.4051 223.1421 428.7372 270.3911 120.15 230.4643 169.9891 270.3005 689.5135;
	2.1464 29.0025 88.8552 109.9704 14.4317 12.9309 23.9869 18.5313 27.8609 30.0629 55.5709 82.9008 124.8067 66.2855 194.6365 73.3282 90.9813 96.413 87.8615 67.5101 7.9956 30.1721 71.9643 84.7563 101.6102 72.88 13.5326 296.6993 641.7733 641.7733 587.1591 105.4253 292.8716 173.7712 207.814 273.8233 503.3355 214.6134 442.0313 272.1701 122.5417 143.4466 137.9749 260.2112 508.5786;
	2.0208 27.3059 86.9447 111.0992 11.8511 0.5792 19.3546 18.2054 26.5831 29.4577 54.4521 81.2319 122.2941 64.4963 200.3314 75.4737 93.6433 99.2339 88.3672 71.0679 6.4515 1.3516 73.5337 84.849 99.6357 71.2503 13.6076 431.0629 514.2357 514.2357 421.744 94.5505 294.5574 182.9289 202.2047 219.4072 441.4853 197.9631 425.862 266.8813 117.1931 6.4258 108.6796 247.9615 446.0841;
	3.2375 43.7456 87.5521 86.7695 14.5736 25.9082 15.1273 18.6437 22.7512 29.363 54.2772 80.9708 121.9011 58.811 199.985 75.3432 93.4814 99.0624 88.9052 72.1444 5.0424 60.4524 73.6052 86.5756 102.7786 73.8375 13.7719 465.0772 534.7299 534.7299 392.0307 48.2112 296.3508 185.6998 184.3803 228.1514 484.4462 163.0934 434.128 275.2999 121.9777 287.4078 78.1448 265.5894 489.4925;
	2.9993 40.5277 89.5758 63.1383 14.5429 31.1617 13.2507 18.6531 26.7486 27.9174 51.6049 76.9844 115.8996 58.6205 194.3831 73.2327 90.8628 96.2874 89.6222 68.9675 4.4169 72.7106 74.2806 87.9962 105.1435 74.3293 13.7015 588.933 586.4383 586.4383 439.3937 33.5671 298.7405 177.5224 183.7833 250.2137 578.8748 125.7449 160.9255 281.6344 122.8247 345.6871 102.9623 262.4519 584.9047;
	3.3613 45.4189 87.6031 58.0332 13.9796 28.3543 25.3929 18.6808 25.4954 11.5443 21.3394 31.8342 47.9263 59.0775 177.0941 66.7192 82.7812 87.7233 69.5651 71.1387 8.4643 66.16 51.1342 86.8065 104.2179 72.6053 13.6505 645.3965 575.4044 575.4044 371.352 28.2579 231.8838 183.1112 185.216 245.5059 731.0504 85.8412 355.8058 279.1551 123.0373 314.5437 104.6611 262.7764 738.6655;
