function solarprofile = ex_solar_profilesh1
%EX_WIND_PROFILE_D  Example wind_load_nyiso profile data for deterministic unit commitment.
% 2022.03.12
% Andres F. Ramirez


%% define constants
[GEN_BUS, PG, QG, QMAX, QMIN, VG, MBASE, GEN_STATUS, PMAX, PMIN, ...
    MU_PMAX, MU_PMIN, MU_QMAX, MU_QMIN, PC1, PC2, QC1MIN, QC1MAX, ...
    QC2MIN, QC2MAX, RAMP_AGC, RAMP_10, RAMP_30, RAMP_Q, APF] = idx_gen;
[CT_LABEL, CT_PROB, CT_TABLE, CT_TBUS, CT_TGEN, CT_TBRCH, CT_TAREABUS, ...
    CT_TAREAGEN, CT_TAREABRCH, CT_ROW, CT_COL, CT_CHGTYPE, CT_REP, ...
    CT_REL, CT_ADD, CT_NEWVAL, CT_TLOAD, CT_TAREALOAD, CT_LOAD_ALL_PQ, ...
    CT_LOAD_FIX_PQ, CT_LOAD_DIS_PQ, CT_LOAD_ALL_P, CT_LOAD_FIX_P, ...
    CT_LOAD_DIS_P, CT_TGENCOST, CT_TAREAGENCOST, CT_MODCOST_F, ...
    CT_MODCOST_X] = idx_ct;

solarprofile = struct( ...
    'type', 'mpcData', ...
    'table', CT_TGEN, ...
    'rows', [1:12], ...
    'col', PMAX, ...
    'chgtype', 1, ...
    'values', [] );
solarprofile.values(:,1,:) = [
	0.0 0.0 0.0 0.0 0.0 0.0 0.0 0.0 0.0 0.0 0.0 0.0;
	0.0 0.0 0.0 0.0 0.0 0.0 0.0 0.0 0.0 0.0 0.0 0.0;
	0.0 0.0 0.0 0.0 0.0 0.0 0.0 0.0 0.0 0.0 0.0 0.0;
	0.0 0.0 0.0 0.0 0.0 0.0 0.0 0.0 0.0 0.0 0.0 0.0;
	0.0 0.0 0.0 0.0 0.0 0.0 0.0 0.0 0.0 0.0 0.0 0.0;
	0.0 0.0 0.0 0.0 0.0 0.0 0.0 0.0 0.0 0.0 0.0 0.0;
	0.5833 0.27 0.4249 1.0189 1.8238 51.4494 6.4312 4.9679 92.8929 12.8416 5.1828 23.2562;
	0.6966 0.5394 0.5873 2.762 9.1278 16.9066 2.1133 11.3938 16.1221 44.4179 15.7968 80.4412;
	0.8771 0.6962 0.7034 3.3492 12.4587 9.0498 1.1312 12.7246 5.5338 84.299 30.1842 152.666;
	1.6398 0.8185 0.7855 2.7774 9.2198 5.684 0.7105 17.0696 12.1439 64.9819 26.1523 117.6827;
	1.8096 0.7857 0.7761 4.1452 6.7118 2.8401 0.355 17.3309 16.5107 68.2902 19.6304 123.674;
	1.5934 0.6873 0.5166 4.9595 5.3744 5.745 0.7181 14.4431 16.6548 60.7173 19.8951 109.9595;
	1.4091 0.525 0.0 3.5102 4.1923 36.7463 4.5933 20.1098 30.5001 31.6184 45.1052 57.261;
	1.1853 0.5757 0.0274 2.1645 4.494 29.9722 3.7465 18.3972 32.017 22.8527 44.346 41.3864;
	1.09 0.6944 0.2354 1.2981 4.7635 29.2495 3.6562 18.1527 44.0055 17.3644 35.1885 31.4471;
	1.4338 1.2248 1.2325 0.7253 4.5425 24.6304 3.0788 17.8927 81.2719 18.319 21.8989 33.1759;
	0.258 0.3033 0.1887 0.531 1.6119 29.1884 3.6485 7.9158 27.704 20.3052 15.1518 36.7728;
	0.0 0.0 0.0 0.0 0.0 0.0 0.0 0.0 0.0 0.0 0.0 0.0;
	0.0 0.0 0.0 0.0 0.0 0.0 0.0 0.0 0.0 0.0 0.0 0.0;
	0.0 0.0 0.0 0.0 0.0 0.0 0.0 0.0 0.0 0.0 0.0 0.0;
	0.0 0.0 0.0 0.0 0.0 0.0 0.0 0.0 0.0 0.0 0.0 0.0;
	0.0 0.0 0.0 0.0 0.0 0.0 0.0 0.0 0.0 0.0 0.0 0.0;
	0.0 0.0 0.0 0.0 0.0 0.0 0.0 0.0 0.0 0.0 0.0 0.0;
	0.0 0.0 0.0 0.0 0.0 0.0 0.0 0.0 0.0 0.0 0.0 0.0;
];
