function solarprofile = ex_solar_profilesh1
%EX_WIND_PROFILE_D  Example wind_load_nyiso profile data for deterministic unit commitment.
% 2022.03.12
% Andres F. Ramirez


%% define constants
[GEN_BUS, PG, QG, QMAX, QMIN, VG, MBASE, GEN_STATUS, PMAX, PMIN, ...
    MU_PMAX, MU_PMIN, MU_QMAX, MU_QMIN, PC1, PC2, QC1MIN, QC1MAX, ...
    QC2MIN, QC2MAX, RAMP_AGC, RAMP_10, RAMP_30, RAMP_Q, APF] = idx_gen;
[CT_LABEL, CT_PROB, CT_TABLE, CT_TBUS, CT_TGEN, CT_TBRCH, CT_TAREABUS, ...
    CT_TAREAGEN, CT_TAREABRCH, CT_ROW, CT_COL, CT_CHGTYPE, CT_REP, ...
    CT_REL, CT_ADD, CT_NEWVAL, CT_TLOAD, CT_TAREALOAD, CT_LOAD_ALL_PQ, ...
    CT_LOAD_FIX_PQ, CT_LOAD_DIS_PQ, CT_LOAD_ALL_P, CT_LOAD_FIX_P, ...
    CT_LOAD_DIS_P, CT_TGENCOST, CT_TAREAGENCOST, CT_MODCOST_F, ...
    CT_MODCOST_X] = idx_ct;

solarprofile = struct( ...
    'type', 'mpcData', ...
    'table', CT_TGEN, ...
    'rows', [1:12], ...
    'col', PMAX, ...
    'chgtype', 1, ...
    'values', [] );
solarprofile.values(:,1,:) = [
	0.0 0.0 0.0 0.0 0.0 0.0 0.0 0.0 0.0 0.0 0.0 0.0;
	0.0 0.0 0.0 0.0 0.0 0.0 0.0 0.0 0.0 0.0 0.0 0.0;
	0.0 0.0 0.0 0.0 0.0 0.0 0.0 0.0 0.0 0.0 0.0 0.0;
	0.0 0.0 0.0 0.0 0.0 0.0 0.0 0.0 0.0 0.0 0.0 0.0;
	0.0 0.0 0.0 0.0 0.0 0.0 0.0 0.0 0.0 0.0 0.0 0.0;
	0.0 0.0 0.0 0.0 0.0 0.0 0.0 0.0 0.0 0.0 0.0 0.0;
	0.0 0.0775 0.1073 0.1159 0.4852 6.203 0.7754 0.0 22.2414 12.6835 4.9672 22.97;
	0.2469 0.5739 0.448 1.3744 1.0625 10.7977 1.3497 2.5676 17.076 33.3792 15.9932 60.4499;
	0.5592 0.8859 0.7566 2.9697 1.7815 11.8164 1.4771 8.4596 16.8572 61.8227 38.904 111.9612;
	2.2064 2.2473 2.2999 2.4733 2.166 8.119 1.0149 21.6872 46.2105 52.5041 43.3023 95.0853;
	2.5642 2.3812 2.5878 2.1097 2.7506 16.5844 2.0731 27.2487 59.5333 40.4532 34.9902 73.2611;
	2.8477 2.4418 2.4799 2.2958 2.4645 20.1376 2.5172 26.5411 70.8789 30.0425 26.7523 54.4071;
	6.2172 4.9817 3.0437 3.8024 1.1063 7.4628 0.9329 26.2932 77.8104 46.2825 50.9078 83.8179;
	5.114 3.998 2.455 3.7921 0.9594 0.0 0.0 15.5313 59.2454 63.5305 55.9185 115.0542;
	2.826 2.3312 1.8434 2.3412 1.4682 0.0 0.0 7.9613 41.8771 63.727 70.4763 115.41;
	1.0622 0.8551 0.903 0.7787 3.3059 8.781 1.0976 1.4829 22.5225 110.771 40.8226 200.607;
	0.2415 0.2168 0.1471 0.496 1.5665 35.6364 4.4545 6.2893 23.8362 33.1952 11.7139 60.1167;
	0.0 0.0 0.0 0.0 0.0 0.0 0.0 0.0 0.0 0.0 0.0 0.0;
	0.0 0.0 0.0 0.0 0.0 0.0 0.0 0.0 0.0 0.0 0.0 0.0;
	0.0 0.0 0.0 0.0 0.0 0.0 0.0 0.0 0.0 0.0 0.0 0.0;
	0.0 0.0 0.0 0.0 0.0 0.0 0.0 0.0 0.0 0.0 0.0 0.0;
	0.0 0.0 0.0 0.0 0.0 0.0 0.0 0.0 0.0 0.0 0.0 0.0;
	0.0 0.0 0.0 0.0 0.0 0.0 0.0 0.0 0.0 0.0 0.0 0.0;
	0.0 0.0 0.0 0.0 0.0 0.0 0.0 0.0 0.0 0.0 0.0 0.0;
];
