function loadprofile = ex_load_profilesh1
%EX_LOAD_PROFILE  Example load profile data file for stochastic unit commitment.
% 2022.03.12
% Andres F. Ramirez

%% define constants
[CT_LABEL, CT_PROB, CT_TABLE, CT_TBUS, CT_TGEN, CT_TBRCH, CT_TAREABUS, ...
    CT_TAREAGEN, CT_TAREABRCH, CT_ROW, CT_COL, CT_CHGTYPE, CT_REP, ...
    CT_REL, CT_ADD, CT_NEWVAL, CT_TLOAD, CT_TAREALOAD, CT_LOAD_ALL_PQ, ...
    CT_LOAD_FIX_PQ, CT_LOAD_DIS_PQ, CT_LOAD_ALL_P, CT_LOAD_FIX_P, ...
    CT_LOAD_DIS_P, CT_TGENCOST, CT_TAREAGENCOST, CT_MODCOST_F, ...
    CT_MODCOST_X] = idx_ct;

loadprofile = struct( ...
    'type', 'mpcData', ...
    'table', CT_TAREALOAD, ...
    'rows', [1:11], ...
    'col', CT_LOAD_ALL_P, ...
    'chgtype', 1, ...
    'values', [] );
loadprofile.values(:,1,:) = [
	1492.3773 955.1416 1603.1955 596.9425 844.9285 1223.0561 898.7761 255.8855 549.6957 4729.6467 1898.0139;
	1472.5908 946.9899 1572.0487 585.3 811.3466 1190.6829 870.2622 226.9814 525.1901 4502.3816 1806.2524;
	1483.2161 985.6254 1608.016 574.4117 817.8488 1223.0734 899.9036 224.5021 526.6 4557.5097 1790.3596;
	1491.4174 993.6353 1646.9 589.5 839.1895 1250.7 908.8666 217.8214 536.8065 4525.9189 1821.5466;
	1561.5426 1023.7892 1662.6544 612.5716 871.8376 1288.5 951.9 255.5 559.1963 4712.7159 1879.9;
	1631.1994 1092.5865 1754.7657 627.0063 949.0317 1357.3991 989.5 264.7388 590.0984 4875.8647 1968.9842;
	1684.066 1109.1862 1814.7919 637.3558 968.7153 1394.9964 1053.3314 269.4987 620.1233 5044.3274 2047.5593;
	1671.4593 1127.6835 1873.5865 642.8921 1036.4 1479.7274 1102.0031 276.2674 641.3 5210.1 2088.1333;
	1716.2826 1151.2288 1861.6052 630.3838 1012.7928 1470.3843 1065.1786 275.1606 651.2582 5341.0061 2091.7248;
	1673.8791 1113.0051 1829.6382 604.2138 1011.2483 1447.7913 1049.2 296.713 649.9981 5304.2989 2042.9683;
	1721.5 1132.9929 1775.9201 591.5061 984.7463 1460.0 1102.4856 302.4941 666.6 5439.6948 2165.4;
	1723.9413 1113.4 1809.3018 579.1453 967.1 1413.4774 1105.0663 326.8 656.0736 5433.7688 2065.804;
	1723.8488 1114.0166 1787.0103 587.0 935.5678 1385.4641 1087.1888 314.7821 641.6829 5364.7911 2070.5017;
	1723.5492 1135.8446 1790.6863 588.3151 930.7947 1405.0975 1070.1 317.9971 654.357 5390.8363 2112.0754;
	1703.4271 1150.713 1827.4197 586.1 961.6584 1413.2 1101.0746 311.5747 647.6821 5361.5773 2175.7026;
	1722.2661 1134.2229 1855.6892 585.5 992.0826 1454.5406 1177.3395 322.1125 668.4437 5482.7085 2304.5668;
	1738.2166 1132.1716 1866.8424 605.2296 1007.2169 1494.2729 1152.907 340.7727 681.4782 5455.198 2409.4443;
	1779.1056 1175.7252 1947.7257 623.7 1054.0269 1565.1521 1180.791 338.2 691.4 5468.0237 2454.1977;
	1794.4404 1184.79 1919.458 616.3 1008.38 1566.755 1159.8014 349.8041 681.8085 5470.9281 2427.1568;
	1753.28 1139.5073 1842.4468 612.548 964.1551 1468.1774 1088.1572 331.4085 641.6934 5364.6481 2306.872;
	1659.6724 1072.9518 1743.77 585.6903 908.0409 1372.7905 1005.3619 311.2833 581.6334 5222.3069 2178.0734;
	1604.2805 1008.9521 1645.8898 565.3493 864.1013 1299.5597 961.5554 283.3457 568.2 5045.9 2064.9;
	1613.4614 953.566 1576.2295 563.2 793.2041 1155.9666 907.5408 258.4 520.0329 4724.5296 1839.4656;
	1595.1645 958.2401 1582.3878 555.1505 798.4531 1132.9989 888.8921 254.5 520.3798 4579.6371 1798.9622;
];
