function solarprofile = ex_solar_profilesh1
%EX_WIND_PROFILE_D  Example wind_load_nyiso profile data for deterministic unit commitment.
% 2022.03.12
% Andres F. Ramirez


%% define constants
[GEN_BUS, PG, QG, QMAX, QMIN, VG, MBASE, GEN_STATUS, PMAX, PMIN, ...
    MU_PMAX, MU_PMIN, MU_QMAX, MU_QMIN, PC1, PC2, QC1MIN, QC1MAX, ...
    QC2MIN, QC2MAX, RAMP_AGC, RAMP_10, RAMP_30, RAMP_Q, APF] = idx_gen;
[CT_LABEL, CT_PROB, CT_TABLE, CT_TBUS, CT_TGEN, CT_TBRCH, CT_TAREABUS, ...
    CT_TAREAGEN, CT_TAREABRCH, CT_ROW, CT_COL, CT_CHGTYPE, CT_REP, ...
    CT_REL, CT_ADD, CT_NEWVAL, CT_TLOAD, CT_TAREALOAD, CT_LOAD_ALL_PQ, ...
    CT_LOAD_FIX_PQ, CT_LOAD_DIS_PQ, CT_LOAD_ALL_P, CT_LOAD_FIX_P, ...
    CT_LOAD_DIS_P, CT_TGENCOST, CT_TAREAGENCOST, CT_MODCOST_F, ...
    CT_MODCOST_X] = idx_ct;

solarprofile = struct( ...
    'type', 'mpcData', ...
    'table', CT_TGEN, ...
    'rows', [1:12], ...
    'col', PMAX, ...
    'chgtype', 1, ...
    'values', [] );
solarprofile.values(:,1,:) = [
	0.0 0.0 0.0 0.0 0.0 0.0 0.0 0.0 0.0 0.0 0.0 0.0;
	0.0 0.0 0.0 0.0 0.0 0.0 0.0 0.0 0.0 0.0 0.0 0.0;
	0.0 0.0 0.0 0.0 0.0 0.0 0.0 0.0 0.0 0.0 0.0 0.0;
	0.0 0.0 0.0 0.0 0.0 0.0 0.0 0.0 0.0 0.0 0.0 0.0;
	0.0 0.0 0.0 0.0 0.0 0.0 0.0 0.0 0.0 0.0 0.0 0.0;
	0.0 0.0 0.0 0.0 0.0 0.0 0.0 0.0 0.0 0.0 0.0 0.0;
	1.6487 0.2945 0.6021 1.1649 2.9035 17.2405 2.1551 2.1458 124.0299 9.7681 6.0049 17.6901;
	0.8608 0.5011 0.6703 1.8043 4.8983 18.6683 2.3335 2.4701 81.1033 21.7271 13.2816 39.3478;
	0.8622 0.6784 0.7623 2.085 4.6523 22.7755 2.8469 2.6219 67.6782 28.2412 16.1715 51.1451;
	2.0408 1.3322 1.0109 1.6231 2.9417 42.2186 5.2773 2.8302 129.9334 12.0649 5.5723 21.8496;
	2.2162 1.1536 1.0911 1.7211 2.8659 41.922 5.2402 2.9462 156.7515 12.5311 4.0833 22.694;
	1.8808 0.7512 1.072 2.2876 3.4302 38.7891 4.8486 4.0815 158.0316 19.6534 8.9053 35.5924;
	2.542 1.0544 1.3064 4.714 4.747 101.3764 12.672 10.9913 158.8831 86.6047 45.215 156.8416;
	2.8027 1.3648 1.3853 5.4486 5.0049 92.576 11.572 8.5801 127.0845 95.5635 46.8794 173.0661;
	2.654 1.662 1.4925 5.9238 4.7086 107.7934 13.4742 5.8234 103.2712 102.4088 45.2866 185.463;
	3.8739 1.7346 1.7667 5.6779 2.6709 95.25 11.9062 2.5928 47.6361 60.8012 27.0606 110.1113;
	0.2756 0.239 0.1951 1.3743 1.2396 34.9937 4.3742 7.2555 23.954 31.26 16.9624 56.612;
	0.0 0.0 0.0 0.0 0.0 0.0 0.0 0.0 0.0 0.0 0.0 0.0;
	0.0 0.0 0.0 0.0 0.0 0.0 0.0 0.0 0.0 0.0 0.0 0.0;
	0.0 0.0 0.0 0.0 0.0 0.0 0.0 0.0 0.0 0.0 0.0 0.0;
	0.0 0.0 0.0 0.0 0.0 0.0 0.0 0.0 0.0 0.0 0.0 0.0;
	0.0 0.0 0.0 0.0 0.0 0.0 0.0 0.0 0.0 0.0 0.0 0.0;
	0.0 0.0 0.0 0.0 0.0 0.0 0.0 0.0 0.0 0.0 0.0 0.0;
	0.0 0.0 0.0 0.0 0.0 0.0 0.0 0.0 0.0 0.0 0.0 0.0;
];
