function windprofile = ex_wind_profilesh1
%EX_WIND_PROFILE_D  Example wind_load_nyiso profile data for deterministic unit commitment.
% 2022.03.12
% Andres F. Ramirez


%% define constants
[GEN_BUS, PG, QG, QMAX, QMIN, VG, MBASE, GEN_STATUS, PMAX, PMIN, ...
    MU_PMAX, MU_PMIN, MU_QMAX, MU_QMIN, PC1, PC2, QC1MIN, QC1MAX, ...
    QC2MIN, QC2MAX, RAMP_AGC, RAMP_10, RAMP_30, RAMP_Q, APF] = idx_gen;
[CT_LABEL, CT_PROB, CT_TABLE, CT_TBUS, CT_TGEN, CT_TBRCH, CT_TAREABUS, ...
    CT_TAREAGEN, CT_TAREABRCH, CT_ROW, CT_COL, CT_CHGTYPE, CT_REP, ...
    CT_REL, CT_ADD, CT_NEWVAL, CT_TLOAD, CT_TAREALOAD, CT_LOAD_ALL_PQ, ...
    CT_LOAD_FIX_PQ, CT_LOAD_DIS_PQ, CT_LOAD_ALL_P, CT_LOAD_FIX_P, ...
    CT_LOAD_DIS_P, CT_TGENCOST, CT_TAREAGENCOST, CT_MODCOST_F, ...
    CT_MODCOST_X] = idx_ct;

windprofile = struct( ...
    'type', 'mpcData', ...
    'table', CT_TGEN, ...
    'rows', [1:45], ...
    'col', PMAX, ...
    'chgtype', 1, ...
    'values', [] );
windprofile.values(:,1,:) = [
	3.9084 52.8116 88.2866 119.1991 15.0323 35.8664 31.6391 8.3115 27.0483 12.0125 22.205 33.1255 49.8702 44.3288 185.9799 70.0668 86.9348 92.1249 86.8403 71.5057 10.5464 83.6884 25.9847 39.9298 48.9818 28.7 5.7199 1199.0586 819.0539 819.0539 667.4404 85.8782 289.4676 184.0559 138.9768 349.463 1272.9825 207.0458 445.214 131.2012 113.8841 397.8785 211.0721 125.8461 1286.2427;
	3.2643 44.1085 79.3431 45.3731 15.0454 29.4767 30.3909 7.5838 9.2484 12.9738 23.9818 35.7761 53.8608 40.4586 185.2544 69.7935 86.5957 91.7656 85.7694 71.5652 10.1303 68.7789 26.4025 33.513 36.8033 25.2301 5.709 1206.8832 820.6494 820.6494 677.855 76.7774 285.8979 184.2091 126.8433 350.1438 1293.5179 193.5032 441.0564 98.5802 113.8013 326.9944 211.3776 97.4213 1306.992;
	3.37 45.5367 90.613 51.0435 15.242 26.6778 32.2723 6.9777 10.3519 13.138 24.2854 36.229 54.5426 44.3381 194.9556 73.4484 91.1304 96.571 90.6118 68.3289 10.7574 62.2481 27.534 39.713 38.776 25.3687 6.4684 1230.8835 832.7086 832.7086 733.084 96.5895 302.0394 175.8787 139.006 355.289 1286.7909 214.2124 466.0055 103.8643 35.8101 295.9453 215.155 131.863 1300.195;
	3.6373 49.1478 87.7795 52.3098 15.1274 15.7509 32.2916 7.4243 12.2503 13.2191 24.4354 36.4528 54.8794 29.1623 199.5435 75.1768 93.275 98.8436 86.7468 68.2369 10.7639 36.7521 28.594 38.446 39.7737 28.9001 5.9437 1246.8181 840.2873 840.2873 747.166 97.3602 289.1559 175.6419 91.4276 358.5226 1300.8611 227.6621 461.7532 106.5366 35.389 174.7302 211.0212 115.9708 1314.4117;
	3.8612 52.173 85.4193 46.4116 15.3254 24.6377 32.0591 7.4415 11.7858 11.3346 20.9518 31.256 47.0557 31.742 187.6043 70.6788 87.6941 92.9296 88.5903 68.8018 10.6864 57.4881 2.4873 28.8795 39.469 61.4102 6.1893 1187.2936 842.6719 842.6719 764.5395 101.6535 295.301 177.0959 99.5154 359.54 1275.5087 233.4106 468.4718 105.7207 32.0962 273.3147 209.0846 204.4361 1288.7952;
	3.9186 52.9483 94.4871 118.3397 15.3429 34.8792 32.0118 7.4072 11.7772 12.2796 22.6986 33.8619 50.9789 27.3421 194.4832 73.2704 90.9096 96.337 92.3237 67.415 10.6706 81.3847 11.8794 31.3706 54.4711 66.7546 6.148 1157.1448 831.0164 831.0164 755.9541 107.6077 307.7458 173.5264 85.7211 354.567 1236.8188 232.5194 469.989 145.9046 70.1414 386.9263 213.8608 253.7644 1249.7023;
	3.968 53.6167 91.9118 120.0627 15.1068 35.4174 31.2159 11.0097 10.9923 11.5765 21.3989 31.923 48.0599 37.8314 197.2914 74.3284 92.2222 97.728 84.1688 68.8465 10.4053 82.6406 26.0571 48.1341 100.6146 73.0021 11.5991 1152.0824 817.9095 817.9095 747.7744 107.699 280.5628 177.2111 118.6065 348.9747 1275.5438 265.3601 446.6933 269.5035 110.3126 392.8969 214.9433 272.623 1288.8307;
	3.7425 50.5693 87.9872 112.9422 14.3903 34.7304 30.8933 17.9393 9.0585 11.6265 21.4915 32.0611 48.2678 60.0969 190.3119 71.6989 88.9597 94.2708 85.0278 58.6698 10.2978 81.0376 26.0872 50.5227 101.9571 72.3863 13.6172 948.4403 785.8968 785.8968 670.585 104.6803 283.426 151.0162 188.4118 335.316 1159.5194 284.69 443.4372 273.0994 119.2029 385.2761 202.1906 264.281 1171.5977;
	3.7261 50.3482 88.1729 109.7762 14.6026 33.0371 29.1402 17.4358 3.6085 11.1235 20.5616 30.6738 46.1793 62.0554 195.4696 73.642 91.3707 96.8256 52.7525 59.7063 9.7134 77.0866 22.2479 84.7076 99.3983 69.3537 13.3829 752.5478 787.2565 787.2565 637.5615 106.9597 175.8416 153.6841 194.5519 335.8961 1132.2882 288.4852 434.1662 266.2453 120.4006 366.4916 195.1148 220.9619 1144.0828;
	3.7425 50.5697 87.506 112.7568 15.1322 34.0777 29.7613 17.4047 18.8989 11.2124 20.7259 30.919 46.5483 61.4111 190.6191 71.8146 89.1034 94.423 59.2792 61.3823 9.9204 79.5146 25.2634 87.015 99.0033 67.199 12.9939 564.6938 825.7133 825.7133 672.831 105.9246 197.5975 157.9983 192.5321 352.3043 1071.6838 262.248 437.0546 265.1874 116.0491 378.0353 199.4233 221.7929 1082.8472;
	3.8042 51.4025 86.4369 111.0065 14.9247 33.7609 30.7584 17.3572 27.6264 17.5569 32.4537 48.4146 72.8879 68.0117 202.2312 76.1894 94.5313 100.175 49.05 65.7951 10.2528 78.7753 29.0456 82.4229 96.7977 68.7809 12.9577 436.0511 828.8691 828.8691 708.5771 98.8151 163.4999 169.3569 213.2259 353.6508 941.4677 274.159 447.2085 259.2795 122.5488 374.5205 205.3646 243.9818 951.2747;
	3.314 44.7801 86.4924 110.535 14.9613 32.4904 29.6754 17.3961 27.4966 19.9716 36.9172 55.0732 82.9124 63.7954 197.3821 74.3626 92.2647 97.773 59.1299 63.3336 9.8918 75.8109 35.0906 81.7087 95.326 70.7393 12.6445 309.4173 797.7862 797.7862 653.6576 99.3424 197.0995 163.0208 200.0071 340.3888 773.9182 254.1798 453.2424 255.3376 122.5546 360.4268 184.0305 255.8731 781.9799;
	2.0017 27.0472 87.0697 108.5277 14.4025 21.3571 26.0096 18.386 26.2434 28.794 53.2253 79.4017 119.5388 64.6474 195.7388 73.7435 91.4965 96.959 92.4455 64.6159 8.6699 49.8331 63.7055 82.5883 98.0118 71.0646 13.7099 289.7613 714.1284 714.1284 567.8364 93.0472 308.1518 166.3216 202.6783 304.6948 657.6256 209.8068 431.3592 262.5316 120.5185 236.9209 174.7651 264.756 664.4759;
	2.1047 28.4388 86.6985 109.5685 14.1419 12.7786 25.7377 18.453 26.7907 31.0267 57.3524 85.5585 128.8079 63.1634 196.2 73.9172 91.7121 97.1874 91.7702 69.626 8.5792 29.8167 75.2546 83.7781 103.087 72.6565 13.7445 288.9693 615.9676 615.9676 587.5408 94.3332 305.9006 179.2176 198.0259 262.8128 486.2418 196.7635 451.4905 276.126 123.0342 141.7573 136.7231 266.0975 491.3068;
	2.1253 28.7177 87.3579 111.66 12.5609 4.7611 22.285 18.4517 26.9298 30.2498 55.9163 83.4162 125.5826 61.6448 195.3106 73.5821 91.2964 96.7469 91.6398 70.7795 7.4283 11.1092 75.1041 82.7668 98.8789 71.4486 13.7649 464.647 504.0528 504.0528 424.4376 89.4902 305.4661 182.1866 193.2647 215.0625 419.5184 179.7496 439.1083 264.8541 121.043 52.8165 121.1011 250.8507 423.8884;
	3.3064 44.6764 87.8955 87.4342 14.4186 26.8299 16.1901 18.6263 22.8479 29.1317 53.8496 80.333 120.9409 51.2072 197.1276 74.2667 92.1457 97.6469 92.3874 69.3832 5.3967 62.6031 73.4047 85.0974 101.1641 73.2918 13.7824 492.948 532.3014 532.3014 408.6775 49.099 307.958 178.5926 160.5414 227.1153 465.5282 153.6239 436.9791 270.9752 119.9532 297.6329 88.0319 258.6104 470.3775;
	3.0096 40.6666 88.6497 62.359 14.5027 31.8086 13.1401 18.3436 26.0304 27.2111 50.2993 75.0366 112.9672 57.3031 196.6456 74.0851 91.9204 97.4082 91.8868 67.6578 4.38 74.22 73.4621 85.5036 103.4838 73.1738 13.6502 494.9682 593.3259 593.3259 427.3022 31.373 306.2892 174.1514 179.653 253.1524 560.2475 118.4498 149.1976 277.1887 119.1394 352.8631 102.7968 263.4118 566.0834;
	3.512 47.455 88.9459 63.2434 14.4211 31.9149 28.7463 18.4657 26.5855 12.462 23.0359 34.365 51.7364 57.291 187.4966 70.6383 87.6438 92.8762 74.0332 69.3847 9.5821 74.468 52.1067 86.6789 104.5104 72.2436 13.5524 569.8552 608.7488 608.7488 377.8279 29.2529 246.7772 178.5964 179.6152 259.7328 725.1217 74.1192 387.5784 279.9386 120.979 354.0422 111.1019 260.0015 732.6751;
