function loadprofile = ex_load_profilesh1
%EX_LOAD_PROFILE  Example load profile data file for stochastic unit commitment.
% 2022.03.12
% Andres F. Ramirez

%% define constants
[CT_LABEL, CT_PROB, CT_TABLE, CT_TBUS, CT_TGEN, CT_TBRCH, CT_TAREABUS, ...
    CT_TAREAGEN, CT_TAREABRCH, CT_ROW, CT_COL, CT_CHGTYPE, CT_REP, ...
    CT_REL, CT_ADD, CT_NEWVAL, CT_TLOAD, CT_TAREALOAD, CT_LOAD_ALL_PQ, ...
    CT_LOAD_FIX_PQ, CT_LOAD_DIS_PQ, CT_LOAD_ALL_P, CT_LOAD_FIX_P, ...
    CT_LOAD_DIS_P, CT_TGENCOST, CT_TAREAGENCOST, CT_MODCOST_F, ...
    CT_MODCOST_X] = idx_ct;

loadprofile = struct( ...
    'type', 'mpcData', ...
    'table', CT_TAREALOAD, ...
    'rows', [1:11], ...
    'col', CT_LOAD_ALL_P, ...
    'chgtype', 1, ...
    'values', [] );
loadprofile.values(:,1,:) = [
	1485.7803 906.3828 1633.8632 517.6899 804.6973 1231.1915 901.1 264.3883 561.0 4589.8259 1792.6;
	1439.8 883.8382 1588.8 496.599 776.067 1209.1584 856.5925 246.0664 523.9854 4292.6084 1699.6389;
	1461.7753 884.3014 1597.2 523.0311 777.4164 1234.1 846.7836 239.9717 515.1109 4170.6621 1630.2941;
	1467.1977 897.3641 1623.0587 509.5333 797.4797 1234.4624 871.1612 248.6512 523.0547 4369.3651 1710.8;
	1500.7 924.1238 1692.4001 556.432 872.1906 1320.6729 936.2471 272.3 543.4533 4459.3073 1807.1342;
	1506.8 950.4281 1744.2074 557.3154 891.9042 1316.9335 957.4003 275.7441 555.6382 4527.158 1779.1784;
	1565.0986 978.0297 1795.3272 578.7732 897.903 1366.1635 1036.3457 287.1545 600.5917 4767.532 1944.9765;
	1605.6098 1018.7525 1841.756 591.7 959.332 1381.298 1062.6897 297.0523 608.2958 4653.2613 1798.4478;
	1579.4866 1003.2542 1834.6153 586.5958 951.6291 1376.0182 1058.8266 295.5651 611.7 4761.0507 1816.6107;
	1644.6728 1043.3844 1863.3915 585.9895 958.5862 1385.4363 1081.0133 299.4697 637.859 5210.893 1899.6039;
	1675.0 1042.6 1813.4575 580.1809 943.1922 1378.6 1034.4056 288.0192 637.9 5282.3428 1786.775;
	1669.3428 1035.9326 1826.664 566.0142 932.2977 1361.0082 1037.5258 286.455 647.8175 5357.1077 1939.5968;
	1615.7155 1006.535 1778.2027 564.0549 913.7668 1296.1339 1019.5611 285.7487 627.8459 5264.6 1838.2772;
	1641.1058 1031.0508 1765.4142 553.0718 903.9823 1340.6299 1035.2 288.2766 632.3785 5393.3777 1970.3706;
	1715.1623 1060.1025 1819.768 552.1605 897.4925 1348.9682 1049.1762 260.7075 633.7353 5370.1025 1963.7198;
	1719.4384 1066.7583 1855.4457 560.5205 922.5517 1408.3332 1074.4046 283.5288 646.4694 5467.9606 1968.6411;
	1690.6995 1091.832 1848.9181 575.1445 919.5758 1434.0041 1127.8767 290.1291 688.0 5664.3015 2194.2318;
	1715.4964 1108.6556 1917.9 597.0355 981.3803 1488.2115 1183.2 305.1306 753.7455 5908.8218 2371.1827;
	1713.2571 1117.2473 1897.0045 580.069 940.1337 1504.624 1185.1 270.5066 740.884 6161.4028 2383.1712;
	1687.4773 1074.9798 1828.6707 560.4355 922.7387 1424.8028 1104.6 292.5832 699.6234 5705.2826 2284.6812;
	1672.4015 1041.1869 1745.3299 535.9528 828.4986 1353.9128 1043.3 259.951 655.4301 5571.0457 2152.4875;
	1606.5 978.6271 1671.9551 504.9 795.4731 1272.6 961.6 243.5522 611.1325 5313.8819 1984.1204;
	1561.1703 926.4527 1647.6891 503.0313 769.1 1117.9708 877.5503 245.2878 541.6297 4738.1387 1765.9;
	1560.3248 940.845 1602.2846 536.0 694.625 1098.4288 878.2444 236.17 553.4726 4608.7022 1683.4767;
];
