function loadprofile = ex_load_profilesh1
%EX_LOAD_PROFILE  Example load profile data file for stochastic unit commitment.
% 2022.03.12
% Andres F. Ramirez

%% define constants
[CT_LABEL, CT_PROB, CT_TABLE, CT_TBUS, CT_TGEN, CT_TBRCH, CT_TAREABUS, ...
    CT_TAREAGEN, CT_TAREABRCH, CT_ROW, CT_COL, CT_CHGTYPE, CT_REP, ...
    CT_REL, CT_ADD, CT_NEWVAL, CT_TLOAD, CT_TAREALOAD, CT_LOAD_ALL_PQ, ...
    CT_LOAD_FIX_PQ, CT_LOAD_DIS_PQ, CT_LOAD_ALL_P, CT_LOAD_FIX_P, ...
    CT_LOAD_DIS_P, CT_TGENCOST, CT_TAREAGENCOST, CT_MODCOST_F, ...
    CT_MODCOST_X] = idx_ct;

loadprofile = struct( ...
    'type', 'mpcData', ...
    'table', CT_TAREALOAD, ...
    'rows', [1:11], ...
    'col', CT_LOAD_ALL_P, ...
    'chgtype', 1, ...
    'values', [] );
loadprofile.values(:,1,:) = [
	1503.5021 943.3524 1623.0 587.3829 842.2765 1246.1 946.7068 285.5 530.8686 4927.9598 1944.7549;
	1471.1155 906.6589 1601.2533 559.1614 822.5535 1174.8897 902.1545 255.5 505.8317 4604.6333 1809.2788;
	1513.3852 921.1788 1642.4397 565.0648 836.9566 1211.1507 914.4939 260.7955 505.803 4615.1438 1790.1214;
	1528.3357 945.8946 1659.433 577.3467 839.8339 1225.2396 923.0987 251.9456 516.0 4677.0327 1834.1242;
	1575.1449 968.1018 1789.012 571.8 911.2784 1286.8905 974.1978 280.3907 530.4068 4798.4885 1879.8281;
	1616.6026 1023.0064 1864.0435 596.399 953.3964 1344.4419 1022.4629 297.5578 564.1687 5034.8017 1978.4062;
	1638.4037 1043.5684 1884.5877 594.2314 1026.5538 1404.1286 1081.7654 314.3574 577.5652 5112.4413 2021.4495;
	1694.9834 1067.9369 1935.8786 600.0236 1056.6191 1457.779 1174.38 320.6245 585.1665 5491.9638 2076.5;
	1720.0109 1086.005 1947.7938 614.7062 1082.0783 1499.1659 1198.8162 335.1758 612.4839 5536.3832 2121.2997;
	1701.488 1090.0752 1931.4115 609.4 1068.6657 1483.3786 1190.9475 319.0713 637.4891 5596.4171 2105.9;
	1685.3009 1082.8406 1932.896 600.1 1046.2 1468.6217 1141.7983 315.9296 642.539 5548.0217 2023.6799;
	1639.6473 1063.0146 1891.8831 576.5508 1022.6622 1428.9606 1139.8018 307.4456 640.1051 5524.0994 2027.1215;
	1625.3791 1063.8335 1840.3 562.6 974.5769 1372.9447 1127.5012 307.0863 648.1167 5499.3206 2134.9638;
	1620.5 1066.4 1821.0422 537.8558 957.1941 1378.073 1117.6878 310.1 650.9778 5467.1511 2079.3;
	1644.0341 1099.0085 1862.1 554.4586 981.3075 1421.7139 1137.6491 315.1 658.8887 5431.6246 2269.2672;
	1635.5203 1109.5432 1844.7746 554.2 1006.6495 1460.9653 1175.3669 324.4 714.1709 5524.5606 2353.4161;
	1634.8682 1132.2 1899.47 550.415 1060.8276 1523.4206 1224.2232 351.9 744.3365 5548.2825 2404.3514;
	1684.561 1177.2436 1946.7941 535.9465 1105.1822 1530.9553 1232.2581 362.3 726.2958 5602.7315 2476.7226;
	1694.99 1173.2536 1944.9331 530.1969 1098.5592 1524.3208 1207.444 361.1155 729.2895 5660.1868 2501.7895;
	1632.0148 1112.1711 1855.4844 545.9626 1015.0815 1416.8862 1157.3413 334.2118 691.7 5537.9107 2334.2719;
	1592.0214 1090.5413 1796.316 537.352 969.5709 1337.1523 1128.0927 325.4953 667.2609 5454.3958 2329.7953;
	1469.1584 995.6 1664.7535 504.0741 885.0295 1224.7056 1011.5553 295.4915 598.7289 5196.6125 2048.237;
	1431.1793 921.2033 1618.851 538.3072 816.8697 1112.442 927.8967 249.7 513.4271 5116.9185 1803.5749;
	1468.8414 929.4 1611.7922 525.7908 782.0 1072.74 890.4 247.0856 499.0 4769.0387 1738.8791;
];
