function loadprofile = ex_load_profilesh1
%EX_LOAD_PROFILE  Example load profile data file for stochastic unit commitment.
% 2022.03.12
% Andres F. Ramirez

%% define constants
[CT_LABEL, CT_PROB, CT_TABLE, CT_TBUS, CT_TGEN, CT_TBRCH, CT_TAREABUS, ...
    CT_TAREAGEN, CT_TAREABRCH, CT_ROW, CT_COL, CT_CHGTYPE, CT_REP, ...
    CT_REL, CT_ADD, CT_NEWVAL, CT_TLOAD, CT_TAREALOAD, CT_LOAD_ALL_PQ, ...
    CT_LOAD_FIX_PQ, CT_LOAD_DIS_PQ, CT_LOAD_ALL_P, CT_LOAD_FIX_P, ...
    CT_LOAD_DIS_P, CT_TGENCOST, CT_TAREAGENCOST, CT_MODCOST_F, ...
    CT_MODCOST_X] = idx_ct;

loadprofile = struct( ...
    'type', 'mpcData', ...
    'table', CT_TAREALOAD, ...
    'rows', [1:11], ...
    'col', CT_LOAD_ALL_P, ...
    'chgtype', 1, ...
    'values', [] );
loadprofile.values(:,1,:) = [
	1458.9605 935.3 1652.3331 586.1985 787.9092 1219.8 891.8938 245.7668 539.8121 4769.9428 1671.8551;
	1426.7461 923.2 1627.9203 589.6 771.4884 1179.9757 864.2125 248.5758 514.1 4532.1588 1614.4325;
	1438.9098 912.9539 1625.7877 579.4587 785.312 1178.8 860.6 242.2 524.9 4537.94 1635.8395;
	1456.4259 931.3568 1661.3623 580.584 810.499 1220.5442 899.5245 251.1243 533.6807 4596.5571 1717.0546;
	1462.0703 969.7 1710.7538 609.9179 840.2532 1248.904 913.0425 260.3597 535.6335 4685.0908 1796.9823;
	1547.5626 1021.9245 1768.0621 600.9 887.1608 1309.6884 944.4918 283.3 560.9646 4744.2629 1845.3667;
	1545.1284 1056.8393 1823.0 612.6 931.4101 1367.0454 991.6479 284.1347 584.6083 4682.263 1768.3766;
	1518.4331 1061.6489 1836.9854 618.8551 951.0272 1382.4325 1030.3584 271.651 567.2994 4553.7237 1632.0029;
	1580.753 1048.8642 1824.6739 614.8064 948.3073 1388.2747 1029.4555 280.9666 554.6784 4694.3606 1474.9224;
	1571.7814 1053.1698 1854.9038 614.5 979.9417 1369.3408 1044.7777 307.5517 576.4441 4936.1482 1782.128;
	1546.5312 1045.4834 1849.0402 596.9323 977.7167 1408.331 1037.5206 296.1137 590.6958 5043.0 1767.0343;
	1521.1978 1036.2936 1815.1887 591.5339 928.9832 1354.735 982.9527 299.5782 527.8626 4735.5174 1586.0027;
	1539.8376 1041.228 1840.6603 586.3 934.9413 1385.4435 994.9774 316.4574 541.0495 5071.067 1829.2209;
	1515.5738 1033.6104 1820.9229 575.3907 916.4 1327.3 891.1693 288.2417 491.5901 4839.8502 1435.0038;
	1550.9085 1026.805 1870.2665 592.5122 943.3547 1361.4874 894.2433 281.7703 501.3291 5092.9709 1722.8959;
	1581.1559 1074.4409 1947.88 603.6819 980.0038 1413.9 936.9677 267.3856 504.4944 5312.7795 2036.0243;
	1579.1708 1081.5409 1963.9731 616.5604 1002.8 1427.633 967.0865 299.2644 624.8499 5469.2898 2202.2708;
	1616.0848 1158.0187 2093.9811 635.1975 1084.3062 1501.313 1101.372 302.3792 674.3031 5615.5779 2345.0652;
	1713.2 1168.2026 2007.6051 624.5 1051.9523 1485.5301 1108.0366 310.1549 665.8692 5501.8251 2301.2093;
	1687.7 1122.8 1894.4802 603.6941 988.9246 1404.5 1078.1054 307.7651 652.7125 5456.7916 2258.3132;
	1579.2191 1063.385 1825.5069 571.8 943.4368 1342.4435 1007.1188 295.106 620.8263 5329.2624 2136.7672;
	1499.8606 1000.0994 1699.5061 557.6944 884.2606 1253.167 951.6444 280.4419 588.7911 5117.0574 2010.7;
	1425.3 932.6 1617.543 567.7739 817.6593 1142.1847 875.9829 254.0 532.4306 4699.8652 1773.6382;
	1406.5307 908.3076 1576.5027 556.5 779.4 1084.1 819.3564 242.4331 492.9 4542.2221 1664.4637;
];
