function solarprofile = ex_solar_profilesh1
%EX_WIND_PROFILE_D  Example wind_load_nyiso profile data for deterministic unit commitment.
% 2022.03.12
% Andres F. Ramirez


%% define constants
[GEN_BUS, PG, QG, QMAX, QMIN, VG, MBASE, GEN_STATUS, PMAX, PMIN, ...
    MU_PMAX, MU_PMIN, MU_QMAX, MU_QMIN, PC1, PC2, QC1MIN, QC1MAX, ...
    QC2MIN, QC2MAX, RAMP_AGC, RAMP_10, RAMP_30, RAMP_Q, APF] = idx_gen;
[CT_LABEL, CT_PROB, CT_TABLE, CT_TBUS, CT_TGEN, CT_TBRCH, CT_TAREABUS, ...
    CT_TAREAGEN, CT_TAREABRCH, CT_ROW, CT_COL, CT_CHGTYPE, CT_REP, ...
    CT_REL, CT_ADD, CT_NEWVAL, CT_TLOAD, CT_TAREALOAD, CT_LOAD_ALL_PQ, ...
    CT_LOAD_FIX_PQ, CT_LOAD_DIS_PQ, CT_LOAD_ALL_P, CT_LOAD_FIX_P, ...
    CT_LOAD_DIS_P, CT_TGENCOST, CT_TAREAGENCOST, CT_MODCOST_F, ...
    CT_MODCOST_X] = idx_ct;

solarprofile = struct( ...
    'type', 'mpcData', ...
    'table', CT_TGEN, ...
    'rows', [1:12], ...
    'col', PMAX, ...
    'chgtype', 1, ...
    'values', [] );
solarprofile.values(:,1,:) = [
	0.0 0.0 0.0 0.0 0.0 0.0 0.0 0.0 0.0 0.0 0.0 0.0;
	0.0 0.0 0.0 0.0 0.0 0.0 0.0 0.0 0.0 0.0 0.0 0.0;
	0.0 0.0 0.0 0.0 0.0 0.0 0.0 0.0 0.0 0.0 0.0 0.0;
	0.0 0.0 0.0 0.0 0.0 0.0 0.0 0.0 0.0 0.0 0.0 0.0;
	0.0 0.0 0.0 0.0 0.0 0.0 0.0 0.0 0.0 0.0 0.0 0.0;
	0.0 0.0 0.0 0.0 0.0 0.0 0.0 0.0 0.0 0.0 0.0 0.0;
	0.2026 0.1768 0.243 0.5246 0.0245 0.0 0.0 0.0 2.3754 13.5571 6.9587 24.5519;
	0.7972 0.533 0.5192 1.0826 2.5345 1.7948 0.2243 1.2626 5.4411 160.736 29.8342 291.0939;
	1.5094 0.9248 0.8445 1.5047 4.3567 25.0942 3.1368 5.5472 12.3579 256.1217 64.5696 463.838;
	5.2494 3.9514 2.5572 1.7186 2.6893 143.6958 17.962 27.1258 64.0482 162.7346 50.0858 294.7134;
	5.207 7.0737 3.2801 1.8555 2.1958 133.7411 16.7176 21.2343 58.7511 136.7928 46.6196 247.7326;
	3.7948 6.3518 2.682 2.0441 1.7096 91.2296 11.4037 14.0622 61.6655 138.7696 42.9576 251.3126;
	3.7039 4.4192 2.5002 2.8644 1.4863 80.8553 10.1069 22.2216 107.3704 165.6263 41.9441 299.9502;
	3.2873 2.9412 2.1462 2.4089 1.3741 52.2357 6.5295 20.6971 109.773 111.928 25.5914 202.7023;
	2.872 2.289 1.9085 1.8865 1.3294 43.2393 5.4049 18.7838 103.4501 62.3257 13.6914 112.8722;
	4.8699 2.2446 4.5342 0.8026 1.0214 31.9961 3.9995 7.7582 40.9054 23.1619 6.4322 41.9463;
	0.6745 0.4866 0.3703 0.4166 1.4147 29.9899 3.7487 6.2015 24.7665 21.5805 9.457 39.0825;
	0.0 0.0 0.0 0.0 0.0 0.0 0.0 0.0 0.0 0.0 0.0 0.0;
	0.0 0.0 0.0 0.0 0.0 0.0 0.0 0.0 0.0 0.0 0.0 0.0;
	0.0 0.0 0.0 0.0 0.0 0.0 0.0 0.0 0.0 0.0 0.0 0.0;
	0.0 0.0 0.0 0.0 0.0 0.0 0.0 0.0 0.0 0.0 0.0 0.0;
	0.0 0.0 0.0 0.0 0.0 0.0 0.0 0.0 0.0 0.0 0.0 0.0;
	0.0 0.0 0.0 0.0 0.0 0.0 0.0 0.0 0.0 0.0 0.0 0.0;
	0.0 0.0 0.0 0.0 0.0 0.0 0.0 0.0 0.0 0.0 0.0 0.0;
];
