function loadprofile = ex_load_profilesh1
%EX_LOAD_PROFILE  Example load profile data file for stochastic unit commitment.
% 2022.03.12
% Andres F. Ramirez

%% define constants
[CT_LABEL, CT_PROB, CT_TABLE, CT_TBUS, CT_TGEN, CT_TBRCH, CT_TAREABUS, ...
    CT_TAREAGEN, CT_TAREABRCH, CT_ROW, CT_COL, CT_CHGTYPE, CT_REP, ...
    CT_REL, CT_ADD, CT_NEWVAL, CT_TLOAD, CT_TAREALOAD, CT_LOAD_ALL_PQ, ...
    CT_LOAD_FIX_PQ, CT_LOAD_DIS_PQ, CT_LOAD_ALL_P, CT_LOAD_FIX_P, ...
    CT_LOAD_DIS_P, CT_TGENCOST, CT_TAREAGENCOST, CT_MODCOST_F, ...
    CT_MODCOST_X] = idx_ct;

loadprofile = struct( ...
    'type', 'mpcData', ...
    'table', CT_TAREALOAD, ...
    'rows', [1:11], ...
    'col', CT_LOAD_ALL_P, ...
    'chgtype', 1, ...
    'values', [] );
loadprofile.values(:,1,:) = [
	1507.9293 919.7137 1638.1531 575.9717 796.8 1204.9724 916.8983 288.0811 588.5635 4756.4669 1825.7446;
	1499.5471 899.6 1619.5745 566.0824 796.6827 1170.3 886.194 272.9802 552.9821 4565.4102 1736.4059;
	1496.3306 883.8 1593.6763 584.1 779.8 1164.1923 878.5835 260.5502 560.0647 4503.9263 1685.1321;
	1506.6904 899.2 1596.4749 586.1494 787.4061 1170.9318 882.7135 266.3589 578.2859 4568.8611 1685.3056;
	1510.598 919.1473 1652.1426 609.217 876.3 1251.91 924.2724 275.1679 579.8691 4713.83 1798.4492;
	1548.731 936.9567 1710.6418 625.9 900.0 1299.8 946.3728 290.2 591.3304 4800.2494 1775.9386;
	1636.3395 991.0446 1777.6485 635.8101 925.8223 1368.1232 1029.1907 302.3611 631.0486 5001.3008 1877.8118;
	1675.3962 1028.905 1834.9947 658.5749 977.1 1423.508 1087.846 341.4507 688.3394 5193.1154 1992.1131;
	1669.2219 1049.6405 1876.0332 657.9717 985.2804 1473.1 1156.1 349.6795 720.3992 5350.5982 2064.8748;
	1686.5 1081.5167 1911.3563 644.2556 979.5 1494.7 1157.1384 354.4483 713.7717 5442.3317 2073.8467;
	1684.3704 1080.2381 1907.6551 647.7019 960.5518 1510.1716 1191.6207 351.2 721.0388 5424.8505 2013.055;
	1679.221 1065.389 1897.4004 626.0463 950.5384 1490.6703 1191.7612 358.641 706.1019 5418.7364 2073.7812;
	1664.8253 1082.215 1874.2871 624.4307 970.554 1495.3296 1185.333 389.8126 714.6 5452.2904 2118.7769;
	1659.1454 1097.0574 1897.8414 599.1031 965.9425 1529.9426 1179.7377 369.06 723.6646 5367.7057 2078.385;
	1645.8411 1063.7202 1883.3104 612.3504 976.6 1456.5812 1125.7445 349.5 689.9514 5341.5951 2077.3423;
	1639.3148 1092.2653 1880.0766 633.9359 1000.6 1521.9003 1146.171 343.4697 682.116 5433.7007 2132.3;
	1654.4818 1084.4691 1877.1445 626.7464 994.8398 1544.1 1186.721 364.1602 706.8075 5526.5461 2168.8504;
	1697.1855 1130.3086 1904.0345 640.9415 1019.6332 1619.0568 1192.1304 358.4856 722.6544 5594.4537 2258.4537;
	1753.3566 1164.084 1944.4363 629.0629 1031.2619 1601.6583 1244.8829 379.984 723.6492 5704.9384 2296.0297;
	1686.0224 1082.9571 1822.0604 612.7861 959.0 1514.6109 1171.1474 342.082 708.0869 5577.1587 2166.8659;
	1631.1933 1048.6177 1754.3256 596.7 893.3966 1408.9577 1070.263 322.3 666.4 5322.4959 2013.0691;
	1573.0406 991.3 1668.8844 573.4519 845.5293 1306.6568 994.6172 295.8235 622.4081 5078.4398 1888.7094;
	1465.9003 907.8594 1618.4961 574.5 794.33 1182.3582 909.4279 275.6767 531.4 4834.5807 1734.4351;
	1489.2495 905.9498 1592.51 573.085 760.8 1134.2033 885.6142 275.2033 550.2611 4875.8707 1706.2507;
];
