function windprofile = ex_wind_profilesh1
%EX_WIND_PROFILE_D  Example wind_load_nyiso profile data for deterministic unit commitment.
% 2022.03.12
% Andres F. Ramirez


%% define constants
[GEN_BUS, PG, QG, QMAX, QMIN, VG, MBASE, GEN_STATUS, PMAX, PMIN, ...
    MU_PMAX, MU_PMIN, MU_QMAX, MU_QMIN, PC1, PC2, QC1MIN, QC1MAX, ...
    QC2MIN, QC2MAX, RAMP_AGC, RAMP_10, RAMP_30, RAMP_Q, APF] = idx_gen;
[CT_LABEL, CT_PROB, CT_TABLE, CT_TBUS, CT_TGEN, CT_TBRCH, CT_TAREABUS, ...
    CT_TAREAGEN, CT_TAREABRCH, CT_ROW, CT_COL, CT_CHGTYPE, CT_REP, ...
    CT_REL, CT_ADD, CT_NEWVAL, CT_TLOAD, CT_TAREALOAD, CT_LOAD_ALL_PQ, ...
    CT_LOAD_FIX_PQ, CT_LOAD_DIS_PQ, CT_LOAD_ALL_P, CT_LOAD_FIX_P, ...
    CT_LOAD_DIS_P, CT_TGENCOST, CT_TAREAGENCOST, CT_MODCOST_F, ...
    CT_MODCOST_X] = idx_ct;

windprofile = struct( ...
    'type', 'mpcData', ...
    'table', CT_TGEN, ...
    'rows', [1:45], ...
    'col', PMAX, ...
    'chgtype', 1, ...
    'values', [] );
windprofile.values(:,1,:) = [
	3.8006 51.3545 83.6809 113.9127 14.9894 35.3612 31.0258 7.0185 27.7418 10.1052 18.6794 27.8659 41.952 38.6705 181.0112 68.1949 84.6122 89.6637 88.1869 69.6975 10.3419 82.5095 28.5099 37.4197 48.3376 26.752 4.8011 1228.3196 832.4912 832.4912 682.5344 90.2523 293.9564 179.4016 121.2371 355.1963 1273.489 219.6738 464.1791 129.4756 112.8759 392.2738 216.6138 109.7392 1286.7545;
	3.1168 42.1147 73.4733 42.4394 14.9725 27.7045 30.016 6.5826 9.5546 10.8665 20.0865 29.9651 45.1123 38.1147 186.0078 70.0774 86.9478 92.1387 90.0928 71.6659 10.0053 64.6437 24.7522 33.3656 38.6672 24.0851 4.7883 1207.2111 822.797 822.797 715.693 75.9241 300.3094 184.4682 119.4948 351.0601 1291.1494 194.8016 461.937 103.5728 110.692 307.3348 215.8989 90.6857 1304.5989;
	3.1424 42.4606 86.8372 43.8632 15.1476 24.5461 30.5629 5.5326 9.8092 12.7257 23.5232 35.0919 52.8307 39.8983 190.0082 71.5845 88.8178 94.1203 89.1129 68.4748 10.1876 57.2743 28.1632 33.0543 35.9394 23.306 5.0809 1224.0831 820.8051 820.8051 718.5855 91.8847 297.0429 176.2543 125.0865 350.2102 1281.2696 201.7185 462.052 96.2663 31.3574 272.2984 218.8297 127.7641 1294.6162;
	3.5623 48.1346 83.3966 45.3033 14.6591 14.6511 29.8778 6.7052 10.6583 11.4476 21.1608 31.5677 47.525 26.1746 190.6627 71.8311 89.1237 94.4446 87.6585 65.857 9.9593 34.1859 25.4343 26.0862 32.9517 25.2665 4.9937 1225.1993 828.3223 828.3223 750.2359 96.0404 292.1951 169.516 82.061 353.4175 1270.1332 222.838 455.5695 88.2636 23.293 162.5293 218.6823 112.0474 1283.3637;
	3.6702 49.5928 79.5385 38.9452 14.6546 21.9964 30.2975 6.9209 10.5847 10.6637 19.7117 29.406 44.2706 32.4082 176.5063 66.4977 82.5064 87.4322 87.3035 64.9336 10.0992 51.3249 0.0385 11.6486 33.5498 59.2327 4.785 1177.3232 839.3264 839.3264 767.9794 99.5012 291.0115 167.1392 101.6041 358.1126 1273.6501 235.5063 456.4105 89.8656 27.7819 244.0131 215.9652 175.9544 1286.9173;
	3.7241 50.3214 93.3235 112.8177 14.6165 33.6161 30.898 7.1474 10.5751 10.8035 19.9701 29.7915 44.8509 29.0947 185.4367 69.8622 86.6809 91.8558 91.6776 59.1404 10.2993 78.4376 0.0036 21.4327 54.058 64.3486 4.8716 1157.1743 828.7154 828.7154 762.2006 105.5096 305.5921 152.2276 91.2157 353.5852 1236.6029 242.9958 455.9953 144.7983 66.3692 372.9146 212.4666 229.7442 1249.4842;
	3.8317 51.7749 93.0699 118.2741 14.7036 34.6981 30.9323 10.8283 7.7812 9.222 17.0467 25.4302 38.2851 35.711 186.9795 70.4435 87.4021 92.6201 80.2209 64.6039 10.3108 80.9623 0.0 38.3505 99.4682 73.1839 10.3353 1120.6782 821.783 821.783 742.9655 113.5558 267.403 166.2905 111.9587 350.6274 1264.1379 293.7539 447.7693 266.4328 107.7113 384.9177 216.8533 269.6822 1277.306;
	3.8514 52.0406 94.3962 120.251 14.6314 34.9739 30.3161 18.8952 8.9755 6.5681 12.1411 18.1121 27.2677 56.5077 192.0667 72.36 89.78 95.14 83.0099 50.6487 10.1054 81.6059 0.0 56.5814 105.5031 75.0501 13.8067 1081.7388 781.2143 781.2143 735.0752 113.5696 276.6996 130.3699 177.1593 333.3181 1217.5845 322.7991 446.0382 282.5976 116.6037 387.9776 211.4477 280.4249 1230.2676;
	3.8602 52.1604 94.1971 120.2837 14.5328 34.7813 29.9625 18.5782 9.6015 10.3543 19.1398 28.5528 42.9861 60.9506 198.0864 74.6279 92.5939 98.1219 51.6366 63.0815 9.9875 81.1565 19.8323 84.7478 104.0145 73.9156 13.4314 805.3124 816.1973 816.1973 760.8156 110.8409 172.1219 162.372 191.0883 348.2442 1164.2316 311.4146 465.0475 278.6103 118.4405 385.841 215.9705 275.4316 1176.359;
	3.8303 51.7556 91.6914 120.3356 14.5081 34.5788 29.8488 18.4398 20.0188 9.7099 17.9487 26.7759 40.3109 55.1718 193.4353 72.8756 90.4198 95.8179 50.5762 56.4335 9.9496 80.6839 16.1298 86.2259 102.6099 73.5732 13.5367 636.515 820.3245 820.3245 750.0426 110.1401 168.5872 145.2599 172.971 350.0051 1086.4261 277.3617 463.2125 274.8478 116.1745 383.5943 212.59 281.6702 1097.7431;
	3.6898 49.8577 88.5075 118.2226 12.8864 33.4295 28.4247 18.047 26.2858 13.3194 24.6207 36.7293 55.2957 65.65 203.5322 76.6796 95.1395 100.8195 37.8765 66.8418 9.4749 78.0022 3.315 82.9083 102.3759 72.7786 13.5494 439.4562 780.8555 780.8555 707.6332 99.6315 126.2551 172.051 205.8217 333.165 916.0003 270.3809 440.5351 274.2212 118.1527 370.8449 197.2531 272.7046 925.542;
	3.105 41.9548 87.6264 115.6596 14.044 32.1574 26.1776 17.7779 27.068 18.9025 34.9409 52.125 78.4739 64.3451 203.5304 76.6789 95.1386 100.8185 49.7031 64.7739 8.7259 75.0339 27.354 81.7345 98.9458 73.7029 13.1933 327.126 779.3532 779.3532 652.1112 101.9275 165.677 166.7281 201.7307 332.524 756.0194 242.0015 444.9619 265.0334 116.7884 356.7327 181.6864 269.9367 763.8946;
	2.2023 29.7575 92.1422 118.325 14.2322 22.0375 21.5788 18.6037 26.2921 28.5063 52.6935 78.6084 118.3445 63.1598 198.3728 74.7358 92.7277 98.2637 91.2305 65.2446 7.1929 51.4208 61.4387 85.332 102.582 73.3578 13.946 305.7174 669.1891 669.1891 568.6821 97.1569 304.1016 167.9398 198.0144 285.5207 610.3256 216.2276 416.8817 274.7733 119.0228 244.469 170.4786 279.6408 616.6832;
	2.4359 32.9148 92.2476 116.1785 14.4577 13.5982 22.7251 18.4166 26.4976 30.7056 56.7589 84.6731 127.4748 64.5462 198.7176 74.8657 92.8889 98.4345 89.812 67.7246 7.575 31.7292 72.0351 83.9822 104.7697 73.6978 13.7445 322.9474 606.7141 606.7141 592.7515 99.3115 299.3734 174.3233 202.361 258.8647 488.4152 211.6511 450.1618 280.633 120.7483 150.8496 137.1102 279.9414 493.5028;
	2.25 30.4027 91.0649 112.0706 12.9484 1.1069 18.94 18.0367 26.8691 28.9848 53.578 79.9278 120.3309 65.5157 201.1946 75.7989 94.0468 99.6615 86.8905 70.3007 6.3133 2.5827 69.636 83.0774 101.7676 71.8921 13.6551 474.7322 493.7696 493.7696 427.7851 93.5671 289.635 180.9542 205.4006 210.675 437.7645 194.7332 443.0123 272.5917 116.8128 12.2787 109.8344 259.2241 442.3246;
	3.2819 44.345 89.6458 86.8501 14.407 25.611 14.9216 18.4959 23.9971 29.2517 54.0714 80.6639 121.4391 59.3968 201.7448 76.0062 94.304 99.9341 87.4454 70.4069 4.9739 59.7591 70.5852 86.0119 101.4272 72.7622 13.7555 533.5521 521.8866 521.8866 415.6965 52.1564 291.4846 181.2276 186.2171 222.6716 491.7527 167.2916 448.9127 271.6799 114.1027 284.1117 75.2284 259.8022 496.8751;
	3.1164 42.11 90.501 65.013 14.5608 31.681 13.6529 18.3779 27.08 27.7174 51.2351 76.4327 115.0691 59.6632 198.2151 74.6764 92.654 98.1856 84.8416 68.5913 4.551 73.9224 68.8621 85.5457 104.6972 73.9149 13.5863 626.5575 595.072 595.072 442.0052 33.6889 282.8054 176.5541 187.0522 253.8974 597.7968 124.23 180.1437 280.439 114.2193 351.4481 104.2206 264.0753 604.0239;
	3.378 45.6441 91.2772 63.4275 14.5111 31.0058 28.4739 19.061 25.9923 12.4922 23.0916 34.4482 51.8615 58.5865 178.33 67.1848 83.3589 88.3356 64.1699 66.4209 9.4913 72.3469 33.0575 87.3616 105.549 73.8986 13.8165 738.6837 615.1157 615.1157 414.4463 32.9386 213.8998 170.9675 183.6767 262.4494 790.2951 88.2843 364.2159 282.7206 116.0506 343.958 109.1188 265.5052 798.5273;
