function solarprofile = ex_solar_profilesh1
%EX_WIND_PROFILE_D  Example wind_load_nyiso profile data for deterministic unit commitment.
% 2022.03.12
% Andres F. Ramirez


%% define constants
[GEN_BUS, PG, QG, QMAX, QMIN, VG, MBASE, GEN_STATUS, PMAX, PMIN, ...
    MU_PMAX, MU_PMIN, MU_QMAX, MU_QMIN, PC1, PC2, QC1MIN, QC1MAX, ...
    QC2MIN, QC2MAX, RAMP_AGC, RAMP_10, RAMP_30, RAMP_Q, APF] = idx_gen;
[CT_LABEL, CT_PROB, CT_TABLE, CT_TBUS, CT_TGEN, CT_TBRCH, CT_TAREABUS, ...
    CT_TAREAGEN, CT_TAREABRCH, CT_ROW, CT_COL, CT_CHGTYPE, CT_REP, ...
    CT_REL, CT_ADD, CT_NEWVAL, CT_TLOAD, CT_TAREALOAD, CT_LOAD_ALL_PQ, ...
    CT_LOAD_FIX_PQ, CT_LOAD_DIS_PQ, CT_LOAD_ALL_P, CT_LOAD_FIX_P, ...
    CT_LOAD_DIS_P, CT_TGENCOST, CT_TAREAGENCOST, CT_MODCOST_F, ...
    CT_MODCOST_X] = idx_ct;

solarprofile = struct( ...
    'type', 'mpcData', ...
    'table', CT_TGEN, ...
    'rows', [1:12], ...
    'col', PMAX, ...
    'chgtype', 1, ...
    'values', [] );
solarprofile.values(:,1,:) = [
	0.0 0.0 0.0 0.0 0.0 0.0 0.0 0.0 0.0 0.0 0.0 0.0;
	0.0 0.0 0.0 0.0 0.0 0.0 0.0 0.0 0.0 0.0 0.0 0.0;
	0.0 0.0 0.0 0.0 0.0 0.0 0.0 0.0 0.0 0.0 0.0 0.0;
	0.0 0.0 0.0 0.0 0.0 0.0 0.0 0.0 0.0 0.0 0.0 0.0;
	0.0 0.0 0.0 0.0 0.0 0.0 0.0 0.0 0.0 0.0 0.0 0.0;
	0.0 0.0 0.0 0.0 0.0 0.0 0.0 0.0 0.0 0.0 0.0 0.0;
	0.1124 0.0463 0.2429 0.0 1.2843 7.2213 0.9027 2.1995 58.6435 11.9966 6.0539 21.726;
	0.6019 0.2811 0.5547 0.3524 1.3818 16.2658 2.0332 4.052 43.2331 12.8449 13.9008 23.2621;
	1.1405 0.6226 0.8128 1.1486 1.2267 18.4869 2.3109 4.6279 27.2355 16.87 24.6447 30.5517;
	2.5407 1.1397 0.9595 2.4087 1.6365 11.6856 1.4607 3.6182 43.6047 17.1079 35.3593 30.9825;
	2.3605 0.9867 0.8613 2.4469 2.827 22.129 2.7661 1.9477 64.3724 35.9188 48.3214 65.0492;
	1.5886 0.6039 0.6496 2.2928 3.6554 34.2474 4.2809 1.3391 86.4625 44.9907 46.899 81.4784;
	1.267 0.6072 0.4578 2.3937 3.1581 50.6852 6.3357 7.3541 90.3115 36.3507 25.2832 65.8314;
	1.1026 0.5086 0.2703 2.091 2.6149 28.0954 3.5119 8.446 66.6477 23.6578 11.6873 42.8444;
	0.9525 0.4125 0.2755 1.7796 2.4225 21.0741 2.6343 8.3809 52.0785 15.5794 5.4101 28.2144;
	1.2557 0.6309 0.7669 0.7697 2.0267 33.4717 4.184 6.6985 57.4059 24.7657 9.2078 44.8508;
	0.2767 0.2272 0.2004 0.438 1.2608 50.1376 6.2672 7.259 31.2719 21.4472 9.6114 38.841;
	0.0 0.0 0.0 0.0 0.0 0.0 0.0 0.0 0.0 0.0 0.0 0.0;
	0.0 0.0 0.0 0.0 0.0 0.0 0.0 0.0 0.0 0.0 0.0 0.0;
	0.0 0.0 0.0 0.0 0.0 0.0 0.0 0.0 0.0 0.0 0.0 0.0;
	0.0 0.0 0.0 0.0 0.0 0.0 0.0 0.0 0.0 0.0 0.0 0.0;
	0.0 0.0 0.0 0.0 0.0 0.0 0.0 0.0 0.0 0.0 0.0 0.0;
	0.0 0.0 0.0 0.0 0.0 0.0 0.0 0.0 0.0 0.0 0.0 0.0;
	0.0 0.0 0.0 0.0 0.0 0.0 0.0 0.0 0.0 0.0 0.0 0.0;
];
