function solarprofile = ex_solar_profilesh1
%EX_WIND_PROFILE_D  Example wind_load_nyiso profile data for deterministic unit commitment.
% 2022.03.12
% Andres F. Ramirez


%% define constants
[GEN_BUS, PG, QG, QMAX, QMIN, VG, MBASE, GEN_STATUS, PMAX, PMIN, ...
    MU_PMAX, MU_PMIN, MU_QMAX, MU_QMIN, PC1, PC2, QC1MIN, QC1MAX, ...
    QC2MIN, QC2MAX, RAMP_AGC, RAMP_10, RAMP_30, RAMP_Q, APF] = idx_gen;
[CT_LABEL, CT_PROB, CT_TABLE, CT_TBUS, CT_TGEN, CT_TBRCH, CT_TAREABUS, ...
    CT_TAREAGEN, CT_TAREABRCH, CT_ROW, CT_COL, CT_CHGTYPE, CT_REP, ...
    CT_REL, CT_ADD, CT_NEWVAL, CT_TLOAD, CT_TAREALOAD, CT_LOAD_ALL_PQ, ...
    CT_LOAD_FIX_PQ, CT_LOAD_DIS_PQ, CT_LOAD_ALL_P, CT_LOAD_FIX_P, ...
    CT_LOAD_DIS_P, CT_TGENCOST, CT_TAREAGENCOST, CT_MODCOST_F, ...
    CT_MODCOST_X] = idx_ct;

solarprofile = struct( ...
    'type', 'mpcData', ...
    'table', CT_TGEN, ...
    'rows', [1:12], ...
    'col', PMAX, ...
    'chgtype', 1, ...
    'values', [] );
solarprofile.values(:,1,:) = [
	0.0 0.0 0.0 0.0 0.0 0.0 0.0 0.0 0.0 0.0 0.0 0.0;
	0.0 0.0 0.0 0.0 0.0 0.0 0.0 0.0 0.0 0.0 0.0 0.0;
	0.0 0.0 0.0 0.0 0.0 0.0 0.0 0.0 0.0 0.0 0.0 0.0;
	0.0 0.0 0.0 0.0 0.0 0.0 0.0 0.0 0.0 0.0 0.0 0.0;
	0.0 0.0 0.0 0.0 0.0 0.0 0.0 0.0 0.0 0.0 0.0 0.0;
	0.0 0.0 0.0 0.0 0.0 0.0 0.0 0.0 0.0 0.0 0.0 0.0;
	0.9263 0.5701 0.5934 0.454 4.7059 98.9477 12.3685 25.7882 149.572 12.5488 4.7679 22.726;
	2.4938 1.0477 0.9197 3.3774 9.723 139.0038 17.3755 47.0651 99.1358 32.3964 11.7271 58.6702;
	2.305 1.2289 1.0785 5.5708 10.9746 150.6141 18.8268 54.6471 77.3119 63.7844 24.1606 115.5139;
	2.5588 1.88 2.0334 4.0172 9.4948 189.671 23.7089 39.6068 97.4963 102.9559 43.8538 186.4538;
	2.7057 2.009 2.2425 3.8408 8.197 175.4969 21.9371 21.999 114.3574 72.2137 40.2652 130.7794;
	2.9453 2.0477 2.3926 4.2365 6.7712 121.212 15.1515 13.0778 110.3393 65.774 32.122 119.1171;
	4.0919 2.3008 3.3427 4.7346 3.9077 75.3853 9.4232 24.2526 75.6669 96.047 41.1285 173.9417;
	3.1602 1.5783 2.3588 4.3851 3.4566 38.138 4.7672 22.3908 44.3215 98.2812 43.4021 177.9878;
	1.7918 0.8897 1.5864 2.6275 3.2212 30.1109 3.7639 21.7447 32.5894 95.3199 35.9805 172.6248;
	0.5525 0.4775 0.8429 0.8418 1.2828 29.7168 3.7146 10.6952 25.1706 37.4519 21.1017 67.8257;
	0.2749 0.2378 0.1537 0.5243 0.5993 32.4959 4.062 6.393 24.3613 17.5858 10.7094 31.8479;
	0.0 0.0 0.0 0.0 0.0 0.0 0.0 0.0 0.0 0.0 0.0 0.0;
	0.0 0.0 0.0 0.0 0.0 0.0 0.0 0.0 0.0 0.0 0.0 0.0;
	0.0 0.0 0.0 0.0 0.0 0.0 0.0 0.0 0.0 0.0 0.0 0.0;
	0.0 0.0 0.0 0.0 0.0 0.0 0.0 0.0 0.0 0.0 0.0 0.0;
	0.0 0.0 0.0 0.0 0.0 0.0 0.0 0.0 0.0 0.0 0.0 0.0;
	0.0 0.0 0.0 0.0 0.0 0.0 0.0 0.0 0.0 0.0 0.0 0.0;
	0.0 0.0 0.0 0.0 0.0 0.0 0.0 0.0 0.0 0.0 0.0 0.0;
];
