function solarprofile = ex_solar_profilesh1
%EX_WIND_PROFILE_D  Example wind_load_nyiso profile data for deterministic unit commitment.
% 2022.03.12
% Andres F. Ramirez


%% define constants
[GEN_BUS, PG, QG, QMAX, QMIN, VG, MBASE, GEN_STATUS, PMAX, PMIN, ...
    MU_PMAX, MU_PMIN, MU_QMAX, MU_QMIN, PC1, PC2, QC1MIN, QC1MAX, ...
    QC2MIN, QC2MAX, RAMP_AGC, RAMP_10, RAMP_30, RAMP_Q, APF] = idx_gen;
[CT_LABEL, CT_PROB, CT_TABLE, CT_TBUS, CT_TGEN, CT_TBRCH, CT_TAREABUS, ...
    CT_TAREAGEN, CT_TAREABRCH, CT_ROW, CT_COL, CT_CHGTYPE, CT_REP, ...
    CT_REL, CT_ADD, CT_NEWVAL, CT_TLOAD, CT_TAREALOAD, CT_LOAD_ALL_PQ, ...
    CT_LOAD_FIX_PQ, CT_LOAD_DIS_PQ, CT_LOAD_ALL_P, CT_LOAD_FIX_P, ...
    CT_LOAD_DIS_P, CT_TGENCOST, CT_TAREAGENCOST, CT_MODCOST_F, ...
    CT_MODCOST_X] = idx_ct;

solarprofile = struct( ...
    'type', 'mpcData', ...
    'table', CT_TGEN, ...
    'rows', [1:12], ...
    'col', PMAX, ...
    'chgtype', 1, ...
    'values', [] );
solarprofile.values(:,1,:) = [
	0.0 0.0 0.0 0.0 0.0 0.0 0.0 0.0 0.0 0.0 0.0 0.0;
	0.0 0.0 0.0 0.0 0.0 0.0 0.0 0.0 0.0 0.0 0.0 0.0;
	0.0 0.0 0.0 0.0 0.0 0.0 0.0 0.0 0.0 0.0 0.0 0.0;
	0.0 0.0 0.0 0.0 0.0 0.0 0.0 0.0 0.0 0.0 0.0 0.0;
	0.0 0.0 0.0 0.0 0.0 0.0 0.0 0.0 0.0 0.0 0.0 0.0;
	0.0 0.0 0.0 0.0 0.0 0.0 0.0 0.0 0.0 0.0 0.0 0.0;
	0.6023 0.2955 0.4483 0.1335 0.5923 0.0 0.0 0.0 0.0 11.2252 5.0282 20.329;
	1.7186 0.9657 0.9891 0.4737 0.9999 0.0 0.0 0.0 0.0 19.3144 14.0227 34.9785;
	1.933 1.2462 1.1111 0.6767 1.2603 0.0 0.0 0.0 0.0 46.6919 25.9617 84.5593;
	2.8517 2.0893 1.6179 0.4792 1.3039 19.4139 2.4267 6.023 27.2181 92.3861 30.4635 167.3118;
	2.7048 1.8875 1.4845 0.2781 1.2449 45.7693 5.7212 17.4589 59.3271 175.6474 41.5904 318.0985;
	2.8858 1.9785 2.0775 0.3259 1.2876 51.6718 6.459 23.2002 89.0298 161.0157 51.3914 291.6005;
	12.698 4.9887 7.8842 0.9994 1.4977 39.9108 4.9888 24.5726 84.2397 93.5183 53.173 169.3622;
	13.3545 4.3449 6.4336 1.1604 1.4901 24.635 3.0794 11.4848 67.2655 62.2856 36.2216 112.7996;
	5.6252 2.5398 3.5653 0.9393 1.4531 28.8574 3.6072 6.0659 54.7011 40.3822 16.0561 73.1325;
	1.6348 1.1386 1.4024 0.4133 0.5544 43.3448 5.4181 2.9166 37.9082 38.4869 8.0149 69.7;
	0.2625 0.2272 0.1811 0.4064 0.6151 34.7575 4.3447 6.5765 27.6081 22.8786 12.3851 41.4332;
	0.0 0.0 0.0 0.0 0.0 0.0 0.0 0.0 0.0 0.0 0.0 0.0;
	0.0 0.0 0.0 0.0 0.0 0.0 0.0 0.0 0.0 0.0 0.0 0.0;
	0.0 0.0 0.0 0.0 0.0 0.0 0.0 0.0 0.0 0.0 0.0 0.0;
	0.0 0.0 0.0 0.0 0.0 0.0 0.0 0.0 0.0 0.0 0.0 0.0;
	0.0 0.0 0.0 0.0 0.0 0.0 0.0 0.0 0.0 0.0 0.0 0.0;
	0.0 0.0 0.0 0.0 0.0 0.0 0.0 0.0 0.0 0.0 0.0 0.0;
	0.0 0.0 0.0 0.0 0.0 0.0 0.0 0.0 0.0 0.0 0.0 0.0;
];
