function loadprofile = ex_load_profilesh1
%EX_LOAD_PROFILE  Example load profile data file for stochastic unit commitment.
% 2022.03.12
% Andres F. Ramirez

%% define constants
[CT_LABEL, CT_PROB, CT_TABLE, CT_TBUS, CT_TGEN, CT_TBRCH, CT_TAREABUS, ...
    CT_TAREAGEN, CT_TAREABRCH, CT_ROW, CT_COL, CT_CHGTYPE, CT_REP, ...
    CT_REL, CT_ADD, CT_NEWVAL, CT_TLOAD, CT_TAREALOAD, CT_LOAD_ALL_PQ, ...
    CT_LOAD_FIX_PQ, CT_LOAD_DIS_PQ, CT_LOAD_ALL_P, CT_LOAD_FIX_P, ...
    CT_LOAD_DIS_P, CT_TGENCOST, CT_TAREAGENCOST, CT_MODCOST_F, ...
    CT_MODCOST_X] = idx_ct;

loadprofile = struct( ...
    'type', 'mpcData', ...
    'table', CT_TAREALOAD, ...
    'rows', [1:11], ...
    'col', CT_LOAD_ALL_P, ...
    'chgtype', 1, ...
    'values', [] );
loadprofile.values(:,1,:) = [
	1534.0809 942.3374 1607.8943 578.9 826.0764 1319.3436 935.0088 260.9652 541.3 4888.6639 1837.3055;
	1471.3223 929.2877 1592.702 583.4479 794.1805 1298.6823 911.0 265.8 530.1625 4718.5 1759.5309;
	1466.4902 922.23 1590.7195 570.9646 806.7675 1281.6866 914.6169 272.0708 529.6145 4676.9225 1746.7199;
	1469.9929 939.5405 1598.6109 577.5923 803.5165 1258.6683 901.7 275.2 531.8089 4675.664 1748.7;
	1513.7483 974.1488 1678.2218 600.015 847.3 1303.3 942.5039 296.7261 565.9 4801.8195 1822.3808;
	1534.068 1016.4228 1750.2 618.2148 915.6 1338.5809 991.3837 312.5264 620.7347 5009.9995 1899.9265;
	1602.7075 1067.015 1829.9251 635.4633 943.9966 1391.9182 1038.0522 323.2319 631.5357 5174.3875 1951.9;
	1638.7155 1090.8 1847.2332 628.6 970.3322 1406.442 1081.5193 328.2844 666.9053 5358.7967 1966.8052;
	1632.443 1097.7461 1881.9937 622.3 1000.2 1409.264 1123.0793 340.2061 687.3233 5517.9777 1935.0234;
	1607.1307 1109.8719 1902.4301 629.9 1019.2221 1425.0571 1144.3 359.7437 683.6147 5609.2698 1903.57;
	1572.6326 1079.085 1863.2781 615.0489 961.7493 1367.3862 1109.9802 325.9 697.7506 5547.0188 1490.4937;
	1571.5712 1080.0786 1815.3909 611.7 931.7 1340.5637 1095.3652 319.4342 664.6634 5443.8492 1374.3032;
	1588.2488 1120.6894 1835.3122 609.0979 885.8683 1333.396 1097.1 322.7243 665.9122 5503.4657 1774.2142;
	1578.1653 1134.047 1815.1414 597.3521 886.4629 1323.7519 1074.216 311.0466 668.8753 5400.389 1905.5389;
	1662.6343 1163.4997 1831.075 592.6378 929.9 1400.1025 1104.1144 332.6319 676.3529 5427.7943 2049.8034;
	1668.259 1181.1803 1888.3611 600.9163 949.0154 1433.1024 1124.1229 355.2 684.5624 5520.5 2137.3112;
	1662.7324 1199.8268 1848.4 610.8 998.8026 1454.2746 1174.2478 381.9863 722.6014 5681.1825 2246.9816;
	1706.0118 1199.1716 1907.348 603.3 1025.6493 1509.4041 1176.3475 371.8947 727.755 5631.8977 2346.217;
	1702.7668 1167.5322 1856.0482 563.0354 1007.8806 1497.7577 1160.7 379.0708 715.0 5625.678 2322.8997;
	1641.2912 1120.7748 1788.5641 531.9126 929.673 1417.9309 1125.2276 352.9 695.7779 5552.8366 2266.4023;
	1589.1653 1046.3 1693.0064 503.4123 866.1762 1298.3 1041.9946 320.2884 654.8303 5337.2976 2110.8875;
	1525.0 1004.2 1608.3264 514.7 796.7626 1206.8 960.2 294.0236 605.4 5057.7946 1916.6583;
	1490.4108 944.0938 1556.9035 499.9531 780.0801 1129.4464 883.0042 273.5 533.3545 4724.8253 1745.4339;
	1540.7708 914.6 1547.5724 496.6045 780.8 1119.2273 854.5367 254.7535 508.3 4456.5837 1656.1237;
];
