function windprofile = ex_wind_profilesh1
%EX_WIND_PROFILE_D  Example wind_load_nyiso profile data for deterministic unit commitment.
% 2022.03.12
% Andres F. Ramirez


%% define constants
[GEN_BUS, PG, QG, QMAX, QMIN, VG, MBASE, GEN_STATUS, PMAX, PMIN, ...
    MU_PMAX, MU_PMIN, MU_QMAX, MU_QMIN, PC1, PC2, QC1MIN, QC1MAX, ...
    QC2MIN, QC2MAX, RAMP_AGC, RAMP_10, RAMP_30, RAMP_Q, APF] = idx_gen;
[CT_LABEL, CT_PROB, CT_TABLE, CT_TBUS, CT_TGEN, CT_TBRCH, CT_TAREABUS, ...
    CT_TAREAGEN, CT_TAREABRCH, CT_ROW, CT_COL, CT_CHGTYPE, CT_REP, ...
    CT_REL, CT_ADD, CT_NEWVAL, CT_TLOAD, CT_TAREALOAD, CT_LOAD_ALL_PQ, ...
    CT_LOAD_FIX_PQ, CT_LOAD_DIS_PQ, CT_LOAD_ALL_P, CT_LOAD_FIX_P, ...
    CT_LOAD_DIS_P, CT_TGENCOST, CT_TAREAGENCOST, CT_MODCOST_F, ...
    CT_MODCOST_X] = idx_ct;

windprofile = struct( ...
    'type', 'mpcData', ...
    'table', CT_TGEN, ...
    'rows', [1:45], ...
    'col', PMAX, ...
    'chgtype', 1, ...
    'values', [] );
windprofile.values(:,1,:) = [
	3.8784 52.405 85.1947 111.9636 15.1644 35.5715 31.522 7.7522 26.6234 10.7286 19.8316 29.5849 44.5398 36.9164 187.3227 70.5728 87.5625 92.7901 86.9632 68.6545 10.5073 83.0002 4.6734 27.6839 47.2412 26.5764 5.1221 1234.1373 778.1468 778.1468 674.55 87.123 289.8772 176.717 115.7379 332.0093 1180.1641 212.7106 455.6353 126.539 119.9592 394.6065 214.1319 118.0243 1192.4575;
	3.0036 40.5848 71.5977 0.0 14.9324 27.2266 30.467 6.3636 0.0 0.7167 1.3248 1.9764 2.9755 32.1638 186.2659 70.1746 87.0685 92.2666 83.5337 68.9703 10.1557 63.5288 0.0 0.0 28.349 24.5618 5.1754 1217.104 745.2422 745.2422 663.5501 75.3513 278.4455 177.5296 100.8377 317.97 1207.6691 194.1306 453.6323 75.9348 115.5562 302.0341 204.6541 82.788 1220.2489;
	3.0591 41.3346 88.7019 42.3928 15.1303 24.5758 31.8757 6.482 3.6916 4.4578 8.2402 12.2928 18.5068 35.795 188.0488 70.8463 87.9019 93.1498 82.1873 59.0709 10.6252 57.3435 1.1758 32.1783 37.1301 28.0609 6.0243 1256.8195 778.1321 778.1321 677.435 88.8486 273.9578 152.0485 112.2222 332.003 1226.7767 199.8648 464.9791 99.4557 33.546 272.6273 209.4601 123.586 1239.5556;
	3.2915 44.4752 80.5344 4.4349 14.2736 13.155 32.1554 6.4646 0.3824 0.9687 1.7906 2.6712 4.0215 22.6804 189.2145 71.2855 88.4468 93.7272 82.2377 62.2007 10.7185 30.6951 0.7529 10.3944 31.2191 27.8425 5.7052 1279.6136 808.3926 808.3926 752.3608 93.8238 274.1256 160.1047 71.1062 344.9142 1248.7928 223.7457 468.9127 83.6225 36.6582 145.9333 202.1021 106.4324 1261.801;
	3.6649 49.5202 79.7027 36.6175 14.8773 22.6233 32.0436 7.4122 10.5705 0.6258 1.1567 1.7256 2.5979 20.2142 169.0986 63.7069 79.0438 83.7628 85.9062 57.1306 10.6812 52.7878 0.0 18.0396 36.0826 61.6315 5.7046 1224.1503 807.8722 807.8722 751.4425 99.7753 286.354 147.0544 63.3742 344.6921 1243.8072 223.6111 474.3596 96.6499 38.7865 250.9681 202.7119 179.2845 1256.7635;
	3.7744 51.0009 91.3281 110.9254 15.1398 33.9153 32.0482 7.6816 10.6656 8.878 16.4108 24.4817 36.8571 24.7587 186.6965 70.3368 87.2698 92.4799 90.2045 58.1588 10.6827 79.1356 0.0 17.4721 50.63 67.3833 5.6362 1163.3938 777.3764 777.3764 734.7046 106.3946 300.6817 149.7009 77.6218 331.6806 1184.3653 227.7411 476.3598 135.6161 77.8375 376.2334 209.3879 226.8803 1196.7024;
	3.8124 51.5138 91.2949 115.8533 14.8193 34.2278 30.9058 12.4752 4.5677 9.8077 18.1293 27.0453 40.7166 30.2256 196.8803 74.1735 92.0301 97.5244 86.3101 66.3758 10.3019 79.8648 21.7622 49.4875 101.3005 75.7738 12.4382 1062.022 789.1209 789.1209 767.1743 111.7732 287.7003 170.8516 94.7613 336.6916 1208.9125 280.6656 462.0653 271.3406 116.1336 379.7 204.59 269.0443 1221.5054;
	3.8384 51.8646 93.7958 118.9455 14.8182 34.5284 30.3385 19.1022 4.2021 9.9971 18.4794 27.5677 41.503 58.0132 198.4333 74.7586 92.756 98.2937 84.4394 57.5681 10.1128 80.5662 22.4019 55.5144 105.7452 75.2089 14.0971 987.8354 776.2745 776.2745 746.6082 112.7502 281.4647 148.1804 181.8794 331.2105 1183.3597 292.2648 467.8989 283.2462 123.4614 383.0348 204.9461 277.7379 1195.6864;
	3.8398 51.8841 93.9254 117.5085 14.8894 34.4634 30.4255 19.023 8.7094 12.902 23.8492 35.5783 53.563 61.8679 201.2414 75.8165 94.0687 99.6847 54.6047 66.2986 10.1418 80.4146 29.97 87.6386 106.3944 76.225 14.1314 788.8004 812.8476 812.8476 769.9532 111.8572 182.0157 170.6527 193.9641 346.815 1196.5714 307.6746 470.6059 284.985 123.3386 382.3141 208.6811 276.0068 1209.0356;
	3.7951 51.2802 92.643 117.8259 14.6714 34.5155 29.7612 18.5867 17.1032 10.4659 19.346 28.8605 43.4493 60.4452 192.045 72.3518 89.7699 95.1293 53.8898 62.5083 9.9204 80.5361 25.4643 87.9564 103.5358 74.6285 13.6395 644.0987 811.4888 811.4888 751.6507 114.1005 179.6327 160.8966 189.5038 346.2352 1118.1886 276.3068 462.7115 277.3281 117.5931 382.8917 199.6806 272.9759 1129.8364;
	3.6886 49.8412 90.672 115.1653 14.4357 33.4894 29.5413 17.9831 24.0834 15.9084 29.4065 43.8688 66.0442 67.3208 197.8485 74.5383 92.4827 98.004 41.2448 66.6858 9.8471 78.1419 27.9967 83.0655 100.3596 73.545 13.2952 480.5702 796.1105 796.1105 769.1764 109.8202 137.4827 171.6494 211.0598 339.6738 951.2097 281.0015 441.8901 268.8205 118.1123 371.509 191.8352 262.1256 961.1181;
	2.9295 39.584 88.8591 110.0964 14.2967 31.7984 27.744 17.6189 24.946 18.1564 33.5619 50.0677 75.3767 63.59 195.064 73.4892 91.1811 96.6247 47.2988 64.3064 9.248 74.1962 34.033 82.4648 98.3577 74.2062 13.0341 336.7968 758.0799 758.0799 697.0149 110.3079 157.6625 165.5249 199.3631 323.4474 756.2288 246.6277 447.7062 263.4581 117.8393 352.75 170.8125 270.7723 764.1062;
	1.9492 26.3385 92.8871 111.6535 14.5063 21.475 24.0666 18.446 24.5813 27.1415 50.1707 74.8448 112.6785 63.5791 191.3765 72.1 89.4574 94.7981 91.2457 65.6331 8.0222 50.1083 58.141 84.244 100.5701 75.3294 13.7632 342.1253 717.9885 717.9885 665.7835 107.4174 304.1523 168.9399 199.3291 306.3418 687.7166 232.2768 428.1792 269.3842 121.7289 238.2294 172.3484 283.1415 694.8803;
	2.2877 30.9123 91.7961 109.3007 14.7599 13.1629 24.4394 18.0461 26.3226 30.4463 56.2795 83.958 126.3983 65.1956 189.8268 71.5161 88.733 94.0305 91.0068 69.2187 8.1465 30.7134 71.9249 82.3175 98.3262 75.0189 13.5337 337.4278 627.8628 627.8628 611.7394 106.1558 303.356 178.169 204.397 267.8881 513.7693 197.0508 444.6 263.3736 120.5332 146.0201 133.4212 275.2135 519.121;
	2.1137 28.5606 92.0666 112.0736 12.477 3.6315 20.6739 18.829 26.8155 29.6517 54.8106 81.7667 123.0993 61.7915 196.5267 74.0403 91.8648 97.3493 90.3767 71.2907 6.8913 8.4734 71.2524 85.0157 100.2695 76.3048 14.0998 461.3372 494.8039 494.8039 448.1585 97.2674 301.2558 183.5025 193.7245 211.1163 447.5086 180.2638 448.4079 268.5791 119.1952 40.2851 109.0358 264.5306 452.1701;
	3.3249 44.9261 90.7932 79.3688 14.1054 26.5076 15.411 18.6385 20.057 28.7309 53.1086 79.2275 119.2766 52.9032 193.73 72.9867 90.5575 95.9639 91.4517 70.5943 5.137 61.8512 70.1643 86.3356 98.0607 76.0258 13.8006 510.6589 506.5514 506.5514 416.431 52.6079 304.8391 181.7099 165.8585 216.1286 512.4378 154.9798 447.793 262.6626 121.2123 294.0582 82.4067 270.8976 517.7757;
	3.1489 42.5492 93.9175 61.2796 14.2747 32.0939 13.7815 18.955 26.8543 29.1005 53.7918 80.2468 120.8111 59.0073 187.481 70.6324 87.6365 92.8685 90.6978 69.8314 4.5938 74.8858 74.4731 86.8985 101.3089 76.3776 14.0016 598.167 559.7435 559.7435 440.831 32.3694 302.3259 179.7462 184.9958 238.8239 607.3782 112.7661 179.2786 271.363 123.5167 356.0286 107.5161 278.405 613.705;
	3.6046 48.7057 91.7328 57.2528 14.174 31.5537 27.5726 18.9785 25.7521 13.3516 24.6803 36.8181 55.4295 59.2172 154.661 58.2676 72.295 76.6112 71.9987 68.6198 9.1909 73.6254 53.6109 86.341 101.9271 75.6968 14.0264 697.8848 607.0981 607.0981 400.6148 29.0678 239.9957 176.6275 185.6539 259.0285 799.0856 72.7364 404.9885 273.019 123.4679 350.0361 120.5406 260.5017 807.4094;
