function windprofile = ex_wind_profilesh1
%EX_WIND_PROFILE_D  Example wind_load_nyiso profile data for deterministic unit commitment.
% 2022.03.12
% Andres F. Ramirez


%% define constants
[GEN_BUS, PG, QG, QMAX, QMIN, VG, MBASE, GEN_STATUS, PMAX, PMIN, ...
    MU_PMAX, MU_PMIN, MU_QMAX, MU_QMIN, PC1, PC2, QC1MIN, QC1MAX, ...
    QC2MIN, QC2MAX, RAMP_AGC, RAMP_10, RAMP_30, RAMP_Q, APF] = idx_gen;
[CT_LABEL, CT_PROB, CT_TABLE, CT_TBUS, CT_TGEN, CT_TBRCH, CT_TAREABUS, ...
    CT_TAREAGEN, CT_TAREABRCH, CT_ROW, CT_COL, CT_CHGTYPE, CT_REP, ...
    CT_REL, CT_ADD, CT_NEWVAL, CT_TLOAD, CT_TAREALOAD, CT_LOAD_ALL_PQ, ...
    CT_LOAD_FIX_PQ, CT_LOAD_DIS_PQ, CT_LOAD_ALL_P, CT_LOAD_FIX_P, ...
    CT_LOAD_DIS_P, CT_TGENCOST, CT_TAREAGENCOST, CT_MODCOST_F, ...
    CT_MODCOST_X] = idx_ct;

windprofile = struct( ...
    'type', 'mpcData', ...
    'table', CT_TGEN, ...
    'rows', [1:45], ...
    'col', PMAX, ...
    'chgtype', 1, ...
    'values', [] );
windprofile.values(:,1,:) = [
	3.8141 51.5368 92.0217 116.9352 14.7597 33.5144 28.0064 18.2331 26.8414 28.7542 53.1517 79.2919 119.3735 66.5072 199.4228 75.1314 93.2186 98.7839 87.5784 71.6433 9.3355 78.2003 73.1867 85.8758 103.455 73.1641 13.1496 1279.2556 753.5097 753.5097 537.6701 109.6298 291.9279 184.41 208.5092 321.4975 1206.6896 193.5056 445.1374 277.1116 123.2104 371.7866 204.1232 287.0403 1219.2593;
	3.8767 52.3823 93.6729 115.7618 14.9758 33.9278 25.1175 18.692 27.5064 29.0382 53.6767 80.075 120.5525 67.0637 195.2861 73.5729 91.2849 96.7347 86.228 70.2871 8.3725 79.1648 72.1828 87.4442 102.4525 75.5136 13.3282 1286.0169 744.4955 744.4955 560.1618 103.5219 287.4266 180.9191 210.2537 317.6514 1193.528 192.6203 455.7071 274.4263 120.771 376.3719 192.7133 286.0092 1205.9605;
	3.7907 51.2206 92.1965 112.6484 14.8343 34.1955 20.8989 18.2583 27.1532 29.7618 55.0142 82.0704 123.5566 64.8946 201.136 75.7768 94.0194 99.6325 86.587 72.0711 6.9663 79.7895 71.3819 87.0741 100.7431 76.4646 13.4289 1262.4259 722.0735 722.0735 603.863 93.0295 288.6232 185.5111 203.4532 308.0847 1210.9671 202.1956 426.0798 269.8475 118.891 379.3423 195.169 280.2334 1223.5814;
	3.7865 51.1645 93.1479 116.7175 14.5258 33.2037 23.2179 17.9766 27.655 29.5644 54.6494 81.5261 122.7372 64.8853 204.0381 76.8702 95.3759 101.07 88.5621 72.5529 7.7393 77.4753 72.0543 88.275 102.2589 73.9435 13.2606 1303.2637 743.0341 743.0341 623.755 95.0708 295.2069 186.7512 203.4243 317.0279 1245.41 216.7379 442.664 273.9077 117.9369 368.3398 156.6931 284.2264 1258.383;
	3.792 51.2385 94.559 117.722 14.5577 33.6585 29.623 18.218 27.8093 29.7666 55.0231 82.0837 123.5765 64.5543 204.6232 77.0906 95.6494 101.3598 88.9544 73.7639 9.8743 78.5364 73.2629 87.3583 103.0226 75.8126 13.4009 1245.0961 714.0694 714.0694 603.808 95.9559 296.5146 189.8684 202.3864 304.6696 1162.7232 206.8078 447.7851 275.9534 119.2954 373.3845 194.0523 279.0837 1174.8349;
	3.8027 51.3831 94.9339 119.6948 14.9598 34.9773 29.2245 18.524 27.8296 30.2013 55.8266 83.2824 125.3812 64.4943 203.7743 76.7708 95.2526 100.9393 86.8642 72.7093 9.7415 81.6137 73.8572 88.63 105.2614 74.3156 13.427 1271.659 727.8203 727.8203 641.5161 98.6852 289.5474 187.1541 202.1983 310.5367 1107.2857 209.26 446.6841 281.9501 121.6569 388.0147 189.8116 284.5301 1118.8199;
	3.7228 50.3035 94.9286 119.7667 15.2334 33.9005 29.9732 18.1912 27.3934 30.1636 55.757 83.1785 125.2248 64.3705 202.1578 76.1618 94.497 100.1386 87.6448 72.7975 9.9911 79.1011 72.762 86.3819 104.0526 71.9047 13.2141 1253.8155 704.4773 704.4773 653.6804 99.0729 292.1493 187.3809 201.8103 300.577 1157.079 248.9787 463.3839 278.7122 123.0343 376.0693 175.8299 279.422 1169.1319;
	3.8238 51.6685 94.7922 120.6202 15.2014 34.0478 29.6461 17.8489 27.2643 29.7384 54.971 82.0059 123.4594 64.556 201.7481 76.0074 94.3055 99.9357 89.7012 71.7966 9.882 79.4449 72.3949 89.2884 104.1876 73.663 13.1026 1274.4725 711.5515 711.5515 633.8326 106.7275 299.0041 184.8046 202.3917 303.5953 1189.8727 256.1736 474.3097 279.0739 120.2435 377.7038 179.6638 279.0882 1202.2672;
	3.8512 52.0385 94.6602 120.5478 15.1632 34.5787 30.2963 18.402 27.1175 30.7161 56.7783 84.702 127.5185 65.3659 200.4974 75.5362 93.7209 99.3162 91.0015 73.3793 10.0988 80.6836 72.9699 89.309 102.3953 73.43 13.2403 1292.8913 759.3749 759.3749 715.6381 116.875 303.3384 188.8784 204.931 324.0 1249.3974 294.0875 464.7935 274.2732 120.536 383.5927 206.4042 277.76 1262.4119;
	3.8879 52.5345 94.8854 120.9203 15.3694 34.8048 25.4339 18.1587 27.9616 30.5539 56.4783 84.2546 126.8448 66.0979 202.43 76.2643 94.6243 100.2735 89.7728 73.5041 8.478 81.2113 72.7077 89.9765 104.2023 72.1746 13.037 1280.5385 780.0935 780.0935 753.3455 115.2309 299.2428 189.1996 207.2259 332.8399 1239.8091 323.4418 471.4763 279.1132 119.6117 386.1015 213.6657 282.4861 1252.7238;
	3.6319 49.0747 91.8104 119.453 14.76 32.6997 27.1716 17.9903 28.2465 30.8485 57.023 85.0671 128.0681 62.9102 199.003 74.9732 93.0223 98.5759 88.1757 73.1123 9.0572 76.2992 73.5649 89.0931 101.2306 72.2364 13.0345 1273.8756 757.1777 757.1777 724.8064 115.8797 293.9191 188.1913 197.232 323.0625 1242.9897 306.9257 469.6919 271.1534 117.1147 362.7482 209.165 276.3271 1255.9375;
	3.6788 49.7082 88.9223 118.1075 14.8482 33.0035 24.9758 17.8774 28.2309 30.4012 56.1961 83.8335 126.2108 65.4871 200.0549 75.3695 93.514 99.0969 89.5073 72.3139 8.3253 77.0082 74.6992 89.1431 100.777 70.3957 12.844 1309.3292 775.4635 775.4635 776.7196 116.0797 298.3578 186.1361 205.311 330.8644 1268.2258 316.0021 476.3316 269.9384 119.6364 366.119 210.4736 266.8997 1281.4365;
	3.6754 49.6631 88.0712 115.1726 15.1815 32.6191 27.0574 17.5522 28.0859 30.372 56.1422 83.7531 126.0898 68.1363 197.1155 74.2621 92.1401 97.6409 90.9299 71.1689 9.0191 76.1112 73.4812 83.2982 98.7639 70.0146 12.8438 1324.079 831.3618 831.3618 802.7229 117.639 303.0998 183.1889 213.6166 354.7144 1324.0461 349.8283 468.9433 264.5462 118.5011 361.8542 211.9602 263.8087 1337.8382;
	3.7645 50.8669 90.6534 117.9342 14.9634 32.5891 27.82 17.6507 28.2096 30.6505 56.6571 84.5212 127.2462 68.5752 192.7362 72.6122 90.093 95.4716 85.8653 72.8194 9.2733 76.0412 74.0622 86.9362 98.9495 70.0457 12.9232 1322.8577 820.9356 820.9356 797.2513 114.7556 286.2178 187.4372 214.9924 350.2659 1316.2719 322.2691 475.4752 265.0433 116.2853 361.5214 211.319 265.388 1329.983;
	3.6588 49.4382 88.6113 114.3833 15.0679 32.5435 24.1558 17.973 28.1003 29.2666 54.0989 80.7049 121.5009 67.4238 189.747 71.4861 88.6957 93.991 84.0645 71.5047 8.0519 75.9348 72.9521 87.916 99.0792 69.4219 13.1061 1327.1726 812.2561 812.2561 817.8327 120.087 280.215 184.0534 211.3827 346.5626 1311.3456 340.7163 472.7746 265.3908 118.4688 361.0156 207.534 266.8422 1325.0054;
	3.5888 48.492 88.0796 116.6232 14.5484 32.0724 24.6418 18.5728 28.0845 29.457 54.4508 81.2299 122.2912 68.6802 188.2296 70.9144 87.9864 93.2393 84.1413 71.1546 8.2139 74.8355 70.9001 87.9561 100.3721 71.523 12.874 1325.7384 802.6685 802.6685 767.4475 117.4907 280.4708 183.1521 215.3217 342.4719 1249.2056 329.3429 465.0623 268.8539 113.6012 355.7894 202.4758 274.1256 1262.2181;
	3.4428 46.5193 87.4491 111.1643 14.0157 24.5852 20.2253 18.2465 26.6699 27.5414 50.9099 75.9475 114.3386 65.5561 190.9849 71.9525 89.2743 94.6042 84.9029 70.3091 6.7418 57.3655 68.9864 85.9228 98.5534 58.4326 11.7733 1283.6819 707.5824 707.5824 680.477 114.62 283.0098 180.9757 205.5273 301.9018 1133.2866 317.4525 439.4247 263.9823 106.5176 272.7321 167.8557 257.7923 1145.0917;
	3.5139 47.4809 86.4812 103.7771 14.0297 21.0511 15.8804 12.5869 25.189 25.3695 46.8951 69.9583 105.3218 63.0158 176.6272 66.5433 82.563 87.4921 84.7265 66.0197 5.2935 49.1192 68.9148 84.7971 96.4191 68.4956 9.1443 1221.6659 653.4268 653.4268 641.7801 110.0409 282.4215 169.9349 197.5629 278.7954 1102.78 283.3881 424.5404 258.2655 109.9067 233.5268 155.9746 232.178 1114.2673;
