function windprofile = ex_wind_profilesh1
%EX_WIND_PROFILE_D  Example wind_load_nyiso profile data for deterministic unit commitment.
% 2022.03.12
% Andres F. Ramirez


%% define constants
[GEN_BUS, PG, QG, QMAX, QMIN, VG, MBASE, GEN_STATUS, PMAX, PMIN, ...
    MU_PMAX, MU_PMIN, MU_QMAX, MU_QMIN, PC1, PC2, QC1MIN, QC1MAX, ...
    QC2MIN, QC2MAX, RAMP_AGC, RAMP_10, RAMP_30, RAMP_Q, APF] = idx_gen;
[CT_LABEL, CT_PROB, CT_TABLE, CT_TBUS, CT_TGEN, CT_TBRCH, CT_TAREABUS, ...
    CT_TAREAGEN, CT_TAREABRCH, CT_ROW, CT_COL, CT_CHGTYPE, CT_REP, ...
    CT_REL, CT_ADD, CT_NEWVAL, CT_TLOAD, CT_TAREALOAD, CT_LOAD_ALL_PQ, ...
    CT_LOAD_FIX_PQ, CT_LOAD_DIS_PQ, CT_LOAD_ALL_P, CT_LOAD_FIX_P, ...
    CT_LOAD_DIS_P, CT_TGENCOST, CT_TAREAGENCOST, CT_MODCOST_F, ...
    CT_MODCOST_X] = idx_ct;

windprofile = struct( ...
    'type', 'mpcData', ...
    'table', CT_TGEN, ...
    'rows', [1:45], ...
    'col', PMAX, ...
    'chgtype', 1, ...
    'values', [] );
windprofile.values(:,1,:) = [
	3.7724 50.9728 94.9894 117.4401 14.9606 34.0996 29.3147 18.8144 26.4707 28.8032 53.2423 79.427 119.577 66.4627 199.0795 75.002 93.0581 98.6138 84.3776 72.453 9.7716 79.5658 73.5963 84.9291 104.8017 73.8499 14.0501 1269.5934 792.7449 792.7449 602.4539 114.7695 281.2586 186.4942 208.3697 338.2378 1238.0548 226.9097 438.7274 280.7188 121.995 378.2787 201.7987 286.0119 1250.9512;
	3.8328 51.7896 93.8725 115.4093 14.5984 32.9591 25.8834 18.7905 26.3946 29.7224 54.9413 81.9617 123.3929 65.4985 198.0369 74.6093 92.5707 98.0974 85.2754 72.8913 8.6278 76.9045 73.7129 85.815 103.8496 72.3768 14.0652 1289.4694 776.622 776.622 616.992 102.5156 284.2512 187.6224 205.3468 331.3587 1205.097 224.5799 441.2134 278.1687 122.751 365.6259 190.9959 278.3629 1217.6501;
	3.8472 51.9839 89.6413 115.642 14.2848 33.2667 22.6084 18.0494 27.3591 30.076 55.5951 82.9369 124.8611 66.3812 200.998 75.7248 93.9549 99.5641 87.2228 72.3043 7.5361 77.6224 71.576 85.316 101.3258 73.7449 13.7166 1279.5563 777.7007 777.7007 648.7678 101.048 290.7426 186.1114 208.1139 331.819 1242.3739 220.4764 407.7081 271.4083 119.8587 369.0389 197.8007 269.1025 1255.3153;
	3.6069 48.7373 89.0009 114.7904 13.9974 31.6442 24.3322 17.3407 27.8808 30.9598 57.2287 85.374 128.5301 65.6921 205.7746 77.5244 96.1876 101.9302 91.6661 73.3879 8.1107 73.8364 73.0426 85.3848 99.2441 70.4102 13.0789 1260.1595 790.7706 790.7706 644.5585 106.9049 305.5538 188.9006 205.9536 337.3954 1239.8437 233.5398 425.8638 265.8323 117.1741 351.0392 146.5234 268.5458 1252.7588;
	3.6576 49.4225 87.9312 112.5457 14.1376 31.9618 29.576 16.8463 27.0205 30.9735 57.2541 85.4119 128.5872 66.6793 205.8345 77.547 96.2157 101.9599 91.7507 73.5462 9.8587 74.5775 74.4526 82.3768 99.0366 71.503 12.8135 1234.6808 768.211 768.211 642.4317 111.8684 305.8357 189.3081 209.0487 327.77 1207.1841 229.8641 435.26 265.2765 116.9341 354.563 178.6347 268.0584 1219.7589;
	3.5722 48.2681 86.622 111.0103 13.9499 32.2406 28.3304 16.5281 26.2513 30.167 55.7633 83.1879 125.239 67.9108 206.0199 77.6168 96.3023 102.0517 92.687 73.5373 9.4435 75.228 72.8497 81.696 94.4199 69.8569 12.3942 1239.5633 751.9653 751.9653 662.2021 110.5041 308.9568 189.2853 212.9094 320.8385 1135.7676 240.3954 432.6145 252.9104 117.9817 357.6556 157.3172 271.132 1147.5985;
	3.6259 48.9945 87.5393 112.9891 14.1363 32.3275 30.2672 17.3823 26.3441 30.3951 56.1848 83.8167 126.1855 66.9035 206.0269 77.6194 96.3056 102.0552 92.9897 73.6425 10.0891 75.4309 73.7949 83.4899 97.6075 71.2187 12.8537 1196.0284 736.9551 736.9551 686.3334 108.4449 309.9657 189.556 209.7516 314.4342 1157.9291 285.9017 438.676 261.4487 122.2279 358.6201 149.9331 268.9255 1169.9908;
	3.7995 51.3396 91.2417 115.9765 14.6279 33.9647 29.7194 17.8956 27.6789 30.9344 57.1818 85.3039 128.4246 66.9545 204.7495 77.1382 95.7085 101.4224 91.6916 72.4963 9.9065 79.251 75.3864 86.7043 100.4613 72.6412 13.0595 1244.7746 779.514 779.514 699.1704 115.1265 305.6388 186.6056 209.9114 332.5926 1213.7643 283.2566 446.8466 269.0928 120.0894 376.7819 171.3601 275.7823 1226.4077;
	3.7852 51.1461 93.4907 114.4831 14.4868 33.2154 31.2216 18.4194 27.5143 31.143 57.5674 85.8792 129.2907 68.606 204.3283 76.9795 95.5116 101.2138 92.644 73.634 10.4072 77.5027 75.6374 86.8216 101.5271 74.6082 13.558 1282.8516 812.4955 812.4955 752.3022 118.4809 308.8134 189.5341 215.089 346.6648 1259.5492 300.5551 454.4909 271.9476 120.4922 368.4699 193.2614 270.0583 1272.6695;
	3.8628 52.1946 95.0448 119.8919 14.9823 34.8996 26.4328 18.6923 27.967 30.8899 57.0995 85.1813 128.2399 68.7212 205.3346 77.3586 95.982 101.7122 92.0573 73.9117 8.8109 81.4324 75.0011 88.9372 105.6046 75.7567 13.7569 1280.7641 850.2422 850.2422 787.2569 121.2616 306.8577 190.249 215.4501 362.77 1282.9496 329.3151 456.5104 282.8695 120.7731 387.1531 210.1477 276.5255 1296.3136;
	3.9 52.6977 95.3824 118.3004 15.2196 34.8659 29.248 18.8649 28.1519 31.3483 57.9468 86.4453 130.1429 67.4274 202.5987 76.3279 94.7031 100.357 91.5121 73.8312 9.7493 81.3538 74.7457 89.1395 106.452 75.3423 14.0561 1298.767 835.6549 835.6549 789.4699 120.4821 305.0405 190.0416 211.3941 356.5461 1307.8575 329.1995 467.0385 285.1393 119.0817 386.7791 215.2625 277.4878 1321.4811;
	3.8741 52.3475 95.3832 117.8691 15.1081 34.8553 28.7701 18.4615 27.7078 30.9718 57.2508 85.407 128.5797 68.9222 197.7822 74.5133 92.4517 97.9712 87.4321 72.6106 9.59 81.329 73.8169 88.3784 103.7252 71.1999 13.7509 1288.8571 840.3402 840.3402 796.2669 121.2475 291.4403 186.8998 216.0803 358.5452 1311.963 326.8866 473.8453 277.8354 119.839 386.6614 216.4256 271.1049 1325.6293;
	3.7662 50.8891 95.316 116.6299 15.1771 34.4927 28.5239 17.8092 27.6011 31.1558 57.591 85.9144 129.3437 68.1067 203.564 76.6916 95.1544 100.8352 90.9092 72.8414 9.508 80.483 75.2434 88.3229 103.3476 71.116 13.5519 1243.884 830.4248 830.4248 802.4413 116.3132 303.0307 187.4939 213.5237 354.3146 1286.6671 319.515 458.6252 276.824 119.5827 382.6393 216.8017 264.686 1300.0699;
	3.8039 51.3989 95.1898 116.7173 14.8694 33.7263 27.1393 17.7971 26.7568 30.937 57.1865 85.311 128.4352 67.382 199.251 75.0667 93.1383 98.6988 87.7804 72.8338 9.0464 78.6947 74.5631 87.296 100.8949 73.9487 13.4911 1287.0044 792.0208 792.0208 757.2216 119.3896 292.6013 187.4744 211.2518 337.9289 1262.1562 314.4369 441.0016 270.2541 115.5136 374.137 209.1389 268.5279 1275.3036;
	3.799 51.3326 94.4362 115.8079 14.4949 33.4766 22.465 17.664 26.7329 30.9701 57.2477 85.4024 128.5728 66.18 199.7522 75.2555 93.3725 98.947 92.427 73.4919 7.4883 78.112 75.0972 88.3993 102.8731 69.9059 13.3585 1260.7854 774.3255 774.3255 748.7216 118.0498 308.0902 189.1683 207.4834 330.3789 1230.3611 321.2686 437.3669 275.553 118.1034 371.3668 206.5983 263.29 1243.1773;
	3.8076 51.4492 94.6383 114.363 14.7924 33.0703 23.525 17.462 26.3849 30.4935 56.3668 84.0881 126.5942 64.744 191.8884 72.2928 89.6967 95.0517 85.5823 70.7143 7.8417 77.1641 70.1835 88.0914 101.6597 66.683 12.6956 1219.5132 725.0221 725.0221 672.7524 113.5084 285.2743 182.0189 202.9812 309.3428 1095.9342 284.0439 441.4845 272.3026 116.0029 366.8604 203.0435 269.2403 1107.3501;
	3.8065 51.4348 94.2721 111.3538 15.2698 31.0403 20.2295 16.7072 26.5006 30.4864 56.3537 84.0686 126.5648 63.1668 196.8762 74.1719 92.0282 97.5224 88.6606 69.719 6.7432 72.4273 70.9706 84.1025 101.4252 47.561 11.5303 1168.4604 724.1487 724.1487 627.1929 108.4597 295.5352 179.4568 198.0363 308.9701 1083.4625 290.2233 435.2163 271.6746 110.1957 344.34 197.4476 252.7738 1094.7486;
	3.6799 49.7239 92.2637 106.5031 15.0892 26.2295 17.1328 12.3944 26.2253 29.3771 54.3031 81.0096 121.9595 63.8903 197.383 74.3629 92.2651 97.7734 89.2956 70.1194 5.7109 61.2023 72.869 82.6669 99.5192 67.4445 9.3621 1151.8768 713.1916 713.1916 611.2499 104.2516 297.6519 180.4876 200.3047 304.2951 1154.4563 283.0186 432.263 266.5692 109.247 290.9731 170.8974 225.1646 1166.4819;
