function loadprofile = ex_load_profilesh1
%EX_LOAD_PROFILE  Example load profile data file for stochastic unit commitment.
% 2022.03.12
% Andres F. Ramirez

%% define constants
[CT_LABEL, CT_PROB, CT_TABLE, CT_TBUS, CT_TGEN, CT_TBRCH, CT_TAREABUS, ...
    CT_TAREAGEN, CT_TAREABRCH, CT_ROW, CT_COL, CT_CHGTYPE, CT_REP, ...
    CT_REL, CT_ADD, CT_NEWVAL, CT_TLOAD, CT_TAREALOAD, CT_LOAD_ALL_PQ, ...
    CT_LOAD_FIX_PQ, CT_LOAD_DIS_PQ, CT_LOAD_ALL_P, CT_LOAD_FIX_P, ...
    CT_LOAD_DIS_P, CT_TGENCOST, CT_TAREAGENCOST, CT_MODCOST_F, ...
    CT_MODCOST_X] = idx_ct;

loadprofile = struct( ...
    'type', 'mpcData', ...
    'table', CT_TAREALOAD, ...
    'rows', [1:11], ...
    'col', CT_LOAD_ALL_P, ...
    'chgtype', 1, ...
    'values', [] );
loadprofile.values(:,1,:) = [
	1485.8465 837.2 1386.3146 552.2 656.8196 940.8584 790.1091 212.3933 468.0707 4368.3694 1543.2818;
	1452.6438 848.1617 1418.1925 558.8209 681.0251 990.5765 768.6923 210.0945 456.2652 4291.3 1578.4223;
	1465.9704 856.1949 1438.8008 558.2 682.4029 986.5054 790.2 212.6998 471.9 4278.1614 1585.9058;
	1515.3012 877.3163 1445.2353 554.3685 722.6 1016.4461 791.2991 217.5832 486.945 4298.851 1636.2976;
	1629.93 964.0071 1609.1361 568.7 815.1 1123.6221 848.5 229.0628 503.6 4492.5377 1773.6526;
	1675.3 1000.9737 1698.1855 577.9 900.951 1190.4607 897.8691 263.4 526.2012 4745.736 1877.356;
	1732.334 1058.1761 1782.1442 597.3335 957.8037 1240.2551 956.5079 287.4943 569.0548 5060.1848 1999.3609;
	1771.6215 1097.1098 1853.5152 578.0479 983.0019 1263.5908 995.1 311.7761 598.0 5284.4463 2083.8883;
	1804.139 1107.2709 1886.7611 582.7 1002.818 1300.3259 1052.1257 316.9102 614.7499 5437.1527 2156.1879;
	1761.3015 1078.0586 1880.723 569.4 977.396 1245.5251 1004.9188 315.5 596.2 5441.2591 2203.6593;
	1722.4216 1055.2 1841.0203 575.0938 971.7544 1239.0112 957.643 299.0495 616.3261 5484.5954 2159.1422;
	1706.5 1059.7798 1808.9606 556.6554 917.2539 1218.9408 922.7 285.0526 586.2845 5378.933 2175.9432;
	1673.6772 1035.8223 1776.9469 561.8464 908.7057 1243.8335 913.3864 296.9 577.9643 5332.812 2146.6891;
	1718.1 1060.8887 1772.9979 558.4811 919.7688 1245.7577 946.68 294.9937 566.794 5262.2078 2063.3265;
	1709.6602 1081.5732 1753.9547 550.2636 943.106 1265.5 976.1697 312.5032 597.1813 5330.4345 2146.0;
	1744.1904 1090.5978 1836.1382 573.6 961.7257 1318.6573 994.9079 297.5166 580.3963 5298.9888 2193.1659;
	1750.52 1108.1444 1862.5 567.9658 976.9 1363.9679 1031.3035 311.0587 599.5494 5429.6245 2273.8829;
	1800.5316 1139.0511 1947.6415 573.9639 1002.8027 1437.8986 1075.6 342.3181 630.8872 5539.2934 2415.3144;
	1852.9605 1145.4579 1900.2056 576.6604 997.0647 1389.1394 1088.2 332.3671 624.1399 5588.6232 2321.9032;
	1821.4823 1103.6 1831.5519 573.0492 953.8973 1323.4434 1051.5289 307.1 599.4857 5625.5058 2248.6577;
	1706.5842 1046.6 1736.6861 565.109 890.5512 1260.2 1001.9135 295.6291 587.9727 5270.4597 2106.0106;
	1618.104 972.7348 1693.2798 553.3317 866.6969 1205.8564 940.4682 282.0652 564.8 5006.2143 1983.5015;
	1566.2748 919.485 1634.2 552.3397 842.6822 1168.1 905.3436 262.5774 569.6528 4882.7886 1853.9482;
	1496.0186 916.2 1651.0839 558.0476 805.603 1105.5341 844.8677 243.2192 529.9 4648.2515 1788.5351;
];
