function windprofile = ex_wind_profilesh1
%EX_WIND_PROFILE_D  Example wind_load_nyiso profile data for deterministic unit commitment.
% 2022.03.12
% Andres F. Ramirez


%% define constants
[GEN_BUS, PG, QG, QMAX, QMIN, VG, MBASE, GEN_STATUS, PMAX, PMIN, ...
    MU_PMAX, MU_PMIN, MU_QMAX, MU_QMIN, PC1, PC2, QC1MIN, QC1MAX, ...
    QC2MIN, QC2MAX, RAMP_AGC, RAMP_10, RAMP_30, RAMP_Q, APF] = idx_gen;
[CT_LABEL, CT_PROB, CT_TABLE, CT_TBUS, CT_TGEN, CT_TBRCH, CT_TAREABUS, ...
    CT_TAREAGEN, CT_TAREABRCH, CT_ROW, CT_COL, CT_CHGTYPE, CT_REP, ...
    CT_REL, CT_ADD, CT_NEWVAL, CT_TLOAD, CT_TAREALOAD, CT_LOAD_ALL_PQ, ...
    CT_LOAD_FIX_PQ, CT_LOAD_DIS_PQ, CT_LOAD_ALL_P, CT_LOAD_FIX_P, ...
    CT_LOAD_DIS_P, CT_TGENCOST, CT_TAREAGENCOST, CT_MODCOST_F, ...
    CT_MODCOST_X] = idx_ct;

windprofile = struct( ...
    'type', 'mpcData', ...
    'table', CT_TGEN, ...
    'rows', [1:45], ...
    'col', PMAX, ...
    'chgtype', 1, ...
    'values', [] );
windprofile.values(:,1,:) = [
	3.8441 51.9425 91.4731 116.3421 15.0382 33.8331 28.7498 18.5517 27.8674 29.228 54.0275 80.5984 121.3404 68.5476 199.7999 75.2735 93.3949 98.9707 87.5565 70.789 9.5833 78.9439 72.8275 86.6279 102.7782 74.1556 13.2628 1251.3698 779.0646 779.0646 548.0596 101.548 291.855 182.2111 214.9061 332.4009 1218.3398 211.5786 450.9651 275.2986 119.1639 375.3218 197.026 282.9713 1231.0308;
	3.8929 52.6013 94.5161 118.9649 15.3808 33.6647 25.7749 19.0756 27.9435 29.3656 54.282 80.978 121.9119 67.056 192.943 72.6902 90.1897 95.5741 86.0901 70.3059 8.5916 78.551 69.6681 89.4269 105.4424 75.7976 13.726 1257.3883 770.2117 770.2117 572.9626 97.0813 286.9671 180.9677 210.2297 328.6237 1170.6017 220.9682 455.0783 282.435 121.3439 373.4539 192.7661 283.0644 1182.7955;
	3.8214 51.6361 91.3467 118.514 15.2808 33.8073 21.9266 18.5701 28.4007 30.8069 56.946 84.9522 127.8951 68.3824 194.0268 73.0985 90.6963 96.111 86.5488 68.7565 7.3089 78.8836 71.5965 88.9548 103.5362 75.8646 13.683 1267.234 771.1533 771.1533 608.0366 92.0479 288.4962 176.9793 214.388 329.0254 1211.268 222.108 430.6804 277.329 123.8304 375.0352 193.0389 270.1627 1223.8854;
	3.764 50.8601 90.7697 116.3551 15.2591 32.2606 24.3065 18.5382 28.3487 30.4366 56.2616 83.9312 126.358 68.6069 198.2005 74.6709 92.6472 98.1784 90.2715 70.6198 8.1022 75.2747 71.2937 88.7425 103.7926 72.8778 13.4473 1279.2305 781.2414 781.2414 618.0438 98.6011 300.9049 181.7756 215.092 333.3297 1238.1891 244.0906 448.8292 278.016 122.5535 357.8773 157.9868 273.0346 1251.0869;
	3.7557 50.7473 89.0577 113.1031 14.6738 31.6276 30.1786 18.1036 28.0635 30.3497 56.1009 83.6916 125.9972 68.1385 197.7665 74.5074 92.4444 97.9634 89.1698 70.8599 10.0595 73.7978 72.8472 84.8608 100.475 72.701 13.169 1250.0365 780.9704 780.9704 654.0794 103.2786 297.2326 182.3935 213.6235 333.214 1206.3837 235.6646 461.359 269.1296 121.2641 350.8559 190.4093 263.5292 1218.9502;
	3.904 52.7513 92.3779 115.0744 15.2778 33.2041 29.7533 18.5398 28.3001 30.4626 56.3096 84.0029 126.4659 68.6022 197.906 74.5599 92.5095 98.0325 89.1094 69.5728 9.9178 77.4762 72.3734 87.2592 102.4363 72.856 13.2243 1288.6363 784.2968 784.2968 686.8295 107.3464 297.0313 179.0805 215.077 334.6333 1256.3384 238.7904 472.9172 274.383 122.2623 368.3441 187.7137 271.4352 1269.4252;
	3.8518 52.0467 88.4646 112.6541 15.2048 33.1473 31.2638 17.9268 28.4502 30.4956 56.3707 84.094 126.603 66.396 196.5038 74.0317 91.8541 97.3379 92.398 70.6817 10.4213 77.3436 71.7712 85.5052 99.294 72.0065 12.9674 1250.9403 759.0474 759.0474 699.0697 104.7752 307.9934 181.935 208.1605 323.8602 1256.4961 280.4168 478.6994 265.9661 121.6347 367.7136 172.0785 261.4339 1269.5846;
	3.9046 52.7596 89.6833 116.0418 15.2462 33.2509 30.1692 17.9959 28.172 29.1503 53.8839 80.3842 121.0179 67.2813 194.889 73.4233 91.0993 96.538 89.1254 66.2882 10.0564 77.5855 68.9393 86.9306 99.4195 70.782 12.7862 1309.4953 789.0889 789.0889 726.0386 109.8966 297.0847 170.6261 210.936 336.6779 1314.4428 298.675 475.6995 266.3023 122.4045 368.8636 183.9252 268.2021 1328.1349;
	3.9111 52.8476 89.552 118.1049 15.3647 33.6959 31.6268 18.4671 27.9188 30.5172 56.4106 84.1535 126.6926 67.2302 194.8979 73.4267 91.1035 96.5425 91.1517 68.7151 10.5423 78.6237 71.5213 86.941 102.0267 69.8818 13.1908 1353.608 820.2177 820.2177 782.9112 116.4771 303.8388 176.8729 210.7759 349.9595 1355.9294 323.0431 475.1035 273.2859 121.4413 373.7997 206.0276 271.418 1370.0537;
	3.7259 50.3452 91.1131 118.4008 15.0952 32.3423 26.3731 18.9765 27.4859 29.1432 53.8708 80.3647 120.9886 67.8956 195.0919 73.4997 91.1941 96.6385 87.6878 68.441 8.791 75.4653 70.3277 89.2054 103.6762 72.5113 13.516 1290.0908 812.9605 812.9605 778.0318 117.6704 292.2925 176.1672 212.8618 346.8631 1275.0902 339.8823 462.7154 277.7042 122.4432 358.7837 205.6421 273.6824 1288.3724;
	3.8377 51.8553 91.1343 118.1999 15.1654 32.6383 28.6404 18.7631 27.7286 30.7408 56.8239 84.7701 127.621 67.3427 199.6265 75.2081 93.3138 98.8847 92.6352 71.1839 9.5468 76.1561 71.5487 87.9069 102.888 70.5586 13.466 1293.981 829.1005 829.1005 809.0367 117.9703 308.7842 183.2277 211.1285 353.7496 1335.1302 343.8747 464.0905 275.593 121.2182 362.0679 208.3258 271.6497 1349.0378;
	3.6857 49.8021 89.5873 115.8841 15.1038 31.5705 27.7933 18.66 28.0285 29.8928 55.2564 82.4317 124.1005 66.2318 198.7438 74.8756 92.9012 98.4475 90.8732 68.8105 9.2644 73.6645 72.6895 87.1155 102.7428 70.4596 13.1075 1278.0699 795.46 795.46 778.5231 118.9063 302.9106 177.1184 207.6455 339.3963 1309.6474 344.8642 470.9584 275.204 120.004 350.222 202.4985 266.9792 1323.2896;
	3.8141 51.5368 93.0604 117.4316 15.3227 32.8736 28.1743 18.8881 27.4715 30.3747 56.1471 83.7605 126.1009 67.8677 197.3263 74.3415 92.2386 97.7454 92.3397 68.4064 9.3914 76.7051 71.7294 87.7851 103.8345 71.1987 13.3197 1261.0578 829.177 829.177 812.6749 118.5004 307.799 176.0782 212.7743 353.7822 1309.747 357.5331 472.7376 278.1282 121.0155 364.6781 209.2695 275.0979 1323.3902;
	3.6379 49.1565 92.989 119.2974 14.847 32.0669 26.5662 18.3462 27.3736 28.853 53.3343 79.5643 119.7836 68.3285 199.5502 75.1794 93.2781 98.847 91.6172 70.3617 8.8554 74.8228 70.0005 88.3919 102.1432 72.1351 13.0517 1264.2375 804.6965 804.6965 771.5649 118.4238 305.3906 181.1111 214.2191 343.3372 1285.6424 342.4238 469.0289 273.5977 118.9049 355.7292 204.1489 274.8513 1299.0345;
	3.6307 49.0592 94.0188 119.6951 15.0517 33.2834 21.8837 18.2237 27.0784 28.7566 53.1561 79.2985 119.3834 69.7299 196.6251 74.0774 91.9108 97.398 90.8996 69.1205 7.2946 77.6612 73.1423 89.325 103.5304 73.5661 13.211 1244.8505 792.6032 792.6032 765.7112 120.1685 302.9988 177.9162 218.6127 338.1774 1245.5531 336.4002 457.0227 277.3137 119.2509 369.2234 203.4602 274.1653 1258.5276;
	3.7026 50.0297 89.9766 116.6555 15.1303 32.5219 24.4763 17.7793 27.257 29.1633 53.9079 80.42 121.0719 69.4946 193.4812 72.8929 90.4412 95.8407 91.4496 70.1923 8.1588 75.8845 71.3484 88.7349 102.9236 71.0425 12.9989 1225.3626 789.3283 789.3283 751.143 118.682 304.832 180.675 217.8751 336.7801 1194.9363 322.852 468.922 275.6883 119.0915 360.7767 196.181 266.3515 1207.3836;
	3.7054 50.0684 89.3656 113.8534 14.9811 29.85 22.0665 17.7147 27.604 29.5841 54.6858 81.5804 122.8188 69.8174 199.3347 75.0982 93.1774 98.7402 91.1512 69.6161 7.3555 69.65 73.6917 88.1527 103.5685 60.1754 12.0971 1198.0388 729.381 729.381 684.5563 111.5422 303.8374 179.192 218.8871 311.2026 1123.2172 311.6692 472.0255 277.4155 118.2735 331.136 180.1087 252.2 1134.9174;
	3.6035 48.6916 87.0707 109.2369 15.0011 26.9033 18.3973 10.9439 27.1101 27.2593 50.3885 75.1697 113.1675 68.0869 188.5001 71.0163 88.1129 93.3733 85.1402 67.438 6.1324 62.7744 70.9734 83.8298 97.877 66.8233 7.3226 1185.8251 663.0041 663.0041 640.438 105.4001 283.8007 173.5857 213.4616 282.8818 1117.0968 280.692 458.0079 262.1706 112.2562 298.4472 167.8803 213.9417 1128.7332;
