function solarprofile = ex_solar_profilesh1
%EX_WIND_PROFILE_D  Example wind_load_nyiso profile data for deterministic unit commitment.
% 2022.03.12
% Andres F. Ramirez


%% define constants
[GEN_BUS, PG, QG, QMAX, QMIN, VG, MBASE, GEN_STATUS, PMAX, PMIN, ...
    MU_PMAX, MU_PMIN, MU_QMAX, MU_QMIN, PC1, PC2, QC1MIN, QC1MAX, ...
    QC2MIN, QC2MAX, RAMP_AGC, RAMP_10, RAMP_30, RAMP_Q, APF] = idx_gen;
[CT_LABEL, CT_PROB, CT_TABLE, CT_TBUS, CT_TGEN, CT_TBRCH, CT_TAREABUS, ...
    CT_TAREAGEN, CT_TAREABRCH, CT_ROW, CT_COL, CT_CHGTYPE, CT_REP, ...
    CT_REL, CT_ADD, CT_NEWVAL, CT_TLOAD, CT_TAREALOAD, CT_LOAD_ALL_PQ, ...
    CT_LOAD_FIX_PQ, CT_LOAD_DIS_PQ, CT_LOAD_ALL_P, CT_LOAD_FIX_P, ...
    CT_LOAD_DIS_P, CT_TGENCOST, CT_TAREAGENCOST, CT_MODCOST_F, ...
    CT_MODCOST_X] = idx_ct;

solarprofile = struct( ...
    'type', 'mpcData', ...
    'table', CT_TGEN, ...
    'rows', [1:12], ...
    'col', PMAX, ...
    'chgtype', 1, ...
    'values', [] );
solarprofile.values(:,1,:) = [
	0.0 0.0 0.0 0.0 0.0 0.0 0.0 0.0 0.0 0.0 0.0 0.0;
	0.0 0.0 0.0 0.0 0.0 0.0 0.0 0.0 0.0 0.0 0.0 0.0;
	0.0 0.0 0.0 0.0 0.0 0.0 0.0 0.0 0.0 0.0 0.0 0.0;
	0.0 0.0 0.0 0.0 0.0 0.0 0.0 0.0 0.0 0.0 0.0 0.0;
	0.0 0.0 0.0 0.0 0.0 0.0 0.0 0.0 0.0 0.0 0.0 0.0;
	1.0111 0.8228 0.6949 0.0 0.0 9.4835 1.1854 4.1882 0.831 0.0 0.0 0.0;
	6.5555 6.7169 4.5117 3.8004 2.704 284.047 35.5059 34.6037 168.725 41.9548 33.2267 75.9804;
	23.416 17.1253 13.3032 7.9481 8.0999 454.7458 56.8432 66.885 276.0663 228.7464 88.0931 414.2612;
	25.8001 17.0823 13.8615 9.1628 9.6669 456.2505 57.0313 71.1624 278.2629 333.5798 123.7559 604.115;
	18.3297 15.4288 10.9436 5.3707 6.9386 429.6022 53.7003 64.0362 201.6538 213.544 98.3833 386.7295;
	8.3321 12.3979 10.8844 6.4747 7.8653 391.9862 48.9983 63.8544 163.4644 219.0146 88.3796 396.6367;
	17.8174 15.9037 13.7073 7.4621 8.937 366.5394 45.8174 65.667 132.3961 224.1559 71.4698 405.9478;
	24.4279 16.0501 13.6254 6.2822 6.5595 246.4599 30.8075 65.9584 90.5799 167.8558 33.9615 303.9878;
	22.347 16.1529 13.5085 4.1104 4.5687 195.6109 24.4514 63.5836 72.6462 152.0636 29.7113 275.3881;
	15.4281 12.2254 9.459 1.9977 2.6042 117.2408 14.6551 56.9657 45.2171 113.1592 30.3378 204.932;
	2.4733 2.3821 0.8915 1.2366 1.2949 65.2346 8.1543 19.128 25.2619 57.6116 28.2974 104.3349;
	1.4076 1.305 0.8442 0.9297 1.2481 64.6342 8.0793 11.8379 32.0809 35.1195 10.6406 63.6015;
	0.0 0.0 0.0 0.0 0.0 0.0 0.0 0.0 0.0 0.0 0.0 0.0;
	0.0 0.0 0.0 0.0 0.0 0.0 0.0 0.0 0.0 0.0 0.0 0.0;
	0.0 0.0 0.0 0.0 0.0 0.0 0.0 0.0 0.0 0.0 0.0 0.0;
	0.0 0.0 0.0 0.0 0.0 0.0 0.0 0.0 0.0 0.0 0.0 0.0;
	0.0 0.0 0.0 0.0 0.0 0.0 0.0 0.0 0.0 0.0 0.0 0.0;
	0.0 0.0 0.0 0.0 0.0 0.0 0.0 0.0 0.0 0.0 0.0 0.0;
	0.0 0.0 0.0 0.0 0.0 0.0 0.0 0.0 0.0 0.0 0.0 0.0;
];
