function solarprofile = ex_solar_profilesh1
%EX_WIND_PROFILE_D  Example wind_load_nyiso profile data for deterministic unit commitment.
% 2022.03.12
% Andres F. Ramirez


%% define constants
[GEN_BUS, PG, QG, QMAX, QMIN, VG, MBASE, GEN_STATUS, PMAX, PMIN, ...
    MU_PMAX, MU_PMIN, MU_QMAX, MU_QMIN, PC1, PC2, QC1MIN, QC1MAX, ...
    QC2MIN, QC2MAX, RAMP_AGC, RAMP_10, RAMP_30, RAMP_Q, APF] = idx_gen;
[CT_LABEL, CT_PROB, CT_TABLE, CT_TBUS, CT_TGEN, CT_TBRCH, CT_TAREABUS, ...
    CT_TAREAGEN, CT_TAREABRCH, CT_ROW, CT_COL, CT_CHGTYPE, CT_REP, ...
    CT_REL, CT_ADD, CT_NEWVAL, CT_TLOAD, CT_TAREALOAD, CT_LOAD_ALL_PQ, ...
    CT_LOAD_FIX_PQ, CT_LOAD_DIS_PQ, CT_LOAD_ALL_P, CT_LOAD_FIX_P, ...
    CT_LOAD_DIS_P, CT_TGENCOST, CT_TAREAGENCOST, CT_MODCOST_F, ...
    CT_MODCOST_X] = idx_ct;

solarprofile = struct( ...
    'type', 'mpcData', ...
    'table', CT_TGEN, ...
    'rows', [1:12], ...
    'col', PMAX, ...
    'chgtype', 1, ...
    'values', [] );
solarprofile.values(:,1,:) = [
	0.0 0.0 0.0 0.0 0.0 0.0 0.0 0.0 0.0 0.0 0.0 0.0;
	0.0 0.0 0.0 0.0 0.0 0.0 0.0 0.0 0.0 0.0 0.0 0.0;
	0.0 0.0 0.0 0.0 0.0 0.0 0.0 0.0 0.0 0.0 0.0 0.0;
	0.0 0.0 0.0 0.0 0.0 0.0 0.0 0.0 0.0 0.0 0.0 0.0;
	0.0 0.0 0.0 0.0 0.0 0.0 0.0 0.0 0.0 0.0 0.0 0.0;
	1.0452 0.8581 0.7765 0.0 0.0 9.4835 1.1854 4.1882 0.4669 0.0 0.0 0.0;
	10.9761 7.8531 5.9408 3.0619 3.6715 257.103 32.1379 44.158 81.5311 114.6697 10.8883 207.6675;
	21.6265 16.2856 13.2651 6.4956 8.3841 341.9376 42.7422 54.4013 142.711 229.391 21.3088 415.4286;
	24.5972 16.8067 14.0644 9.0661 10.7373 380.0391 47.5049 57.8765 148.8443 305.8561 57.6516 553.9073;
	25.4056 16.3661 13.8227 6.6198 9.882 388.9938 48.6242 54.4751 45.0719 228.8417 81.1977 414.4337;
	25.8576 16.5136 13.845 6.8989 9.2566 398.0191 49.7524 51.9713 39.057 230.159 81.9119 416.8194;
	25.6342 16.5214 13.8 6.5921 8.6744 408.1567 51.0196 53.5603 73.7012 233.4443 51.5506 422.769;
	12.8762 15.1986 11.294 4.1556 6.5797 396.8073 49.6009 62.9756 145.0956 203.5522 8.1625 368.6343;
	3.3591 7.0065 4.5341 2.5736 5.1881 376.7281 47.091 64.5365 137.4461 189.2211 1.6086 342.6806;
	1.1477 2.9539 0.8015 1.4987 3.6672 328.3762 41.047 62.9567 103.5562 127.2637 0.0 230.4754;
	0.5691 0.5718 0.6877 1.4375 2.7309 173.5791 21.6974 37.9854 64.3463 41.2517 0.0 74.7071;
	1.1859 0.9656 0.7956 0.8739 1.2183 63.6562 7.957 11.3211 33.4159 13.8345 0.0 25.0544;
	0.0 0.0 0.0 0.0 0.0 0.0 0.0 0.0 0.0 0.0 0.0 0.0;
	0.0 0.0 0.0 0.0 0.0 0.0 0.0 0.0 0.0 0.0 0.0 0.0;
	0.0 0.0 0.0 0.0 0.0 0.0 0.0 0.0 0.0 0.0 0.0 0.0;
	0.0 0.0 0.0 0.0 0.0 0.0 0.0 0.0 0.0 0.0 0.0 0.0;
	0.0 0.0 0.0 0.0 0.0 0.0 0.0 0.0 0.0 0.0 0.0 0.0;
	0.0 0.0 0.0 0.0 0.0 0.0 0.0 0.0 0.0 0.0 0.0 0.0;
	0.0 0.0 0.0 0.0 0.0 0.0 0.0 0.0 0.0 0.0 0.0 0.0;
];
