function loadprofile = ex_load_profilesh1
%EX_LOAD_PROFILE  Example load profile data file for stochastic unit commitment.
% 2022.03.12
% Andres F. Ramirez

%% define constants
[CT_LABEL, CT_PROB, CT_TABLE, CT_TBUS, CT_TGEN, CT_TBRCH, CT_TAREABUS, ...
    CT_TAREAGEN, CT_TAREABRCH, CT_ROW, CT_COL, CT_CHGTYPE, CT_REP, ...
    CT_REL, CT_ADD, CT_NEWVAL, CT_TLOAD, CT_TAREALOAD, CT_LOAD_ALL_PQ, ...
    CT_LOAD_FIX_PQ, CT_LOAD_DIS_PQ, CT_LOAD_ALL_P, CT_LOAD_FIX_P, ...
    CT_LOAD_DIS_P, CT_TGENCOST, CT_TAREAGENCOST, CT_MODCOST_F, ...
    CT_MODCOST_X] = idx_ct;

loadprofile = struct( ...
    'type', 'mpcData', ...
    'table', CT_TAREALOAD, ...
    'rows', [1:11], ...
    'col', CT_LOAD_ALL_P, ...
    'chgtype', 1, ...
    'values', [] );
loadprofile.values(:,1,:) = [
	1476.5541 869.5024 1487.4901 524.7036 623.0948 1068.8736 846.1 236.4046 458.6841 4391.8486 1672.0;
	1469.5703 859.0618 1491.9362 508.5301 627.8366 1074.4278 847.3711 231.2683 467.2081 4366.1674 1661.976;
	1472.5204 860.5 1509.8969 532.0 664.1077 1093.3907 841.9988 239.6558 458.076 4273.7492 1674.6;
	1499.878 886.0751 1557.5965 532.5 665.4369 1095.6126 860.0 240.7266 457.8419 4335.1 1687.5929;
	1577.5343 952.7648 1659.0557 543.5715 777.7 1179.6499 912.5746 260.9124 481.6147 4445.9755 1793.078;
	1654.2717 1014.1 1761.9731 569.2054 823.1576 1269.1522 955.0567 262.3496 476.8679 4512.7067 1800.8105;
	1710.2733 1066.0 1889.1118 574.2758 881.8179 1329.6621 1021.4658 301.7753 526.9263 4951.1608 1962.5995;
	1741.7773 1103.7623 1932.494 605.4704 928.0364 1389.4608 1041.8995 306.3 570.8289 5119.4391 1996.8607;
	1787.8373 1098.2128 1925.9 584.7898 921.6344 1380.459 1069.9133 320.7572 592.6946 5287.071 2042.3731;
	1758.3856 1107.5 1956.1731 601.6 918.7115 1424.2554 1110.2136 326.4768 605.678 5435.9166 2129.3509;
	1717.4689 1074.9113 1914.703 608.6 878.2823 1358.8865 1051.2 309.3741 596.9171 5439.5697 2048.4342;
	1740.6 1073.5127 1895.1721 590.814 863.7093 1286.6 994.6049 302.4509 591.0117 5413.6 1970.7861;
	1700.3693 1060.8624 1891.395 606.3633 855.0159 1260.8422 975.8032 283.0628 577.6971 5348.8 1867.0181;
	1718.1 1069.8 1880.7495 593.5079 854.748 1187.0267 939.7901 268.0 550.2715 5247.9 1796.1098;
	1731.0261 1056.7 1848.2021 570.0 859.283 1202.1009 958.4754 284.2457 543.1914 5322.4776 1965.4203;
	1741.5225 1076.3 1907.9211 574.6852 871.926 1233.7587 993.7362 301.6746 561.693 5318.0819 2080.2;
	1771.6036 1086.2013 1917.9 585.3 936.8 1242.1333 1003.2767 322.5 575.9801 5497.219 2147.8403;
	1769.2174 1096.3265 1961.3997 587.6 924.8974 1306.3185 1039.8804 335.4795 620.2244 5598.6263 2267.8538;
	1819.5497 1138.1221 1951.9426 595.5611 912.5075 1303.0381 1064.6855 331.1 614.9203 5538.8621 2288.9023;
	1783.5882 1089.6 1868.7 590.9 870.1375 1262.7065 1066.7456 325.238 594.0746 5420.4801 2197.4058;
	1704.7298 1027.2972 1821.3844 582.9472 854.3 1222.436 1033.9524 317.3531 591.7681 5212.7362 2107.6495;
	1646.168 972.6387 1744.7237 547.1243 798.628 1151.355 1002.3033 289.8 566.3218 5040.3391 1997.0598;
	1606.9336 933.3294 1641.8007 528.7422 735.9465 1028.2644 940.2113 250.7 547.1 4950.9286 1881.5217;
	1571.5 908.6616 1628.7 544.6797 768.7362 1067.5633 914.2013 246.2603 518.8696 4746.557 1809.2784;
];
