function loadprofile = ex_load_profilesh1
%EX_LOAD_PROFILE  Example load profile data file for stochastic unit commitment.
% 2022.03.12
% Andres F. Ramirez

%% define constants
[CT_LABEL, CT_PROB, CT_TABLE, CT_TBUS, CT_TGEN, CT_TBRCH, CT_TAREABUS, ...
    CT_TAREAGEN, CT_TAREABRCH, CT_ROW, CT_COL, CT_CHGTYPE, CT_REP, ...
    CT_REL, CT_ADD, CT_NEWVAL, CT_TLOAD, CT_TAREALOAD, CT_LOAD_ALL_PQ, ...
    CT_LOAD_FIX_PQ, CT_LOAD_DIS_PQ, CT_LOAD_ALL_P, CT_LOAD_FIX_P, ...
    CT_LOAD_DIS_P, CT_TGENCOST, CT_TAREAGENCOST, CT_MODCOST_F, ...
    CT_MODCOST_X] = idx_ct;

loadprofile = struct( ...
    'type', 'mpcData', ...
    'table', CT_TAREALOAD, ...
    'rows', [1:11], ...
    'col', CT_LOAD_ALL_P, ...
    'chgtype', 1, ...
    'values', [] );
loadprofile.values(:,1,:) = [
	1484.3 848.4619 1505.5 455.0723 740.1287 1092.8 857.2 256.0 475.8837 4628.4525 1717.7976;
	1480.9 856.1987 1509.7467 480.8472 745.3216 1092.8083 851.7501 244.5 468.0628 4563.4078 1654.024;
	1467.0925 845.024 1504.8473 508.2349 740.2669 1102.2861 853.258 251.0211 462.9213 4611.8571 1659.0542;
	1504.2444 868.9783 1548.9311 519.7065 763.4875 1122.8 865.2564 265.5496 468.0173 4609.499 1692.6489;
	1609.9684 917.4476 1661.1091 551.1723 844.3501 1223.3708 929.1947 289.3989 495.3883 4675.1332 1814.1;
	1674.5356 958.3338 1719.0314 550.1687 886.9 1281.5599 953.8634 300.0099 516.3304 4887.4546 1935.1276;
	1734.8434 995.653 1783.0 536.9664 961.2267 1349.3813 1007.4306 313.5554 555.195 5054.2564 2014.88;
	1738.19 1019.6426 1810.9167 509.4994 977.5176 1322.2981 987.8753 300.8993 586.1 5236.4816 2013.2682;
	1693.041 1012.3033 1793.0034 501.636 977.4225 1328.7808 1016.3176 311.1 609.3457 5437.8726 2079.1951;
	1650.2162 981.3128 1706.2363 526.9452 932.6792 1295.9976 962.9998 291.9943 590.0487 5414.9468 1953.0736;
	1643.2649 981.9295 1657.053 547.9 901.5132 1276.4387 937.1939 290.9254 596.2413 5535.3978 2017.0564;
	1645.3927 952.6273 1611.2568 538.9241 890.4718 1246.8901 922.7077 283.6941 592.4077 5464.3831 1942.0371;
	1620.266 964.2043 1673.8473 532.5791 874.4584 1253.7208 919.0561 302.7322 590.0608 5481.334 1883.9301;
	1631.0 900.4113 1620.0812 550.6048 870.7742 1231.4513 917.5366 272.3 579.5435 5358.8559 1859.4336;
	1665.6986 998.2688 1657.2574 562.6302 909.2121 1302.3117 959.9 281.2238 583.4717 5313.5674 1830.0943;
	1716.3475 1038.9112 1704.644 577.6536 932.3829 1339.5375 1005.2 305.2809 600.7329 5458.4788 2014.0649;
	1748.2659 1039.2778 1772.1845 575.3 953.5664 1354.1228 1034.1524 310.498 581.4633 5393.3864 2074.9052;
	1814.7854 1066.8882 1819.3697 581.3829 973.4448 1389.7209 1073.9978 308.7584 585.2267 5466.9949 2209.1428;
	1838.5069 1083.7169 1818.4817 562.4756 944.1369 1391.6637 1072.9383 315.9 548.6913 5435.7633 2202.6358;
	1762.7961 1030.7 1777.4967 568.5 914.5411 1347.4622 1043.8612 318.9411 553.0665 5310.5326 2149.7508;
	1689.0379 962.8289 1664.3268 550.1 875.5154 1257.5662 981.2528 303.0 532.0337 5013.6363 2059.1285;
	1629.1997 927.4014 1628.6 533.9462 833.03 1189.1412 931.8 287.1896 507.8526 4938.5241 1999.2398;
	1625.942 924.5844 1621.6205 559.7141 827.6786 1208.3731 970.3815 273.8642 531.9 4917.7543 1902.3148;
	1571.2121 904.2798 1620.9852 580.5 799.2 1158.2563 936.1407 275.5 521.4 4786.9073 1826.639;
];
