function loadprofile = ex_load_profilesh1
%EX_LOAD_PROFILE  Example load profile data file for stochastic unit commitment.
% 2022.03.12
% Andres F. Ramirez

%% define constants
[CT_LABEL, CT_PROB, CT_TABLE, CT_TBUS, CT_TGEN, CT_TBRCH, CT_TAREABUS, ...
    CT_TAREAGEN, CT_TAREABRCH, CT_ROW, CT_COL, CT_CHGTYPE, CT_REP, ...
    CT_REL, CT_ADD, CT_NEWVAL, CT_TLOAD, CT_TAREALOAD, CT_LOAD_ALL_PQ, ...
    CT_LOAD_FIX_PQ, CT_LOAD_DIS_PQ, CT_LOAD_ALL_P, CT_LOAD_FIX_P, ...
    CT_LOAD_DIS_P, CT_TGENCOST, CT_TAREAGENCOST, CT_MODCOST_F, ...
    CT_MODCOST_X] = idx_ct;

loadprofile = struct( ...
    'type', 'mpcData', ...
    'table', CT_TAREALOAD, ...
    'rows', [1:11], ...
    'col', CT_LOAD_ALL_P, ...
    'chgtype', 1, ...
    'values', [] );
loadprofile.values(:,1,:) = [
	1512.8633 867.0548 1459.5549 541.4273 732.0655 1088.042 825.8 237.1 478.1481 4464.2879 1676.5178;
	1510.9962 857.0398 1442.7185 540.9877 719.8759 1088.2909 817.6253 238.5 462.3343 4387.7967 1637.9194;
	1522.6244 876.6 1449.8428 544.4107 748.8888 1104.7148 822.1 236.0014 471.8066 4359.0494 1654.8636;
	1573.7581 911.6433 1495.4055 544.7614 727.1877 1099.3039 825.4 258.8938 486.7133 4428.6 1713.9551;
	1611.6075 980.8021 1629.3 562.2799 810.5309 1181.239 885.3 284.5292 522.1 4637.4374 1846.0;
	1648.0414 1020.6678 1707.3055 582.5393 853.8193 1238.299 935.6815 304.0347 550.3057 4842.4025 1904.9983;
	1703.8258 1053.1 1770.2056 585.0376 897.69 1271.8 979.2 303.0 582.1506 5054.318 1980.1928;
	1710.3521 1071.279 1858.1117 581.7 951.3113 1354.1 1057.7718 306.3243 620.378 5238.1693 2080.0566;
	1733.3826 1091.607 1883.8813 571.5344 940.1 1379.5653 1071.9505 302.2457 643.5385 5357.0138 2130.7;
	1724.8016 1101.4175 1919.6647 588.4104 940.7408 1435.9548 1101.7156 329.1519 638.1 5391.4964 2204.4437;
	1715.0169 1088.7878 1879.1405 569.8248 863.0 1387.0445 1080.8577 315.2517 636.5706 5383.1592 2174.7964;
	1719.2685 1073.2968 1866.7474 572.6896 871.3836 1386.7 1091.3531 300.5 626.5503 5304.4398 2057.8393;
	1710.4045 1046.7723 1822.5551 562.4638 806.8841 1352.5788 1043.565 297.9344 621.6353 5425.9199 2069.582;
	1673.5814 1041.1 1831.4 586.3319 828.8299 1401.4931 1116.1707 311.0253 635.2037 5551.4855 2137.549;
	1688.7575 1072.5534 1838.0536 589.9015 863.5 1422.8376 1164.0908 316.0 636.7747 5595.6936 2230.8077;
	1720.973 1090.6982 1849.7398 587.3 875.8 1412.2806 1172.3 323.8161 647.3215 5506.4256 2224.0529;
	1757.4346 1134.0353 1976.7019 597.3942 908.1831 1445.7855 1184.1049 344.7359 645.9981 5699.9168 2364.8941;
	1861.4107 1182.1294 2030.6269 598.9 932.7644 1530.6678 1305.5737 395.4136 717.1 5846.4285 2504.1621;
	1862.4433 1192.2056 2085.486 615.9816 941.2 1537.5572 1278.8571 386.7366 674.312 5830.4718 2365.1;
	1824.4801 1153.5825 2008.7898 612.1 923.3606 1484.3406 1236.6451 377.6355 678.4442 5684.4531 2331.1754;
	1753.6769 1109.5451 1891.0955 605.8319 869.3579 1405.0674 1137.8386 378.1196 666.5706 5500.3951 2263.4592;
	1691.2 1037.664 1772.6782 604.3728 815.8277 1343.0856 1052.3082 380.4728 621.722 5214.3186 2071.4446;
	1637.6414 994.2063 1721.3 616.6286 832.8243 1371.3592 985.7767 350.6793 585.5203 5193.0279 1919.6874;
	1593.8545 970.1955 1702.9114 619.315 805.6827 1292.091 996.0809 360.6504 594.2976 5188.8817 1863.1821;
];
