function loadprofile = ex_load_profilesh1
%EX_LOAD_PROFILE  Example load profile data file for stochastic unit commitment.
% 2022.03.12
% Andres F. Ramirez

%% define constants
[CT_LABEL, CT_PROB, CT_TABLE, CT_TBUS, CT_TGEN, CT_TBRCH, CT_TAREABUS, ...
    CT_TAREAGEN, CT_TAREABRCH, CT_ROW, CT_COL, CT_CHGTYPE, CT_REP, ...
    CT_REL, CT_ADD, CT_NEWVAL, CT_TLOAD, CT_TAREALOAD, CT_LOAD_ALL_PQ, ...
    CT_LOAD_FIX_PQ, CT_LOAD_DIS_PQ, CT_LOAD_ALL_P, CT_LOAD_FIX_P, ...
    CT_LOAD_DIS_P, CT_TGENCOST, CT_TAREAGENCOST, CT_MODCOST_F, ...
    CT_MODCOST_X] = idx_ct;

loadprofile = struct( ...
    'type', 'mpcData', ...
    'table', CT_TAREALOAD, ...
    'rows', [1:11], ...
    'col', CT_LOAD_ALL_P, ...
    'chgtype', 1, ...
    'values', [] );
loadprofile.values(:,1,:) = [
	1512.0662 908.8 1510.5076 533.549 721.4814 1009.3503 827.175 238.7884 526.1438 4411.5376 1778.9152;
	1491.5288 907.0151 1518.1293 536.5661 720.7151 990.3042 820.5519 231.3902 504.4947 4385.5338 1708.5098;
	1493.2 902.5262 1524.3519 534.5896 741.5204 1007.9798 823.8 228.5039 487.6358 4346.8315 1712.5162;
	1539.3347 932.7987 1563.6031 559.8325 752.1 1028.0465 848.9136 239.742 519.1544 4450.941 1779.6526;
	1559.924 981.1951 1652.1294 566.0 828.6214 1100.0716 892.4108 254.835 537.1962 4584.1574 1830.6243;
	1600.1156 1026.1214 1711.8995 585.1142 886.9985 1169.1648 934.0 271.8 558.3989 4750.6074 1881.8322;
	1623.4042 1074.2419 1811.4317 596.9 916.4251 1229.0404 973.6858 286.3 596.5 4916.2862 1995.7095;
	1711.4044 1122.7414 1877.0332 602.941 952.1 1309.2 1009.1643 308.5414 610.7934 5199.5143 2060.0977;
	1749.7 1147.0791 1899.3002 600.5763 980.0334 1308.0555 1044.4757 298.1074 636.9413 5357.9622 2073.2182;
	1768.4096 1182.7126 1890.6 607.2356 975.2 1298.5 996.5492 304.6649 647.7961 5412.1135 2093.6622;
	1749.1036 1158.2413 1858.8272 605.7471 938.9112 1226.6747 991.5282 313.4879 643.0366 5464.5 2117.276;
	1771.7714 1145.3784 1841.1472 602.335 921.5136 1242.9636 1021.5971 304.0808 666.0183 5476.3117 2037.5385;
	1734.3096 1110.3943 1777.0022 591.4349 885.6024 1178.0 954.5 293.8201 621.3827 5379.7 1915.7445;
	1734.0724 1106.0923 1798.4528 600.2883 912.003 1159.6804 931.2951 280.7641 611.7 5350.9482 1953.0334;
	1753.5403 1091.5 1822.9378 590.8306 933.4 1204.4208 954.418 277.2977 614.1705 5275.2253 1953.2243;
	1728.0732 1090.9574 1842.4 594.5486 955.4612 1220.9943 972.296 269.8705 631.8424 5218.6319 2045.1449;
	1683.9054 1113.3 1875.4798 616.833 984.3042 1250.8713 982.2879 270.3672 653.6731 5317.6133 2041.4291;
	1769.4494 1146.5683 1922.2518 621.6556 1029.8792 1324.9675 1064.6212 281.5012 719.1785 5427.8753 2217.9466;
	1759.4322 1138.7037 1892.797 618.1677 1028.2947 1273.3888 1031.0605 312.4264 679.4275 5386.2099 2190.2715;
	1730.5185 1083.8107 1817.436 601.4 938.0249 1224.362 983.4596 316.3693 657.9 5335.2079 2192.8724;
	1699.4999 1023.4056 1699.091 595.9704 867.7277 1186.8073 920.8468 290.1089 619.1 5092.4807 2082.5929;
	1628.4491 959.5977 1600.7429 577.1097 800.0192 1138.7538 903.7839 275.3 580.4758 4890.8684 1935.8928;
	1543.3347 960.5216 1642.4406 602.9992 826.7635 1156.4124 909.4601 261.8367 568.8 4868.0155 1861.3743;
	1530.0226 955.7394 1637.1542 609.7 808.7876 1127.9006 899.5 253.3 563.9594 4788.3751 1834.5808;
];
