function windprofile = ex_wind_profilesh1
%EX_WIND_PROFILE_D  Example wind_load_nyiso profile data for deterministic unit commitment.
% 2022.03.12
% Andres F. Ramirez


%% define constants
[GEN_BUS, PG, QG, QMAX, QMIN, VG, MBASE, GEN_STATUS, PMAX, PMIN, ...
    MU_PMAX, MU_PMIN, MU_QMAX, MU_QMIN, PC1, PC2, QC1MIN, QC1MAX, ...
    QC2MIN, QC2MAX, RAMP_AGC, RAMP_10, RAMP_30, RAMP_Q, APF] = idx_gen;
[CT_LABEL, CT_PROB, CT_TABLE, CT_TBUS, CT_TGEN, CT_TBRCH, CT_TAREABUS, ...
    CT_TAREAGEN, CT_TAREABRCH, CT_ROW, CT_COL, CT_CHGTYPE, CT_REP, ...
    CT_REL, CT_ADD, CT_NEWVAL, CT_TLOAD, CT_TAREALOAD, CT_LOAD_ALL_PQ, ...
    CT_LOAD_FIX_PQ, CT_LOAD_DIS_PQ, CT_LOAD_ALL_P, CT_LOAD_FIX_P, ...
    CT_LOAD_DIS_P, CT_TGENCOST, CT_TAREAGENCOST, CT_MODCOST_F, ...
    CT_MODCOST_X] = idx_ct;

windprofile = struct( ...
    'type', 'mpcData', ...
    'table', CT_TGEN, ...
    'rows', [1:45], ...
    'col', PMAX, ...
    'chgtype', 1, ...
    'values', [] );
windprofile.values(:,1,:) = [
	3.8104 51.4873 89.8841 115.2217 14.7794 31.7312 29.4428 18.2511 26.468 28.6256 52.914 78.9373 118.8396 66.0187 194.2572 73.1853 90.8039 96.2251 89.3924 72.1156 9.8143 74.0394 74.2588 86.7574 102.1674 73.6221 13.3112 1240.4378 755.193 755.193 572.7383 109.7328 297.9745 185.6258 206.9776 322.2157 1237.9572 221.1807 447.0381 273.6626 120.0436 352.0047 193.8068 275.2324 1250.8526;
	3.875 52.3597 87.7265 111.3714 14.5611 31.2134 26.5805 17.8216 26.2386 28.4391 52.5692 78.4229 118.0653 66.1833 186.1918 70.1467 87.0338 92.2299 90.1398 72.8275 8.8602 72.8314 70.5025 85.3566 98.2562 70.0994 12.963 1256.4179 762.8893 762.8893 604.862 104.4253 300.4661 187.4582 207.4936 325.4994 1249.018 218.9748 442.1295 263.1862 116.0422 346.2612 189.0921 261.5586 1262.0286;
	3.8539 52.0745 90.1794 111.3612 14.6171 31.5262 22.5807 17.877 27.3144 28.3906 52.4797 78.2893 117.8641 65.989 187.6993 70.7146 87.7385 92.9767 91.0682 72.671 7.5269 73.561 70.4363 86.6598 98.2411 74.5789 13.1151 1253.1891 745.9383 745.9383 612.6665 93.8652 303.5605 187.0554 206.8843 318.267 1261.4768 217.6346 419.2848 263.1457 115.6929 349.7302 186.0349 262.9818 1274.6171;
	3.7471 50.6311 89.4042 110.5405 14.2999 29.2211 24.0776 17.2098 26.4243 27.7899 51.3692 76.6327 115.3701 65.7708 190.92 71.928 89.244 94.572 90.8181 72.9278 8.0259 68.1825 69.1295 86.1995 97.8624 71.6995 12.8535 1278.8967 773.4019 773.4019 643.6706 97.31 302.7268 187.7162 206.2003 329.9848 1281.8444 236.5701 435.3716 262.1315 112.0181 324.1593 148.0866 270.9745 1295.197;
	3.7832 51.1188 90.666 110.6943 14.5445 31.7777 30.2747 17.5414 26.9309 29.0425 53.6847 80.087 120.5706 66.2294 195.1664 73.5278 91.229 96.6755 91.3548 73.7968 10.0916 74.1479 71.3383 84.2859 98.3348 72.7847 13.139 1279.1313 787.672 787.672 673.9252 107.5207 304.5162 189.9531 207.6382 336.0734 1279.0369 232.0076 462.8812 263.3967 112.3272 352.5204 184.5825 268.4881 1292.3602;
	3.7343 50.459 91.8551 114.0589 14.5528 32.4363 29.2258 17.991 27.1789 29.3004 54.1613 80.798 121.6409 65.8685 202.5222 76.2991 94.6674 100.3191 91.7962 73.8534 9.7419 75.6848 72.1082 86.3214 99.3062 71.9662 13.3697 1274.2988 795.9471 795.9471 741.4858 110.0418 305.9875 190.0989 206.5065 339.6041 1255.3047 240.2246 452.8938 265.9987 114.3583 359.8272 170.2871 271.7423 1268.3807;
	3.61 48.7792 88.7778 109.9069 14.2873 32.0849 29.7445 17.2852 27.1063 28.4619 52.6113 78.4857 118.1599 64.9231 200.3478 75.4799 93.651 99.2421 92.706 73.8319 9.9148 74.8648 70.2776 83.1034 96.3132 70.7512 12.9284 1238.2434 764.5195 764.5195 709.9751 108.1419 309.0201 190.0435 203.5428 326.195 1238.0648 277.557 438.1771 257.9817 112.4149 355.9287 147.2035 256.9059 1250.9613;
	3.6617 49.4781 89.8578 111.6673 14.251 33.1314 29.198 17.4449 27.6043 28.4088 52.5131 78.3393 117.9394 66.7267 199.3928 75.1201 93.2045 98.769 92.7104 72.2208 9.7327 77.3067 69.91 86.0953 97.9337 70.2794 12.9435 1287.0449 781.3428 781.3428 751.7736 110.0915 309.0346 185.8964 209.1972 333.3729 1274.5248 288.4945 445.8794 262.3224 113.7973 367.538 161.6845 264.8305 1287.8011;
	3.8388 51.8704 92.0177 113.9833 14.9836 34.4595 31.8156 17.7424 27.4062 29.6848 54.872 81.8582 123.237 66.778 200.2936 75.4595 93.6256 99.2152 92.5604 70.8105 10.6052 80.4054 71.6485 86.9892 98.4538 72.4082 12.9191 1318.1058 794.8545 794.8545 771.3715 115.1882 308.5347 182.2664 209.3581 339.1379 1287.8648 313.6845 461.3831 263.7154 119.3857 382.2705 203.5351 269.3459 1301.2801;
	3.8284 51.7304 93.2272 114.7794 15.1357 34.3601 25.7983 17.4436 27.8957 28.554 52.7816 78.7397 118.5422 64.7394 195.792 73.7635 91.5214 96.9853 89.5541 72.2628 8.5994 80.1735 72.7561 87.7821 101.2262 71.6556 12.8372 1262.4987 760.4698 760.4698 740.7803 110.5166 298.5138 186.0047 202.9667 324.4671 1200.5578 308.8333 459.8003 271.1416 119.9009 381.1677 206.6214 274.1907 1213.0636;
	3.8367 51.8421 90.8827 113.5896 14.5713 34.1419 27.7268 17.2565 28.168 30.2674 55.9488 83.4646 125.6555 64.0723 192.5731 72.5508 90.0167 95.3909 89.7098 71.6 9.2423 79.6645 72.907 84.1878 98.8922 70.3689 12.8542 1323.7105 799.8485 799.8485 789.3636 116.6637 299.0326 184.2987 200.8754 341.2687 1301.7151 323.6245 464.6585 264.8897 118.6053 378.7479 210.7176 266.2134 1315.2746;
	3.8461 51.9696 92.8701 117.5169 14.7322 34.3671 25.5622 17.3535 27.499 29.3849 54.3175 81.0311 121.9918 63.9424 194.1519 73.1456 90.7547 96.1729 91.2022 68.8183 8.5207 80.1899 73.9607 86.0537 99.7152 69.555 12.7477 1325.9593 813.6948 813.6948 798.0263 120.3923 304.0074 177.1384 200.468 347.1764 1313.7244 336.0389 457.4533 267.0944 119.0255 381.2459 213.5426 267.4366 1327.409;
	3.8472 51.9838 92.4353 115.608 14.8172 34.2326 26.927 17.5036 27.1706 29.1637 53.9086 80.421 121.0734 64.2558 193.3397 72.8396 90.3751 95.7706 90.2216 68.1971 8.9757 79.8761 71.3446 82.1588 99.7678 72.1388 12.8423 1340.9239 815.6743 815.6743 785.0562 114.1008 300.7386 175.5396 201.4506 348.021 1325.8637 338.8246 450.2157 267.2353 121.0943 379.754 211.8371 266.4355 1339.6747;
	3.7406 50.5442 91.4966 116.5212 14.8603 33.3562 27.3655 17.3934 27.133 28.6965 53.0451 79.1329 119.1342 64.8879 194.3602 73.2241 90.8521 96.2761 90.079 69.911 9.1218 77.8312 72.8381 84.9185 100.1391 71.1208 12.8483 1353.0663 812.1873 812.1873 802.5186 113.651 300.2632 179.951 203.4322 346.5333 1327.0673 334.6437 458.4875 268.2298 114.4663 370.0317 202.2994 265.6305 1340.8909;
	3.764 50.8593 92.5168 116.5068 15.1119 34.3447 23.9251 17.9779 26.4752 29.1405 53.8658 80.3571 120.9772 63.049 190.6985 71.8445 89.1405 94.4623 87.6438 68.8207 7.975 80.1377 73.951 87.5869 101.9234 73.7249 13.17 1335.3718 762.664 762.664 769.5294 115.6016 292.1459 177.1447 197.6671 325.4033 1257.6931 327.1693 460.8519 273.009 117.2097 380.9976 204.4377 270.157 1270.794;
	3.7465 50.6234 93.5611 115.577 15.1463 33.4171 24.318 18.0419 27.4949 28.9345 53.4851 79.7892 120.1222 59.7249 185.7666 69.9865 86.8351 92.0193 88.2784 68.6918 8.106 77.9733 69.7149 88.0475 101.0021 70.7892 13.0084 1306.3253 781.3998 781.3998 737.789 113.2635 294.2613 176.8128 187.2455 333.3972 1243.1078 314.9489 466.3534 270.5413 118.2452 370.7075 195.4909 270.7467 1256.0568;
	3.6735 49.6367 90.5146 110.7707 14.9112 31.1409 21.8976 17.5085 28.0618 29.6833 54.8691 81.8538 123.2305 64.0973 191.4177 72.1155 89.4767 94.8185 90.4154 69.2128 7.2992 72.6621 69.6226 86.2167 98.8536 58.7674 12.447 1270.639 713.4668 713.4668 631.0869 107.7225 301.3846 178.1539 200.9539 304.4125 1173.0419 300.9533 465.85 264.7865 113.8448 345.4565 174.7505 254.7512 1185.2611;
	3.6738 49.6416 91.738 111.6545 15.1528 30.2166 19.6212 12.5947 27.8231 30.2646 55.9436 83.4568 125.6437 64.8116 191.5015 72.1471 89.5158 94.86 89.84 68.5816 6.5404 70.5055 71.5343 84.0351 98.1076 68.6016 9.9032 1242.4058 704.239 704.239 629.4676 109.2704 299.4668 176.5293 203.1932 300.4753 1173.5075 287.749 467.3087 262.7883 117.2466 335.2032 172.14 240.7477 1185.7315;
