function loadprofile = ex_load_profilesh1
%EX_LOAD_PROFILE  Example load profile data file for stochastic unit commitment.
% 2022.03.12
% Andres F. Ramirez

%% define constants
[CT_LABEL, CT_PROB, CT_TABLE, CT_TBUS, CT_TGEN, CT_TBRCH, CT_TAREABUS, ...
    CT_TAREAGEN, CT_TAREABRCH, CT_ROW, CT_COL, CT_CHGTYPE, CT_REP, ...
    CT_REL, CT_ADD, CT_NEWVAL, CT_TLOAD, CT_TAREALOAD, CT_LOAD_ALL_PQ, ...
    CT_LOAD_FIX_PQ, CT_LOAD_DIS_PQ, CT_LOAD_ALL_P, CT_LOAD_FIX_P, ...
    CT_LOAD_DIS_P, CT_TGENCOST, CT_TAREAGENCOST, CT_MODCOST_F, ...
    CT_MODCOST_X] = idx_ct;

loadprofile = struct( ...
    'type', 'mpcData', ...
    'table', CT_TAREALOAD, ...
    'rows', [1:11], ...
    'col', CT_LOAD_ALL_P, ...
    'chgtype', 1, ...
    'values', [] );
loadprofile.values(:,1,:) = [
	1481.459 844.772 1477.8 482.1269 683.1112 1084.2835 864.7 233.163 480.8883 4537.8555 1692.6033;
	1488.6311 861.8168 1481.5875 504.9338 684.5202 1082.686 838.2184 215.6979 460.8884 4423.0884 1678.216;
	1497.3919 861.6399 1484.384 492.9318 708.8328 1127.3305 844.6289 223.3 461.6154 4364.411 1656.8025;
	1578.4427 902.4975 1524.7287 486.4904 728.7185 1127.5363 857.7606 234.2331 477.5172 4400.0551 1722.7929;
	1629.1596 973.2063 1636.2066 506.4196 820.8 1196.4 907.0238 249.3 514.9 4561.3696 1828.3732;
	1759.2406 1078.0765 1779.6 550.3457 911.7875 1262.7 956.4 266.7 546.1 4754.3947 1927.0799;
	1800.5065 1112.562 1860.7373 556.4443 936.0859 1319.0745 1017.9457 284.0243 575.0 5025.8624 2036.256;
	1780.8561 1128.6614 1887.4285 562.3815 978.8632 1385.7229 1106.8502 301.907 612.9 5314.7755 2150.9748;
	1825.6185 1158.3232 1935.8 556.5903 965.8154 1415.0 1106.3255 307.7 618.7 5417.8761 2193.565;
	1800.3246 1149.4216 1937.4872 551.9092 981.2151 1398.9 1098.8784 308.9 616.4 5491.7 2243.6434;
	1816.3725 1128.4764 1927.1108 558.2215 961.9203 1355.4177 1095.638 282.2612 616.4204 5460.8202 2148.1166;
	1808.3592 1126.443 1845.5576 540.9888 911.6 1353.8081 1067.394 269.2856 605.2081 5370.6019 2037.3245;
	1778.0165 1077.1 1828.246 538.9772 904.8861 1273.2692 1040.5 280.5 600.0 5334.4982 2091.1424;
	1759.6795 1083.5239 1860.2269 517.676 912.0928 1244.0565 982.525 285.6974 612.1617 5247.9224 2028.0476;
	1720.088 1056.6792 1816.307 536.9994 921.4792 1240.8019 1011.1266 271.0168 606.6552 5312.3292 2048.377;
	1733.1716 1064.0669 1833.5447 516.3838 938.3999 1324.4566 1032.9863 300.4188 611.8864 5330.1946 2114.1804;
	1707.8333 1071.7752 1839.5506 531.0234 956.148 1326.4738 999.8336 303.96 622.6 5237.1223 2118.1385;
	1792.445 1136.0 1947.8738 552.0109 1013.1187 1413.9 1074.9869 295.9629 645.6 5360.1529 2223.0996;
	1848.7138 1167.4017 2019.7887 532.9421 1015.3608 1413.5084 1080.9047 313.9472 644.1939 5344.8265 2235.4636;
	1772.2623 1107.4626 1958.923 547.0984 970.3313 1361.7456 1049.897 315.827 642.1 5286.3442 2190.525;
	1733.5392 1039.6629 1822.5884 509.6789 905.3 1321.66 1005.307 282.2 601.5353 5111.7303 2074.626;
	1677.8244 968.0625 1749.4081 514.6861 848.1 1212.5402 934.2834 258.4491 567.4456 4884.6213 1949.067;
	1619.4 928.852 1634.4163 550.5645 794.8917 1149.2917 904.9685 241.0649 526.0473 4682.22 1835.6824;
	1596.6782 915.6 1577.222 574.8 773.0723 1125.5908 838.6913 223.2258 465.2013 4533.3734 1725.1049;
];
