function solarprofile = ex_solar_profilesh1
%EX_WIND_PROFILE_D  Example wind_load_nyiso profile data for deterministic unit commitment.
% 2022.03.12
% Andres F. Ramirez


%% define constants
[GEN_BUS, PG, QG, QMAX, QMIN, VG, MBASE, GEN_STATUS, PMAX, PMIN, ...
    MU_PMAX, MU_PMIN, MU_QMAX, MU_QMIN, PC1, PC2, QC1MIN, QC1MAX, ...
    QC2MIN, QC2MAX, RAMP_AGC, RAMP_10, RAMP_30, RAMP_Q, APF] = idx_gen;
[CT_LABEL, CT_PROB, CT_TABLE, CT_TBUS, CT_TGEN, CT_TBRCH, CT_TAREABUS, ...
    CT_TAREAGEN, CT_TAREABRCH, CT_ROW, CT_COL, CT_CHGTYPE, CT_REP, ...
    CT_REL, CT_ADD, CT_NEWVAL, CT_TLOAD, CT_TAREALOAD, CT_LOAD_ALL_PQ, ...
    CT_LOAD_FIX_PQ, CT_LOAD_DIS_PQ, CT_LOAD_ALL_P, CT_LOAD_FIX_P, ...
    CT_LOAD_DIS_P, CT_TGENCOST, CT_TAREAGENCOST, CT_MODCOST_F, ...
    CT_MODCOST_X] = idx_ct;

solarprofile = struct( ...
    'type', 'mpcData', ...
    'table', CT_TGEN, ...
    'rows', [1:12], ...
    'col', PMAX, ...
    'chgtype', 1, ...
    'values', [] );
solarprofile.values(:,1,:) = [
	0.0 0.0 0.0 0.0 0.0 0.0 0.0 0.0 0.0 0.0 0.0 0.0;
	0.0 0.0 0.0 0.0 0.0 0.0 0.0 0.0 0.0 0.0 0.0 0.0;
	0.0 0.0 0.0 0.0 0.0 0.0 0.0 0.0 0.0 0.0 0.0 0.0;
	0.0 0.0 0.0 0.0 0.0 0.0 0.0 0.0 0.0 0.0 0.0 0.0;
	0.0 0.0 0.0 0.0 0.0 0.0 0.0 0.0 0.0 0.0 0.0 0.0;
	1.0368 0.8315 0.7172 0.0 0.0 10.2665 1.2833 4.1882 3.8869 0.0 0.0 0.0;
	5.1971 1.9339 2.6636 1.6984 6.0023 107.6389 13.4549 39.706 56.1561 6.9345 8.5258 12.5584;
	7.7825 5.0884 4.7482 1.5195 5.3437 240.6591 30.0824 48.7975 70.5518 19.5457 36.7478 35.3974;
	14.0347 13.2119 12.4532 1.9273 4.5982 328.4906 41.0613 53.4702 91.497 43.6143 86.8911 78.9857;
	24.7424 16.3615 13.8 2.365 3.1878 332.8607 41.6076 56.5108 77.0755 28.4691 78.5254 51.5577;
	25.6144 16.5136 13.8 3.5873 4.3616 325.2366 40.6546 60.0606 112.7097 78.6372 54.0543 142.4125;
	25.767 16.5214 13.8137 4.5485 4.8154 326.6373 40.8297 63.0844 136.9055 109.4733 59.4578 198.2568;
	25.2087 16.353 13.8359 5.0087 3.7893 322.5283 40.316 64.2527 125.6861 39.5706 107.2067 71.6626;
	23.1185 16.69 14.1653 4.0556 3.3846 319.7692 39.9711 63.157 88.0704 27.0692 107.6474 49.0224;
	18.4308 15.8248 13.4126 2.2955 2.7635 296.2869 37.0359 58.5725 60.6116 17.7385 85.0671 32.1246;
	8.7379 7.9858 6.2844 0.6294 2.5606 192.9959 24.1245 32.7693 57.7611 5.1895 28.2979 9.3983;
	1.3917 1.2353 0.9445 0.5614 0.9116 73.1408 9.1426 11.3338 39.8682 5.0789 0.8805 9.198;
	0.0 0.0 0.0 0.0 0.0 0.0 0.0 0.0 0.0 0.0 0.0 0.0;
	0.0 0.0 0.0 0.0 0.0 0.0 0.0 0.0 0.0 0.0 0.0 0.0;
	0.0 0.0 0.0 0.0 0.0 0.0 0.0 0.0 0.0 0.0 0.0 0.0;
	0.0 0.0 0.0 0.0 0.0 0.0 0.0 0.0 0.0 0.0 0.0 0.0;
	0.0 0.0 0.0 0.0 0.0 0.0 0.0 0.0 0.0 0.0 0.0 0.0;
	0.0 0.0 0.0 0.0 0.0 0.0 0.0 0.0 0.0 0.0 0.0 0.0;
	0.0 0.0 0.0 0.0 0.0 0.0 0.0 0.0 0.0 0.0 0.0 0.0;
];
