function windprofile = ex_wind_profilesh1
%EX_WIND_PROFILE_D  Example wind_load_nyiso profile data for deterministic unit commitment.
% 2022.03.12
% Andres F. Ramirez


%% define constants
[GEN_BUS, PG, QG, QMAX, QMIN, VG, MBASE, GEN_STATUS, PMAX, PMIN, ...
    MU_PMAX, MU_PMIN, MU_QMAX, MU_QMIN, PC1, PC2, QC1MIN, QC1MAX, ...
    QC2MIN, QC2MAX, RAMP_AGC, RAMP_10, RAMP_30, RAMP_Q, APF] = idx_gen;
[CT_LABEL, CT_PROB, CT_TABLE, CT_TBUS, CT_TGEN, CT_TBRCH, CT_TAREABUS, ...
    CT_TAREAGEN, CT_TAREABRCH, CT_ROW, CT_COL, CT_CHGTYPE, CT_REP, ...
    CT_REL, CT_ADD, CT_NEWVAL, CT_TLOAD, CT_TAREALOAD, CT_LOAD_ALL_PQ, ...
    CT_LOAD_FIX_PQ, CT_LOAD_DIS_PQ, CT_LOAD_ALL_P, CT_LOAD_FIX_P, ...
    CT_LOAD_DIS_P, CT_TGENCOST, CT_TAREAGENCOST, CT_MODCOST_F, ...
    CT_MODCOST_X] = idx_ct;

windprofile = struct( ...
    'type', 'mpcData', ...
    'table', CT_TGEN, ...
    'rows', [1:45], ...
    'col', PMAX, ...
    'chgtype', 1, ...
    'values', [] );
windprofile.values(:,1,:) = [
	3.7903 51.2158 89.0536 113.9642 14.7744 31.5316 30.1077 18.1118 28.3477 30.1552 55.7414 83.1552 125.1897 68.2984 188.704 71.0931 88.2081 93.4743 83.0052 70.9572 10.0359 73.5737 75.7769 84.0065 102.7164 72.8146 13.7198 1316.6788 823.8946 823.8946 620.0808 112.413 276.6842 182.644 214.1248 351.5284 1309.4001 243.9272 463.7327 275.1331 117.1719 349.7904 187.7214 276.8211 1323.0397;
	3.7958 51.2891 92.4419 117.4157 15.3027 32.2347 27.091 18.3836 28.1194 31.0832 57.4567 85.7142 129.0422 68.8544 183.8817 69.2764 85.954 91.0856 81.4755 71.1476 9.0303 75.2143 75.8389 88.5372 103.8727 73.7903 13.9016 1304.0819 824.0846 824.0846 654.9435 106.8907 271.585 183.1342 215.8679 351.6094 1283.6994 243.2116 462.1314 278.2305 118.1851 357.5903 177.2425 275.9436 1297.0713;
	3.6167 48.8698 92.6128 116.6548 15.0788 32.5357 22.2628 18.3715 28.3037 30.9008 57.1197 85.2114 128.2853 67.9013 189.1627 71.266 88.4226 93.7015 85.4973 71.2259 7.4209 75.9166 75.6873 88.3066 104.1952 75.6404 13.933 1281.7908 809.173 809.173 667.1066 99.7623 284.991 183.3355 212.8797 345.2472 1290.901 248.3519 425.9428 279.0943 117.914 360.9293 171.6914 274.2312 1304.3479;
	3.6657 49.5313 94.3918 119.2539 15.1205 32.5118 23.1371 18.6384 28.2466 31.3561 57.9613 86.4669 130.1755 67.836 192.4036 72.4869 89.9375 95.3069 87.6057 70.7834 7.7124 75.8609 75.7934 89.5924 106.2819 75.91 13.9997 1294.4827 804.5057 804.5057 681.2772 102.9381 292.0189 182.1968 212.675 343.2558 1280.1512 271.6487 432.9522 284.6836 117.7227 360.6645 146.4476 284.4616 1293.4862;
	3.7893 51.2015 93.749 117.9398 15.1148 33.283 30.4153 18.5182 28.4096 31.4001 58.0425 86.588 130.3578 68.7095 199.126 75.0196 93.0799 98.6369 89.164 72.0959 10.1384 77.6603 75.8549 86.947 103.4426 75.7598 13.803 1270.9099 780.6404 780.6404 667.9086 106.7563 297.2135 185.5749 215.4134 333.0732 1256.8934 252.618 456.3673 277.0784 115.8616 369.2193 180.4991 277.7051 1269.986;
	3.8647 52.2212 94.3997 120.3824 15.3377 34.2612 30.7223 18.7503 28.3682 31.2461 57.758 86.1635 129.7187 69.6278 204.7856 77.1518 95.7254 101.4403 88.3171 71.913 10.2408 79.9428 75.3382 88.9728 104.0043 73.51 13.741 1285.6167 817.0704 817.0704 727.1486 112.3894 294.3903 185.1042 218.2924 348.6167 1278.6639 261.9722 465.6596 278.583 121.0036 380.071 179.6274 279.4856 1291.9833;
	3.8654 52.2294 94.7527 120.7291 15.2897 33.5462 31.7049 18.8235 28.3169 30.9581 57.2256 85.3693 128.5231 68.5973 200.071 75.3756 93.5215 99.1049 88.0397 71.9904 10.5683 78.2744 73.355 88.2363 103.9407 73.9413 13.9068 1257.461 801.2669 801.2669 734.5189 109.126 293.4658 185.3035 215.0617 341.8739 1294.5733 290.9979 465.2334 278.4126 118.9966 372.139 164.6291 277.2486 1308.0585;
	3.7651 50.875 93.0401 120.2459 14.6126 32.9472 30.7975 18.406 28.1503 30.1052 55.6489 83.0173 124.982 68.3902 199.736 75.2494 93.3649 98.939 85.1643 71.2778 10.2658 76.8768 73.3009 87.6306 103.1791 70.6284 13.4018 1273.4055 766.6593 766.6593 737.3648 111.6767 283.8811 183.4693 214.4126 327.108 1271.376 298.6996 469.2106 276.3727 119.428 365.4942 175.4632 270.0828 1284.6195;
	3.8194 51.6079 94.5119 119.7836 15.252 33.0592 31.6405 18.4685 27.9936 30.5817 56.5298 84.3314 126.9604 67.7291 197.4821 74.4002 92.3114 97.8226 88.293 69.9292 10.5468 77.1381 74.3154 88.2305 104.006 71.2183 13.291 1291.2381 771.7283 771.7283 762.3984 115.6171 294.3101 179.998 212.3398 329.2707 1277.448 305.5366 464.3444 278.5875 120.4887 366.7368 199.4164 273.9729 1290.7548;
	3.7601 50.8067 94.0434 116.1826 15.1909 32.876 26.2523 18.1017 27.5302 29.9591 55.379 82.6146 124.3758 66.5517 200.3667 75.487 93.6598 99.2514 87.4113 71.6359 8.7508 76.7106 74.1802 87.7445 101.2485 68.3802 13.0477 1285.2782 795.119 795.119 763.1257 115.7704 291.371 184.3909 208.6487 339.2508 1268.735 331.6404 469.0081 271.2014 119.8031 364.704 194.3742 267.0704 1281.951;
	3.7477 50.6396 92.155 118.685 15.1651 33.2081 28.3809 18.0306 26.8095 30.4732 56.3292 84.0321 126.5098 66.5913 203.2159 76.5604 94.9916 100.6627 91.6383 73.4215 9.4603 77.4856 74.1758 85.1527 99.8728 71.3098 13.3307 1269.9747 817.9588 817.9588 803.8038 117.3086 305.461 188.9871 208.7727 348.9957 1320.4577 344.5169 470.0604 267.5165 119.57 368.3886 205.3012 263.8075 1334.2125;
	3.7065 50.0828 92.8016 118.8258 15.2119 33.5823 25.4 18.3485 25.8916 28.6535 52.9656 79.0143 118.9556 64.9451 199.0739 74.9999 93.0555 98.611 87.7384 71.7228 8.4667 78.3588 74.4159 87.0242 102.2707 71.3214 13.4643 1262.7052 788.1701 788.1701 777.0795 120.4993 292.4614 184.6148 203.6118 336.2859 1295.4104 344.8734 454.463 273.9393 121.158 372.5401 203.9123 262.4855 1308.9042;
	3.6145 48.8401 90.1951 113.7846 15.1211 32.1885 25.403 17.7251 25.979 29.1491 53.8817 80.3809 121.0129 64.1013 202.8488 76.4221 94.82 100.4809 88.48 70.1501 8.4677 75.1064 73.4807 83.0594 101.0034 74.9558 13.0009 1265.7165 801.5999 801.5999 773.7245 115.331 294.9333 180.5666 200.9662 342.0159 1297.3701 328.5613 444.2502 270.5448 120.2484 357.0775 202.5934 262.5589 1310.8844;
	3.1726 42.8695 88.6286 113.2381 14.563 30.6888 25.4957 17.3883 25.8022 26.9031 49.73 74.1874 111.6887 65.0669 203.3306 76.6036 95.0452 100.7196 85.6135 72.3008 8.4986 71.6072 73.4425 84.0382 96.8872 73.2639 12.858 1264.0237 790.2773 790.2773 737.8834 114.9959 285.3783 186.1024 203.9936 337.185 1291.5249 311.9877 445.4247 259.5194 119.7692 340.4411 194.1262 263.815 1304.9783;
	3.5228 47.6006 88.6481 113.4199 14.7212 29.9182 22.9634 17.5673 25.8727 28.5744 52.8193 78.796 118.627 63.9884 194.9582 73.4494 91.1316 96.5723 84.1526 70.9164 7.6545 69.8092 74.9488 86.3015 99.9012 70.0148 13.1632 1254.9711 709.9905 709.9905 721.0867 116.0649 280.5088 182.539 200.6122 302.9293 1243.7268 315.7649 440.1987 267.5924 117.8246 331.893 201.0166 267.6739 1256.6823;
	3.3388 45.1149 87.6789 109.7633 14.6196 30.6286 23.2739 17.2526 24.51 27.6302 51.0741 76.1924 114.7073 63.9031 194.1667 73.1512 90.7617 96.1803 85.6858 70.8552 7.758 71.4668 71.6027 86.1188 97.7841 65.1417 12.492 1252.5187 725.5331 725.5331 688.7978 112.0917 285.6194 182.3815 200.3449 309.5608 1179.0028 290.0998 425.5236 261.9218 114.7177 339.7736 190.611 264.4556 1191.2841;
	3.5704 48.2444 89.5149 102.2069 14.8114 27.3406 20.6039 16.8977 23.4744 28.7665 53.1744 79.3257 119.4244 63.1843 194.1042 73.1276 90.7324 96.1493 86.7131 72.1487 6.868 63.7948 72.5971 83.7374 99.0091 57.9329 11.3755 1195.5444 700.9721 700.9721 596.8288 112.0142 289.0435 185.711 198.0912 299.0814 1109.523 285.1536 365.0978 265.2028 113.667 303.2987 179.0269 259.5703 1121.0805;
	3.1269 42.2509 86.7267 91.3858 14.0879 21.4858 17.2233 12.8636 24.4983 28.7459 53.1363 79.2689 119.3389 63.2573 181.4742 68.3693 84.8286 89.893 89.9093 69.1238 5.7411 50.1334 71.5773 83.1059 96.7233 69.3478 8.6865 1149.5727 658.2013 658.2013 563.5076 106.9583 299.6976 177.9248 198.3203 280.8326 1096.1377 274.6986 364.9091 259.0802 117.4962 238.3486 148.5296 220.6706 1107.5558;
