function windprofile = ex_wind_profilesh1
%EX_WIND_PROFILE_D  Example wind_load_nyiso profile data for deterministic unit commitment.
% 2022.03.12
% Andres F. Ramirez


%% define constants
[GEN_BUS, PG, QG, QMAX, QMIN, VG, MBASE, GEN_STATUS, PMAX, PMIN, ...
    MU_PMAX, MU_PMIN, MU_QMAX, MU_QMIN, PC1, PC2, QC1MIN, QC1MAX, ...
    QC2MIN, QC2MAX, RAMP_AGC, RAMP_10, RAMP_30, RAMP_Q, APF] = idx_gen;
[CT_LABEL, CT_PROB, CT_TABLE, CT_TBUS, CT_TGEN, CT_TBRCH, CT_TAREABUS, ...
    CT_TAREAGEN, CT_TAREABRCH, CT_ROW, CT_COL, CT_CHGTYPE, CT_REP, ...
    CT_REL, CT_ADD, CT_NEWVAL, CT_TLOAD, CT_TAREALOAD, CT_LOAD_ALL_PQ, ...
    CT_LOAD_FIX_PQ, CT_LOAD_DIS_PQ, CT_LOAD_ALL_P, CT_LOAD_FIX_P, ...
    CT_LOAD_DIS_P, CT_TGENCOST, CT_TAREAGENCOST, CT_MODCOST_F, ...
    CT_MODCOST_X] = idx_ct;

windprofile = struct( ...
    'type', 'mpcData', ...
    'table', CT_TGEN, ...
    'rows', [1:45], ...
    'col', PMAX, ...
    'chgtype', 1, ...
    'values', [] );
windprofile.values(:,1,:) = [
	3.8099 51.4802 87.5742 115.663 14.7351 32.3307 27.7243 18.0052 25.4775 29.1951 53.9667 80.5077 121.2039 66.6864 186.9807 70.4439 87.4026 92.6207 83.009 72.8684 9.2414 75.4384 72.9913 85.1635 100.5034 72.2185 12.7996 1268.8443 789.089 789.089 607.8089 115.8054 276.6968 187.5635 209.071 336.678 1256.5165 228.6988 443.3018 269.2055 120.8491 358.6555 198.5794 276.7157 1269.6052;
	3.7377 50.5043 89.1326 116.3354 14.5501 32.0219 24.1712 18.3453 26.0228 30.1455 55.7234 83.1284 125.1494 64.5164 159.8528 60.2236 74.7219 79.1829 76.1277 69.8553 8.0571 74.7177 72.8125 86.545 101.0266 73.2421 13.0518 1269.0083 779.3072 779.3072 620.4339 108.8965 253.759 179.8077 202.2677 332.5044 1262.1253 227.3471 448.4869 270.607 119.026 355.2295 180.1611 271.7113 1275.2724;
	3.6106 48.7867 86.7874 112.7248 14.4904 31.895 21.8592 18.398 26.3568 29.4615 54.4591 81.2422 122.3097 62.2059 180.0168 67.8203 84.1474 89.1711 80.3842 69.7169 7.2864 74.4218 71.8223 87.4171 100.9307 75.0317 13.218 1263.4789 749.6073 749.6073 637.4211 95.9055 267.9472 179.4515 195.0238 319.8324 1269.3603 228.8536 428.986 270.35 117.1843 353.8224 171.3845 267.2863 1282.5828;
	3.5802 48.3762 86.6924 114.1245 13.9845 31.0187 22.6326 18.2221 26.3123 30.0457 55.5389 82.8532 124.735 63.4777 185.6145 69.9292 86.764 91.9439 82.3269 70.1284 7.5442 72.3769 73.6415 86.6963 100.9714 72.7556 13.3882 1304.9106 769.6321 769.6321 661.332 103.4254 274.4231 180.5107 199.0112 328.3764 1280.3576 247.5705 431.7474 270.459 117.9763 344.1006 130.1155 268.3702 1293.6946;
	3.628 49.0221 87.7056 116.4103 13.937 31.9883 30.0128 17.7537 26.4903 29.9465 55.3556 82.5797 124.3233 64.0381 168.3356 63.4195 78.6871 83.3848 73.8702 71.1418 10.0043 74.6394 73.2654 83.5064 100.1494 72.701 13.0563 1318.7975 772.4365 772.4365 670.2234 103.9661 246.2342 183.1192 200.7682 329.5729 1287.7041 236.5471 451.971 268.2573 115.304 354.8568 166.3742 269.3331 1301.1177;
	3.5911 48.5233 87.0649 114.5275 13.6099 32.1894 28.9921 17.3947 26.3021 30.0541 55.5545 82.8764 124.77 64.3903 191.6292 72.1952 89.5755 94.9233 84.0537 71.4053 9.664 75.1086 73.0984 83.4404 97.1819 69.521 13.0433 1300.666 779.4657 779.4657 680.8978 107.9983 280.1792 183.7973 201.8723 332.572 1246.466 242.1082 452.2358 260.3085 116.1722 357.0879 154.9615 268.2907 1259.45;
	3.4037 45.9917 86.3409 110.4517 13.8762 32.037 29.7733 17.0918 26.2242 30.2736 55.9603 83.4818 125.6813 65.2933 192.0358 72.3484 89.7656 95.1247 84.8183 71.3916 9.9244 74.753 73.4637 81.5331 94.0002 67.2834 12.8698 1294.8138 801.2606 801.2606 736.0253 105.9343 282.7278 183.762 204.7033 341.8712 1274.7674 293.5553 445.8737 251.7863 112.504 355.3969 144.6507 261.2999 1288.0462;
	3.6547 49.3824 88.0191 114.6509 14.2325 32.6443 28.6525 17.7804 23.4813 29.9231 55.3124 82.5152 124.2262 67.0079 194.7269 73.3622 91.0235 96.4577 85.8708 70.6542 9.5508 76.17 73.2838 85.4557 97.3283 68.6571 13.0311 1326.6187 841.7879 841.7879 760.3306 112.4436 286.2361 181.864 210.0787 359.1628 1307.6054 299.6264 446.8738 260.7007 114.3972 362.134 170.0121 272.2644 1321.2263;
	3.812 51.5083 92.0147 117.2846 14.5951 34.6601 30.9499 17.9929 26.7119 30.2152 55.8524 83.3208 125.439 67.6242 193.4794 72.8922 90.4404 95.8398 88.0556 71.3766 10.3166 80.8736 73.5247 85.8711 100.6361 69.3281 13.2344 1319.7344 842.18 842.18 782.1842 116.9419 293.5186 183.7236 212.011 359.3301 1319.9682 310.6788 468.2422 269.561 120.8335 384.4964 201.9646 277.8903 1333.7178;
	3.6913 49.8782 92.5245 116.894 14.6237 34.2836 24.7429 17.2299 26.1038 29.3842 54.3162 81.0291 121.9889 67.5186 189.1058 71.2445 88.396 93.6734 85.3321 69.5682 8.2476 79.995 75.0657 86.6597 100.9598 68.901 12.6703 1311.1608 854.8463 854.8463 791.9205 111.4739 284.4403 179.0688 211.6798 364.7344 1310.4428 326.7456 467.0931 270.4279 116.1172 380.3192 205.1998 273.7616 1324.0933;
	3.858 52.1296 92.0861 119.3341 14.7416 34.064 28.626 17.4138 26.8076 30.2084 55.8398 83.302 125.4107 67.9903 188.8809 71.1598 88.2908 93.5619 89.5436 70.9871 9.542 79.4826 74.5344 85.5499 101.0306 65.058 12.8453 1345.4135 861.6876 861.6876 816.0256 116.923 298.4787 182.721 213.1586 367.6534 1368.5961 340.2171 473.3541 270.6177 117.0727 377.8828 209.931 274.7843 1382.8523;
	3.8918 52.5874 91.2351 120.22 14.7616 34.5439 27.1044 17.4569 26.9274 29.6437 54.7959 81.7448 123.0663 69.5982 189.4378 71.3696 88.5512 93.8378 88.9832 68.4522 9.0348 80.6024 74.1764 87.81 103.1876 65.2699 12.7581 1308.829 852.6863 852.6863 818.1609 121.5687 296.6107 176.196 218.1996 363.8128 1345.0235 350.2572 475.9075 276.3954 118.6227 383.207 212.2756 276.5415 1359.0342;
	3.8756 52.3677 90.6794 117.3278 14.7732 33.7019 27.8464 17.8417 26.1541 29.6988 54.8977 81.8966 123.2949 69.4061 190.4951 71.7679 89.0454 94.3615 89.1151 68.2003 9.2821 78.6378 72.1273 83.7724 100.9281 69.6034 13.046 1344.7921 851.4954 851.4954 810.1587 120.6015 297.0503 175.5477 217.5975 363.3047 1353.9185 356.771 464.4401 270.3432 120.1738 373.8665 210.5901 274.2875 1368.0218;
	3.8266 51.7055 89.3105 115.4802 14.141 33.0333 26.1545 17.4627 25.7528 28.0994 51.9414 77.4863 116.6552 68.3015 189.2486 71.2983 88.4627 93.7441 89.5313 70.8608 8.7182 77.0776 71.832 84.1832 98.454 69.2986 12.8107 1320.1962 848.4313 848.4313 799.3837 118.2166 298.4376 182.3959 214.1345 361.9973 1335.3831 337.6462 448.976 263.7161 115.9772 366.4489 204.6073 273.3875 1349.2934;
	3.8227 51.6528 93.1523 118.6639 14.3997 33.7448 22.2796 17.6516 26.3297 28.1556 52.0451 77.6411 116.8882 67.2494 193.9378 73.065 90.6547 96.0669 90.1342 70.5949 7.4265 78.7379 71.8247 86.6932 100.4691 69.657 13.0845 1320.396 835.1554 835.1554 767.9318 116.1421 300.4473 181.7116 210.8361 356.333 1330.6942 329.5456 447.7135 269.1137 121.8308 374.3426 204.5037 278.85 1344.5556;
	3.852 52.0485 90.2429 116.4689 15.0738 33.3987 25.3103 18.0881 27.1338 29.5347 54.5944 81.4441 122.6137 69.1343 189.3151 71.3234 88.4938 93.777 90.5649 70.043 8.4368 77.9302 69.8669 84.8542 98.7327 67.9037 12.9793 1303.102 838.7371 838.7371 771.0043 119.9311 301.8831 180.2909 216.7455 357.8611 1299.4147 331.5264 457.6645 264.4625 120.0439 370.5026 212.603 281.7687 1312.9502;
	3.8387 51.8697 93.3343 116.8799 15.1617 31.2636 22.8411 18.1123 27.4342 29.8835 55.2391 82.4059 124.0617 67.761 197.8948 74.5557 92.5043 98.0269 88.6415 70.0593 7.6137 72.9483 72.4449 86.7617 101.6395 60.0581 12.5154 1243.6354 774.3818 774.3818 686.5032 115.3359 295.4715 180.3327 212.4398 330.4029 1200.8473 325.5618 455.5289 272.2486 118.5381 346.8172 196.8463 268.9474 1213.3561;
	3.7871 51.1726 92.0339 112.6544 15.1912 28.6099 18.4525 14.3246 26.7168 28.2793 52.2739 77.9824 117.402 67.2438 188.0171 70.8343 87.887 93.134 90.288 68.71 6.1508 66.7565 70.8992 88.5161 102.8094 71.3038 10.1753 1218.793 750.2751 750.2751 655.0807 112.6112 300.9599 176.8597 210.8185 320.1174 1202.86 289.6918 438.1737 275.3823 117.8693 317.3796 183.8863 252.8605 1215.3898;
