function solarprofile = ex_solar_profilesh1
%EX_WIND_PROFILE_D  Example wind_load_nyiso profile data for deterministic unit commitment.
% 2022.03.12
% Andres F. Ramirez


%% define constants
[GEN_BUS, PG, QG, QMAX, QMIN, VG, MBASE, GEN_STATUS, PMAX, PMIN, ...
    MU_PMAX, MU_PMIN, MU_QMAX, MU_QMIN, PC1, PC2, QC1MIN, QC1MAX, ...
    QC2MIN, QC2MAX, RAMP_AGC, RAMP_10, RAMP_30, RAMP_Q, APF] = idx_gen;
[CT_LABEL, CT_PROB, CT_TABLE, CT_TBUS, CT_TGEN, CT_TBRCH, CT_TAREABUS, ...
    CT_TAREAGEN, CT_TAREABRCH, CT_ROW, CT_COL, CT_CHGTYPE, CT_REP, ...
    CT_REL, CT_ADD, CT_NEWVAL, CT_TLOAD, CT_TAREALOAD, CT_LOAD_ALL_PQ, ...
    CT_LOAD_FIX_PQ, CT_LOAD_DIS_PQ, CT_LOAD_ALL_P, CT_LOAD_FIX_P, ...
    CT_LOAD_DIS_P, CT_TGENCOST, CT_TAREAGENCOST, CT_MODCOST_F, ...
    CT_MODCOST_X] = idx_ct;

solarprofile = struct( ...
    'type', 'mpcData', ...
    'table', CT_TGEN, ...
    'rows', [1:12], ...
    'col', PMAX, ...
    'chgtype', 1, ...
    'values', [] );
solarprofile.values(:,1,:) = [
	0.0 0.0 0.0 0.0 0.0 0.0 0.0 0.0 0.0 0.0 0.0 0.0;
	0.0 0.0 0.0 0.0 0.0 0.0 0.0 0.0 0.0 0.0 0.0 0.0;
	0.0 0.0 0.0 0.0 0.0 0.0 0.0 0.0 0.0 0.0 0.0 0.0;
	0.0 0.0 0.0 0.0 0.0 0.0 0.0 0.0 0.0 0.0 0.0 0.0;
	0.0 0.0 0.0 0.0 0.0 0.0 0.0 0.0 0.0 0.0 0.0 0.0;
	1.0111 0.829 0.7032 0.0 0.0 9.4835 1.1854 4.2198 0.4191 0.0 0.0 0.0;
	9.4239 8.3739 6.033 1.3288 4.3456 235.7487 29.4686 39.5912 81.2834 73.9874 30.368 133.9916;
	19.3012 16.0968 12.2613 4.4278 9.3395 336.5749 42.0719 49.5913 177.8535 269.3679 80.2332 487.8268;
	23.2622 16.6083 13.8 6.9459 10.5722 386.7698 48.3462 55.9857 213.7977 346.612 124.564 627.7165;
	22.5892 16.3661 13.6594 4.6886 7.0979 420.6849 52.5856 60.9616 174.7743 336.3738 147.6832 609.175;
	24.3959 16.5136 13.8 3.3927 6.4131 424.8923 53.1115 69.342 155.6519 328.3949 153.2583 594.7252;
	25.6262 16.5233 13.814 2.8872 6.0854 406.7637 50.8455 72.1378 120.0708 314.1424 155.7435 568.9138;
	25.4564 16.2011 13.7013 3.6844 4.6628 319.8781 39.9848 65.4959 31.0435 231.5652 134.2753 419.3661;
	23.8181 16.0965 13.556 4.0366 4.1673 296.6827 37.0853 61.0186 34.3264 233.0109 148.5551 421.9842;
	17.4613 12.3996 10.6864 3.3255 3.5404 292.2214 36.5277 50.6869 36.1068 192.9771 164.5349 349.4827;
	5.747 4.8863 4.7671 3.2091 3.8495 259.5274 32.4409 19.7067 78.5136 73.4423 79.7888 133.0045;
	1.2233 1.0297 0.8589 0.9531 1.6857 81.5451 10.1931 11.5642 42.0099 18.0204 12.2616 32.635;
	0.0 0.0 0.0 0.0 0.0 0.0 0.0 0.0 0.0 0.0 0.0 0.0;
	0.0 0.0 0.0 0.0 0.0 0.0 0.0 0.0 0.0 0.0 0.0 0.0;
	0.0 0.0 0.0 0.0 0.0 0.0 0.0 0.0 0.0 0.0 0.0 0.0;
	0.0 0.0 0.0 0.0 0.0 0.0 0.0 0.0 0.0 0.0 0.0 0.0;
	0.0 0.0 0.0 0.0 0.0 0.0 0.0 0.0 0.0 0.0 0.0 0.0;
	0.0 0.0 0.0 0.0 0.0 0.0 0.0 0.0 0.0 0.0 0.0 0.0;
	0.0 0.0 0.0 0.0 0.0 0.0 0.0 0.0 0.0 0.0 0.0 0.0;
];
