function solarprofile = ex_solar_profilesh1
%EX_WIND_PROFILE_D  Example wind_load_nyiso profile data for deterministic unit commitment.
% 2022.03.12
% Andres F. Ramirez


%% define constants
[GEN_BUS, PG, QG, QMAX, QMIN, VG, MBASE, GEN_STATUS, PMAX, PMIN, ...
    MU_PMAX, MU_PMIN, MU_QMAX, MU_QMIN, PC1, PC2, QC1MIN, QC1MAX, ...
    QC2MIN, QC2MAX, RAMP_AGC, RAMP_10, RAMP_30, RAMP_Q, APF] = idx_gen;
[CT_LABEL, CT_PROB, CT_TABLE, CT_TBUS, CT_TGEN, CT_TBRCH, CT_TAREABUS, ...
    CT_TAREAGEN, CT_TAREABRCH, CT_ROW, CT_COL, CT_CHGTYPE, CT_REP, ...
    CT_REL, CT_ADD, CT_NEWVAL, CT_TLOAD, CT_TAREALOAD, CT_LOAD_ALL_PQ, ...
    CT_LOAD_FIX_PQ, CT_LOAD_DIS_PQ, CT_LOAD_ALL_P, CT_LOAD_FIX_P, ...
    CT_LOAD_DIS_P, CT_TGENCOST, CT_TAREAGENCOST, CT_MODCOST_F, ...
    CT_MODCOST_X] = idx_ct;

solarprofile = struct( ...
    'type', 'mpcData', ...
    'table', CT_TGEN, ...
    'rows', [1:12], ...
    'col', PMAX, ...
    'chgtype', 1, ...
    'values', [] );
solarprofile.values(:,1,:) = [
	0.0 0.0 0.0 0.0 0.0 0.0 0.0 0.0 0.0 0.0 0.0 0.0;
	0.0 0.0 0.0 0.0 0.0 0.0 0.0 0.0 0.0 0.0 0.0 0.0;
	0.0 0.0 0.0 0.0 0.0 0.0 0.0 0.0 0.0 0.0 0.0 0.0;
	0.0 0.0 0.0 0.0 0.0 0.0 0.0 0.0 0.0 0.0 0.0 0.0;
	0.0 0.0 0.0 0.0 0.0 0.0 0.0 0.0 0.0 0.0 0.0 0.0;
	1.0111 0.8207 0.6949 0.0 0.0 9.4835 1.1854 4.5716 0.4191 0.0 0.0 0.0;
	6.2112 2.8601 3.6979 2.0499 5.4635 58.2856 7.2857 31.4798 85.0181 141.0033 21.914 255.3579;
	17.3419 12.7115 11.7903 4.8016 12.6211 210.9897 26.3737 41.7036 156.3147 199.4865 27.3241 361.2713;
	23.0604 16.6083 13.8 7.0919 12.6925 310.3609 38.7951 47.0548 187.7776 261.6797 34.2617 473.9036;
	20.0264 13.3691 12.8867 4.4812 9.9052 322.5745 40.3218 56.5197 174.5966 128.7403 20.2401 233.1494;
	20.0077 12.349 11.9648 3.7676 9.5986 343.0615 42.8827 64.1422 182.1831 131.6232 24.9186 238.3704;
	20.1434 13.1317 12.6282 3.508 9.6197 358.0141 44.7518 66.9025 173.2288 152.2396 29.7463 275.7068;
	13.6549 13.0968 12.7218 4.7663 8.7211 343.6886 42.9611 65.2453 44.1077 135.5674 35.0459 245.5134;
	11.0306 9.3765 11.751 4.3669 7.2795 335.3497 41.9187 63.6325 28.031 132.2795 40.3257 239.559;
	6.5455 6.4962 7.0861 3.9289 5.6458 308.2691 38.5336 62.3436 25.0383 110.5295 51.182 200.1696;
	4.2798 2.505 2.9542 3.8821 4.2649 212.0125 26.5016 59.9218 27.6412 72.5277 45.2695 131.3481;
	1.3102 1.0391 0.8173 1.0278 1.3347 74.3545 9.2943 17.5423 32.2684 37.2613 12.7668 67.4805;
	0.0 0.0 0.0 0.0 0.0 0.0 0.0 0.0 0.0 0.0 0.0 0.0;
	0.0 0.0 0.0 0.0 0.0 0.0 0.0 0.0 0.0 0.0 0.0 0.0;
	0.0 0.0 0.0 0.0 0.0 0.0 0.0 0.0 0.0 0.0 0.0 0.0;
	0.0 0.0 0.0 0.0 0.0 0.0 0.0 0.0 0.0 0.0 0.0 0.0;
	0.0 0.0 0.0 0.0 0.0 0.0 0.0 0.0 0.0 0.0 0.0 0.0;
	0.0 0.0 0.0 0.0 0.0 0.0 0.0 0.0 0.0 0.0 0.0 0.0;
	0.0 0.0 0.0 0.0 0.0 0.0 0.0 0.0 0.0 0.0 0.0 0.0;
];
