function solarprofile = ex_solar_profilesh1
%EX_WIND_PROFILE_D  Example wind_load_nyiso profile data for deterministic unit commitment.
% 2022.03.12
% Andres F. Ramirez


%% define constants
[GEN_BUS, PG, QG, QMAX, QMIN, VG, MBASE, GEN_STATUS, PMAX, PMIN, ...
    MU_PMAX, MU_PMIN, MU_QMAX, MU_QMIN, PC1, PC2, QC1MIN, QC1MAX, ...
    QC2MIN, QC2MAX, RAMP_AGC, RAMP_10, RAMP_30, RAMP_Q, APF] = idx_gen;
[CT_LABEL, CT_PROB, CT_TABLE, CT_TBUS, CT_TGEN, CT_TBRCH, CT_TAREABUS, ...
    CT_TAREAGEN, CT_TAREABRCH, CT_ROW, CT_COL, CT_CHGTYPE, CT_REP, ...
    CT_REL, CT_ADD, CT_NEWVAL, CT_TLOAD, CT_TAREALOAD, CT_LOAD_ALL_PQ, ...
    CT_LOAD_FIX_PQ, CT_LOAD_DIS_PQ, CT_LOAD_ALL_P, CT_LOAD_FIX_P, ...
    CT_LOAD_DIS_P, CT_TGENCOST, CT_TAREAGENCOST, CT_MODCOST_F, ...
    CT_MODCOST_X] = idx_ct;

solarprofile = struct( ...
    'type', 'mpcData', ...
    'table', CT_TGEN, ...
    'rows', [1:12], ...
    'col', PMAX, ...
    'chgtype', 1, ...
    'values', [] );
solarprofile.values(:,1,:) = [
	0.0 0.0 0.0 0.0 0.0 0.0 0.0 0.0 0.0 0.0 0.0 0.0;
	0.0 0.0 0.0 0.0 0.0 0.0 0.0 0.0 0.0 0.0 0.0 0.0;
	0.0 0.0 0.0 0.0 0.0 0.0 0.0 0.0 0.0 0.0 0.0 0.0;
	0.0 0.0 0.0 0.0 0.0 0.0 0.0 0.0 0.0 0.0 0.0 0.0;
	0.0 0.0 0.0 0.0 0.0 0.0 0.0 0.0 0.0 0.0 0.0 0.0;
	1.0295 0.8311 0.7032 0.0 0.0 9.4835 1.1854 4.6382 0.4191 0.0 0.0 0.0;
	7.3449 6.9269 5.8901 3.116 2.6585 183.3716 22.9215 28.2622 71.6149 32.3276 31.1806 58.5454;
	15.8408 14.0025 11.3324 6.1662 6.2841 298.8695 37.3587 45.1399 169.4686 159.9398 134.495 289.652;
	22.5488 16.6083 13.8 7.4612 8.1505 322.0031 40.2504 53.7884 194.7409 266.2812 177.8657 482.2369;
	25.1047 16.3033 13.558 2.7358 6.588 210.6349 26.3294 56.0626 132.6544 135.4619 136.9013 245.3223;
	21.3249 13.6597 11.1421 1.574 6.2372 128.5325 16.0666 53.0515 111.6562 107.0121 141.3994 193.7995;
	19.0616 9.4163 7.7651 2.0853 6.4273 125.0572 15.6321 50.6595 115.4148 98.2104 146.3184 177.8597;
	20.2648 11.169 8.9058 4.1687 6.4031 120.8748 15.1094 60.5703 121.872 41.4745 113.1026 75.1106;
	20.4152 11.6139 9.3187 3.9847 5.4635 187.2041 23.4005 61.7172 127.3273 30.9406 98.6881 56.0337;
	15.9074 10.4491 7.1017 2.576 3.879 220.8489 27.6061 58.3415 130.7496 18.6238 63.9968 33.7278;
	8.5522 6.4054 4.3128 2.1212 2.8739 156.1815 19.5227 34.2375 174.3113 10.3941 17.1298 18.8237;
	1.2988 1.0424 0.7818 1.0083 1.3888 63.8474 7.9809 11.5127 51.707 13.8005 6.1761 24.9928;
	0.0 0.0 0.0 0.0 0.0 0.0 0.0 0.0 0.0 0.0 0.0 0.0;
	0.0 0.0 0.0 0.0 0.0 0.0 0.0 0.0 0.0 0.0 0.0 0.0;
	0.0 0.0 0.0 0.0 0.0 0.0 0.0 0.0 0.0 0.0 0.0 0.0;
	0.0 0.0 0.0 0.0 0.0 0.0 0.0 0.0 0.0 0.0 0.0 0.0;
	0.0 0.0 0.0 0.0 0.0 0.0 0.0 0.0 0.0 0.0 0.0 0.0;
	0.0 0.0 0.0 0.0 0.0 0.0 0.0 0.0 0.0 0.0 0.0 0.0;
	0.0 0.0 0.0 0.0 0.0 0.0 0.0 0.0 0.0 0.0 0.0 0.0;
];
