function windprofile = ex_wind_profilesh1
%EX_WIND_PROFILE_D  Example wind_load_nyiso profile data for deterministic unit commitment.
% 2022.03.12
% Andres F. Ramirez


%% define constants
[GEN_BUS, PG, QG, QMAX, QMIN, VG, MBASE, GEN_STATUS, PMAX, PMIN, ...
    MU_PMAX, MU_PMIN, MU_QMAX, MU_QMIN, PC1, PC2, QC1MIN, QC1MAX, ...
    QC2MIN, QC2MAX, RAMP_AGC, RAMP_10, RAMP_30, RAMP_Q, APF] = idx_gen;
[CT_LABEL, CT_PROB, CT_TABLE, CT_TBUS, CT_TGEN, CT_TBRCH, CT_TAREABUS, ...
    CT_TAREAGEN, CT_TAREABRCH, CT_ROW, CT_COL, CT_CHGTYPE, CT_REP, ...
    CT_REL, CT_ADD, CT_NEWVAL, CT_TLOAD, CT_TAREALOAD, CT_LOAD_ALL_PQ, ...
    CT_LOAD_FIX_PQ, CT_LOAD_DIS_PQ, CT_LOAD_ALL_P, CT_LOAD_FIX_P, ...
    CT_LOAD_DIS_P, CT_TGENCOST, CT_TAREAGENCOST, CT_MODCOST_F, ...
    CT_MODCOST_X] = idx_ct;

windprofile = struct( ...
    'type', 'mpcData', ...
    'table', CT_TGEN, ...
    'rows', [1:45], ...
    'col', PMAX, ...
    'chgtype', 1, ...
    'values', [] );
windprofile.values(:,1,:) = [
	3.7426 50.5711 93.7365 119.7834 15.1024 32.8885 30.9573 18.6549 28.3935 29.2305 54.0321 80.6053 121.3508 68.2117 186.2265 70.1598 87.0501 92.2471 78.2042 68.9661 10.3191 76.7399 73.7537 89.1885 105.662 72.4827 14.0201 1287.6199 796.2369 796.2369 601.7412 110.5571 260.6807 177.5188 213.8529 339.7277 1251.438 228.9422 449.6103 283.0233 123.2255 364.8433 199.1775 280.2878 1264.4738;
	3.6703 49.5934 94.6897 119.716 15.3018 33.4077 28.2292 19.0449 28.2868 30.6311 56.6211 84.4675 127.1654 68.8224 177.2206 66.7668 82.8403 87.786 83.8246 69.5017 9.4097 77.9512 74.117 89.9695 106.2667 73.7735 14.1186 1324.9694 829.5318 829.5318 658.7896 105.4008 279.4153 178.8976 215.7674 353.9336 1313.8215 230.5251 460.1461 284.643 121.5636 370.6024 188.947 281.9842 1327.5071;
	3.603 48.6847 91.9363 118.4435 15.1164 33.2446 23.4967 18.5574 28.0331 30.6863 56.7231 84.6197 127.3945 69.0558 183.6505 69.1893 85.8459 90.9711 87.6312 69.8299 7.8322 77.5707 72.7468 87.3188 102.8094 74.5175 14.0359 1340.0942 811.2729 811.2729 700.9422 99.1297 292.1041 179.7424 216.4992 346.1431 1338.0624 233.3392 439.6843 275.3822 119.4784 368.7934 185.5281 274.1818 1352.0005;
	3.571 48.2521 90.8973 116.5539 15.0523 32.4981 25.0572 17.5979 27.7508 30.6014 56.5662 84.3857 127.0422 68.4654 190.9322 71.9326 89.2497 94.578 90.5996 72.5209 8.3524 75.8288 73.7958 86.8615 99.0366 70.7654 13.4138 1334.0253 796.4727 796.4727 662.526 101.0323 301.9987 186.6691 214.6483 339.8283 1291.6935 241.3636 436.7187 265.2767 114.2768 360.5118 153.4913 277.9108 1305.1487;
	3.5828 48.4111 92.3957 115.2307 14.5949 32.2091 30.9232 17.4353 27.5807 30.963 57.2346 85.3828 128.5434 69.0738 194.9187 73.4345 91.1131 96.5527 90.8298 73.4838 10.3077 75.1545 74.2723 84.2332 101.0895 71.9089 13.3077 1299.3178 801.4928 801.4928 692.3419 106.1651 302.7659 189.1475 216.5556 341.9703 1265.7533 247.1234 467.4072 270.7756 116.6494 357.3058 191.1109 275.9589 1278.9383;
	3.6392 49.1738 91.5513 114.6966 14.8733 32.74 29.3012 17.1084 28.3463 30.9614 57.2317 85.3784 128.5368 67.8079 195.0853 73.4972 91.191 96.6353 91.0705 73.0379 9.7671 76.3934 74.9903 84.5078 98.1109 69.6123 13.316 1279.6364 771.8777 771.8777 727.5953 101.4447 303.5684 187.9998 212.587 329.3345 1201.3758 238.3897 459.592 262.797 115.0492 363.1959 185.7843 271.463 1213.8901;
	3.658 49.428 93.0816 117.5199 14.8679 32.6944 30.779 17.6549 28.3539 31.205 57.6821 86.0503 129.5482 65.9417 198.9703 74.9609 93.007 98.5597 91.5132 73.9061 10.2597 76.2869 74.9952 86.3569 102.3717 70.9498 13.5315 1237.0621 751.8458 751.8458 740.2582 102.0962 305.0439 190.2345 206.736 320.7875 1228.8906 271.9558 465.4416 274.21 116.2193 362.6896 164.6459 267.3118 1241.6915;
	3.7476 50.6383 93.7304 119.0855 14.8531 33.5726 31.7604 17.4835 28.4997 31.3362 57.9246 86.412 130.0929 68.0195 203.7367 76.7566 95.235 100.9207 92.6013 73.9315 10.5868 78.3361 75.8517 87.7886 103.4052 69.9705 13.3975 1271.8085 805.5907 805.5907 767.1347 110.7805 308.6709 190.3 213.2502 343.7187 1284.6873 303.1403 479.4082 276.9781 116.3241 372.432 181.5375 266.5157 1298.0695;
	3.8091 51.4692 92.9179 118.1176 14.9428 33.6824 32.3383 17.7785 28.4445 31.2844 57.8288 86.2691 129.8777 67.0211 198.943 74.9506 92.9943 98.5462 92.3484 73.4961 10.7794 78.5923 75.4299 86.7628 105.0001 71.4121 12.9453 1291.2163 829.0948 829.0948 786.8013 119.0349 307.8281 189.1791 210.1202 353.7471 1279.0954 320.925 479.7177 281.2502 116.6531 373.6504 205.8789 261.3791 1292.4193;
	3.7881 51.1859 94.32 120.2692 14.8346 32.6627 26.8504 18.0158 27.578 30.9424 57.1965 85.326 128.4577 66.4821 194.0442 73.105 90.7044 96.1196 88.1749 72.411 8.9501 76.213 74.5561 87.9801 104.8019 69.9989 13.2207 1246.5725 827.092 827.092 734.2893 119.0085 293.9164 186.3861 208.4305 352.8926 1240.3879 323.4555 475.4761 280.7195 114.9633 362.3382 202.7801 266.8141 1253.3086;
	3.8293 51.7429 94.1959 120.5948 14.9617 33.5028 27.7268 17.999 27.8708 31.1378 57.5578 85.8649 129.2692 65.477 194.7193 73.3594 91.0199 96.454 89.6665 73.3553 9.2423 78.1733 73.8203 87.2263 103.43 68.4312 13.0343 1252.5193 822.8411 822.8411 762.9253 118.5055 298.8885 188.8167 205.2793 351.0789 1256.7664 320.6725 469.0603 277.0447 115.8493 371.6582 212.163 262.1522 1269.8577;
	3.8273 51.7146 93.9207 120.1501 15.0158 33.9286 26.9376 18.0246 27.5569 30.3296 56.0639 83.6362 125.9139 65.3672 196.4245 74.0018 91.8171 97.2987 90.2211 72.3655 8.9792 79.1668 72.7234 89.5409 106.0625 67.9757 13.1902 1252.5185 821.043 821.043 761.9076 118.4351 300.737 186.269 204.935 350.3117 1257.6549 320.3745 462.6185 284.0959 115.6958 376.3816 210.8263 267.5943 1270.7554;
	3.7723 50.9726 93.0599 117.5729 15.0021 33.4458 29.7761 18.0988 28.0673 30.6423 56.6418 84.4985 127.212 66.9092 200.8744 75.6783 93.8971 99.5029 89.57 73.4002 9.9254 78.0401 71.841 83.8542 103.0441 71.1454 13.4598 1252.6067 829.1726 829.1726 751.5564 114.243 298.5667 188.9323 209.7694 353.7803 1279.0386 323.4051 472.1615 276.0109 116.5636 371.025 211.1631 265.029 1292.3619;
	3.775 51.0092 91.1749 118.4 14.8363 34.0953 28.6193 17.6469 27.0266 29.4308 54.4023 81.1576 122.1823 65.0875 191.7496 72.2406 89.6318 94.983 84.6267 73.0718 9.5398 79.5557 68.1153 86.191 100.7163 72.4828 13.0588 1257.5328 817.3607 817.3607 746.4971 116.1348 282.089 188.087 204.058 348.7406 1252.5272 308.063 467.1716 269.7758 113.5113 378.2304 205.6066 271.7618 1265.5744;
	3.6756 49.6651 89.685 114.3135 14.5049 33.2503 23.5937 17.6886 26.2236 29.2674 54.1004 80.7072 121.5042 64.3186 192.2748 72.4384 89.8773 95.2431 87.4905 73.2031 7.8646 77.5841 72.3606 86.6798 99.0908 72.3793 13.1425 1255.1486 796.2201 796.2201 763.3352 117.9791 291.6351 188.425 201.6476 339.7206 1235.9999 340.7149 457.7509 265.4218 114.1841 368.857 202.9489 263.6263 1248.8749;
	3.6076 48.7464 89.6229 111.5717 14.4793 31.6984 24.7288 17.509 27.5675 29.099 53.789 80.2426 120.8048 63.7076 184.0364 69.3346 86.0263 91.1622 85.1086 73.4317 8.2429 73.963 70.1678 86.6621 98.9342 71.3633 12.7695 1206.3531 758.9698 758.9698 695.5422 112.4956 283.6954 189.0134 199.732 323.8271 1111.6263 303.3472 455.1148 265.0023 113.2403 351.6412 199.2417 267.9387 1123.2057;
	3.5704 48.2435 89.2991 108.7761 14.114 29.4459 21.1424 17.7655 27.0529 28.7093 53.0688 79.1682 119.1873 63.3473 187.2191 70.5337 87.5141 92.7388 86.3989 72.2202 7.0475 68.7072 69.3431 84.512 98.4328 59.5844 11.9659 1210.4473 737.0391 737.0391 652.4971 112.0123 287.9962 185.8949 198.6024 314.47 1094.2249 324.277 441.6087 263.6593 112.8314 326.6536 186.9188 254.1781 1105.6231;
	3.5547 48.0314 88.0451 102.0921 13.9673 19.7814 15.4335 14.153 25.6064 27.3465 50.5496 75.41 113.5294 63.9979 180.6929 68.075 84.4634 89.506 83.3155 72.2899 5.1445 46.1567 70.6447 85.4679 101.4544 72.4994 10.5266 1133.798 652.31 652.31 615.8846 108.1812 277.7184 186.0744 200.6421 278.3189 1068.5851 278.5494 430.9683 271.7527 111.5879 219.4422 165.0186 237.6173 1079.7162;
