function solarprofile = ex_solar_profilesh1
%EX_WIND_PROFILE_D  Example wind_load_nyiso profile data for deterministic unit commitment.
% 2022.03.12
% Andres F. Ramirez


%% define constants
[GEN_BUS, PG, QG, QMAX, QMIN, VG, MBASE, GEN_STATUS, PMAX, PMIN, ...
    MU_PMAX, MU_PMIN, MU_QMAX, MU_QMIN, PC1, PC2, QC1MIN, QC1MAX, ...
    QC2MIN, QC2MAX, RAMP_AGC, RAMP_10, RAMP_30, RAMP_Q, APF] = idx_gen;
[CT_LABEL, CT_PROB, CT_TABLE, CT_TBUS, CT_TGEN, CT_TBRCH, CT_TAREABUS, ...
    CT_TAREAGEN, CT_TAREABRCH, CT_ROW, CT_COL, CT_CHGTYPE, CT_REP, ...
    CT_REL, CT_ADD, CT_NEWVAL, CT_TLOAD, CT_TAREALOAD, CT_LOAD_ALL_PQ, ...
    CT_LOAD_FIX_PQ, CT_LOAD_DIS_PQ, CT_LOAD_ALL_P, CT_LOAD_FIX_P, ...
    CT_LOAD_DIS_P, CT_TGENCOST, CT_TAREAGENCOST, CT_MODCOST_F, ...
    CT_MODCOST_X] = idx_ct;

solarprofile = struct( ...
    'type', 'mpcData', ...
    'table', CT_TGEN, ...
    'rows', [1:12], ...
    'col', PMAX, ...
    'chgtype', 1, ...
    'values', [] );
solarprofile.values(:,1,:) = [
	0.0 0.0 0.0 0.0 0.0 0.0 0.0 0.0 0.0 0.0 0.0 0.0;
	0.0 0.0 0.0 0.0 0.0 0.0 0.0 0.0 0.0 0.0 0.0 0.0;
	0.0 0.0 0.0 0.0 0.0 0.0 0.0 0.0 0.0 0.0 0.0 0.0;
	0.0 0.0 0.0 0.0 0.0 0.0 0.0 0.0 0.0 0.0 0.0 0.0;
	0.0 0.0 0.0 0.0 0.0 0.0 0.0 0.0 0.0 0.0 0.0 0.0;
	1.0452 0.8484 0.7199 0.0 0.001 11.8081 1.476 4.7023 0.4191 0.0 0.0 0.0;
	8.892 6.8622 5.6983 2.3031 5.7983 90.0831 11.2604 9.2385 33.9293 69.0325 10.5949 125.0182;
	3.8709 3.6609 1.9191 3.5535 8.8643 127.8415 15.9802 24.8724 24.3965 156.1938 37.7361 282.8678;
	2.5989 6.8478 4.5171 6.1135 9.9509 273.3239 34.1655 49.3467 29.5186 229.5999 103.8889 415.8068;
	21.4807 16.2968 13.1643 5.637 7.7019 367.0505 45.8813 59.8206 80.3417 128.4587 110.0885 232.6395;
	25.7067 16.5136 13.8 5.8572 4.7082 398.5923 49.824 56.789 143.1779 107.5104 132.8937 194.7019;
	26.0605 16.5429 13.8126 5.3995 2.9181 413.5563 51.6945 55.0552 180.679 128.6149 154.3614 232.9224;
	24.0729 15.9262 13.4455 4.7552 4.3286 365.8289 45.7286 63.7561 191.0688 166.7656 138.3544 302.0135;
	16.6487 11.8946 12.7768 4.0993 5.3715 333.5178 41.6897 65.3756 177.9128 150.8733 109.6307 273.2325;
	7.9992 6.7722 7.03 3.7515 6.2101 296.447 37.0559 61.8223 153.6099 112.0354 67.6115 202.8967;
	2.3424 1.9906 1.3289 4.818 6.4902 205.5957 25.6995 26.218 152.4712 52.3643 21.8354 94.832;
	1.1859 0.9594 0.7439 1.1044 1.662 79.4816 9.9352 11.2754 45.5631 17.8227 10.4396 32.277;
	0.0 0.0 0.0 0.0 0.0 0.0 0.0 0.0 0.0 0.0 0.0 0.0;
	0.0 0.0 0.0 0.0 0.0 0.0 0.0 0.0 0.0 0.0 0.0 0.0;
	0.0 0.0 0.0 0.0 0.0 0.0 0.0 0.0 0.0 0.0 0.0 0.0;
	0.0 0.0 0.0 0.0 0.0 0.0 0.0 0.0 0.0 0.0 0.0 0.0;
	0.0 0.0 0.0 0.0 0.0 0.0 0.0 0.0 0.0 0.0 0.0 0.0;
	0.0 0.0 0.0 0.0 0.0 0.0 0.0 0.0 0.0 0.0 0.0 0.0;
	0.0 0.0 0.0 0.0 0.0 0.0 0.0 0.0 0.0 0.0 0.0 0.0;
];
