function windprofile = ex_wind_profilesh1
%EX_WIND_PROFILE_D  Example wind_load_nyiso profile data for deterministic unit commitment.
% 2022.03.12
% Andres F. Ramirez


%% define constants
[GEN_BUS, PG, QG, QMAX, QMIN, VG, MBASE, GEN_STATUS, PMAX, PMIN, ...
    MU_PMAX, MU_PMIN, MU_QMAX, MU_QMIN, PC1, PC2, QC1MIN, QC1MAX, ...
    QC2MIN, QC2MAX, RAMP_AGC, RAMP_10, RAMP_30, RAMP_Q, APF] = idx_gen;
[CT_LABEL, CT_PROB, CT_TABLE, CT_TBUS, CT_TGEN, CT_TBRCH, CT_TAREABUS, ...
    CT_TAREAGEN, CT_TAREABRCH, CT_ROW, CT_COL, CT_CHGTYPE, CT_REP, ...
    CT_REL, CT_ADD, CT_NEWVAL, CT_TLOAD, CT_TAREALOAD, CT_LOAD_ALL_PQ, ...
    CT_LOAD_FIX_PQ, CT_LOAD_DIS_PQ, CT_LOAD_ALL_P, CT_LOAD_FIX_P, ...
    CT_LOAD_DIS_P, CT_TGENCOST, CT_TAREAGENCOST, CT_MODCOST_F, ...
    CT_MODCOST_X] = idx_ct;

windprofile = struct( ...
    'type', 'mpcData', ...
    'table', CT_TGEN, ...
    'rows', [1:45], ...
    'col', PMAX, ...
    'chgtype', 1, ...
    'values', [] );
windprofile.values(:,1,:) = [
	3.6042 48.7001 92.4924 119.5037 14.043 33.0262 28.863 17.826 26.7145 26.9622 49.8393 74.3504 111.9342 68.5558 187.1885 70.5222 87.4997 92.7236 80.5281 68.6899 9.621 77.0612 66.8077 85.9638 103.2334 71.7663 13.459 1274.5144 813.6592 813.6592 602.1061 113.7452 268.4269 176.8079 214.9318 347.1613 1280.362 225.651 467.9981 276.5179 122.0019 366.371 200.8344 282.9827 1293.6991;
	3.5991 48.6311 92.6847 118.5094 14.1156 32.5996 25.5204 18.0488 26.858 23.7683 43.9354 65.5429 98.6745 65.7463 179.9316 67.7882 84.1076 89.1289 82.5741 68.7611 8.5068 76.0657 61.0099 86.4323 101.3926 70.3179 13.5402 1256.8157 786.8475 786.8475 639.6095 109.8007 275.2471 176.9914 206.1234 335.7216 1211.5062 224.2119 454.8256 271.5872 119.5154 361.6382 187.5138 272.9979 1224.1261;
	3.5749 48.3044 93.6593 119.688 14.0195 32.8781 21.6403 18.3243 27.2487 27.9553 51.675 77.089 116.057 63.2051 183.624 69.1793 85.8335 90.9579 81.4918 66.7668 7.2134 76.7156 61.3242 87.5008 102.4123 73.5018 13.8989 1242.0946 751.5919 751.5919 653.4934 104.7534 271.6394 171.8578 198.1566 320.6792 1219.5107 231.5097 402.9071 274.3186 123.5468 364.7277 185.6588 265.2024 1232.2139;
	3.5089 47.4123 92.7811 119.7386 13.97 31.8472 22.3504 18.0961 26.4958 28.9424 53.4996 79.8109 120.1549 64.5604 192.3929 72.4829 89.9325 95.3016 86.1144 68.7022 7.4501 74.3101 67.3445 86.3872 100.7068 71.3566 13.4393 1245.4397 751.5011 751.5011 615.1619 108.9559 287.048 176.8396 202.4054 320.6405 1209.1336 246.8185 415.4615 269.7503 121.0189 353.2914 149.3117 266.8834 1221.7288;
	3.4442 46.5388 91.6773 118.342 13.9972 32.0046 28.8478 18.575 26.765 29.4389 54.4174 81.1801 122.2162 63.2474 195.3443 73.5948 91.3121 96.7636 86.4107 71.5333 9.6159 74.6774 72.3182 84.6736 101.8214 73.3492 13.4322 1187.1186 729.0937 729.0937 587.7006 111.905 288.0355 184.127 198.2893 311.08 1164.4317 240.4281 434.8953 272.7359 120.9776 355.0375 173.2038 261.3726 1176.5611;
	3.5913 48.5262 92.6632 119.4643 14.2651 32.2716 27.4328 18.7987 26.0948 29.2097 53.9936 80.5478 121.2643 60.9275 197.9862 74.5902 92.5471 98.0723 85.7837 70.5413 9.1443 75.3004 67.231 85.1511 102.6309 73.3712 13.7338 1216.4831 728.1632 728.1632 628.5368 114.5956 285.9457 181.5734 191.016 310.683 1133.7796 237.142 410.9763 274.9042 122.8631 357.9995 173.6382 271.8002 1145.5898;
	3.6327 49.0858 93.9873 119.0464 14.3318 32.0782 29.7763 18.8737 26.3743 28.874 53.3732 79.6223 119.871 58.8488 196.8056 74.1454 91.9952 97.4874 87.8943 72.2866 9.9254 74.8491 70.734 86.0498 102.2998 72.902 14.0106 1206.8279 753.0944 753.0944 685.4397 109.1001 292.981 186.0658 184.4991 321.3203 1198.4102 262.2804 437.3306 274.0173 120.4647 355.8541 158.6516 267.1799 1210.8936;
	3.8613 52.1747 94.2454 120.9626 14.39 33.6598 29.0074 18.4198 26.9208 30.4124 56.2169 83.8645 126.2575 65.9865 203.1859 76.5491 94.9776 100.6479 91.6271 72.1481 9.6691 78.5395 72.672 88.0376 102.9363 72.7774 13.7343 1245.41 761.5225 761.5225 652.7257 111.5572 305.4235 185.7095 206.8766 324.9163 1192.7333 264.3697 442.9782 275.7222 119.4003 373.3993 172.03 277.5357 1205.1577;
	3.851 52.0352 94.1581 119.5727 15.0361 34.2561 30.2639 17.8784 26.1374 30.8681 57.0592 85.121 128.1493 65.1265 198.931 74.9461 92.9887 98.5402 92.1156 73.1657 10.088 79.9309 73.8519 86.8847 100.9196 70.7311 13.2875 1258.9262 712.5751 712.5751 607.3714 114.7117 307.0521 188.3288 204.1802 304.032 1214.9758 237.0628 455.747 270.3204 121.9636 380.0145 204.2827 277.232 1227.6318;
	3.7883 51.1877 94.8394 120.3793 15.085 34.388 24.9545 18.8673 26.3505 30.439 56.2661 83.9379 126.368 65.3279 197.4939 74.4047 92.3169 97.8284 92.055 73.1084 8.3182 80.2388 72.7064 88.5845 102.7246 73.0516 13.3801 1232.2951 739.2019 739.2019 662.7547 114.8794 306.8499 188.1813 204.8118 315.3928 1161.781 288.1351 449.2171 275.1552 123.5178 381.478 212.7458 273.4612 1173.8829;
	3.6684 49.5686 93.0261 119.2036 14.8389 33.4747 24.3904 18.7629 25.6677 30.8586 57.0416 85.0949 128.1099 63.9842 201.6694 75.9778 94.2687 99.8967 92.6868 73.8916 8.1301 78.1077 72.669 85.4782 101.49 71.842 13.3381 1239.8182 793.0654 793.0654 682.8632 115.3229 308.9559 190.1971 200.599 338.3746 1234.9275 281.6313 436.3993 271.8481 123.8404 371.3461 213.7809 269.0262 1247.7913;
	3.6247 48.9778 87.6023 114.2676 14.8381 32.8644 23.4009 17.5301 19.617 29.518 54.5637 81.3983 122.5446 64.0643 199.4531 75.1428 93.2327 98.7988 92.5038 73.0576 7.8003 76.6835 71.3398 85.7857 99.0756 64.2628 12.2412 1244.6851 773.4334 773.4334 722.6982 121.0523 308.3461 188.0505 200.8503 329.9983 1234.5554 292.4304 432.8757 265.3811 123.6518 364.5753 209.6908 256.7402 1247.4154;
	3.6213 48.9311 88.5825 112.4193 14.8965 33.2601 23.1296 17.3684 19.6984 30.2695 55.9528 83.4705 125.6644 64.2148 201.3232 75.8473 94.1069 99.7252 91.0418 71.9363 7.7099 77.6069 71.6199 82.2149 97.2071 68.2042 11.9576 1234.2991 770.9395 770.9395 705.2147 115.2545 303.4725 185.1642 201.3222 328.9342 1219.6132 285.8946 434.7445 260.3762 123.1196 368.9653 210.614 252.0101 1232.3175;
	3.6509 49.3315 89.7439 117.132 15.0148 33.0722 21.3329 17.8053 25.667 29.8179 55.1179 82.2251 123.7894 63.8456 195.1154 73.5086 91.2051 96.6502 90.2937 72.7836 7.111 77.1685 72.6187 87.1981 98.7965 71.175 12.9198 1236.3516 772.2632 772.2632 716.8225 115.9897 300.979 187.3452 200.1647 329.499 1193.4019 291.875 435.7467 264.6335 118.7729 366.8812 200.8984 269.6581 1205.8332;
	3.5801 48.375 91.0047 116.2344 15.0069 32.0214 19.9119 17.8507 25.7999 29.9285 55.3224 82.5301 124.2487 61.2434 190.1988 71.6563 88.9069 94.2148 89.6253 71.3935 6.6373 74.7166 73.5866 88.1974 99.6643 69.9416 13.1314 1237.1845 771.5883 771.5883 721.9558 114.1173 298.7509 183.767 192.0065 329.211 1179.2329 299.5837 439.2031 266.958 116.3103 355.2241 199.201 268.3665 1191.5166;
	3.7368 50.4919 94.023 120.5046 15.3859 32.9863 21.8227 17.7537 26.0731 29.4119 54.3674 81.1055 122.1039 63.7037 185.0214 69.7058 86.4868 91.6502 89.0642 72.0337 7.2742 76.968 69.9678 89.3116 101.687 69.8387 12.8554 1210.6036 778.0526 778.0526 711.2882 112.4325 296.8806 185.415 199.7198 331.9691 1115.63 296.9231 459.2057 272.3758 118.8775 365.9277 201.8918 273.5333 1127.2512;
	3.8037 51.396 92.6693 117.4074 15.3877 31.9026 20.069 18.027 27.0563 29.9517 55.3654 82.5942 124.3451 66.4003 188.5025 71.0172 88.114 93.3745 90.7132 71.9361 6.6897 74.4395 70.1028 89.6512 102.8363 59.2044 12.673 1220.8618 770.5641 770.5641 662.6081 112.4385 302.3772 185.1638 208.1739 328.774 1130.2785 308.872 453.0519 275.4543 115.1081 353.9065 197.6104 262.122 1142.0522;
	3.891 52.5764 94.8154 118.0374 15.4194 31.2609 17.1888 14.5861 27.6718 29.0064 53.6179 79.9873 120.4205 65.4629 185.0781 69.7271 86.5133 91.6782 87.249 72.1527 5.7296 72.9421 72.1072 90.0227 105.6445 72.1408 10.4106 1224.3916 745.3203 745.3203 641.5868 103.7874 290.83 185.7211 205.2352 318.0033 1190.279 283.9982 457.8405 282.9763 117.5753 346.7875 193.5367 254.8029 1202.6778;
