function loadprofile = ex_load_profilesh1
%EX_LOAD_PROFILE  Example load profile data file for stochastic unit commitment.
% 2022.03.12
% Andres F. Ramirez

%% define constants
[CT_LABEL, CT_PROB, CT_TABLE, CT_TBUS, CT_TGEN, CT_TBRCH, CT_TAREABUS, ...
    CT_TAREAGEN, CT_TAREABRCH, CT_ROW, CT_COL, CT_CHGTYPE, CT_REP, ...
    CT_REL, CT_ADD, CT_NEWVAL, CT_TLOAD, CT_TAREALOAD, CT_LOAD_ALL_PQ, ...
    CT_LOAD_FIX_PQ, CT_LOAD_DIS_PQ, CT_LOAD_ALL_P, CT_LOAD_FIX_P, ...
    CT_LOAD_DIS_P, CT_TGENCOST, CT_TAREAGENCOST, CT_MODCOST_F, ...
    CT_MODCOST_X] = idx_ct;

loadprofile = struct( ...
    'type', 'mpcData', ...
    'table', CT_TAREALOAD, ...
    'rows', [1:11], ...
    'col', CT_LOAD_ALL_P, ...
    'chgtype', 1, ...
    'values', [] );
loadprofile.values(:,1,:) = [
	1436.9253 822.9097 1448.0185 556.5081 703.1981 1046.5932 814.7828 208.3 473.018 4310.7998 1658.5455;
	1385.5747 772.2254 1418.3228 550.8866 667.2877 1022.5809 808.4536 205.4456 464.2515 4305.994 1624.7373;
	1441.7313 827.263 1469.0 553.5067 693.3989 1014.354 808.6248 206.483 455.2923 4274.1506 1642.9171;
	1421.0381 851.1167 1514.1 559.3971 732.3887 1063.5249 825.4 210.6391 482.5634 4376.3176 1719.0272;
	1467.6758 928.1 1572.3501 560.8591 816.6453 1151.269 890.8904 250.7404 511.1146 4642.4356 1852.3;
	1554.6032 988.6 1677.937 583.3 870.5661 1168.1026 922.8655 268.8 527.7207 4744.2189 1851.9794;
	1568.0642 997.5323 1688.5298 587.792 886.9056 1223.9602 984.0909 282.7 541.9392 4964.053 1915.1392;
	1653.6883 1062.6836 1802.2574 583.4 909.2742 1248.7739 1042.0306 284.8728 582.067 5205.2214 2006.1607;
	1648.7028 1019.3568 1713.3918 571.4415 914.4383 1241.0548 996.7356 268.0419 555.8802 5171.9912 1883.3196;
	1642.4141 1030.5898 1807.887 572.1861 931.5815 1257.1439 994.8668 278.9586 572.6747 5397.8911 1882.4488;
	1605.4098 982.8064 1780.6539 555.8292 918.4495 1216.4573 1007.4634 272.4753 551.6818 5341.6636 1899.7615;
	1513.8111 953.7583 1743.82 548.51 883.747 1191.3811 1057.4012 276.8941 562.3729 5227.4888 1838.8663;
	1549.1296 980.2288 1782.9985 544.0 895.6399 1225.8147 1075.2578 275.385 573.004 5263.7055 1892.1956;
	1641.1152 1019.3816 1808.9242 548.2607 920.8804 1280.7063 1117.2242 287.1862 569.3311 5214.4704 1892.1803;
	1613.7596 1003.4437 1764.2554 556.3597 917.2097 1220.3833 1019.3455 284.9549 528.2244 5107.5941 1878.4103;
	1660.6678 1047.3148 1801.759 561.8 951.719 1275.2581 1053.5305 275.7544 562.4072 5182.4904 2005.3472;
	1573.2554 1038.4558 1797.7247 576.7093 917.2943 1326.0353 1115.5 299.8185 558.7949 5330.1619 2092.672;
	1649.2867 1049.7107 1841.171 587.7516 930.2112 1365.1045 1129.6993 304.5549 584.512 5342.823 2207.3834;
	1709.737 1100.7708 1887.4296 600.1728 977.1 1355.1949 1112.0 317.4441 508.7238 5222.676 2033.7509;
	1689.7821 1037.6588 1773.6772 596.0895 897.5248 1301.5751 1063.2304 288.0635 526.3526 5048.3475 2099.6828;
	1598.867 989.4376 1697.0545 572.2 854.4083 1232.0294 990.5139 261.1771 531.835 4926.3603 2010.3;
	1551.4044 933.5727 1615.7015 555.4899 800.809 1167.0726 948.9564 249.0383 509.6066 4820.2006 1901.5255;
	1510.7865 887.8644 1560.6103 567.8231 797.9079 1182.5 930.6207 214.1274 498.0111 4586.8425 1798.3853;
	1515.0725 893.4999 1550.3095 581.5 794.782 1148.8099 909.0687 216.9914 483.4185 4504.5095 1676.8848;
];
