function solarprofile = ex_solar_profilesh1
%EX_WIND_PROFILE_D  Example wind_load_nyiso profile data for deterministic unit commitment.
% 2022.03.12
% Andres F. Ramirez


%% define constants
[GEN_BUS, PG, QG, QMAX, QMIN, VG, MBASE, GEN_STATUS, PMAX, PMIN, ...
    MU_PMAX, MU_PMIN, MU_QMAX, MU_QMIN, PC1, PC2, QC1MIN, QC1MAX, ...
    QC2MIN, QC2MAX, RAMP_AGC, RAMP_10, RAMP_30, RAMP_Q, APF] = idx_gen;
[CT_LABEL, CT_PROB, CT_TABLE, CT_TBUS, CT_TGEN, CT_TBRCH, CT_TAREABUS, ...
    CT_TAREAGEN, CT_TAREABRCH, CT_ROW, CT_COL, CT_CHGTYPE, CT_REP, ...
    CT_REL, CT_ADD, CT_NEWVAL, CT_TLOAD, CT_TAREALOAD, CT_LOAD_ALL_PQ, ...
    CT_LOAD_FIX_PQ, CT_LOAD_DIS_PQ, CT_LOAD_ALL_P, CT_LOAD_FIX_P, ...
    CT_LOAD_DIS_P, CT_TGENCOST, CT_TAREAGENCOST, CT_MODCOST_F, ...
    CT_MODCOST_X] = idx_ct;

solarprofile = struct( ...
    'type', 'mpcData', ...
    'table', CT_TGEN, ...
    'rows', [1:12], ...
    'col', PMAX, ...
    'chgtype', 1, ...
    'values', [] );
solarprofile.values(:,1,:) = [
	0.0 0.0 0.0 0.0 0.0 0.0 0.0 0.0 0.0 0.0 0.0 0.0;
	0.0 0.0 0.0 0.0 0.0 0.0 0.0 0.0 0.0 0.0 0.0 0.0;
	0.0 0.0 0.0 0.0 0.0 0.0 0.0 0.0 0.0 0.0 0.0 0.0;
	0.0 0.0 0.0 0.0 0.0 0.0 0.0 0.0 0.0 0.0 0.0 0.0;
	0.0 0.0 0.0 0.0 0.0 0.0 0.0 0.0 0.0 0.0 0.0 0.0;
	1.059 0.853 0.7132 0.0 0.0 12.0089 1.5011 5.3735 4.1337 0.0 0.0 0.0;
	12.1087 9.2917 8.3407 2.162 2.9943 275.9383 34.4923 43.9512 110.9817 122.6383 76.405 222.0987;
	25.5747 17.3673 14.4012 2.7485 4.5686 428.7456 53.5932 64.1052 175.7539 176.3907 82.4022 319.4447;
	26.9736 17.4024 14.4207 4.0096 5.7015 438.6261 54.8283 70.7468 200.538 206.2528 103.9218 373.5251;
	27.2469 17.315 14.3071 2.722 4.4468 353.1823 44.1478 68.3551 170.4674 111.1323 113.7691 201.2612;
	26.1498 16.9411 14.0758 2.9136 5.1293 312.5584 39.0698 68.4854 169.0891 178.2897 152.0308 322.8836;
	25.6295 16.5625 13.8572 3.0648 5.419 351.9512 43.9939 68.7097 173.1317 239.2733 163.5231 433.3254;
	24.2461 15.9262 13.4455 2.855 3.836 405.7501 50.7188 68.4854 153.7813 262.6962 113.0957 475.7444;
	21.9277 15.936 13.3125 2.4593 3.2239 404.5137 50.5642 63.3495 119.2456 248.9386 89.265 450.8292;
	16.8805 12.812 10.358 1.9644 2.4145 345.4759 43.1845 53.4868 80.703 188.0613 65.7316 340.5801;
	7.8333 6.278 3.899 1.7733 2.6127 173.4829 21.6854 9.0863 47.3051 65.7264 45.5112 119.031;
	1.2326 1.0081 0.7875 0.8264 1.3431 85.0404 10.63 11.4128 33.8599 19.9975 14.2007 36.2157;
	0.0 0.0 0.0 0.0 0.0 0.0 0.0 0.0 0.0 0.0 0.0 0.0;
	0.0 0.0 0.0 0.0 0.0 0.0 0.0 0.0 0.0 0.0 0.0 0.0;
	0.0 0.0 0.0 0.0 0.0 0.0 0.0 0.0 0.0 0.0 0.0 0.0;
	0.0 0.0 0.0 0.0 0.0 0.0 0.0 0.0 0.0 0.0 0.0 0.0;
	0.0 0.0 0.0 0.0 0.0 0.0 0.0 0.0 0.0 0.0 0.0 0.0;
	0.0 0.0 0.0 0.0 0.0 0.0 0.0 0.0 0.0 0.0 0.0 0.0;
	0.0 0.0 0.0 0.0 0.0 0.0 0.0 0.0 0.0 0.0 0.0 0.0;
];
