function loadprofile = ex_load_profilesh1
%EX_LOAD_PROFILE  Example load profile data file for stochastic unit commitment.
% 2022.03.12
% Andres F. Ramirez

%% define constants
[CT_LABEL, CT_PROB, CT_TABLE, CT_TBUS, CT_TGEN, CT_TBRCH, CT_TAREABUS, ...
    CT_TAREAGEN, CT_TAREABRCH, CT_ROW, CT_COL, CT_CHGTYPE, CT_REP, ...
    CT_REL, CT_ADD, CT_NEWVAL, CT_TLOAD, CT_TAREALOAD, CT_LOAD_ALL_PQ, ...
    CT_LOAD_FIX_PQ, CT_LOAD_DIS_PQ, CT_LOAD_ALL_P, CT_LOAD_FIX_P, ...
    CT_LOAD_DIS_P, CT_TGENCOST, CT_TAREAGENCOST, CT_MODCOST_F, ...
    CT_MODCOST_X] = idx_ct;

loadprofile = struct( ...
    'type', 'mpcData', ...
    'table', CT_TAREALOAD, ...
    'rows', [1:11], ...
    'col', CT_LOAD_ALL_P, ...
    'chgtype', 1, ...
    'values', [] );
loadprofile.values(:,1,:) = [
	1496.7237 895.2498 1536.9702 583.8642 733.2022 1083.748 852.826 234.2 492.6029 4274.5419 1702.7467;
	1480.3 899.0465 1527.1 564.6 711.2746 1072.437 824.194 226.7025 473.9766 4109.8744 1657.759;
	1508.2908 902.3 1523.3521 572.6999 712.3 1088.2495 839.2377 228.4228 471.9 4162.117 1676.1331;
	1517.6711 912.9898 1547.1014 575.595 718.3916 1098.6588 849.0204 236.6966 486.015 4263.3572 1720.5884;
	1561.0142 952.6479 1633.7622 594.9162 785.5224 1147.8 889.7209 260.6675 499.2932 4384.0561 1829.7143;
	1614.2216 1004.6039 1690.6299 594.0582 843.8463 1193.1083 918.3604 260.3 509.3731 4364.5201 1891.7784;
	1638.1125 1033.2393 1782.1099 597.3008 921.671 1270.9846 975.3049 288.0769 548.7302 4628.9224 1959.4295;
	1715.5798 1078.4825 1847.5757 634.6425 951.8 1337.4 1027.2601 294.0 570.8747 4747.087 2044.3752;
	1773.8509 1098.4148 1897.2 625.9265 966.3766 1338.6385 1061.5566 301.9072 584.6502 5137.8788 2074.6649;
	1799.9577 1112.2 1919.7387 612.2651 965.6413 1351.7394 1099.651 320.3528 603.2944 5306.9987 2169.6825;
	1727.8447 1079.105 1856.7327 610.5582 933.0242 1295.3807 1087.3169 313.3695 593.6945 5341.7457 2244.0588;
	1686.5611 1068.0433 1838.6254 595.7631 925.3 1246.9787 1095.7067 306.6902 586.3 5397.9784 2214.9101;
	1683.8784 1074.3169 1823.1832 606.903 899.6 1297.1539 1108.4592 321.8243 578.3398 5380.2107 2287.4192;
	1686.8875 1074.3813 1802.8321 617.9694 930.3306 1287.8 1059.1218 323.3711 576.1689 5424.6941 2290.392;
	1681.8787 1071.0179 1809.4121 605.0705 917.1214 1317.363 1066.8061 320.1957 574.2257 5447.5115 2340.095;
	1734.1466 1073.0592 1780.4892 614.6013 901.1458 1323.377 1032.989 337.9354 579.6709 5379.7194 2226.1616;
	1679.7042 1072.8684 1778.6571 611.077 933.1229 1361.0 1124.1671 330.8325 627.2401 5454.4672 2270.8345;
	1764.2469 1103.7 1844.1704 640.0896 960.0775 1423.3442 1134.3757 332.4 653.7 5428.0384 2294.5166;
	1830.1951 1114.6532 1865.7699 631.7597 932.4 1376.3687 1131.7505 339.1426 651.3 5426.9919 2294.4752;
	1824.6609 1086.4769 1824.0 620.2265 912.726 1361.0761 1135.2594 328.3545 642.6332 5359.8672 2271.8522;
	1775.1533 1025.0 1743.3 601.1652 867.3427 1284.2 1064.2631 322.6303 616.3279 5127.5568 2104.8156;
	1653.2449 953.5 1615.6963 578.9387 823.5618 1186.2305 995.775 295.2138 588.8606 4841.5946 1938.1366;
	1597.4 953.1203 1591.6489 583.3081 758.5837 1156.5 932.1728 255.3124 548.3 4715.9635 1758.5897;
	1549.1299 927.8569 1602.4 583.7933 754.6287 1120.1694 897.8186 257.5529 525.5648 4538.3571 1758.1965;
];
