function windprofile = ex_wind_profilesh1
%EX_WIND_PROFILE_D  Example wind_load_nyiso profile data for deterministic unit commitment.
% 2022.03.12
% Andres F. Ramirez


%% define constants
[GEN_BUS, PG, QG, QMAX, QMIN, VG, MBASE, GEN_STATUS, PMAX, PMIN, ...
    MU_PMAX, MU_PMIN, MU_QMAX, MU_QMIN, PC1, PC2, QC1MIN, QC1MAX, ...
    QC2MIN, QC2MAX, RAMP_AGC, RAMP_10, RAMP_30, RAMP_Q, APF] = idx_gen;
[CT_LABEL, CT_PROB, CT_TABLE, CT_TBUS, CT_TGEN, CT_TBRCH, CT_TAREABUS, ...
    CT_TAREAGEN, CT_TAREABRCH, CT_ROW, CT_COL, CT_CHGTYPE, CT_REP, ...
    CT_REL, CT_ADD, CT_NEWVAL, CT_TLOAD, CT_TAREALOAD, CT_LOAD_ALL_PQ, ...
    CT_LOAD_FIX_PQ, CT_LOAD_DIS_PQ, CT_LOAD_ALL_P, CT_LOAD_FIX_P, ...
    CT_LOAD_DIS_P, CT_TGENCOST, CT_TAREAGENCOST, CT_MODCOST_F, ...
    CT_MODCOST_X] = idx_ct;

windprofile = struct( ...
    'type', 'mpcData', ...
    'table', CT_TGEN, ...
    'rows', [1:45], ...
    'col', PMAX, ...
    'chgtype', 1, ...
    'values', [] );
windprofile.values(:,1,:) = [
	3.6421 49.2131 93.861 119.4444 15.1665 32.6636 30.7018 18.4733 28.3929 30.6169 56.5949 84.4285 127.1067 69.2071 200.8337 75.6629 93.8781 99.4827 84.537 73.9074 10.2339 76.2152 75.3545 88.2079 104.1267 74.5679 13.6925 1350.3841 813.3931 813.3931 603.6346 113.2164 281.7901 190.238 216.9736 347.0477 1318.2011 227.6978 468.959 278.9109 116.1061 362.3487 201.7995 285.9644 1331.9324;
	3.6598 49.4515 93.0562 116.3327 14.8432 31.818 27.0854 18.1756 28.0113 29.8306 55.1414 82.2602 123.8422 67.9116 198.1398 74.648 92.6188 98.1483 83.7761 73.6793 9.0285 74.242 74.8049 87.0548 101.8512 73.3675 13.3377 1333.5421 808.9239 808.9239 607.7534 102.5279 279.2535 189.6506 212.9119 345.1409 1283.6661 216.3161 463.1878 272.8158 115.198 352.9679 189.8082 275.0697 1297.0376;
	3.7127 50.1667 90.4564 115.8655 14.784 32.582 22.8603 17.8496 28.2717 30.5872 56.54 84.3465 126.9833 65.9906 200.143 75.4027 93.5552 99.1406 83.852 72.2374 7.6201 76.0247 74.5645 87.7848 100.9485 74.817 13.1097 1319.3713 779.6088 779.6088 648.1595 99.0711 279.5065 185.9391 206.8895 332.6331 1293.8103 225.2261 425.9319 270.3978 115.5973 361.4432 195.0783 263.6573 1307.2875;
	3.7582 50.7814 92.1638 113.9891 15.1278 32.9882 24.6024 17.9313 28.4318 30.4056 56.2043 83.8457 126.2293 67.0055 201.8543 76.0474 94.3551 99.9883 88.8302 71.1976 8.2008 76.9725 73.6081 88.6118 101.0796 73.5364 12.9216 1347.7568 773.0135 773.0135 647.9038 104.5003 296.1006 183.2628 210.0712 329.8191 1286.4888 242.4891 434.5803 270.7489 115.9186 365.949 163.5138 272.7146 1299.8897;
	3.8565 52.1092 91.5222 113.289 15.2146 34.3022 31.1881 17.5383 28.4745 31.2301 57.7284 86.1194 129.6524 67.7558 203.821 76.7884 95.2744 100.9625 89.6338 73.5331 10.396 80.0384 75.5713 85.4997 99.1784 74.9147 12.8425 1332.056 796.0164 796.0164 711.6078 111.7517 298.7792 189.2744 212.4235 339.6336 1272.4897 254.5988 466.9925 265.6564 113.72 380.5256 198.528 271.2142 1285.7448;
	3.9141 52.8887 93.3064 114.622 15.2443 34.5531 30.7968 17.5798 28.1479 30.6519 56.6596 84.525 127.252 64.3275 205.8253 77.5435 96.2113 101.9553 90.7755 73.0869 10.2656 80.6238 75.2174 86.9733 100.0044 74.1452 12.4971 1338.8327 823.8513 823.8513 776.5781 111.3647 302.5849 188.1259 201.6755 351.5099 1267.5098 263.8928 455.4102 267.869 113.5632 383.3088 193.9579 279.2533 1280.713;
	3.8493 52.013 92.572 114.2588 14.9246 34.4214 31.8396 17.9205 28.2299 30.2976 56.0047 83.548 125.781 66.407 205.5903 77.455 96.1015 101.8389 90.6519 72.9964 10.6132 80.3165 73.772 86.0317 99.7255 75.1747 12.849 1310.3298 815.2714 815.2714 783.3669 112.4892 302.173 187.893 208.195 347.8491 1271.8721 300.4876 460.6697 267.1219 114.198 381.8477 172.2768 275.4567 1285.1208;
	3.85 52.0222 90.2551 113.1138 14.5483 33.9674 29.8572 17.5747 27.1762 30.1743 55.7768 83.208 125.2693 67.0538 201.2029 75.802 94.0506 99.6656 89.1865 70.4742 9.9524 79.2572 72.357 87.1666 99.038 73.5357 12.3534 1326.3494 810.1818 810.1818 783.2568 119.501 297.2884 181.4007 210.2228 345.6776 1259.5294 314.5377 446.5471 265.2804 113.6926 376.8115 177.9364 279.0763 1272.6495;
	3.8742 52.3491 92.5191 113.1578 14.986 34.2992 30.5623 18.3319 27.1899 31.3144 57.8842 86.3518 130.0022 67.5889 200.4972 75.5361 93.7208 99.316 90.7903 71.989 10.1874 80.0316 74.2332 87.5598 99.631 72.9785 12.5668 1299.724 790.1244 790.1244 796.4411 121.6798 302.6345 185.2999 211.9003 337.1197 1245.9848 319.4342 454.3078 266.8688 116.0827 380.493 205.5624 282.8945 1258.9639;
	3.8548 52.0866 94.0365 115.3083 14.8138 34.2207 23.74 18.443 27.0742 30.6721 56.6969 84.5806 127.3357 68.4058 197.4051 74.3712 92.2754 97.7844 88.8779 71.6158 7.9133 79.8483 74.3122 88.6778 102.5951 71.6365 12.8269 1292.1167 795.0314 795.0314 774.6247 116.5238 296.2597 184.3393 214.4615 339.2134 1192.2568 313.1298 440.565 274.8082 115.0995 379.6215 211.4897 282.9396 1204.6761;
	3.8669 52.2502 93.885 115.7471 14.8388 34.3074 25.5466 18.1777 27.1101 31.1846 57.6442 85.9938 129.4632 64.5516 199.3147 75.0907 93.168 98.7303 89.3575 73.5067 8.5155 80.0506 74.3435 88.0033 103.5833 71.448 12.9153 1307.3782 791.642 791.642 762.9897 116.4419 297.8584 189.2065 202.378 337.7673 1240.5884 304.9975 440.5703 277.4552 113.9127 380.5834 212.1646 283.347 1253.5112;
	3.9125 52.8666 95.202 120.1445 14.952 34.9961 26.5525 18.7201 27.711 30.7847 56.9051 84.8912 127.8032 65.977 198.7451 74.8761 92.9018 98.4482 88.2584 71.7599 8.8508 81.6575 75.0372 89.6926 105.5534 68.4972 13.1456 1268.5601 823.2115 823.2115 781.074 121.0413 294.1948 184.7102 206.8468 351.2369 1265.382 329.1805 461.3621 282.7323 119.0256 388.2232 215.3793 280.9065 1278.5631;
	3.9315 53.1227 95.4222 120.4967 15.3964 35.1118 29.3599 18.8885 28.4686 31.0189 57.3379 85.5369 128.7753 66.5618 198.4983 74.7831 92.7864 98.3259 91.1831 73.0164 9.7866 81.9276 74.4393 89.9407 106.1626 71.902 13.4767 1348.8472 843.7509 843.7509 786.8855 118.098 303.9438 187.9444 208.6804 360.0004 1342.0978 329.936 476.243 284.3641 119.8601 389.507 219.1656 286.3267 1356.0779;
	3.9265 53.0551 95.3609 120.9039 15.3403 35.0838 28.785 18.84 28.4654 30.5879 56.5413 84.3486 126.9863 66.1133 202.7157 76.372 94.7578 100.415 90.6033 73.7663 9.595 81.8621 73.8344 90.0405 106.3561 70.7957 13.7499 1352.491 840.211 840.211 787.0127 122.724 302.011 189.8747 207.274 358.49 1317.7487 324.1186 473.7789 284.8825 120.6461 389.1959 213.8763 286.0274 1331.4752;
	3.9238 53.0192 94.4115 119.8869 15.2973 35.0404 24.8931 18.6148 28.4086 30.3305 56.0654 83.6386 125.9175 68.2225 200.3508 75.481 93.6523 99.2435 86.1279 72.8582 8.2977 81.7609 74.7677 88.738 104.2832 71.5309 13.5298 1354.7108 820.966 820.966 770.5319 123.1459 287.0932 187.5371 213.8866 350.2788 1338.698 330.0706 469.4842 279.33 117.5159 388.7146 215.1946 284.5109 1352.6427;
	3.931 53.1166 94.5794 120.3844 15.3868 34.7569 27.0181 18.835 28.3571 31.1398 57.5615 85.8705 129.2775 69.5013 193.1411 72.7648 90.2822 95.6722 87.4505 72.158 9.006 81.0994 74.9559 89.4301 105.9384 70.5145 13.4872 1339.8888 825.7713 825.7713 756.637 116.2754 291.5016 185.7349 217.8958 352.3291 1256.7659 323.2339 477.8231 283.7636 123.1544 385.5697 211.5974 283.8594 1269.8573;
	3.9296 53.098 95.4045 119.0388 15.4148 33.1163 23.7913 18.6423 28.4116 30.9279 57.1697 85.2859 128.3975 69.6936 189.2405 71.2953 88.4589 93.7401 86.2533 72.646 7.9304 77.2713 74.7141 89.5239 105.661 61.885 13.1817 1328.2198 800.2872 800.2872 696.657 113.354 287.5109 186.991 218.4987 341.4559 1249.7192 331.6409 469.673 283.0206 123.6163 367.3698 206.2454 271.7931 1262.7371;
	3.9319 53.1283 95.0917 113.3566 15.4216 30.7027 20.2726 14.7673 28.3548 29.8079 55.0994 82.1975 123.7479 69.2145 181.5064 68.3815 84.8437 89.909 88.2677 68.9161 6.7575 71.6397 73.8556 89.2006 105.8622 70.6785 11.0222 1341.1718 765.3952 765.3952 686.1032 112.2279 294.2258 177.3903 216.9969 326.5686 1282.6863 307.8965 466.7188 283.5595 122.2183 340.5954 189.5978 252.767 1296.0476;
