function solarprofile = ex_solar_profilesh1
%EX_WIND_PROFILE_D  Example wind_load_nyiso profile data for deterministic unit commitment.
% 2022.03.12
% Andres F. Ramirez


%% define constants
[GEN_BUS, PG, QG, QMAX, QMIN, VG, MBASE, GEN_STATUS, PMAX, PMIN, ...
    MU_PMAX, MU_PMIN, MU_QMAX, MU_QMIN, PC1, PC2, QC1MIN, QC1MAX, ...
    QC2MIN, QC2MAX, RAMP_AGC, RAMP_10, RAMP_30, RAMP_Q, APF] = idx_gen;
[CT_LABEL, CT_PROB, CT_TABLE, CT_TBUS, CT_TGEN, CT_TBRCH, CT_TAREABUS, ...
    CT_TAREAGEN, CT_TAREABRCH, CT_ROW, CT_COL, CT_CHGTYPE, CT_REP, ...
    CT_REL, CT_ADD, CT_NEWVAL, CT_TLOAD, CT_TAREALOAD, CT_LOAD_ALL_PQ, ...
    CT_LOAD_FIX_PQ, CT_LOAD_DIS_PQ, CT_LOAD_ALL_P, CT_LOAD_FIX_P, ...
    CT_LOAD_DIS_P, CT_TGENCOST, CT_TAREAGENCOST, CT_MODCOST_F, ...
    CT_MODCOST_X] = idx_ct;

solarprofile = struct( ...
    'type', 'mpcData', ...
    'table', CT_TGEN, ...
    'rows', [1:12], ...
    'col', PMAX, ...
    'chgtype', 1, ...
    'values', [] );
solarprofile.values(:,1,:) = [
	0.0 0.0 0.0 0.0 0.0 0.0 0.0 0.0 0.0 0.0 0.0 0.0;
	0.0 0.0 0.0 0.0 0.0 0.0 0.0 0.0 0.0 0.0 0.0 0.0;
	0.0 0.0 0.0 0.0 0.0 0.0 0.0 0.0 0.0 0.0 0.0 0.0;
	0.0 0.0 0.0 0.0 0.0 0.0 0.0 0.0 0.0 0.0 0.0 0.0;
	0.0 0.0 0.0 0.0 0.0 0.0 0.0 0.0 0.0 0.0 0.0 0.0;
	1.0298 0.8474 0.724 0.0 0.0 9.4835 1.1854 4.4559 2.5172 0.0 0.0 0.0;
	13.0214 15.9625 8.173 2.647 5.5748 105.9747 13.2468 28.1047 69.4394 76.3855 45.1556 138.3345;
	23.739 17.3854 13.2508 4.6561 6.9402 317.9307 39.7413 50.1659 149.4242 224.2176 163.5049 406.0595;
	26.1971 17.335 13.8909 6.5195 7.4234 382.3959 47.7995 58.5078 197.7647 291.0987 155.6274 527.1814;
	26.6298 17.3493 14.1874 3.3085 7.1114 395.1523 49.394 60.5563 207.1063 195.789 121.5313 354.575;
	26.1447 17.2753 13.9653 4.8265 8.0367 400.3855 50.0482 59.515 193.3435 229.4019 153.0271 415.4482;
	25.8365 16.881 13.8186 4.6792 8.0848 394.7813 49.3477 60.0219 174.3786 262.5029 195.6709 475.3944;
	25.0289 16.4594 13.727 1.6945 6.425 328.922 41.1152 68.5652 105.9124 251.5725 186.2079 455.5993;
	23.8155 16.9117 14.1936 0.8839 5.8798 314.9129 39.3641 70.179 102.2755 222.1101 130.2154 402.2427;
	20.9453 16.5172 13.9022 0.89 5.863 297.8252 37.2282 69.8475 106.0793 146.3757 79.772 265.0873;
	9.5492 11.7369 8.5361 2.478 6.6842 261.4216 32.6777 59.2265 161.5088 64.2639 53.8919 116.3823;
	1.3143 1.0924 0.849 1.0076 1.8176 88.9824 11.1228 16.448 49.5123 84.1815 96.7486 152.4531;
	0.0 0.0 0.0 0.0 0.0 0.0 0.0 0.0 0.0 0.0 0.0 0.0;
	0.0 0.0 0.0 0.0 0.0 0.0 0.0 0.0 0.0 0.0 0.0 0.0;
	0.0 0.0 0.0 0.0 0.0 0.0 0.0 0.0 0.0 0.0 0.0 0.0;
	0.0 0.0 0.0 0.0 0.0 0.0 0.0 0.0 0.0 0.0 0.0 0.0;
	0.0 0.0 0.0 0.0 0.0 0.0 0.0 0.0 0.0 0.0 0.0 0.0;
	0.0 0.0 0.0 0.0 0.0 0.0 0.0 0.0 0.0 0.0 0.0 0.0;
	0.0 0.0 0.0 0.0 0.0 0.0 0.0 0.0 0.0 0.0 0.0 0.0;
];
