function windprofile = ex_wind_profilesh1
%EX_WIND_PROFILE_D  Example wind_load_nyiso profile data for deterministic unit commitment.
% 2022.03.12
% Andres F. Ramirez


%% define constants
[GEN_BUS, PG, QG, QMAX, QMIN, VG, MBASE, GEN_STATUS, PMAX, PMIN, ...
    MU_PMAX, MU_PMIN, MU_QMAX, MU_QMIN, PC1, PC2, QC1MIN, QC1MAX, ...
    QC2MIN, QC2MAX, RAMP_AGC, RAMP_10, RAMP_30, RAMP_Q, APF] = idx_gen;
[CT_LABEL, CT_PROB, CT_TABLE, CT_TBUS, CT_TGEN, CT_TBRCH, CT_TAREABUS, ...
    CT_TAREAGEN, CT_TAREABRCH, CT_ROW, CT_COL, CT_CHGTYPE, CT_REP, ...
    CT_REL, CT_ADD, CT_NEWVAL, CT_TLOAD, CT_TAREALOAD, CT_LOAD_ALL_PQ, ...
    CT_LOAD_FIX_PQ, CT_LOAD_DIS_PQ, CT_LOAD_ALL_P, CT_LOAD_FIX_P, ...
    CT_LOAD_DIS_P, CT_TGENCOST, CT_TAREAGENCOST, CT_MODCOST_F, ...
    CT_MODCOST_X] = idx_ct;

windprofile = struct( ...
    'type', 'mpcData', ...
    'table', CT_TGEN, ...
    'rows', [1:45], ...
    'col', PMAX, ...
    'chgtype', 1, ...
    'values', [] );
windprofile.values(:,1,:) = [
	3.7375 50.502 90.1079 115.1041 15.2248 33.6435 29.2862 18.4184 26.7587 25.4012 46.9537 70.0456 105.4533 66.68 202.2041 76.1792 94.5186 100.1616 84.8189 71.6739 9.7621 78.5014 71.0025 86.0601 102.1695 74.9641 12.9439 1349.1542 774.1361 774.1361 624.1193 108.9808 282.7296 184.4888 209.0508 330.2981 1204.9285 218.7189 449.9555 273.6683 117.295 373.2183 207.5053 280.1115 1217.4799;
	3.623 48.9545 89.2328 114.4019 14.7742 32.4673 25.6599 18.8936 25.8289 27.9371 51.6413 77.0386 115.9812 65.4588 191.8002 72.2596 89.6554 95.008 85.4644 71.4334 8.5533 75.757 70.5366 89.4254 103.9173 76.0903 13.5971 1325.9246 769.6634 769.6634 664.6487 104.4266 284.8814 183.8697 205.2222 328.3897 1154.9883 217.6649 435.809 278.3498 116.6941 360.1704 190.0513 278.6146 1167.0194;
	3.5937 48.5589 89.1396 111.0451 14.7359 32.3282 22.0776 18.118 25.8562 28.452 52.593 78.4584 118.1187 64.0256 196.3151 73.9606 91.7659 97.2444 87.7049 72.2385 7.3592 75.4324 69.7556 87.5007 100.4844 76.3391 13.3008 1312.6349 766.984 766.984 687.7571 98.3966 292.3496 185.9421 200.7288 327.2465 1215.7149 217.9191 412.4796 269.1547 121.1595 358.6274 191.1995 266.2076 1228.3786;
	3.3365 45.0834 88.1098 108.2425 14.2325 29.4953 24.1255 17.7716 25.841 28.7152 53.0796 79.1844 119.2117 64.8584 200.4583 75.5215 93.7026 99.2968 87.4662 71.6313 8.0418 68.8224 67.6838 86.0803 97.4304 73.9324 12.9937 1297.2438 742.0212 742.0212 670.2894 102.9276 291.554 184.3792 203.3399 316.5957 1210.4348 236.1922 428.1747 260.9744 118.2196 327.2016 143.4736 258.0539 1223.0435;
	3.6308 49.0603 93.2281 111.3181 14.9446 31.8917 30.6671 18.4302 26.7354 30.944 57.1995 85.3305 128.4645 66.2758 204.4408 77.0219 95.5642 101.2695 88.6441 73.112 10.2224 74.414 73.6836 87.2975 101.4889 74.2117 13.2742 1253.1947 748.445 748.445 690.2665 108.4319 295.4804 188.1904 207.7835 319.3365 1175.0443 231.0158 447.3249 271.8453 118.1759 353.7854 179.6751 264.5936 1187.2844;
	3.6455 49.2581 93.8546 115.1046 15.2147 32.5787 29.9794 18.6126 27.1317 30.7092 56.7655 84.6829 127.4896 66.4627 202.9029 76.4425 94.8453 100.5077 90.4622 71.8232 9.9931 76.017 73.694 86.3427 102.8227 74.8075 13.366 1252.4905 771.7134 771.7134 722.9878 110.1237 301.5408 184.8732 208.3695 329.2644 1169.1815 236.5642 443.466 275.4178 121.586 361.4066 175.2961 266.4345 1181.3605;
	3.6349 49.1153 93.8271 118.8837 15.0763 32.8155 30.6379 19.0342 26.8305 30.5835 56.5331 84.3362 126.9677 66.7425 201.4389 75.8909 94.161 99.7825 88.9618 72.167 10.2126 76.5696 74.3671 86.8155 104.1315 75.7759 13.8103 1224.2816 752.4335 752.4335 719.3984 107.919 296.5393 185.7581 209.2467 321.0383 1159.6371 262.7431 439.1541 278.9236 121.2824 364.0336 159.2379 263.9437 1171.7167;
	3.6958 49.9386 94.4622 120.167 15.2729 33.5203 29.9901 19.0381 27.3896 29.9181 55.3031 82.5014 124.2054 68.3798 201.1582 75.7852 94.0297 99.6435 89.1451 69.0179 9.9967 78.214 73.0841 89.2261 105.6799 73.9708 13.8283 1285.0499 808.2193 808.2193 721.9304 109.2086 297.1502 177.6522 214.3799 344.8402 1231.8742 268.9361 457.629 283.0712 123.1467 371.8516 178.2301 275.1719 1244.7063;
	3.8033 51.3912 92.383 118.4846 15.2953 32.8446 31.6989 18.03 27.5306 30.3222 56.0502 83.6159 125.8833 68.4286 201.5966 75.9504 94.2347 99.8607 92.2869 69.6316 10.5663 76.6374 73.2626 87.3111 103.5725 73.5894 13.1435 1293.8867 804.3396 804.3396 767.2133 115.4185 307.623 179.2319 214.5329 343.1849 1249.2737 296.9397 462.9404 277.4264 121.3253 364.3561 205.8898 263.7972 1262.287;
	3.5875 48.4747 89.5033 118.227 14.9971 32.3502 26.7907 17.7351 26.9293 30.0543 55.555 82.8771 124.771 67.8035 198.0559 74.6164 92.5796 98.1068 91.5296 68.3988 8.9302 75.4839 72.2991 85.9278 100.7917 70.5524 12.9757 1307.8187 828.4259 828.4259 758.0674 117.9011 305.0986 176.0587 212.573 353.4617 1260.5045 314.8569 445.1955 269.9777 120.9579 358.8719 208.8085 259.3967 1273.6348;
	3.6319 49.0743 88.5867 116.4959 14.9127 32.6525 28.2833 17.4978 27.1526 30.6227 56.6056 84.4444 127.1306 67.8794 192.7013 72.5991 90.0767 95.4544 91.4323 70.6785 9.4278 76.1891 72.3511 84.571 101.1092 72.0419 12.7285 1327.3053 841.1972 841.1972 787.8079 116.724 304.7744 181.9266 212.811 358.9108 1301.3261 305.5809 453.8817 270.8283 121.7976 362.225 209.7427 265.7225 1314.8816;
	3.7115 50.1507 89.2115 117.2485 14.9871 32.9772 27.766 18.0914 27.8691 29.4468 54.432 81.2018 122.2489 66.4305 190.0953 71.6173 88.8585 94.1635 88.9559 68.4126 9.2553 76.9468 71.3331 86.1041 101.5971 70.6949 12.8516 1301.5527 826.1102 826.1102 796.1566 117.349 296.5198 176.0943 208.2685 352.4737 1295.4882 316.9401 460.1647 272.135 121.6902 365.827 213.8849 264.3034 1308.9828;
	3.6747 49.6538 88.4635 110.9905 14.9847 33.1295 29.2794 18.1072 28.4707 30.3399 56.0828 83.6645 125.9565 67.062 196.8405 74.1585 92.0115 97.5047 92.5704 69.2047 9.7598 77.3022 71.8716 81.6401 98.9219 71.1114 12.8655 1332.4172 842.3357 842.3357 816.1358 116.6568 308.5681 178.133 210.2485 359.3965 1322.6529 345.5379 468.9759 264.9695 120.2972 367.5168 214.9052 253.2446 1336.4305;
	3.5918 48.5337 88.8214 111.5651 14.4151 32.2455 27.6537 17.7027 28.1464 30.0989 55.6374 83.0 124.9561 66.2066 193.4815 72.893 90.4413 95.8408 90.8328 70.3575 9.2179 75.2395 73.0261 84.8069 98.3783 70.4761 12.8533 1307.1427 786.7074 786.7074 776.6957 114.58 302.7759 181.1005 207.5666 335.6618 1274.6516 320.308 456.6331 263.5132 118.6536 357.7102 202.3547 259.5638 1287.9292;
	3.7198 50.2621 91.0459 114.3869 14.6441 33.7177 23.7376 17.7745 28.2909 30.7862 56.9079 84.8953 127.8095 66.9902 191.3801 72.1013 89.459 94.7999 88.9957 69.3509 7.9125 78.6746 75.2221 86.8761 99.8809 68.9171 12.927 1320.549 797.9247 797.9247 763.3528 115.1308 296.6523 178.5093 210.0233 340.4479 1271.3092 315.7445 465.5453 267.538 120.0365 374.0417 209.9132 271.9651 1284.552;
	3.6067 48.735 91.4344 115.7679 14.4359 31.6707 23.7112 18.2369 28.2522 30.0771 55.597 82.9398 124.8654 66.4128 185.9261 70.0466 86.9096 92.0983 87.6098 69.4768 7.9037 73.8983 73.9924 88.055 101.9868 70.1864 13.0619 1311.6012 768.7617 768.7617 735.74 114.8444 292.0328 178.8334 208.2131 328.005 1186.2669 309.6889 452.4814 273.179 122.5816 351.3336 201.5959 273.567 1198.6238;
	3.6264 49.0007 90.4229 112.7605 14.6088 29.7435 20.6082 18.2868 27.0522 28.4147 52.5242 78.3557 117.9641 66.3357 187.9466 70.8078 87.8541 93.0991 83.9658 68.5752 6.8694 69.4014 71.5152 85.6672 102.848 60.4572 12.6737 1260.3557 718.471 718.471 653.3047 109.9575 279.8859 176.5127 207.9715 306.5476 1093.9267 317.8927 437.1678 275.4858 121.5119 329.9542 192.5437 261.6366 1105.3218;
	3.6824 49.7571 91.9453 112.8435 14.6723 29.6317 17.8387 13.0521 26.407 27.7665 51.3259 76.5681 115.2729 69.4957 186.1982 70.1491 87.0368 92.2331 82.4251 69.6969 5.9462 69.1406 69.3597 85.1317 99.4598 64.659 9.7309 1242.3421 708.4544 708.4544 605.1804 107.7583 274.7505 179.4 217.8785 302.2739 1160.7373 264.9006 434.6906 266.4102 119.8811 328.7143 184.8525 245.296 1172.8283;
