function solarprofile = ex_solar_profilesh1
%EX_WIND_PROFILE_D  Example wind_load_nyiso profile data for deterministic unit commitment.
% 2022.03.12
% Andres F. Ramirez


%% define constants
[GEN_BUS, PG, QG, QMAX, QMIN, VG, MBASE, GEN_STATUS, PMAX, PMIN, ...
    MU_PMAX, MU_PMIN, MU_QMAX, MU_QMIN, PC1, PC2, QC1MIN, QC1MAX, ...
    QC2MIN, QC2MAX, RAMP_AGC, RAMP_10, RAMP_30, RAMP_Q, APF] = idx_gen;
[CT_LABEL, CT_PROB, CT_TABLE, CT_TBUS, CT_TGEN, CT_TBRCH, CT_TAREABUS, ...
    CT_TAREAGEN, CT_TAREABRCH, CT_ROW, CT_COL, CT_CHGTYPE, CT_REP, ...
    CT_REL, CT_ADD, CT_NEWVAL, CT_TLOAD, CT_TAREALOAD, CT_LOAD_ALL_PQ, ...
    CT_LOAD_FIX_PQ, CT_LOAD_DIS_PQ, CT_LOAD_ALL_P, CT_LOAD_FIX_P, ...
    CT_LOAD_DIS_P, CT_TGENCOST, CT_TAREAGENCOST, CT_MODCOST_F, ...
    CT_MODCOST_X] = idx_ct;

solarprofile = struct( ...
    'type', 'mpcData', ...
    'table', CT_TGEN, ...
    'rows', [1:12], ...
    'col', PMAX, ...
    'chgtype', 1, ...
    'values', [] );
solarprofile.values(:,1,:) = [
	0.0 0.0 0.0 0.0 0.0 0.0 0.0 0.0 0.0 0.0 0.0 0.0;
	0.0 0.0 0.0 0.0 0.0 0.0 0.0 0.0 0.0 0.0 0.0 0.0;
	0.0 0.0 0.0 0.0 0.0 0.0 0.0 0.0 0.0 0.0 0.0 0.0;
	0.0 0.0 0.0 0.0 0.0 0.0 0.0 0.0 0.0 0.0 0.0 0.0;
	0.0 0.0 0.0 0.0 0.0 0.0 0.0 0.0 0.0 0.0 0.0 0.0;
	1.0269 0.8394 0.7032 0.0 0.0 9.4835 1.1854 4.1882 0.4816 0.0 0.0 0.0;
	8.2202 7.5042 7.9575 0.3872 0.519 145.3646 18.1706 31.3183 188.8429 64.9831 24.4112 117.6847;
	16.6244 13.702 12.4428 0.6632 3.5523 321.7506 40.2188 49.5545 248.5929 79.6744 22.7083 144.2908;
	22.0202 16.6083 13.8 2.1003 5.7262 377.4829 47.1854 57.0558 250.4684 155.9632 39.6727 282.4503;
	23.1911 16.3661 13.8 1.9316 2.5458 368.5351 46.0669 56.3696 130.7241 223.558 132.4369 404.8649;
	19.649 15.8979 13.8 1.0409 0.9508 357.3568 44.6696 47.0965 105.6612 237.792 147.1752 430.6427;
	17.8474 13.371 13.7138 1.0214 0.8105 339.1411 42.3926 32.6504 66.9069 227.9188 139.4852 412.7624;
	20.9586 15.4589 13.4455 1.8169 2.5559 231.4442 28.9305 25.6292 8.79 178.3798 108.1334 323.0469;
	20.582 15.2584 13.1949 2.4592 4.4522 229.5822 28.6978 42.0229 5.6635 173.9289 123.8225 314.9862;
	15.6215 12.8204 11.071 2.5757 5.6788 238.8932 29.8616 51.8859 16.2113 176.942 180.175 320.4429;
	7.1291 6.8083 5.6606 2.8495 6.3983 228.1733 28.5217 43.5155 99.0645 119.9888 205.3807 217.3004;
	1.2984 1.005 0.7973 0.8298 1.3195 75.3468 9.4184 12.3526 48.0309 16.6647 15.982 30.1799;
	0.0 0.0 0.0 0.0 0.0 0.0 0.0 0.0 0.0 0.0 0.0 0.0;
	0.0 0.0 0.0 0.0 0.0 0.0 0.0 0.0 0.0 0.0 0.0 0.0;
	0.0 0.0 0.0 0.0 0.0 0.0 0.0 0.0 0.0 0.0 0.0 0.0;
	0.0 0.0 0.0 0.0 0.0 0.0 0.0 0.0 0.0 0.0 0.0 0.0;
	0.0 0.0 0.0 0.0 0.0 0.0 0.0 0.0 0.0 0.0 0.0 0.0;
	0.0 0.0 0.0 0.0 0.0 0.0 0.0 0.0 0.0 0.0 0.0 0.0;
	0.0 0.0 0.0 0.0 0.0 0.0 0.0 0.0 0.0 0.0 0.0 0.0;
];
