function solarprofile = ex_solar_profilesh1
%EX_WIND_PROFILE_D  Example wind_load_nyiso profile data for deterministic unit commitment.
% 2022.03.12
% Andres F. Ramirez


%% define constants
[GEN_BUS, PG, QG, QMAX, QMIN, VG, MBASE, GEN_STATUS, PMAX, PMIN, ...
    MU_PMAX, MU_PMIN, MU_QMAX, MU_QMIN, PC1, PC2, QC1MIN, QC1MAX, ...
    QC2MIN, QC2MAX, RAMP_AGC, RAMP_10, RAMP_30, RAMP_Q, APF] = idx_gen;
[CT_LABEL, CT_PROB, CT_TABLE, CT_TBUS, CT_TGEN, CT_TBRCH, CT_TAREABUS, ...
    CT_TAREAGEN, CT_TAREABRCH, CT_ROW, CT_COL, CT_CHGTYPE, CT_REP, ...
    CT_REL, CT_ADD, CT_NEWVAL, CT_TLOAD, CT_TAREALOAD, CT_LOAD_ALL_PQ, ...
    CT_LOAD_FIX_PQ, CT_LOAD_DIS_PQ, CT_LOAD_ALL_P, CT_LOAD_FIX_P, ...
    CT_LOAD_DIS_P, CT_TGENCOST, CT_TAREAGENCOST, CT_MODCOST_F, ...
    CT_MODCOST_X] = idx_ct;

solarprofile = struct( ...
    'type', 'mpcData', ...
    'table', CT_TGEN, ...
    'rows', [1:12], ...
    'col', PMAX, ...
    'chgtype', 1, ...
    'values', [] );
solarprofile.values(:,1,:) = [
	0.0 0.0 0.0 0.0 0.0 0.0 0.0 0.0 0.0 0.0 0.0 0.0;
	0.0 0.0 0.0 0.0 0.0 0.0 0.0 0.0 0.0 0.0 0.0 0.0;
	0.0 0.0 0.0 0.0 0.0 0.0 0.0 0.0 0.0 0.0 0.0 0.0;
	0.0 0.0 0.0 0.0 0.0 0.0 0.0 0.0 0.0 0.0 0.0 0.0;
	0.0 0.0 0.0 0.0 0.0 0.0 0.0 0.0 0.0 0.0 0.0 0.0;
	1.0111 0.8207 0.6966 0.0 0.0 9.4835 1.1854 4.6379 0.4191 0.0 0.0 0.0;
	4.1975 1.7059 0.9581 0.9802 3.3385 41.2192 5.1524 29.0136 27.1465 32.5677 24.2805 58.9803;
	16.7745 13.935 10.285 1.3668 6.4251 273.4638 34.183 40.3965 63.1854 78.6688 95.165 142.4698;
	23.3739 16.6686 13.8 1.8429 6.6596 379.3787 47.4223 45.5778 136.3214 124.643 133.4406 225.7293;
	25.3356 16.3661 13.8 0.9693 0.4137 413.2887 51.6611 39.3978 183.0924 97.252 112.1739 176.124;
	25.6812 16.5136 13.8 1.6447 0.542 394.2727 49.2841 34.2926 164.2173 79.8806 46.041 144.6643;
	25.6262 16.5214 13.7665 3.3917 0.4634 379.2548 47.4069 26.2288 128.8668 92.4556 42.0491 167.4377;
	23.3697 15.0449 12.738 4.7718 0.0 346.7994 43.3499 29.8613 113.8842 171.6378 132.3746 310.8371;
	19.5303 11.6274 11.2895 4.0559 0.0 348.1197 43.515 37.4393 125.1924 164.3744 187.7139 297.683;
	14.1165 8.0708 6.6917 3.0625 0.0 334.6323 41.829 39.0297 125.317 122.0729 174.339 221.0748;
	7.1342 6.0397 4.0893 3.5282 0.0 246.2107 30.7763 24.647 112.802 27.1164 37.8973 49.1081;
	1.3805 1.4294 1.0208 1.4848 0.1763 83.1405 10.3926 11.6175 33.0055 0.8047 0.0401 1.4573;
	0.0 0.0 0.0 0.0 0.0 0.0 0.0 0.0 0.0 0.0 0.0 0.0;
	0.0 0.0 0.0 0.0 0.0 0.0 0.0 0.0 0.0 0.0 0.0 0.0;
	0.0 0.0 0.0 0.0 0.0 0.0 0.0 0.0 0.0 0.0 0.0 0.0;
	0.0 0.0 0.0 0.0 0.0 0.0 0.0 0.0 0.0 0.0 0.0 0.0;
	0.0 0.0 0.0 0.0 0.0 0.0 0.0 0.0 0.0 0.0 0.0 0.0;
	0.0 0.0 0.0 0.0 0.0 0.0 0.0 0.0 0.0 0.0 0.0 0.0;
	0.0 0.0 0.0 0.0 0.0 0.0 0.0 0.0 0.0 0.0 0.0 0.0;
];
