function windprofile = ex_wind_profilesh1
%EX_WIND_PROFILE_D  Example wind_load_nyiso profile data for deterministic unit commitment.
% 2022.03.12
% Andres F. Ramirez


%% define constants
[GEN_BUS, PG, QG, QMAX, QMIN, VG, MBASE, GEN_STATUS, PMAX, PMIN, ...
    MU_PMAX, MU_PMIN, MU_QMAX, MU_QMIN, PC1, PC2, QC1MIN, QC1MAX, ...
    QC2MIN, QC2MAX, RAMP_AGC, RAMP_10, RAMP_30, RAMP_Q, APF] = idx_gen;
[CT_LABEL, CT_PROB, CT_TABLE, CT_TBUS, CT_TGEN, CT_TBRCH, CT_TAREABUS, ...
    CT_TAREAGEN, CT_TAREABRCH, CT_ROW, CT_COL, CT_CHGTYPE, CT_REP, ...
    CT_REL, CT_ADD, CT_NEWVAL, CT_TLOAD, CT_TAREALOAD, CT_LOAD_ALL_PQ, ...
    CT_LOAD_FIX_PQ, CT_LOAD_DIS_PQ, CT_LOAD_ALL_P, CT_LOAD_FIX_P, ...
    CT_LOAD_DIS_P, CT_TGENCOST, CT_TAREAGENCOST, CT_MODCOST_F, ...
    CT_MODCOST_X] = idx_ct;

windprofile = struct( ...
    'type', 'mpcData', ...
    'table', CT_TGEN, ...
    'rows', [1:45], ...
    'col', PMAX, ...
    'chgtype', 1, ...
    'values', [] );
windprofile.values(:,1,:) = [
	3.7756 51.0168 89.574 113.5365 15.1636 33.2033 27.7936 17.7947 27.4314 29.1572 53.8966 80.4031 121.0465 65.9498 189.7789 71.4981 88.7106 94.0067 88.2232 69.5656 9.2645 77.4743 73.2544 85.5346 102.747 72.7943 13.0475 1279.0058 761.5477 761.5477 585.5454 111.2715 294.0774 179.062 206.7616 324.927 1271.8908 229.6705 441.649 275.2151 113.6899 368.335 199.3218 271.0234 1285.1397;
	3.7598 50.8026 88.3277 112.6967 15.0087 32.8562 23.8191 18.1413 27.3166 28.3908 52.48 78.2899 117.865 65.9236 180.8389 68.13 84.5317 89.5783 88.8822 68.7201 7.9397 76.6644 70.4752 88.5791 103.4716 72.031 12.9928 1313.2537 791.8924 791.8924 629.9144 108.1003 296.2739 176.8857 206.6794 337.8741 1290.7643 228.6129 441.6149 277.1561 113.8204 364.4844 181.5708 264.8475 1304.2098;
	3.7337 50.4507 88.0929 110.6436 14.5539 32.927 19.2873 17.8688 26.7326 27.894 51.5617 76.9199 115.8025 63.1981 188.0683 70.8536 87.911 93.1594 89.0565 68.122 6.4291 76.8296 68.684 88.5152 101.5805 75.3101 13.2844 1280.1323 760.4538 760.4538 638.545 99.1623 296.8548 175.3463 198.1345 324.4603 1279.3842 227.2332 369.3505 272.0905 116.9586 365.2697 171.8656 261.0149 1292.7111;
	3.5959 48.5887 87.1455 111.5768 14.4502 31.9821 21.2798 17.2454 26.5756 27.2948 50.4541 75.2675 113.3149 65.0649 191.4363 72.1225 89.4853 94.8277 88.5549 68.1992 7.0933 74.6248 60.3482 86.3456 97.4279 70.5726 12.902 1328.7648 800.3681 800.3681 660.9563 105.8284 295.1832 175.5448 203.9873 341.4904 1311.4071 255.8902 409.7148 260.9675 113.5626 354.7876 127.8891 257.8579 1325.0676;
	3.5702 48.2411 90.3168 113.1104 14.5612 32.7646 27.6522 17.1334 26.4575 29.6714 54.8471 81.821 123.1811 65.0952 195.7074 73.7316 91.4818 96.9434 91.3692 71.2286 9.2174 76.4507 72.8489 84.8604 99.7165 71.3255 13.1449 1273.7918 785.5599 785.5599 683.6152 105.6701 304.5639 183.3427 204.0821 335.1722 1271.2108 247.6575 429.0558 267.0978 113.4078 363.4683 161.6381 261.6635 1284.4526;
	3.5142 47.4851 89.3423 117.4677 14.6579 32.5987 25.4382 17.7023 26.3227 29.1012 53.7931 80.2487 120.8139 63.3874 198.8908 74.9309 92.9699 98.5203 91.8083 71.488 8.4794 76.0635 72.9599 87.3664 98.5747 71.4139 13.4873 1262.5615 766.0444 766.0444 713.0143 103.4483 306.0278 184.0103 198.7281 326.8456 1221.5436 240.8128 422.011 264.0393 115.1241 361.6278 147.3642 264.589 1234.268;
	3.2376 43.7477 87.4222 114.4609 14.5767 31.9173 29.0358 18.078 27.2449 29.0832 53.7598 80.1991 120.7393 64.8125 198.4902 74.78 92.7827 98.3219 91.5944 71.929 9.6786 74.4737 71.9002 85.4228 98.6958 72.1667 13.6875 1279.213 752.6194 752.6194 724.2215 108.0905 305.3146 185.1453 203.196 321.1176 1274.7219 285.8869 439.9909 264.3636 116.9877 354.069 136.1569 258.5449 1288.0002;
	3.6302 49.0522 91.416 119.014 14.995 33.5522 29.5988 18.0165 27.9247 27.3728 50.5982 75.4825 113.6385 67.8461 199.2101 75.0513 93.1191 98.6785 91.64 70.8914 9.8663 78.2884 70.4604 87.9496 103.0899 72.8372 13.7187 1299.9811 803.5545 803.5545 765.332 111.9269 305.4668 182.4746 212.7066 342.8499 1310.0365 306.9382 457.2289 276.1337 113.7165 372.2053 161.2219 275.6571 1323.6827;
	3.8093 51.4725 93.9361 119.0843 15.4041 34.5813 31.6208 18.3974 28.1201 29.679 54.8611 81.842 123.2126 67.0465 201.2098 75.8046 94.0539 99.6691 91.8314 73.2031 10.5403 80.6896 71.8776 88.6183 104.9921 73.3828 13.6271 1314.1025 798.9967 798.9967 785.9484 114.2582 306.1046 188.4249 210.2 340.9052 1307.192 320.3715 470.5371 281.2289 117.8681 383.6216 203.5533 283.0653 1320.8086;
	3.6956 49.9362 93.0464 116.3841 15.2174 33.7418 26.9276 18.1127 28.0172 29.7706 55.0306 82.0948 123.5932 66.4333 194.8018 73.3904 91.0585 96.4948 88.7268 71.7495 8.9759 78.7308 72.808 87.7834 102.2726 70.8147 12.9782 1313.7423 809.4581 809.4581 762.1189 115.9605 295.756 184.6834 208.2774 345.3688 1272.322 331.6536 468.9711 273.9445 116.6481 374.3086 201.494 277.6486 1285.5754;
	3.7648 50.8709 94.2959 119.3349 15.2209 34.3426 28.1016 18.6277 28.2053 31.0601 57.4141 85.6505 128.9463 65.0799 194.588 73.3099 90.9586 96.3889 89.0549 72.5753 9.3672 80.1326 74.2613 86.549 104.6749 70.8715 13.506 1301.398 826.182 826.182 788.6597 114.6212 296.8497 186.809 204.0342 352.5043 1298.7441 322.136 470.02 280.3792 119.3173 380.9734 204.6516 278.8913 1312.2727;
	3.6795 49.7187 93.1833 119.7773 14.9718 34.2018 28.3097 17.6668 28.1292 30.0127 55.4781 82.7624 124.5983 66.7114 189.9946 71.5794 88.8114 94.1136 89.4851 69.667 9.4366 79.8042 73.1677 86.5184 102.7809 65.1731 13.4563 1300.5513 809.6069 809.6069 792.5373 115.0208 298.2835 179.323 209.1493 345.4323 1279.6684 319.277 475.7961 275.306 122.3048 379.412 206.203 275.7656 1292.9983;
	3.5814 48.3921 90.1322 113.2915 14.8111 33.5161 27.1494 17.2301 26.3019 29.743 54.9796 82.0187 123.4787 66.5815 189.7184 71.4753 88.6823 93.9768 87.121 70.8087 9.0498 78.2043 72.2853 81.7175 100.7605 67.4682 13.194 1243.3565 804.1632 804.1632 747.6714 111.2855 290.4033 182.2618 208.7421 343.1096 1243.9544 320.4906 456.1651 269.8941 120.9205 371.8054 202.6303 269.3089 1256.9123;
	3.6793 49.7157 88.1511 112.6026 14.7245 34.2584 28.6195 16.7208 27.5808 30.0818 55.6057 82.9527 124.8849 67.9607 189.9627 71.5674 88.7965 94.0978 86.905 71.9563 9.5398 79.9364 73.7235 83.3997 98.3336 69.3607 12.9269 1280.6821 831.0985 831.0985 773.3704 114.1434 289.6834 185.2158 213.0661 354.602 1294.8997 319.1271 475.3362 263.3935 116.9126 380.0404 208.5493 273.7252 1308.3882;
	3.5747 48.302 89.999 111.9839 14.4463 33.8378 23.7378 16.9838 27.6896 29.506 54.5414 81.3651 122.4947 65.5284 185.9019 70.0375 86.8983 92.0863 86.9382 70.1321 7.9126 78.9549 74.229 85.6501 99.0206 66.5276 12.9984 1276.7032 790.1647 790.1647 777.1785 116.2243 289.7941 180.5201 205.4405 337.1369 1256.4707 314.5599 467.8692 265.2337 119.6991 375.3741 207.8577 277.5025 1269.559;
	3.6012 48.6595 89.4103 112.6666 15.0499 33.4799 25.2316 17.2515 28.1926 30.0987 55.637 82.9994 124.9552 63.4344 173.5655 65.3898 81.1318 85.9755 89.6961 69.4372 8.4105 78.1199 73.1114 85.5828 99.9361 66.321 12.864 1234.1726 786.169 786.169 747.2369 112.8144 298.987 178.7315 198.8755 335.4321 1188.5835 307.8936 474.6939 267.6861 120.2859 371.4042 201.3545 277.2693 1200.9646;
	3.6816 49.7462 94.0182 112.3507 15.1596 31.89 24.584 15.4492 28.4297 28.8812 53.3864 79.642 119.9006 63.3382 187.7966 70.7513 87.784 93.0248 91.0813 70.9558 8.1947 74.4101 70.3007 84.5328 100.4734 55.2681 12.0088 1220.8678 796.8962 796.8962 723.2057 112.1204 303.6043 182.6403 198.5737 340.0091 1219.0364 319.0226 477.2674 269.1253 112.6841 353.7668 191.8741 267.3435 1231.7347;
	3.7499 50.6688 93.4584 108.952 15.2117 28.8103 20.6619 10.1754 28.4178 29.5061 54.5415 81.3652 122.4948 63.382 182.0385 68.5819 85.0924 90.1726 90.546 69.1475 6.8873 67.224 72.9009 84.6313 99.3439 64.9922 9.1604 1193.9112 721.1239 721.1239 661.2407 109.9227 301.8201 177.986 198.7112 307.6795 1200.4575 294.9033 472.2992 266.0997 117.0598 319.6021 176.954 249.0244 1212.9622;
