function loadprofile = ex_load_profilesh1
%EX_LOAD_PROFILE  Example load profile data file for stochastic unit commitment.
% 2022.03.12
% Andres F. Ramirez

%% define constants
[CT_LABEL, CT_PROB, CT_TABLE, CT_TBUS, CT_TGEN, CT_TBRCH, CT_TAREABUS, ...
    CT_TAREAGEN, CT_TAREABRCH, CT_ROW, CT_COL, CT_CHGTYPE, CT_REP, ...
    CT_REL, CT_ADD, CT_NEWVAL, CT_TLOAD, CT_TAREALOAD, CT_LOAD_ALL_PQ, ...
    CT_LOAD_FIX_PQ, CT_LOAD_DIS_PQ, CT_LOAD_ALL_P, CT_LOAD_FIX_P, ...
    CT_LOAD_DIS_P, CT_TGENCOST, CT_TAREAGENCOST, CT_MODCOST_F, ...
    CT_MODCOST_X] = idx_ct;

loadprofile = struct( ...
    'type', 'mpcData', ...
    'table', CT_TAREALOAD, ...
    'rows', [1:11], ...
    'col', CT_LOAD_ALL_P, ...
    'chgtype', 1, ...
    'values', [] );
loadprofile.values(:,1,:) = [
	1422.2941 855.7338 1477.8 572.8 628.2361 1044.5488 817.3683 226.1567 512.2771 4287.5607 1704.1752;
	1426.916 856.5378 1496.1216 572.8384 650.4771 1058.1815 809.9974 231.2688 508.5 4303.3527 1697.1269;
	1439.765 842.2708 1466.7 567.3645 649.3324 1055.2 792.8 214.8386 487.1 4219.269 1657.3;
	1466.8 872.2409 1540.0952 578.0 700.1314 1090.9855 831.5669 230.0634 505.3316 4337.1103 1721.6864;
	1544.4398 910.7616 1629.5575 595.2636 759.7136 1133.7116 866.7 231.3284 521.0072 4371.366 1774.0;
	1641.2005 974.9764 1769.118 613.8459 827.8285 1204.4938 923.4311 271.8199 566.9324 4620.4511 1902.6236;
	1684.8659 991.4875 1828.7494 619.7185 869.7562 1264.6355 976.0169 295.6215 597.2 4978.2179 1989.8366;
	1732.5 992.8851 1898.3875 615.0558 947.7 1271.4131 1017.4692 309.4004 624.7039 5278.2571 2006.6167;
	1688.2013 1025.0704 1942.7975 610.4226 922.4996 1271.3139 1033.7617 309.7422 647.7352 5329.049 1979.6892;
	1695.4 992.8851 1896.317 621.035 899.0312 1248.9433 972.3138 294.5491 638.2813 5306.9199 1848.9247;
	1664.8129 982.2663 1865.7824 625.3059 862.9582 1242.3176 987.7746 295.9 642.3528 5341.3598 1899.31;
	1656.0125 961.5033 1858.7336 619.6267 859.6208 1276.0695 1018.5253 297.3434 631.0581 5338.4818 1907.7605;
	1642.9448 969.6823 1838.7984 613.9339 871.2214 1287.4255 1025.3547 305.9152 655.2215 5312.3 2006.3209;
	1640.8559 987.0386 1823.0479 616.6098 878.2629 1334.9224 983.9331 300.6528 617.2 5260.9551 1991.83;
	1626.2148 977.4883 1829.1742 594.3109 893.8046 1262.1316 975.7816 304.0885 653.7398 5154.9176 1995.1319;
	1659.7909 999.0961 1903.5611 593.9948 941.1 1333.662 1027.7167 313.9313 650.8965 5181.7678 2084.0799;
	1665.1396 1018.3633 1863.0318 587.7357 963.8171 1337.5552 1060.3699 324.5 651.6866 5240.363 2143.5;
	1763.1598 1078.0391 1948.4918 607.0753 998.2633 1438.016 1118.2624 340.5424 680.8267 5362.9862 2279.733;
	1843.0878 1111.4 1970.6989 627.2764 1012.1147 1392.5823 1124.5 345.5774 676.2249 5397.5831 2305.8033;
	1802.1115 1053.3233 1878.0712 619.214 973.8722 1329.4521 1091.6 343.7132 650.4584 5356.5506 2267.1347;
	1745.9451 1023.2727 1789.2431 595.5549 894.3432 1271.7 1029.6706 323.3256 622.2265 5166.0337 2137.8;
	1690.9326 955.7 1688.8881 586.769 861.3544 1184.3175 956.1138 303.711 567.0 4966.6413 1990.054;
	1587.2156 941.0 1643.9721 615.4053 876.5446 1162.6422 917.2 263.4 546.3 4814.6657 1974.9023;
	1541.2887 859.7798 1565.5165 616.9592 840.1 1113.8987 853.3428 235.0955 486.722 4484.6438 1791.7174;
];
