function solarprofile = ex_solar_profilesh1
%EX_WIND_PROFILE_D  Example wind_load_nyiso profile data for deterministic unit commitment.
% 2022.03.12
% Andres F. Ramirez


%% define constants
[GEN_BUS, PG, QG, QMAX, QMIN, VG, MBASE, GEN_STATUS, PMAX, PMIN, ...
    MU_PMAX, MU_PMIN, MU_QMAX, MU_QMIN, PC1, PC2, QC1MIN, QC1MAX, ...
    QC2MIN, QC2MAX, RAMP_AGC, RAMP_10, RAMP_30, RAMP_Q, APF] = idx_gen;
[CT_LABEL, CT_PROB, CT_TABLE, CT_TBUS, CT_TGEN, CT_TBRCH, CT_TAREABUS, ...
    CT_TAREAGEN, CT_TAREABRCH, CT_ROW, CT_COL, CT_CHGTYPE, CT_REP, ...
    CT_REL, CT_ADD, CT_NEWVAL, CT_TLOAD, CT_TAREALOAD, CT_LOAD_ALL_PQ, ...
    CT_LOAD_FIX_PQ, CT_LOAD_DIS_PQ, CT_LOAD_ALL_P, CT_LOAD_FIX_P, ...
    CT_LOAD_DIS_P, CT_TGENCOST, CT_TAREAGENCOST, CT_MODCOST_F, ...
    CT_MODCOST_X] = idx_ct;

solarprofile = struct( ...
    'type', 'mpcData', ...
    'table', CT_TGEN, ...
    'rows', [1:12], ...
    'col', PMAX, ...
    'chgtype', 1, ...
    'values', [] );
solarprofile.values(:,1,:) = [
	0.0 0.0 0.0 0.0 0.0 0.0 0.0 0.0 0.0 0.0 0.0 0.0;
	0.0 0.0 0.0 0.0 0.0 0.0 0.0 0.0 0.0 0.0 0.0 0.0;
	0.0 0.0 0.0 0.0 0.0 0.0 0.0 0.0 0.0 0.0 0.0 0.0;
	0.0 0.0 0.0 0.0 0.0 0.0 0.0 0.0 0.0 0.0 0.0 0.0;
	0.0 0.0 0.0 0.0 0.0 0.0 0.0 0.0 0.0 0.0 0.0 0.0;
	1.0403 0.9464 0.7696 0.0 0.0 10.6533 1.3317 4.8549 1.1388 0.0 0.0 0.0;
	11.7733 11.7725 7.1374 1.4286 4.5513 45.8047 5.7256 26.3172 36.9631 74.6142 10.96 135.1267;
	19.3593 15.1984 12.1799 0.731 4.961 142.2309 17.7789 54.5796 141.581 168.9221 24.5691 305.919;
	23.1551 16.6083 13.8 0.5462 4.4453 260.0384 32.5048 62.0454 177.5831 253.0753 62.5769 458.3209;
	24.139 15.2752 13.082 0.0457 2.7673 148.9982 18.6248 50.5121 47.6567 208.115 89.2338 376.8975;
	25.3953 15.6281 13.014 0.4155 2.2873 133.3772 16.6721 56.1451 51.0477 227.9145 119.0593 412.7546;
	25.6333 16.495 13.7235 0.5865 2.5282 189.631 23.7039 63.2415 112.4218 213.8749 115.2236 387.3288;
	25.7816 16.228 13.5645 2.8586 4.7109 298.9349 37.3669 71.4666 171.6404 95.3541 30.1019 172.6869;
	24.255 16.4941 13.7344 4.1436 5.9599 296.4667 37.0583 67.4802 148.148 67.958 18.0715 123.0723;
	19.1587 14.205 11.6307 4.4995 7.4527 226.962 28.3702 58.7785 98.1692 65.5124 13.0825 118.6434;
	8.0019 6.5462 4.9309 3.709 8.6495 80.5971 10.0746 29.8118 54.5076 44.8907 14.8019 81.2973;
	1.3935 1.1757 0.8189 0.8393 1.9269 64.9415 8.1177 16.4939 40.6721 16.3804 10.072 29.665;
	0.0 0.0 0.0 0.0 0.0 0.0 0.0 0.0 0.0 0.0 0.0 0.0;
	0.0 0.0 0.0 0.0 0.0 0.0 0.0 0.0 0.0 0.0 0.0 0.0;
	0.0 0.0 0.0 0.0 0.0 0.0 0.0 0.0 0.0 0.0 0.0 0.0;
	0.0 0.0 0.0 0.0 0.0 0.0 0.0 0.0 0.0 0.0 0.0 0.0;
	0.0 0.0 0.0 0.0 0.0 0.0 0.0 0.0 0.0 0.0 0.0 0.0;
	0.0 0.0 0.0 0.0 0.0 0.0 0.0 0.0 0.0 0.0 0.0 0.0;
	0.0 0.0 0.0 0.0 0.0 0.0 0.0 0.0 0.0 0.0 0.0 0.0;
];
