function loadprofile = ex_load_profilesh1
%EX_LOAD_PROFILE  Example load profile data file for stochastic unit commitment.
% 2022.03.12
% Andres F. Ramirez

%% define constants
[CT_LABEL, CT_PROB, CT_TABLE, CT_TBUS, CT_TGEN, CT_TBRCH, CT_TAREABUS, ...
    CT_TAREAGEN, CT_TAREABRCH, CT_ROW, CT_COL, CT_CHGTYPE, CT_REP, ...
    CT_REL, CT_ADD, CT_NEWVAL, CT_TLOAD, CT_TAREALOAD, CT_LOAD_ALL_PQ, ...
    CT_LOAD_FIX_PQ, CT_LOAD_DIS_PQ, CT_LOAD_ALL_P, CT_LOAD_FIX_P, ...
    CT_LOAD_DIS_P, CT_TGENCOST, CT_TAREAGENCOST, CT_MODCOST_F, ...
    CT_MODCOST_X] = idx_ct;

loadprofile = struct( ...
    'type', 'mpcData', ...
    'table', CT_TAREALOAD, ...
    'rows', [1:11], ...
    'col', CT_LOAD_ALL_P, ...
    'chgtype', 1, ...
    'values', [] );
loadprofile.values(:,1,:) = [
	1514.4657 863.8687 1385.1779 556.9041 711.7277 1101.3 828.653 251.497 561.5001 4365.4838 1772.0405;
	1475.7004 849.4 1413.4523 564.4998 723.7539 1064.9138 815.2635 238.7506 543.8762 4279.6736 1698.7;
	1447.318 862.3446 1418.2685 557.8549 734.5499 1075.5159 818.3027 239.717 537.3908 4266.8724 1728.5903;
	1502.5 892.0364 1486.0973 567.6 776.7253 1118.8771 844.8 242.3 567.7544 4365.1275 1802.2126;
	1583.1102 942.3388 1574.6983 588.4089 843.1667 1168.5955 873.5 244.94 548.2422 4554.5085 1882.82;
	1671.3408 1021.0906 1708.4 594.8 915.5312 1242.1737 944.1531 290.7 608.7818 4857.6814 2021.3888;
	1712.2349 1062.9925 1800.8 618.3139 951.3028 1311.6 991.2 315.6063 620.981 5032.0762 2055.8959;
	1756.6116 1094.5737 1853.891 611.3872 955.9502 1371.923 1043.4246 328.0684 663.6 5310.183 2177.0487;
	1769.3374 1086.1774 1854.6736 619.515 957.4535 1352.8765 1053.1314 329.5474 660.6278 5395.1511 2236.9;
	1761.7412 1087.0745 1846.2588 617.8086 911.6581 1350.1748 1093.0491 330.8472 649.0925 5476.1339 2273.6504;
	1711.9212 1036.635 1792.4638 598.3304 865.5812 1298.5 1087.4173 314.5 629.3554 5476.4937 2304.608;
	1705.656 1037.1935 1766.2095 587.0231 852.3643 1272.8831 1074.0619 301.6808 609.0572 5472.1 2314.717;
	1618.9059 993.4928 1693.8872 590.9352 806.5 1263.2963 1088.258 303.1711 623.4191 5423.1722 2256.5428;
	1650.1904 1014.1312 1713.5363 570.0495 832.4823 1289.253 1100.2766 284.3868 657.9415 5384.5884 2308.5359;
	1644.2852 1047.3 1792.5 588.1 866.8273 1318.6019 1050.2921 291.5001 659.5176 5409.0892 2339.9686;
	1680.3449 1046.2274 1796.798 575.4981 858.159 1357.8557 1107.0551 301.036 670.0575 5386.5 2377.2581;
	1735.7897 1055.0 1824.605 598.9153 870.2632 1349.8 1084.6317 308.4262 652.2562 5329.0016 2349.1435;
	1783.2054 1122.7883 1895.1837 602.4493 901.5122 1394.7911 1110.6832 322.5964 657.8824 5395.6429 2352.5992;
	1855.1215 1141.135 1929.5 608.2878 912.394 1384.3707 1115.8 318.823 665.0492 5391.4675 2336.4798;
	1817.3464 1099.3002 1840.4959 595.7878 859.6228 1344.3982 1076.1467 309.3977 654.4787 5284.7757 2258.6522;
	1763.3 1028.5454 1703.6122 584.8316 781.5691 1269.1886 1032.886 282.1687 625.7963 5096.4723 2166.6167;
	1624.6 953.109 1609.9105 580.2303 739.9493 1202.0448 964.0791 266.2917 607.742 4858.9493 2031.7367;
	1581.2824 940.5193 1640.3517 566.1742 815.7 1248.6073 957.8815 292.0772 599.6379 4867.0404 1978.3935;
	1545.3328 919.1782 1594.9375 561.2 791.0868 1216.2574 916.4745 261.3029 563.1 4678.8738 1837.7057;
];
