function loadprofile = ex_load_profilesh1
%EX_LOAD_PROFILE  Example load profile data file for stochastic unit commitment.
% 2022.03.12
% Andres F. Ramirez

%% define constants
[CT_LABEL, CT_PROB, CT_TABLE, CT_TBUS, CT_TGEN, CT_TBRCH, CT_TAREABUS, ...
    CT_TAREAGEN, CT_TAREABRCH, CT_ROW, CT_COL, CT_CHGTYPE, CT_REP, ...
    CT_REL, CT_ADD, CT_NEWVAL, CT_TLOAD, CT_TAREALOAD, CT_LOAD_ALL_PQ, ...
    CT_LOAD_FIX_PQ, CT_LOAD_DIS_PQ, CT_LOAD_ALL_P, CT_LOAD_FIX_P, ...
    CT_LOAD_DIS_P, CT_TGENCOST, CT_TAREAGENCOST, CT_MODCOST_F, ...
    CT_MODCOST_X] = idx_ct;

loadprofile = struct( ...
    'type', 'mpcData', ...
    'table', CT_TAREALOAD, ...
    'rows', [1:11], ...
    'col', CT_LOAD_ALL_P, ...
    'chgtype', 1, ...
    'values', [] );
loadprofile.values(:,1,:) = [
	1440.5661 880.8042 1501.6 453.788 732.4268 1095.3 845.2661 208.1218 505.548 4461.119 1682.1206;
	1421.0309 869.5375 1488.8981 448.7766 736.1057 1074.9724 820.8 202.3 496.4 4308.9618 1651.6176;
	1440.1864 883.1809 1520.6888 471.2887 737.7412 1112.1735 828.0148 196.0038 500.3 4290.6488 1656.8;
	1476.1781 925.8 1591.1177 471.6051 773.7 1153.6023 850.5192 210.1577 504.0701 4327.2111 1667.6851;
	1558.1 968.8579 1680.4654 482.2142 842.4529 1220.4664 903.5933 198.3501 535.4344 4515.6137 1754.2342;
	1599.8377 1022.2791 1780.922 506.573 938.8748 1300.0396 974.7167 256.4262 575.716 4842.2649 1888.5476;
	1642.2832 1046.1844 1818.141 534.7418 950.6 1329.6708 1017.4263 277.6 618.4264 5057.967 1943.1847;
	1724.5188 1083.6984 1869.9388 582.1214 961.1359 1398.5186 1078.4709 276.2 621.6914 5195.4186 1998.6764;
	1713.6442 1087.4 1887.8266 562.7 987.7679 1392.8344 1086.1452 280.1683 639.4347 5363.3482 2072.1336;
	1728.427 1080.5017 1842.2234 561.2847 976.7994 1394.1985 1080.9129 290.5385 633.4307 5380.1742 2082.8729;
	1709.6531 1070.6393 1846.8877 569.5791 941.3822 1337.8644 1089.9632 292.6 633.9931 5446.1396 2012.3665;
	1671.6831 1060.8214 1799.0943 555.1327 919.5 1335.3084 1081.584 290.0276 654.26 5513.0488 2110.6503;
	1680.2 1045.2444 1760.2348 556.2 909.7824 1243.5537 1032.1571 284.8 640.9 5396.2497 2011.4263;
	1654.2074 1042.5426 1742.9 551.7122 901.6 1236.2769 996.0656 288.9311 634.8862 5322.8364 2003.2219;
	1599.8292 1005.5 1687.5887 556.9 887.495 1276.4739 1009.4804 290.5468 603.9504 5304.3175 2036.2658;
	1634.714 1047.2479 1763.741 563.5648 939.408 1316.6078 1018.797 273.6601 617.1987 5333.9564 2121.8691;
	1672.6865 1070.7235 1811.2829 568.7832 930.4847 1372.5938 1049.5843 290.6441 619.0473 5337.2852 2193.7861;
	1672.9336 1101.342 1869.2179 586.6575 959.7556 1420.7833 1129.4664 282.864 674.0816 5489.0752 2351.1268;
	1713.1489 1107.6539 1904.8725 573.8191 912.6234 1383.7063 1103.7352 294.6474 661.3402 5459.2234 2272.1338;
	1705.4319 1064.849 1860.043 563.8 887.2552 1348.3143 1107.8226 298.0668 660.2981 5407.2706 2202.0581;
	1636.9542 1000.2193 1701.5942 538.5352 805.1518 1252.3031 1032.9025 272.1088 618.9319 5173.9052 2084.0922;
	1577.7849 938.2431 1632.322 537.6 744.0047 1178.3393 999.7 264.218 574.1749 4969.7704 1976.3865;
	1507.3918 920.5488 1627.1638 546.131 817.6181 1128.8532 924.3246 258.4636 519.8181 4930.3637 1866.7098;
	1444.7498 898.0718 1650.3217 505.6213 798.5886 1113.1342 890.2425 252.8749 510.4928 4700.8307 1803.4896;
];
