function windprofile = ex_wind_profilesh1
%EX_WIND_PROFILE_D  Example wind_load_nyiso profile data for deterministic unit commitment.
% 2022.03.12
% Andres F. Ramirez


%% define constants
[GEN_BUS, PG, QG, QMAX, QMIN, VG, MBASE, GEN_STATUS, PMAX, PMIN, ...
    MU_PMAX, MU_PMIN, MU_QMAX, MU_QMIN, PC1, PC2, QC1MIN, QC1MAX, ...
    QC2MIN, QC2MAX, RAMP_AGC, RAMP_10, RAMP_30, RAMP_Q, APF] = idx_gen;
[CT_LABEL, CT_PROB, CT_TABLE, CT_TBUS, CT_TGEN, CT_TBRCH, CT_TAREABUS, ...
    CT_TAREAGEN, CT_TAREABRCH, CT_ROW, CT_COL, CT_CHGTYPE, CT_REP, ...
    CT_REL, CT_ADD, CT_NEWVAL, CT_TLOAD, CT_TAREALOAD, CT_LOAD_ALL_PQ, ...
    CT_LOAD_FIX_PQ, CT_LOAD_DIS_PQ, CT_LOAD_ALL_P, CT_LOAD_FIX_P, ...
    CT_LOAD_DIS_P, CT_TGENCOST, CT_TAREAGENCOST, CT_MODCOST_F, ...
    CT_MODCOST_X] = idx_ct;

windprofile = struct( ...
    'type', 'mpcData', ...
    'table', CT_TGEN, ...
    'rows', [1:45], ...
    'col', PMAX, ...
    'chgtype', 1, ...
    'values', [] );
windprofile.values(:,1,:) = [
	3.8108 51.4924 94.0258 113.7531 15.1484 32.5237 29.8272 17.8097 28.3754 28.7226 53.0933 79.2047 119.2422 67.786 189.5997 71.4306 88.6268 93.918 80.3934 72.0626 9.9424 75.8886 74.231 87.0441 103.0505 71.0963 13.1564 1314.5497 826.3061 826.3061 607.645 119.5753 267.978 185.4892 212.5183 352.5573 1313.3636 231.1254 467.4982 276.028 121.5338 360.7959 193.5626 281.8357 1327.0444;
	3.7379 50.5073 94.3689 111.3064 15.0213 31.4981 26.0066 17.9344 27.6747 29.0249 53.6521 80.0383 120.4973 66.5589 186.9241 70.4225 87.3761 92.5926 83.8365 71.7684 8.6689 73.4956 73.0499 88.2703 103.0547 70.5161 13.475 1278.9341 826.2026 826.2026 640.5042 113.2423 279.4549 184.7321 208.6712 352.5131 1293.8447 225.1704 461.6786 276.0395 119.169 349.419 173.1444 277.5592 1307.3223;
	3.8006 51.3548 94.6353 114.5396 15.2576 32.8433 22.0714 18.8657 28.1965 30.1446 55.7218 83.126 125.1457 67.9874 189.499 71.3927 88.5798 93.8681 86.3842 71.4201 7.3571 76.6343 74.2266 89.9689 106.19 75.2788 13.7911 1311.99 820.5503 820.5503 671.723 104.3402 287.9475 183.8356 213.1497 350.1015 1306.9278 228.3254 439.0934 284.4374 123.3978 364.3416 182.6244 274.5339 1320.5416;
	3.6561 49.4017 89.8061 112.6803 14.3201 31.8692 23.5222 17.9858 27.1728 29.6295 54.7697 81.7055 123.0073 67.1258 189.9198 71.5512 88.7765 94.0765 86.1971 69.335 7.8407 74.3614 71.1515 88.6209 104.0589 71.3679 13.6468 1313.1356 826.0153 826.0153 688.8025 109.6 287.3237 178.4684 210.4483 352.4332 1312.8919 251.5124 443.7291 278.7293 123.0801 353.5352 154.3418 266.6986 1326.5678;
	3.7525 50.704 93.1524 114.2556 14.6845 32.772 30.2104 17.8245 26.9407 30.3087 56.0252 83.5786 125.8271 68.6796 195.1956 73.5388 91.2426 96.6899 84.9752 71.0224 10.0701 76.4681 74.048 87.6729 105.7268 72.3196 13.5859 1270.7303 817.7909 817.7909 681.4506 106.7959 283.2506 182.8119 215.3198 348.9241 1258.5987 238.1131 465.4015 283.1969 120.1716 363.5511 187.6408 265.809 1271.7091;
	3.7479 50.643 89.43 112.8666 14.8855 32.7141 27.4234 17.9019 26.3753 29.8774 55.228 82.3893 124.0366 67.3631 199.2815 75.0782 93.1525 98.7139 86.4802 70.4324 9.1411 76.333 73.0527 88.4119 103.8248 70.1556 13.5379 1281.7789 803.0787 803.0787 711.1595 110.2189 288.2673 181.2933 211.1923 342.6469 1229.8628 240.2099 439.2511 278.1022 119.8825 362.9089 167.0478 263.121 1242.6738;
	3.5924 48.5408 87.4761 114.9646 14.2956 32.6207 30.0139 18.7787 27.1504 30.4083 56.2093 83.8532 126.2405 66.0743 199.4424 75.1388 93.2277 98.7936 88.1288 71.2934 10.0046 76.115 72.5614 87.5144 104.6913 71.2885 13.9283 1281.683 771.4758 771.4758 699.8521 105.5703 293.7628 183.5093 207.1519 329.163 1242.7678 267.4028 457.8825 280.4231 121.0806 361.8726 157.9269 252.1224 1255.7133;
	3.733 50.4416 87.8801 117.3394 14.187 32.9502 29.409 18.3979 27.208 30.1488 55.7296 83.1376 125.1633 66.4292 201.407 75.8789 94.1461 99.7667 87.0374 69.718 9.803 76.8839 72.9437 86.55 104.6734 69.1156 13.4492 1323.0847 787.1871 787.1871 704.7823 100.5005 290.1246 179.4544 208.2644 335.8665 1262.5233 274.2575 458.3263 280.3753 122.6872 365.5281 170.6971 261.199 1275.6746;
	3.6419 49.2107 88.7085 116.4889 14.4169 32.4435 30.23 18.15 25.8398 30.0161 55.4842 82.7716 124.6121 68.1564 198.028 74.6059 92.5666 98.0929 86.67 69.1386 10.0767 75.7014 72.5674 85.9973 103.9197 69.2946 13.2399 1332.7951 795.3602 795.3602 721.7025 109.3688 288.9002 177.9628 213.6796 339.3537 1260.2855 307.5212 453.2506 278.3564 121.0909 359.9061 199.4773 263.7931 1273.4135;
	3.557 48.0623 87.1522 112.3643 14.5508 31.889 24.3718 15.8841 26.1482 29.4259 54.3934 81.1442 122.1622 67.9725 193.1148 72.7549 90.2699 95.6592 83.8644 68.155 8.1239 74.4078 71.8673 85.6407 100.0935 63.2284 11.9724 1285.5881 799.8923 799.8923 719.5064 115.4135 279.5482 175.4311 213.1031 341.2874 1250.6651 317.094 458.716 268.1076 117.235 353.7558 198.7595 251.6491 1263.6929;
	3.2934 44.5007 87.5502 112.6023 14.2942 31.9092 27.8024 15.5701 27.0799 30.569 56.5063 84.2963 126.9077 67.4165 191.2099 72.0372 89.3795 94.7156 86.9872 71.2038 9.2675 74.4547 72.2024 83.3469 99.1004 65.5698 12.0181 1296.3002 795.5795 795.5795 738.937 112.6542 289.9575 183.2787 211.3598 339.4472 1290.6313 309.5246 459.3046 265.4474 115.6919 353.9788 203.1203 254.4355 1304.0754;
	3.6422 49.2146 88.9142 117.093 14.4401 33.3724 27.6443 16.8879 27.8011 29.6754 54.8546 81.8322 123.198 69.6085 193.0217 72.7198 90.2264 95.6131 88.3428 68.6212 9.2148 77.869 72.6778 87.5522 101.3893 61.441 12.833 1321.3565 815.4187 815.4187 777.2233 116.2408 294.4761 176.6311 218.2322 347.912 1324.8301 331.688 467.0092 271.5784 119.1847 370.2115 205.9109 262.4258 1338.6304;
	3.7499 50.6693 91.7988 119.7558 14.674 34.1263 27.5899 17.7603 27.5479 30.5267 56.4282 84.1797 126.7321 69.6822 191.2921 72.0682 89.4179 94.7563 88.5993 67.7615 9.1966 79.628 73.9958 85.0242 103.8491 69.984 13.028 1332.1428 833.2096 833.2096 775.1453 112.3654 295.331 174.4184 218.4631 355.5028 1331.254 329.1486 463.4363 278.1672 121.9579 378.5744 207.6778 272.2001 1345.1212;
	3.6758 49.6676 87.1607 116.7987 14.0841 33.1386 27.4901 17.6257 27.7727 30.6566 56.6682 84.5378 127.2712 69.8382 191.2452 72.0505 89.396 94.7331 89.7169 70.5718 9.1634 77.3234 75.6869 84.53 97.7721 69.9979 12.9403 1342.0884 820.3959 820.3959 760.5584 115.4246 299.0563 181.6519 218.9521 350.0356 1314.053 330.3134 472.3798 261.8894 122.4487 367.6174 196.5471 264.7893 1327.741;
	3.7797 51.0724 90.9607 119.0556 14.2707 34.0011 22.7237 17.7792 26.7627 30.2002 55.8247 83.2794 125.3767 68.7413 195.0372 73.4791 91.1685 96.6114 87.5584 69.0552 7.5746 79.3359 74.8663 87.5711 99.0736 69.0678 13.0304 1337.4659 796.2613 796.2613 734.2079 115.1385 291.8613 177.7482 215.5133 339.7381 1276.7365 328.0289 459.5363 265.3757 122.6701 377.1857 200.3551 274.3632 1290.0358;
	3.8465 51.9751 92.6196 119.3495 15.1252 34.2571 25.3948 18.286 27.2058 29.1269 53.8407 80.3197 120.9208 66.182 183.8916 69.2801 85.9586 91.0905 86.5417 68.9836 8.4649 79.9332 71.206 88.0461 102.0559 69.8819 12.8811 1320.6334 800.66 800.66 745.005 117.2825 288.4724 177.5641 207.4895 341.6149 1262.144 322.2696 463.6027 273.3639 121.5891 380.025 199.6608 274.9867 1275.2914;
	3.8033 51.3903 90.6164 114.8283 14.8211 33.6621 22.9074 18.4312 27.1978 29.2372 54.0445 80.6238 121.3786 64.563 192.1979 72.4094 89.8413 95.205 87.3852 67.262 7.6358 78.545 71.2344 83.7825 99.2526 53.6978 12.3586 1224.6325 746.5259 746.5259 685.7596 114.2722 291.2839 173.1325 202.4138 318.5177 1177.6767 313.6123 463.5359 265.8552 116.3676 373.4253 193.8609 252.1174 1189.9442;
	3.7615 50.8264 90.0985 112.3377 14.8956 31.2687 17.8709 13.9877 27.2149 22.8598 42.2559 63.0375 94.9026 63.2617 187.2116 70.5309 87.5106 92.7351 86.2973 64.4005 5.957 72.9602 68.9491 83.6496 97.5686 67.3533 10.247 1219.0359 707.1653 707.1653 651.6103 112.4903 287.6575 165.7671 198.334 301.7239 1193.0374 293.6718 441.5301 261.3446 117.1377 346.8737 175.5075 238.8431 1205.4648;
