function loadprofile = ex_load_profilesh1
%EX_LOAD_PROFILE  Example load profile data file for stochastic unit commitment.
% 2022.03.12
% Andres F. Ramirez

%% define constants
[CT_LABEL, CT_PROB, CT_TABLE, CT_TBUS, CT_TGEN, CT_TBRCH, CT_TAREABUS, ...
    CT_TAREAGEN, CT_TAREABRCH, CT_ROW, CT_COL, CT_CHGTYPE, CT_REP, ...
    CT_REL, CT_ADD, CT_NEWVAL, CT_TLOAD, CT_TAREALOAD, CT_LOAD_ALL_PQ, ...
    CT_LOAD_FIX_PQ, CT_LOAD_DIS_PQ, CT_LOAD_ALL_P, CT_LOAD_FIX_P, ...
    CT_LOAD_DIS_P, CT_TGENCOST, CT_TAREAGENCOST, CT_MODCOST_F, ...
    CT_MODCOST_X] = idx_ct;

loadprofile = struct( ...
    'type', 'mpcData', ...
    'table', CT_TAREALOAD, ...
    'rows', [1:11], ...
    'col', CT_LOAD_ALL_P, ...
    'chgtype', 1, ...
    'values', [] );
loadprofile.values(:,1,:) = [
	1447.2325 833.6348 1464.1566 556.7898 656.8233 1021.1865 798.2739 244.7896 468.188 4311.4001 1633.0473;
	1484.5589 837.1081 1406.1307 561.7055 618.2391 1000.9732 779.2814 232.3231 444.1252 4087.8681 1600.7019;
	1450.4112 842.0252 1434.432 567.0824 650.2271 1010.384 781.7494 239.6 448.4268 4142.357 1620.8786;
	1480.4486 863.1402 1482.6348 570.0305 714.8 1057.7497 811.1632 237.4389 457.8261 4232.406 1670.949;
	1542.8 890.5324 1527.7956 576.9765 746.3674 1087.4783 845.4907 260.9364 489.2872 4302.1016 1749.8001;
	1606.6297 948.8911 1621.7876 596.4937 791.5644 1125.0904 915.7 286.104 544.9527 4606.8898 1874.7228;
	1604.49 1003.6386 1759.8843 599.3813 865.9421 1150.6436 970.703 308.7698 571.5536 4891.0404 1953.8406;
	1653.787 1024.3799 1767.0403 588.9 861.8985 1201.6313 998.4648 304.3512 587.9969 5062.0803 1953.1079;
	1701.9294 1035.5204 1789.6065 578.2779 888.3984 1178.6364 1002.285 315.3951 616.0 5260.4112 1999.2565;
	1708.118 1012.2581 1807.7887 567.6 873.1 1169.8086 997.7018 314.0968 607.1544 5275.4218 1952.0411;
	1663.9019 988.8257 1766.9412 583.6805 875.6136 1128.0816 993.2599 308.9098 602.6178 5213.2123 1951.6505;
	1677.6077 1004.1099 1765.939 568.1603 849.1294 1133.6 965.5597 302.5051 587.9378 5284.3444 1888.0743;
	1630.8 934.1416 1708.2882 586.2993 860.8829 1120.8064 932.1114 283.195 584.0 5110.2829 1884.7852;
	1559.6663 926.2752 1657.3444 577.9 826.7706 990.438 933.0354 281.8 581.7 5155.3616 1902.485;
	1600.7602 943.0444 1703.0254 580.1151 830.018 1023.5785 956.6422 286.3776 566.0634 5192.0889 1885.2368;
	1638.123 1028.7254 1728.8762 588.9 847.3429 1118.5379 991.1912 291.7056 579.4556 5220.7106 2054.6498;
	1644.2439 1048.3372 1795.4988 571.7463 876.3171 1191.113 1022.4788 333.0172 577.9913 5355.3741 2112.1;
	1729.843 1100.3 1858.6854 598.9843 910.4089 1304.7542 1063.6225 317.5 600.6319 5368.7927 2165.4319;
	1794.3889 1126.9 1921.3292 590.0 896.2252 1371.7 1084.6659 326.2 607.8433 5474.8432 2230.3902;
	1754.5542 1071.5058 1848.7131 575.3271 864.8812 1330.2465 1034.8267 305.0484 586.9008 5341.1 2019.1114;
	1676.309 1022.6146 1730.8039 552.4119 815.0 1248.1549 994.6264 303.4563 554.6777 5135.2522 1876.1434;
	1637.1397 962.1378 1629.2037 540.8136 787.9444 1141.6643 938.4789 302.2615 509.2156 4936.6319 1779.1112;
	1585.8799 918.5643 1630.9 553.6006 755.0019 1126.7 929.0 267.7535 530.9271 4837.8715 1820.5064;
	1556.096 899.0535 1597.3421 544.2838 738.2 1067.5986 855.8914 245.2241 503.132 4625.8 1727.9582;
];
