function loadprofile = ex_load_profilesh1
%EX_LOAD_PROFILE  Example load profile data file for stochastic unit commitment.
% 2022.03.12
% Andres F. Ramirez

%% define constants
[CT_LABEL, CT_PROB, CT_TABLE, CT_TBUS, CT_TGEN, CT_TBRCH, CT_TAREABUS, ...
    CT_TAREAGEN, CT_TAREABRCH, CT_ROW, CT_COL, CT_CHGTYPE, CT_REP, ...
    CT_REL, CT_ADD, CT_NEWVAL, CT_TLOAD, CT_TAREALOAD, CT_LOAD_ALL_PQ, ...
    CT_LOAD_FIX_PQ, CT_LOAD_DIS_PQ, CT_LOAD_ALL_P, CT_LOAD_FIX_P, ...
    CT_LOAD_DIS_P, CT_TGENCOST, CT_TAREAGENCOST, CT_MODCOST_F, ...
    CT_MODCOST_X] = idx_ct;

loadprofile = struct( ...
    'type', 'mpcData', ...
    'table', CT_TAREALOAD, ...
    'rows', [1:11], ...
    'col', CT_LOAD_ALL_P, ...
    'chgtype', 1, ...
    'values', [] );
loadprofile.values(:,1,:) = [
	1571.8 908.8 1505.4413 520.389 712.7787 1137.8381 827.1474 239.7362 509.5204 4313.0818 1665.2971;
	1516.0643 898.5 1501.7596 502.8801 725.4304 1155.175 820.0854 235.1554 489.5 4250.1476 1660.6835;
	1533.9564 913.8584 1552.5127 515.7393 734.4396 1168.8648 839.1 238.657 494.9008 4220.9774 1666.4602;
	1566.9653 938.4676 1571.1349 533.0 755.6 1205.2457 869.5042 256.7 505.4 4338.4316 1755.9526;
	1647.0648 990.5045 1662.6949 546.0 827.3995 1255.4359 915.7182 270.6117 531.9 4512.0244 1881.3558;
	1744.633 1038.4756 1738.1948 571.389 889.7605 1305.6331 959.1365 285.6206 556.8721 4707.0835 1939.1478;
	1796.2366 1055.1182 1771.5863 568.3075 938.4664 1377.9048 996.8344 308.3 591.1532 4974.915 2032.3542;
	1803.5771 1091.2999 1841.1037 575.4246 972.2 1430.3449 1032.3105 323.4543 606.3 5144.4226 2070.6008;
	1785.6 1092.3664 1839.4661 571.4232 977.3982 1431.6542 1026.1695 333.4036 607.4 5183.254 2029.3408;
	1804.1118 1121.7845 1862.7937 577.2342 995.9679 1494.3032 1064.1147 346.883 622.7014 5298.4676 2095.5079;
	1764.4316 1078.6486 1789.3746 558.2 953.5268 1435.526 1030.4 334.0022 623.0168 5325.5887 2144.0362;
	1790.8897 1055.8 1729.103 554.8 925.098 1418.6103 1030.5236 332.3829 607.3653 5245.1081 2109.0909;
	1812.3322 1055.9888 1695.0982 565.3876 900.1832 1380.209 1009.5 333.6439 587.5 5231.2074 2108.3899;
	1707.4127 1004.5589 1659.6534 554.9713 924.8985 1331.9495 990.9941 320.9827 585.3 5183.1277 2053.1494;
	1647.7004 1009.2 1649.3433 577.1966 937.3572 1308.3619 982.5568 309.6746 597.941 5167.9173 2076.5161;
	1665.8335 1043.2077 1713.4981 590.2 969.1609 1312.4649 1001.8357 318.5372 600.0419 5207.4964 2084.0176;
	1671.9857 1059.3312 1746.3159 597.8 985.7584 1376.7863 1014.4256 321.1248 607.9493 5280.3249 2146.8016;
	1748.8413 1124.8324 1814.2497 615.0 1027.245 1434.0702 1077.0012 342.2169 626.6878 5388.3497 2301.7061;
	1831.4876 1148.2 1873.19 621.2524 1027.469 1432.5445 1108.2687 345.453 643.4 5346.4682 2295.254;
	1744.161 1080.5169 1803.3647 602.5814 959.4409 1344.3105 1074.9884 336.4886 623.2348 5194.6263 2219.8081;
	1689.1262 1023.7 1706.6684 572.2 895.6467 1308.1829 1004.2777 322.1 591.4027 4993.5619 2098.0217;
	1640.408 976.1083 1612.9628 559.0 851.9823 1199.3848 940.3 299.4503 565.1 4845.3732 1983.1797;
	1624.6 968.6836 1607.3904 588.8 824.1225 1212.728 939.4908 265.2129 552.7 4272.3761 1861.9404;
	1665.415 954.1199 1584.2138 595.7289 796.5952 1166.9562 904.7525 248.706 529.9 4437.7666 1776.7525;
];
