function windprofile = ex_wind_profilesh1
%EX_WIND_PROFILE_D  Example wind_load_nyiso profile data for deterministic unit commitment.
% 2022.03.12
% Andres F. Ramirez


%% define constants
[GEN_BUS, PG, QG, QMAX, QMIN, VG, MBASE, GEN_STATUS, PMAX, PMIN, ...
    MU_PMAX, MU_PMIN, MU_QMAX, MU_QMIN, PC1, PC2, QC1MIN, QC1MAX, ...
    QC2MIN, QC2MAX, RAMP_AGC, RAMP_10, RAMP_30, RAMP_Q, APF] = idx_gen;
[CT_LABEL, CT_PROB, CT_TABLE, CT_TBUS, CT_TGEN, CT_TBRCH, CT_TAREABUS, ...
    CT_TAREAGEN, CT_TAREABRCH, CT_ROW, CT_COL, CT_CHGTYPE, CT_REP, ...
    CT_REL, CT_ADD, CT_NEWVAL, CT_TLOAD, CT_TAREALOAD, CT_LOAD_ALL_PQ, ...
    CT_LOAD_FIX_PQ, CT_LOAD_DIS_PQ, CT_LOAD_ALL_P, CT_LOAD_FIX_P, ...
    CT_LOAD_DIS_P, CT_TGENCOST, CT_TAREAGENCOST, CT_MODCOST_F, ...
    CT_MODCOST_X] = idx_ct;

windprofile = struct( ...
    'type', 'mpcData', ...
    'table', CT_TGEN, ...
    'rows', [1:45], ...
    'col', PMAX, ...
    'chgtype', 1, ...
    'values', [] );
windprofile.values(:,1,:) = [
	3.6774 49.6892 90.1718 112.6044 14.099 32.9918 28.5727 18.025 26.424 28.5859 52.8406 78.8278 118.6749 68.698 188.5826 71.0474 88.1514 93.4141 86.3333 72.6795 9.5242 76.9808 72.8288 84.4661 100.9109 72.9589 13.102 1301.1022 732.3226 732.3226 564.0229 94.2311 287.7777 187.0772 215.3774 312.4576 1235.286 213.3625 445.1413 270.2971 120.6099 365.9889 193.6186 281.7271 1248.1536;
	3.8823 52.4578 93.8154 115.0066 15.0559 33.887 26.2473 18.3859 26.7911 29.1625 53.9065 80.4179 121.0687 69.0285 188.3584 70.9629 88.0466 93.3031 86.8937 72.1506 8.7491 79.0696 71.4017 86.9505 101.0103 72.6005 13.2723 1319.6114 761.5832 761.5832 609.3414 99.4726 289.6457 185.7159 216.4137 324.9421 1250.2635 221.6979 450.6445 270.5634 121.5587 375.9197 191.4784 284.2299 1263.2871;
	3.8618 52.1819 92.6177 114.0589 15.1331 34.6123 21.6869 18.5768 27.9841 29.6187 54.7498 81.6759 122.9626 69.0965 190.5115 71.7741 89.0531 94.3697 87.5689 72.0513 7.229 80.7621 70.9839 87.055 101.1312 75.5685 13.6225 1339.4672 778.1597 778.1597 658.7354 99.1821 291.8964 185.4603 216.6267 332.0148 1282.0007 236.1569 438.2226 270.8872 122.6341 383.9663 194.6013 278.0257 1295.3549;
	3.7863 51.1613 91.9284 113.2486 15.0849 33.7576 21.058 17.6618 25.9719 29.027 53.656 80.0442 120.5062 68.849 190.1317 71.631 88.8755 94.1815 85.0546 71.2559 7.0193 78.7676 69.6049 88.0818 98.6747 72.3252 13.2943 1330.7961 730.8348 730.8348 614.4975 92.8637 283.5152 183.4129 215.8509 311.8228 1235.8143 244.4944 420.2846 264.3072 119.1006 374.4839 152.536 278.8742 1248.6873;
	3.8124 51.5135 89.5452 111.1821 15.0024 34.3094 29.6699 17.5456 26.4371 29.2058 53.9865 80.5372 121.2483 69.829 192.6043 72.5626 90.0313 95.4063 85.1476 72.2836 9.89 80.0553 72.2786 85.8781 100.4154 71.8552 13.1352 1317.178 758.1092 758.1092 656.2888 98.3098 283.8253 186.0582 218.9233 323.4599 1249.7211 248.7715 467.0102 268.9699 118.7109 380.6056 185.4133 276.1747 1262.7391;
	3.8412 51.9029 90.0108 111.5705 14.9019 34.9307 28.558 17.4421 26.3503 30.3351 56.0739 83.6512 125.9364 69.8517 197.1856 74.2885 92.1728 97.6757 84.5591 71.9654 9.5193 81.505 72.8331 86.3702 99.3339 69.4688 13.2328 1349.8917 777.8059 777.8059 737.4403 110.4718 281.8637 185.2392 218.9946 331.8639 1257.1559 261.2093 457.0261 266.0728 120.1187 387.4982 168.622 279.0795 1270.2513;
	3.6257 48.9916 87.6432 111.0899 14.4069 33.8943 30.2937 16.7017 26.5985 29.6707 54.8459 81.8193 123.1785 69.7494 198.0919 74.63 92.5964 98.1246 89.5403 73.5095 10.0979 79.0868 72.2704 83.4978 97.4059 63.6328 13.1925 1324.2403 781.6342 781.6342 739.4128 105.7248 298.4677 189.2137 218.6738 333.4973 1271.9728 292.3791 466.2703 260.9087 116.504 376.0011 152.4398 267.0485 1285.2225;
	3.6651 49.5232 86.7358 111.0568 14.2057 32.6386 28.1514 17.1362 25.0719 28.7881 53.2143 79.3853 119.5141 69.0755 196.2454 73.9343 91.7333 97.21 86.7623 71.7715 9.3838 76.1567 70.7622 85.5149 97.4923 65.4975 12.8729 1337.4712 756.4741 756.4741 726.9587 109.1157 289.2078 184.74 216.5609 322.7623 1270.1638 299.424 440.0252 261.14 115.5967 362.0709 158.051 267.9255 1283.3947;
	3.5834 48.4195 76.3878 96.6534 12.7873 28.3143 29.7046 16.3316 21.1297 27.1884 50.2573 74.974 112.8729 69.0115 199.3087 75.0884 93.1652 98.7273 89.224 72.432 9.9015 66.0667 66.6173 84.385 97.6444 59.1482 12.569 1335.2342 759.9537 759.9537 740.547 114.9228 297.4134 186.4401 216.3604 324.2469 1312.7451 310.5578 447.0467 261.5476 117.5437 314.0999 169.5824 264.7029 1326.4196;
	3.7992 51.3352 89.5292 113.2072 14.9488 33.399 24.2404 18.3938 26.6535 29.2793 54.1223 80.7398 121.5533 67.324 196.6964 74.1042 91.9441 97.4333 85.8029 71.6032 8.0801 77.9309 71.8909 88.6511 103.8854 68.7606 13.3144 1279.2327 795.4083 795.4083 687.5814 113.3174 286.0096 184.3069 211.0699 339.3742 1284.7832 307.6258 456.262 278.2645 121.3798 370.5059 206.9037 271.3995 1298.1663;
	3.7245 50.3265 87.8811 113.1972 14.4941 33.2486 25.8322 18.209 26.3478 30.2644 55.9433 83.4565 125.6432 66.4447 199.2 75.0474 93.1144 98.6735 89.1587 72.2185 8.6107 77.5802 72.0835 86.3853 101.3279 67.3072 13.6047 1262.5811 807.2113 807.2113 750.3945 117.9897 297.1957 185.8907 208.3132 344.4102 1301.3036 332.563 451.7221 271.4139 119.5901 368.8382 203.4591 267.0366 1314.8589;
	3.8866 52.5169 90.8002 119.2841 14.9228 34.8542 25.6827 19.0713 27.3197 29.6289 54.7685 81.7038 123.0047 66.6784 197.3155 74.3375 92.2335 97.74 88.8434 71.7555 8.5609 81.3265 71.4407 88.5683 105.0405 66.2127 14.0683 1252.7934 799.1651 799.1651 755.0144 117.9996 296.1446 184.6988 209.0458 340.9771 1298.5232 328.8545 459.9474 281.3585 123.567 386.6493 212.5156 272.2867 1312.0495;
	3.8277 51.721 90.014 113.0966 14.8388 34.0619 27.3235 18.2408 27.2861 30.7772 56.8912 84.8705 127.772 67.7646 198.7212 74.8671 92.8906 98.4363 88.4781 72.9939 9.1078 79.4779 71.0494 83.2383 102.5192 67.8529 13.8667 1253.1212 826.3338 826.3338 774.4153 116.5004 294.9271 187.8866 212.451 352.5691 1314.2702 335.5189 450.7345 274.605 121.9767 377.8604 208.0796 269.9337 1327.9606;
	3.7489 50.6559 88.1049 112.0457 14.5866 32.7119 25.0763 18.0575 26.8033 29.6148 54.7426 81.6651 122.9464 67.7101 193.4895 72.896 90.4451 95.8448 84.2665 72.3694 8.3588 76.3278 71.6415 84.1556 99.17 69.9056 13.9638 1231.6763 788.2751 788.2751 733.231 113.2677 280.8885 186.279 212.2802 336.3307 1246.2229 318.1647 438.1096 265.634 120.8249 362.8841 200.3693 269.7737 1259.2044;
	3.8592 52.1458 92.2159 113.8336 15.1183 32.8874 22.9089 18.5103 27.6409 28.9055 53.4314 79.7092 120.0017 65.1087 189.4179 71.3621 88.5419 93.8279 84.9453 73.3812 7.6363 76.7374 72.5017 88.4342 102.9785 71.5023 14.1091 1243.8411 794.2667 794.2667 718.4422 113.6506 283.1511 188.8835 204.1246 338.8871 1230.8075 309.3679 456.6498 275.8352 121.7669 364.8313 205.1011 277.4433 1243.6284;
	3.8365 51.84 89.5354 110.3654 14.9478 32.9587 23.0928 17.5916 26.0805 28.1784 52.0873 77.704 116.983 63.1735 190.5748 71.7979 89.0826 94.401 84.1509 73.8313 7.6976 76.9037 68.5573 85.255 98.5808 66.1096 13.5112 1216.3647 763.7894 763.7894 648.1321 111.0846 280.5031 190.042 198.0575 325.8835 1160.7125 301.9087 458.4569 264.0556 122.074 365.6221 204.3853 271.7015 1172.8032;
	3.8867 52.5177 91.8029 111.6707 14.8662 31.6141 21.0138 17.6921 26.3133 29.1695 53.9194 80.4372 121.0978 62.9364 199.7517 75.2553 93.3723 98.9467 88.0588 73.6073 7.0046 73.7662 72.5597 82.3256 100.6217 50.577 13.2684 1171.1658 730.4554 730.4554 598.3283 101.7627 293.5294 189.4655 197.3141 311.661 1137.4697 321.3716 450.7884 269.5223 120.4826 350.7056 195.6944 259.9069 1149.3184;
	3.897 52.6566 94.243 113.6192 15.3068 30.6468 18.6268 13.7895 26.9484 29.7561 55.0037 82.0547 123.5329 63.7635 191.164 72.0199 89.3581 94.6929 83.3459 71.5657 6.2089 71.5092 74.2949 84.9485 101.3125 67.0352 10.8014 1149.5923 689.0494 689.0494 578.9682 101.7835 277.8195 184.2103 199.9071 293.9944 1150.4244 287.868 461.2337 271.3728 120.8932 339.9752 181.3928 242.6392 1162.4079;
