function loadprofile = ex_load_profilesh1
%EX_LOAD_PROFILE  Example load profile data file for stochastic unit commitment.
% 2022.03.12
% Andres F. Ramirez

%% define constants
[CT_LABEL, CT_PROB, CT_TABLE, CT_TBUS, CT_TGEN, CT_TBRCH, CT_TAREABUS, ...
    CT_TAREAGEN, CT_TAREABRCH, CT_ROW, CT_COL, CT_CHGTYPE, CT_REP, ...
    CT_REL, CT_ADD, CT_NEWVAL, CT_TLOAD, CT_TAREALOAD, CT_LOAD_ALL_PQ, ...
    CT_LOAD_FIX_PQ, CT_LOAD_DIS_PQ, CT_LOAD_ALL_P, CT_LOAD_FIX_P, ...
    CT_LOAD_DIS_P, CT_TGENCOST, CT_TAREAGENCOST, CT_MODCOST_F, ...
    CT_MODCOST_X] = idx_ct;

loadprofile = struct( ...
    'type', 'mpcData', ...
    'table', CT_TAREALOAD, ...
    'rows', [1:11], ...
    'col', CT_LOAD_ALL_P, ...
    'chgtype', 1, ...
    'values', [] );
loadprofile.values(:,1,:) = [
	1490.2068 912.7357 1567.9798 567.5936 736.355 1089.1526 828.3783 264.9196 514.3964 4576.3704 1732.83;
	1502.5635 902.6892 1543.1589 561.2383 713.1175 1044.9298 817.1669 252.9613 497.1 4503.9857 1718.2317;
	1489.9847 907.588 1518.7527 563.8401 710.4258 1078.2289 825.9435 250.047 497.1625 4457.1196 1731.9636;
	1519.9 940.9 1587.9 566.3 741.0056 1095.1117 863.3 270.5142 519.1 4581.6913 1843.4288;
	1595.0954 994.587 1690.8352 571.7613 815.6807 1157.2408 906.1 287.5559 542.5493 4707.9982 1918.5841;
	1651.5191 1057.7675 1816.873 579.0 884.4346 1208.4098 987.5318 317.7109 589.8216 5266.5885 2212.5848;
	1743.5 1089.3613 1904.5002 607.9 933.0486 1285.5974 1058.5437 345.1053 636.3532 5554.097 2315.4064;
	1805.2484 1149.4357 1964.1021 616.7405 989.9603 1307.6075 1082.0355 325.5 654.8965 5595.2839 2229.3871;
	1854.0744 1154.4113 2004.7475 600.4135 997.5 1359.7442 1125.0195 334.526 655.9398 5688.3957 2348.5523;
	1816.3528 1173.7525 1998.0046 604.1099 997.9909 1337.9652 1115.0975 338.1 646.6 5658.9647 2345.9283;
	1801.7665 1114.9845 1939.2104 603.1472 945.2361 1253.8386 1055.843 320.3198 606.308 5605.7485 2176.9921;
	1778.5005 1122.9972 1929.368 590.9536 925.6599 1214.6493 1047.6676 333.8076 601.379 5601.4666 2114.8295;
	1757.0381 1094.4791 1880.8933 581.201 888.5104 1177.4 1029.1464 329.2593 592.8792 5626.5817 2075.4781;
	1743.4 1080.8 1870.566 571.8 886.5823 1223.752 1044.2599 334.9276 591.4805 5600.8977 2112.7415;
	1745.7695 1100.5945 1900.5558 580.2789 922.9785 1288.8908 1047.7 343.1594 596.2 5764.7067 2164.5375;
	1828.357 1113.9 1927.3952 579.8065 951.9177 1316.4884 1105.2363 373.7956 606.8861 5810.8058 2248.1811;
	1811.5171 1158.9911 1938.9969 582.6 936.723 1341.0288 1125.5599 362.9333 632.7243 5860.4807 2365.8977;
	1924.7617 1215.9491 2041.4094 589.3837 990.663 1402.5254 1206.2352 375.7 660.5564 5946.5749 2568.4818;
	1908.1232 1200.888 2024.21 607.5 995.7338 1366.5588 1168.7868 354.8961 659.5753 5889.584 2467.7138;
	1925.7892 1147.4011 1951.5367 602.5145 935.7 1306.1747 1103.3976 345.9479 634.9556 5470.5936 2326.798;
	1848.2804 1083.7787 1825.5995 588.9339 911.1739 1267.2 1081.5941 337.9891 601.0917 5395.3657 2310.1477;
	1724.7062 979.1043 1689.2657 580.5688 832.1582 1186.7314 974.7194 297.1 570.5111 5004.6894 2076.9681;
	1626.2217 954.5198 1635.9813 586.8919 819.1391 1142.7 912.9929 281.9373 545.599 4929.5625 1952.5671;
	1600.0963 936.0 1615.2759 591.8 808.2282 1116.7226 900.2395 284.1353 527.1116 4746.2932 1922.6614;
];
