function solarprofile = ex_solar_profilesh1
%EX_WIND_PROFILE_D  Example wind_load_nyiso profile data for deterministic unit commitment.
% 2022.03.12
% Andres F. Ramirez


%% define constants
[GEN_BUS, PG, QG, QMAX, QMIN, VG, MBASE, GEN_STATUS, PMAX, PMIN, ...
    MU_PMAX, MU_PMIN, MU_QMAX, MU_QMIN, PC1, PC2, QC1MIN, QC1MAX, ...
    QC2MIN, QC2MAX, RAMP_AGC, RAMP_10, RAMP_30, RAMP_Q, APF] = idx_gen;
[CT_LABEL, CT_PROB, CT_TABLE, CT_TBUS, CT_TGEN, CT_TBRCH, CT_TAREABUS, ...
    CT_TAREAGEN, CT_TAREABRCH, CT_ROW, CT_COL, CT_CHGTYPE, CT_REP, ...
    CT_REL, CT_ADD, CT_NEWVAL, CT_TLOAD, CT_TAREALOAD, CT_LOAD_ALL_PQ, ...
    CT_LOAD_FIX_PQ, CT_LOAD_DIS_PQ, CT_LOAD_ALL_P, CT_LOAD_FIX_P, ...
    CT_LOAD_DIS_P, CT_TGENCOST, CT_TAREAGENCOST, CT_MODCOST_F, ...
    CT_MODCOST_X] = idx_ct;

solarprofile = struct( ...
    'type', 'mpcData', ...
    'table', CT_TGEN, ...
    'rows', [1:12], ...
    'col', PMAX, ...
    'chgtype', 1, ...
    'values', [] );
solarprofile.values(:,1,:) = [
	0.0 0.0 0.0 0.0 0.0 0.0 0.0 0.0 0.0 0.0 0.0 0.0;
	0.0 0.0 0.0 0.0 0.0 0.0 0.0 0.0 0.0 0.0 0.0 0.0;
	0.0 0.0 0.0 0.0 0.0 0.0 0.0 0.0 0.0 0.0 0.0 0.0;
	0.0 0.0 0.0 0.0 0.0 0.0 0.0 0.0 0.0 0.0 0.0 0.0;
	0.0 0.0 0.0 0.0 0.0 0.0 0.0 0.0 0.0 0.0 0.0 0.0;
	1.033 0.8593 0.7089 0.0 0.0 9.4835 1.1854 4.1882 0.4191 0.0 0.0 0.0;
	8.7791 7.2829 6.0747 4.6096 2.6576 197.6502 24.7063 6.8743 44.5091 21.5856 4.6173 39.0917;
	22.6587 16.3044 14.0584 4.6408 6.4153 273.0035 34.1254 21.475 36.9036 110.5696 51.648 200.2423;
	26.1998 16.8481 14.2959 6.071 7.8538 304.5482 38.0685 37.9731 39.9866 244.8348 125.7551 443.3972;
	25.596 16.3661 13.8 3.9182 6.3951 336.617 42.0771 34.5323 76.0758 212.7577 146.3584 385.3055;
	25.506 16.341 13.6184 4.2511 6.4758 271.2568 33.9071 15.586 78.6111 239.8836 155.4142 434.4306;
	22.921 16.0062 13.0641 3.9377 6.1073 227.9252 28.4907 13.2474 45.6037 245.7963 158.7996 445.1385;
	23.7721 15.9262 13.4455 3.2915 2.695 319.6322 39.954 31.1583 22.2726 175.3725 110.3518 317.6006;
	21.5134 15.8069 13.434 3.245 2.2758 359.3476 44.9184 45.1635 47.6209 151.9255 101.797 275.138;
	16.2062 12.5252 11.2221 3.0435 2.1485 402.2724 50.2841 49.6562 100.717 116.777 80.912 211.4838;
	8.4466 5.9014 5.0588 4.4801 3.8407 358.5821 44.8228 24.1467 231.9387 74.0217 46.2289 134.0537;
	1.3305 1.0572 0.8069 1.0629 1.8308 68.8622 8.6078 11.4603 45.7689 44.5975 14.6431 80.7664;
	0.0 0.0 0.0 0.0 0.0 0.0 0.0 0.0 0.0 0.0 0.0 0.0;
	0.0 0.0 0.0 0.0 0.0 0.0 0.0 0.0 0.0 0.0 0.0 0.0;
	0.0 0.0 0.0 0.0 0.0 0.0 0.0 0.0 0.0 0.0 0.0 0.0;
	0.0 0.0 0.0 0.0 0.0 0.0 0.0 0.0 0.0 0.0 0.0 0.0;
	0.0 0.0 0.0 0.0 0.0 0.0 0.0 0.0 0.0 0.0 0.0 0.0;
	0.0 0.0 0.0 0.0 0.0 0.0 0.0 0.0 0.0 0.0 0.0 0.0;
	0.0 0.0 0.0 0.0 0.0 0.0 0.0 0.0 0.0 0.0 0.0 0.0;
];
