function loadprofile = ex_load_profilesh1
%EX_LOAD_PROFILE  Example load profile data file for stochastic unit commitment.
% 2022.03.12
% Andres F. Ramirez

%% define constants
[CT_LABEL, CT_PROB, CT_TABLE, CT_TBUS, CT_TGEN, CT_TBRCH, CT_TAREABUS, ...
    CT_TAREAGEN, CT_TAREABRCH, CT_ROW, CT_COL, CT_CHGTYPE, CT_REP, ...
    CT_REL, CT_ADD, CT_NEWVAL, CT_TLOAD, CT_TAREALOAD, CT_LOAD_ALL_PQ, ...
    CT_LOAD_FIX_PQ, CT_LOAD_DIS_PQ, CT_LOAD_ALL_P, CT_LOAD_FIX_P, ...
    CT_LOAD_DIS_P, CT_TGENCOST, CT_TAREAGENCOST, CT_MODCOST_F, ...
    CT_MODCOST_X] = idx_ct;

loadprofile = struct( ...
    'type', 'mpcData', ...
    'table', CT_TAREALOAD, ...
    'rows', [1:11], ...
    'col', CT_LOAD_ALL_P, ...
    'chgtype', 1, ...
    'values', [] );
loadprofile.values(:,1,:) = [
	1442.1072 880.0 1499.2699 562.4 700.2694 1099.448 829.1835 242.4632 517.6142 4641.92 1651.1909;
	1434.2368 872.7 1495.812 568.9796 690.1923 1080.5931 821.6683 230.6652 495.0336 4410.3312 1593.7572;
	1487.0158 882.1167 1522.0 571.8721 714.1974 1094.2 828.5 234.3473 514.2088 4428.2655 1625.4975;
	1512.0249 903.1693 1547.2891 578.0 744.6 1119.4085 826.0326 229.5 504.3967 4418.6292 1667.7;
	1597.4232 968.6084 1650.8559 596.547 800.0 1222.6627 885.3 257.8162 535.6057 4549.9502 1799.3914;
	1678.5408 1041.5967 1783.4163 615.0103 899.5014 1279.3256 949.0162 287.7 566.0225 4789.1125 1904.4991;
	1730.0995 1087.8382 1869.3026 609.5941 968.9874 1326.8354 1008.1828 303.8957 595.3089 5058.3859 2034.7847;
	1771.73 1135.6172 1924.8367 633.0932 968.7 1366.847 1043.8 319.2019 633.3052 5238.5793 2108.9365;
	1762.4 1120.0947 1912.4148 616.9 975.6426 1342.2106 1033.4886 341.288 638.8887 5371.8024 1989.975;
	1792.6304 1138.0144 1958.1613 618.4813 969.264 1331.9 1090.7218 326.1 689.9314 5573.6255 1953.3;
	1759.8459 1104.7437 1938.0114 611.684 937.6 1355.2451 1097.7148 324.9 656.8992 5532.6864 1937.376;
	1732.0928 1081.8063 1910.2111 615.2507 905.2173 1266.7325 1102.0927 308.9414 629.4 5488.708 1853.158;
	1692.196 1047.1631 1860.3355 609.0594 874.4193 1257.2508 1059.6775 298.8526 629.317 5396.4862 1857.0941;
	1717.2306 1092.8444 1909.7372 616.612 914.2108 1281.7 1123.6291 288.9116 640.9267 5328.892 1969.3;
	1713.8 1097.2243 1948.2922 614.5 919.803 1310.3862 1167.0909 298.9159 641.8364 5346.1223 1950.9165;
	1760.4881 1126.3952 1986.0175 623.0822 939.8331 1363.4636 1213.9403 300.6 655.7783 5364.5064 2011.1477;
	1768.2807 1125.1769 2044.8217 609.6324 955.6 1356.7423 1243.6363 317.0081 649.2367 5506.6944 2091.6498;
	1815.8 1171.6122 2111.6564 632.0796 998.989 1411.8659 1275.8365 309.7664 662.3993 5531.8 2209.4624;
	1931.3658 1246.4823 2122.4359 645.3991 997.3625 1444.3943 1243.5496 316.5943 682.3443 5572.0801 2234.2808;
	1857.6576 1203.1148 2044.3972 631.2568 957.9725 1358.8549 1166.1716 297.2 636.0277 5360.0693 2106.8336;
	1831.0541 1136.3684 1943.5508 609.5 917.3742 1299.9688 1166.0663 291.8 648.4074 5327.5373 2088.6889;
	1754.145 1073.6427 1829.6628 598.0833 888.1716 1211.7607 1064.2559 280.9403 611.6 5265.9123 1941.7578;
	1694.0 1068.8147 1729.2087 599.7128 810.8729 1190.5507 970.1069 264.6771 578.3288 4933.1763 1877.4;
	1639.3192 1004.5718 1685.2673 606.4763 799.3654 1178.6086 931.6762 251.5405 576.0837 4721.3958 1780.6977;
];
