function loadprofile = ex_load_profilesh1
%EX_LOAD_PROFILE  Example load profile data file for stochastic unit commitment.
% 2022.03.12
% Andres F. Ramirez

%% define constants
[CT_LABEL, CT_PROB, CT_TABLE, CT_TBUS, CT_TGEN, CT_TBRCH, CT_TAREABUS, ...
    CT_TAREAGEN, CT_TAREABRCH, CT_ROW, CT_COL, CT_CHGTYPE, CT_REP, ...
    CT_REL, CT_ADD, CT_NEWVAL, CT_TLOAD, CT_TAREALOAD, CT_LOAD_ALL_PQ, ...
    CT_LOAD_FIX_PQ, CT_LOAD_DIS_PQ, CT_LOAD_ALL_P, CT_LOAD_FIX_P, ...
    CT_LOAD_DIS_P, CT_TGENCOST, CT_TAREAGENCOST, CT_MODCOST_F, ...
    CT_MODCOST_X] = idx_ct;

loadprofile = struct( ...
    'type', 'mpcData', ...
    'table', CT_TAREALOAD, ...
    'rows', [1:11], ...
    'col', CT_LOAD_ALL_P, ...
    'chgtype', 1, ...
    'values', [] );
loadprofile.values(:,1,:) = [
	1472.292 892.5231 1531.7122 562.7161 709.4141 1071.0359 835.4358 226.7732 456.1411 4446.7184 1656.7963;
	1462.6616 893.1122 1515.4188 559.6 710.9152 1067.266 833.8371 226.7 473.963 4358.0285 1632.7804;
	1467.6481 896.3 1538.6888 564.7705 734.7819 1066.1063 818.261 218.5968 457.4927 4277.3082 1609.685;
	1466.8 908.4242 1566.2208 560.0804 749.7354 1083.574 824.371 217.4 472.791 4336.7871 1614.1;
	1559.399 968.5191 1689.7865 577.5561 817.2874 1182.1197 898.5074 231.7876 490.9755 4508.136 1754.9593;
	1644.5655 1045.9113 1780.191 591.9316 865.6 1249.1 937.4011 240.5698 527.2355 4711.3806 1852.5687;
	1721.7466 1086.8586 1826.5 609.647 922.3326 1275.0 995.7 259.473 562.9306 4944.5333 1936.4424;
	1756.5315 1114.5757 1853.5726 624.304 928.1281 1300.891 1028.1407 278.6 584.232 5187.7329 1979.4524;
	1802.8831 1114.4 1829.0 607.3 954.3 1328.6488 1061.4146 290.1085 587.0669 5276.9825 1965.1016;
	1809.8252 1128.1857 1802.1708 602.5 946.1862 1293.5941 1005.2778 288.9475 590.5402 5264.7427 1919.2881;
	1781.6762 1144.58 1832.0416 599.2776 961.3935 1255.942 1019.883 309.2384 593.9842 5371.6177 2018.6176;
	1740.5851 1124.0893 1800.8365 591.3707 939.0191 1269.8491 1037.2798 317.2 594.2995 5357.0 2037.6031;
	1721.2452 1127.4433 1772.8658 588.1 902.6683 1262.7123 1052.0178 295.4958 585.7 5210.7977 2026.3323;
	1672.1436 1099.6961 1718.2811 570.7893 888.1751 1202.0758 1016.1274 281.8 564.9684 5136.8267 1978.616;
	1698.7235 1120.8411 1790.9388 569.6262 902.4 1266.0654 1041.4441 305.3926 554.8512 5137.4631 2009.8348;
	1684.1569 1132.4678 1791.2415 589.1719 920.0604 1318.52 1134.9931 310.3809 583.8765 5131.3891 2137.8;
	1718.865 1167.6778 1831.5679 579.8104 979.4372 1362.3 1111.5631 322.1064 575.3026 5032.8785 2155.1516;
	1795.8553 1239.7617 1924.4647 603.4647 1043.469 1413.7241 1161.5478 351.7482 613.3182 5285.5679 2287.5667;
	1808.1521 1241.385 1944.6 602.3536 1030.0 1381.1539 1113.7633 358.5603 604.5442 5266.0652 2253.3817;
	1726.686 1149.6687 1824.7987 602.5674 964.4369 1314.6433 1063.1987 339.153 586.4722 5196.3769 2188.1162;
	1643.0463 1100.1617 1711.4892 579.8703 895.19 1254.4899 1027.4398 317.2916 538.4724 5060.6065 2061.0841;
	1560.315 1040.2834 1642.1543 566.6534 864.3247 1196.8 1003.8015 297.1 524.1148 5044.2778 1990.4027;
	1550.0915 998.3476 1637.0848 588.7 838.6229 1190.3922 954.6074 285.954 520.4125 4816.561 1839.0;
	1531.0654 955.4 1641.3 585.8896 830.0 1154.5 920.4 280.1471 500.2732 4728.7385 1808.5171;
];
