function loadprofile = ex_load_profilesh1
%EX_LOAD_PROFILE  Example load profile data file for stochastic unit commitment.
% 2022.03.12
% Andres F. Ramirez

%% define constants
[CT_LABEL, CT_PROB, CT_TABLE, CT_TBUS, CT_TGEN, CT_TBRCH, CT_TAREABUS, ...
    CT_TAREAGEN, CT_TAREABRCH, CT_ROW, CT_COL, CT_CHGTYPE, CT_REP, ...
    CT_REL, CT_ADD, CT_NEWVAL, CT_TLOAD, CT_TAREALOAD, CT_LOAD_ALL_PQ, ...
    CT_LOAD_FIX_PQ, CT_LOAD_DIS_PQ, CT_LOAD_ALL_P, CT_LOAD_FIX_P, ...
    CT_LOAD_DIS_P, CT_TGENCOST, CT_TAREAGENCOST, CT_MODCOST_F, ...
    CT_MODCOST_X] = idx_ct;

loadprofile = struct( ...
    'type', 'mpcData', ...
    'table', CT_TAREALOAD, ...
    'rows', [1:11], ...
    'col', CT_LOAD_ALL_P, ...
    'chgtype', 1, ...
    'values', [] );
loadprofile.values(:,1,:) = [
	1450.839 866.3165 1551.9029 510.2165 748.8327 1096.2055 877.1973 234.4 482.9 4360.6225 1627.7644;
	1438.3105 879.5066 1544.9391 463.9745 746.8727 1085.4573 847.349 231.6537 479.5453 4352.5613 1590.0814;
	1439.3814 883.7057 1537.4401 503.7387 763.894 1082.572 840.1099 227.7288 483.2774 4300.0245 1592.6859;
	1503.0748 915.1645 1566.3065 519.7729 785.3041 1124.8801 868.7884 237.2956 495.4641 4321.9568 1637.6341;
	1573.2711 970.5 1654.7152 543.6613 850.4061 1200.5 937.7975 262.3793 520.2258 4534.1584 1746.9539;
	1639.7657 983.5542 1733.5701 559.5058 901.6936 1248.7842 979.5 280.5196 540.7234 4737.1933 1793.4;
	1694.1103 1015.0341 1774.0 508.9737 943.216 1314.446 1047.6032 294.081 570.6239 4964.8746 1880.8783;
	1743.1058 1065.4 1836.1724 555.9012 994.5797 1373.1937 1082.5665 292.37 606.3 5207.3992 1933.3157;
	1757.8 1088.8276 1898.4212 569.3513 1041.9353 1412.8915 1120.0688 290.7795 603.2634 5440.0838 1979.6313;
	1763.0841 1086.7987 1921.8531 576.8299 1032.1326 1434.8903 1120.9069 301.1909 604.2141 5468.5553 1978.259;
	1715.5267 1067.7935 1857.3214 589.7 996.6907 1447.1617 1146.4466 287.5769 615.4656 5487.0712 1986.2114;
	1707.7958 1050.0132 1784.1939 567.7 947.5567 1400.4624 1095.4177 256.3228 596.1335 5304.0032 1911.8375;
	1655.4346 1024.0471 1747.7739 560.8783 940.8954 1341.6 1074.1612 251.872 583.7527 5187.1394 1853.3356;
	1672.3123 1032.3079 1749.0563 562.1917 933.5994 1329.6295 1060.4121 262.2996 561.9 5132.1115 1796.3308;
	1690.8666 1037.9639 1775.9609 565.691 926.3133 1330.4714 1042.3626 252.9582 514.3532 4937.4595 1580.9393;
	1762.4158 1090.5115 1869.7303 585.8184 983.8914 1421.9151 1092.5211 280.9 568.4947 5190.4246 1964.0987;
	1751.8209 1090.7264 1831.5077 576.1854 990.3584 1409.3703 1050.8383 285.7143 544.9315 5101.454 1891.5;
	1786.83 1139.0068 1912.3 590.159 1008.1 1451.9203 1101.1822 297.1959 590.7967 5098.8294 2043.2948;
	1868.995 1164.3501 1948.6546 584.0471 1012.5 1472.8049 1118.8273 266.5353 562.0505 5086.6917 1874.619;
	1854.2221 1115.5377 1881.5954 579.0462 957.2084 1391.0299 1078.1314 277.5122 571.7033 5071.2118 1956.625;
	1766.4282 1065.6 1839.5912 564.9006 910.3986 1359.4124 1042.947 277.3799 555.9804 4918.3126 1892.3588;
	1682.9779 992.1994 1706.7422 556.2929 830.5129 1288.935 984.4 259.2005 523.9749 4650.0307 1770.1419;
	1633.0 985.6031 1722.2214 567.7591 880.7156 1317.557 1037.4197 273.953 545.2889 4825.2145 1828.9639;
	1581.6 930.7399 1691.2511 581.2688 873.5368 1207.3206 960.0135 253.3852 530.0214 4572.3756 1741.8;
];
