function loadprofile = ex_load_profilesh1
%EX_LOAD_PROFILE  Example load profile data file for stochastic unit commitment.
% 2022.03.12
% Andres F. Ramirez

%% define constants
[CT_LABEL, CT_PROB, CT_TABLE, CT_TBUS, CT_TGEN, CT_TBRCH, CT_TAREABUS, ...
    CT_TAREAGEN, CT_TAREABRCH, CT_ROW, CT_COL, CT_CHGTYPE, CT_REP, ...
    CT_REL, CT_ADD, CT_NEWVAL, CT_TLOAD, CT_TAREALOAD, CT_LOAD_ALL_PQ, ...
    CT_LOAD_FIX_PQ, CT_LOAD_DIS_PQ, CT_LOAD_ALL_P, CT_LOAD_FIX_P, ...
    CT_LOAD_DIS_P, CT_TGENCOST, CT_TAREAGENCOST, CT_MODCOST_F, ...
    CT_MODCOST_X] = idx_ct;

loadprofile = struct( ...
    'type', 'mpcData', ...
    'table', CT_TAREALOAD, ...
    'rows', [1:11], ...
    'col', CT_LOAD_ALL_P, ...
    'chgtype', 1, ...
    'values', [] );
loadprofile.values(:,1,:) = [
	1553.6594 877.5 1493.3217 545.3 758.4189 1075.4575 829.9989 234.1473 487.3063 4478.5 1668.5;
	1548.5595 865.9 1493.6367 528.3 758.3314 1079.6436 824.3 222.7997 468.9432 4387.9091 1639.8543;
	1557.0455 865.2208 1496.4449 531.0345 747.2726 1090.6393 830.1077 230.1918 465.4941 4295.3137 1625.674;
	1595.5066 895.1412 1566.6 522.6935 804.5 1108.8408 860.1851 245.8 495.4 4431.704 1668.6843;
	1649.7 955.565 1667.5 541.593 866.906 1147.9975 902.5546 264.3381 519.3 4569.8158 1767.6387;
	1727.1699 1021.8782 1760.253 567.5768 948.6199 1203.2885 959.3652 300.4742 551.2 4759.2146 1881.7924;
	1765.0639 1059.3421 1844.811 573.889 1004.486 1278.9306 1000.3 307.9633 580.8 4980.7 1978.298;
	1827.0501 1108.1277 1885.1621 584.3175 1028.3882 1316.3 1025.6468 323.6684 604.3 5206.6425 2027.8043;
	1828.0544 1113.6495 1891.3321 579.3494 1008.3031 1276.721 984.0603 322.889 590.0653 5200.9283 1908.4377;
	1805.3202 1086.8907 1842.7521 574.4403 985.8782 1256.6396 951.9482 315.8954 575.004 5126.8264 1846.0154;
	1770.7099 1041.9 1766.2567 565.5941 904.5 1167.7621 882.2075 312.2578 568.5333 4948.7063 1757.8814;
	1747.6247 1046.1276 1746.4489 546.6456 906.7 1121.8397 892.8077 306.5447 582.1807 5025.0246 1764.891;
	1716.0152 1016.9538 1746.2298 558.4 919.7134 1153.0268 910.1809 307.4859 587.3641 5080.8834 1787.2768;
	1669.2192 1016.439 1706.3262 575.0 909.2884 1190.5176 924.8834 299.1341 576.5696 5200.7283 1892.4326;
	1673.9533 988.7833 1666.2884 560.5221 917.3026 1206.6507 927.7083 292.3 581.4535 5158.0503 1901.9678;
	1680.5231 1043.5632 1787.8734 572.2 985.9912 1327.9527 990.7 304.372 608.7 5310.1861 2120.9809;
	1694.7282 1044.4356 1749.5775 589.6937 978.3424 1354.2213 1017.9144 295.7082 627.1029 5385.5822 2151.6229;
	1774.1174 1051.5892 1838.7092 608.6019 1046.1661 1404.3975 1104.4 332.827 649.373 5509.4472 2262.2393;
	1828.4653 1104.5457 1892.2 603.8 1013.8068 1398.5083 1123.728 324.5364 673.3839 5648.891 2293.8595;
	1813.2678 1074.1 1828.4684 588.3179 963.7 1369.3286 1104.318 315.1069 673.3623 5497.5429 2207.5151;
	1744.4102 983.9232 1718.8736 557.0944 914.6104 1300.7151 1044.5 312.7 639.5572 5298.1076 2069.0254;
	1657.3 919.9212 1626.5232 535.8827 853.5 1236.223 971.8837 292.1299 590.7952 4993.8093 1863.0458;
	1617.2433 901.6842 1672.7217 533.5726 878.9 1213.373 947.1004 280.5 559.5 4998.4704 1843.0432;
	1555.899 887.8763 1666.9685 544.2478 880.2337 1233.5225 947.1808 268.4728 544.7472 4901.8615 1788.3446;
];
