function loadprofile = ex_load_profilesh1
%EX_LOAD_PROFILE  Example load profile data file for stochastic unit commitment.
% 2022.03.12
% Andres F. Ramirez

%% define constants
[CT_LABEL, CT_PROB, CT_TABLE, CT_TBUS, CT_TGEN, CT_TBRCH, CT_TAREABUS, ...
    CT_TAREAGEN, CT_TAREABRCH, CT_ROW, CT_COL, CT_CHGTYPE, CT_REP, ...
    CT_REL, CT_ADD, CT_NEWVAL, CT_TLOAD, CT_TAREALOAD, CT_LOAD_ALL_PQ, ...
    CT_LOAD_FIX_PQ, CT_LOAD_DIS_PQ, CT_LOAD_ALL_P, CT_LOAD_FIX_P, ...
    CT_LOAD_DIS_P, CT_TGENCOST, CT_TAREAGENCOST, CT_MODCOST_F, ...
    CT_MODCOST_X] = idx_ct;

loadprofile = struct( ...
    'type', 'mpcData', ...
    'table', CT_TAREALOAD, ...
    'rows', [1:11], ...
    'col', CT_LOAD_ALL_P, ...
    'chgtype', 1, ...
    'values', [] );
loadprofile.values(:,1,:) = [
	1441.0457 876.4411 1514.9341 548.8392 743.5473 1008.4319 822.4483 224.1665 506.2 4343.5188 1650.9644;
	1416.64 851.6922 1497.1968 524.1936 742.7698 994.0712 816.4687 225.9906 508.2 4317.6458 1651.8572;
	1412.9547 853.5 1507.3679 534.8 738.8183 1035.6641 805.4338 219.8 511.2151 4247.7495 1637.5982;
	1439.6932 882.597 1558.6533 542.0914 793.2656 1049.4116 829.8811 218.0716 523.5773 4333.3627 1681.7901;
	1513.5437 956.7319 1666.2355 542.7707 851.3239 1109.2178 873.9231 228.4704 545.392 4456.1734 1756.6226;
	1559.8729 997.6329 1729.8677 567.7478 898.4405 1178.2581 919.5675 262.6922 564.0353 4647.3318 1846.8;
	1676.2477 1032.9 1774.0 552.7857 931.7908 1247.8097 946.9139 288.7032 576.0949 4963.9597 1880.8077;
	1725.6 1057.4046 1831.5203 547.5475 983.4766 1310.3711 984.099 309.6 596.4093 5233.4883 1949.1935;
	1752.3985 1057.806 1864.0 547.4982 993.1347 1289.4636 952.6367 312.6 590.1528 5152.8894 1832.7472;
	1704.8625 1026.9081 1848.4333 556.7948 981.6406 1280.9788 951.8 308.3031 562.2539 5126.6872 1860.8561;
	1676.3984 1043.3 1848.9131 561.5447 980.2645 1244.7051 940.4 296.8065 576.8258 5089.3138 1837.4351;
	1688.7579 1050.7386 1849.7 553.8722 952.1441 1191.5128 937.0399 300.0458 563.4347 5140.4911 1889.0934;
	1680.5515 1033.7295 1818.4717 561.9 918.6856 1191.1871 938.8104 300.3 544.372 5095.0844 1936.0195;
	1676.7345 1033.4532 1842.2585 574.3022 920.4615 1212.9234 962.6795 292.5453 561.957 5062.2488 1878.1656;
	1687.5081 1040.7923 1842.8862 589.7242 919.7865 1229.3318 961.7193 297.4683 575.077 5140.5347 1953.1482;
	1732.3529 1066.5482 1868.0264 576.1115 955.7019 1266.6249 1020.6405 300.7871 589.9747 5131.1401 2063.9771;
	1744.4339 1066.424 1877.6485 571.1731 972.0072 1301.4963 1043.8 338.6186 611.2191 5375.0 2189.9535;
	1827.801 1092.0584 1965.5454 598.5781 1027.3467 1370.9111 1090.3226 334.1218 630.2524 5357.8084 2241.3062;
	1882.6497 1120.0 1970.0584 604.6826 1033.9629 1366.2589 1101.8523 337.4475 640.6961 5419.8421 2252.2794;
	1849.6 1078.9 1885.8046 588.5 1002.8135 1304.9656 1067.3006 321.3193 629.0 5307.805 2205.4766;
	1765.493 1033.2552 1822.3905 558.2538 957.5271 1261.8374 1052.3016 320.148 612.4506 5233.3001 2132.1952;
	1685.5651 959.0 1701.1422 545.9049 875.3 1168.6106 977.9159 263.3199 571.9981 4994.3049 1977.3483;
	1567.2019 941.616 1650.3269 544.6228 847.0377 1127.6679 937.832 261.9551 555.9 4912.3483 1885.2455;
	1502.3768 916.7494 1645.2229 547.7365 846.9933 1113.277 895.7 250.7078 531.9416 4686.6311 1793.379;
];
