function solarprofile = ex_solar_profilesh1
%EX_WIND_PROFILE_D  Example wind_load_nyiso profile data for deterministic unit commitment.
% 2022.03.12
% Andres F. Ramirez


%% define constants
[GEN_BUS, PG, QG, QMAX, QMIN, VG, MBASE, GEN_STATUS, PMAX, PMIN, ...
    MU_PMAX, MU_PMIN, MU_QMAX, MU_QMIN, PC1, PC2, QC1MIN, QC1MAX, ...
    QC2MIN, QC2MAX, RAMP_AGC, RAMP_10, RAMP_30, RAMP_Q, APF] = idx_gen;
[CT_LABEL, CT_PROB, CT_TABLE, CT_TBUS, CT_TGEN, CT_TBRCH, CT_TAREABUS, ...
    CT_TAREAGEN, CT_TAREABRCH, CT_ROW, CT_COL, CT_CHGTYPE, CT_REP, ...
    CT_REL, CT_ADD, CT_NEWVAL, CT_TLOAD, CT_TAREALOAD, CT_LOAD_ALL_PQ, ...
    CT_LOAD_FIX_PQ, CT_LOAD_DIS_PQ, CT_LOAD_ALL_P, CT_LOAD_FIX_P, ...
    CT_LOAD_DIS_P, CT_TGENCOST, CT_TAREAGENCOST, CT_MODCOST_F, ...
    CT_MODCOST_X] = idx_ct;

solarprofile = struct( ...
    'type', 'mpcData', ...
    'table', CT_TGEN, ...
    'rows', [1:12], ...
    'col', PMAX, ...
    'chgtype', 1, ...
    'values', [] );
solarprofile.values(:,1,:) = [
	0.0 0.0 0.0 0.0 0.0 0.0 0.0 0.0 0.0 0.0 0.0 0.0;
	0.0 0.0 0.0 0.0 0.0 0.0 0.0 0.0 0.0 0.0 0.0 0.0;
	0.0 0.0 0.0 0.0 0.0 0.0 0.0 0.0 0.0 0.0 0.0 0.0;
	0.0 0.0 0.0 0.0 0.0 0.0 0.0 0.0 0.0 0.0 0.0 0.0;
	0.0 0.0 0.0 0.0 0.0 0.0 0.0 0.0 0.0 0.0 0.0 0.0;
	1.0216 0.8228 0.6999 0.0 0.0 9.4835 1.1854 4.4072 0.4191 0.0 0.0 0.0;
	12.1023 7.2619 5.9373 1.0002 0.0 31.1546 3.8943 45.8021 52.8585 59.5905 11.1533 107.9187;
	17.4665 13.3505 11.0419 2.6207 1.1851 94.5444 11.8181 54.7829 152.1776 168.3455 89.5802 304.8746;
	18.241 14.5622 12.7113 5.1699 3.9877 196.0285 24.5036 59.594 181.9147 261.3836 146.601 473.3674;
	6.7583 2.0242 2.1258 1.352 5.512 144.3468 18.0433 59.4754 78.9759 196.0883 114.9686 355.1171;
	14.1562 2.7086 6.1648 1.0138 4.6305 197.3958 24.6745 62.3932 80.8748 215.9166 120.6055 391.0263;
	21.2178 10.5214 11.8644 1.2411 3.2271 296.4421 37.0553 64.3964 116.422 221.1104 132.4918 400.4322;
	23.4426 15.6398 12.4797 4.3712 1.529 338.8224 42.3528 67.6103 136.1932 122.0023 56.7727 220.9469;
	17.8301 13.2997 9.7332 4.3803 1.8081 327.9846 40.9981 66.9886 116.9009 91.1356 31.0308 165.0472;
	10.9816 8.3836 4.6954 3.5796 1.8235 288.1102 36.0138 65.9977 89.1 54.0285 19.0551 97.8459;
	6.4797 5.9021 4.9842 2.5256 2.4455 136.2354 17.0294 51.4967 79.2117 18.1173 19.3276 32.8105;
	1.4748 1.3205 1.1465 1.0155 1.1695 68.8752 8.6094 15.7776 41.5217 8.1141 13.021 14.6947;
	0.0 0.0 0.0 0.0 0.0 0.0 0.0 0.0 0.0 0.0 0.0 0.0;
	0.0 0.0 0.0 0.0 0.0 0.0 0.0 0.0 0.0 0.0 0.0 0.0;
	0.0 0.0 0.0 0.0 0.0 0.0 0.0 0.0 0.0 0.0 0.0 0.0;
	0.0 0.0 0.0 0.0 0.0 0.0 0.0 0.0 0.0 0.0 0.0 0.0;
	0.0 0.0 0.0 0.0 0.0 0.0 0.0 0.0 0.0 0.0 0.0 0.0;
	0.0 0.0 0.0 0.0 0.0 0.0 0.0 0.0 0.0 0.0 0.0 0.0;
	0.0 0.0 0.0 0.0 0.0 0.0 0.0 0.0 0.0 0.0 0.0 0.0;
];
