function solarprofile = ex_solar_profilesh1
%EX_WIND_PROFILE_D  Example wind_load_nyiso profile data for deterministic unit commitment.
% 2022.03.12
% Andres F. Ramirez


%% define constants
[GEN_BUS, PG, QG, QMAX, QMIN, VG, MBASE, GEN_STATUS, PMAX, PMIN, ...
    MU_PMAX, MU_PMIN, MU_QMAX, MU_QMIN, PC1, PC2, QC1MIN, QC1MAX, ...
    QC2MIN, QC2MAX, RAMP_AGC, RAMP_10, RAMP_30, RAMP_Q, APF] = idx_gen;
[CT_LABEL, CT_PROB, CT_TABLE, CT_TBUS, CT_TGEN, CT_TBRCH, CT_TAREABUS, ...
    CT_TAREAGEN, CT_TAREABRCH, CT_ROW, CT_COL, CT_CHGTYPE, CT_REP, ...
    CT_REL, CT_ADD, CT_NEWVAL, CT_TLOAD, CT_TAREALOAD, CT_LOAD_ALL_PQ, ...
    CT_LOAD_FIX_PQ, CT_LOAD_DIS_PQ, CT_LOAD_ALL_P, CT_LOAD_FIX_P, ...
    CT_LOAD_DIS_P, CT_TGENCOST, CT_TAREAGENCOST, CT_MODCOST_F, ...
    CT_MODCOST_X] = idx_ct;

solarprofile = struct( ...
    'type', 'mpcData', ...
    'table', CT_TGEN, ...
    'rows', [1:12], ...
    'col', PMAX, ...
    'chgtype', 1, ...
    'values', [] );
solarprofile.values(:,1,:) = [
	0.0 0.0 0.0 0.0 0.0 0.0 0.0 0.0 0.0 0.0 0.0 0.0;
	0.0 0.0 0.0 0.0 0.0 0.0 0.0 0.0 0.0 0.0 0.0 0.0;
	0.0 0.0 0.0 0.0 0.0 0.0 0.0 0.0 0.0 0.0 0.0 0.0;
	0.0 0.0 0.0 0.0 0.0 0.0 0.0 0.0 0.0 0.0 0.0 0.0;
	0.0 0.0 0.0 0.0 0.0 0.0 0.0 0.0 0.0 0.0 0.0 0.0;
	1.0111 0.8285 0.6949 0.0 0.0 9.4835 1.1854 4.1882 0.4504 0.0 0.0 0.0;
	5.0166 3.7966 2.631 2.05 5.9444 450.7961 56.3495 44.8209 160.6048 71.055 33.2003 128.6811;
	8.549 7.8974 4.4261 4.5564 7.2505 461.5921 57.699 48.7725 219.3205 177.3317 80.8745 321.1487;
	11.6196 13.9068 9.6929 6.9332 7.3952 452.1597 56.52 49.2089 219.2492 284.2702 123.7382 514.815;
	19.3155 16.3436 11.4622 4.8374 4.845 371.7817 46.4727 41.247 161.9917 263.258 131.3718 476.7618;
	23.7204 16.5136 12.6396 4.2038 5.511 386.3242 48.2905 50.7302 196.7591 260.4205 143.2099 471.623;
	25.6298 16.7202 13.6435 2.6152 4.9262 404.9964 50.6245 55.0287 215.1774 247.2781 147.3791 447.8221;
	25.7937 17.0977 13.5091 0.6835 1.3363 363.2517 45.4065 60.4703 113.239 175.2836 116.3824 317.4397;
	24.4954 17.3741 14.0526 0.3342 1.1787 325.5788 40.6973 60.4226 44.627 141.9799 104.4369 257.1264;
	22.1336 16.7421 13.8076 0.6679 1.2505 279.5612 34.9452 58.4035 24.6862 80.0472 72.9328 144.9659;
	11.605 12.7898 8.9183 2.8499 4.4922 195.7514 24.4689 48.4898 35.9314 10.341 27.1416 18.7275;
	1.6979 1.6695 1.0816 1.0755 1.9918 81.5169 10.1896 14.8254 38.0934 0.0 4.0518 0.0;
	0.0 0.0 0.0 0.0 0.0 0.0 0.0 0.0 0.0 0.0 0.0 0.0;
	0.0 0.0 0.0 0.0 0.0 0.0 0.0 0.0 0.0 0.0 0.0 0.0;
	0.0 0.0 0.0 0.0 0.0 0.0 0.0 0.0 0.0 0.0 0.0 0.0;
	0.0 0.0 0.0 0.0 0.0 0.0 0.0 0.0 0.0 0.0 0.0 0.0;
	0.0 0.0 0.0 0.0 0.0 0.0 0.0 0.0 0.0 0.0 0.0 0.0;
	0.0 0.0 0.0 0.0 0.0 0.0 0.0 0.0 0.0 0.0 0.0 0.0;
	0.0 0.0 0.0 0.0 0.0 0.0 0.0 0.0 0.0 0.0 0.0 0.0;
];
