function windprofile = ex_wind_profilesh1
%EX_WIND_PROFILE_D  Example wind_load_nyiso profile data for deterministic unit commitment.
% 2022.03.12
% Andres F. Ramirez


%% define constants
[GEN_BUS, PG, QG, QMAX, QMIN, VG, MBASE, GEN_STATUS, PMAX, PMIN, ...
    MU_PMAX, MU_PMIN, MU_QMAX, MU_QMIN, PC1, PC2, QC1MIN, QC1MAX, ...
    QC2MIN, QC2MAX, RAMP_AGC, RAMP_10, RAMP_30, RAMP_Q, APF] = idx_gen;
[CT_LABEL, CT_PROB, CT_TABLE, CT_TBUS, CT_TGEN, CT_TBRCH, CT_TAREABUS, ...
    CT_TAREAGEN, CT_TAREABRCH, CT_ROW, CT_COL, CT_CHGTYPE, CT_REP, ...
    CT_REL, CT_ADD, CT_NEWVAL, CT_TLOAD, CT_TAREALOAD, CT_LOAD_ALL_PQ, ...
    CT_LOAD_FIX_PQ, CT_LOAD_DIS_PQ, CT_LOAD_ALL_P, CT_LOAD_FIX_P, ...
    CT_LOAD_DIS_P, CT_TGENCOST, CT_TAREAGENCOST, CT_MODCOST_F, ...
    CT_MODCOST_X] = idx_ct;

windprofile = struct( ...
    'type', 'mpcData', ...
    'table', CT_TGEN, ...
    'rows', [1:45], ...
    'col', PMAX, ...
    'chgtype', 1, ...
    'values', [] );
windprofile.values(:,1,:) = [
	3.7777 51.0445 95.1049 119.4263 14.9037 33.4906 30.7478 17.7732 27.8904 28.0063 51.7691 77.2294 116.2684 69.724 196.3904 73.9889 91.8011 97.2818 85.9117 72.7979 10.2493 78.1447 73.9851 86.6492 103.2088 71.3866 12.9334 1345.1028 815.6257 815.6257 597.7251 111.3896 286.3724 187.3821 218.5943 348.0003 1316.1082 220.0863 476.4654 276.4521 115.325 371.522 202.8841 285.9194 1329.8176;
	3.7588 50.7892 94.4699 117.6328 15.1412 33.407 28.4818 17.9034 26.7967 28.447 52.5838 78.4448 118.0981 68.992 187.0674 70.4766 87.4431 92.6636 84.1117 70.2475 9.4939 77.9496 71.4863 87.4191 101.4899 69.9833 12.8579 1336.2906 820.7533 820.7533 636.9416 104.5183 280.3725 180.8173 216.2993 350.1881 1281.058 210.4726 472.1311 271.848 113.9954 370.5946 195.4835 278.2683 1294.4024;
	3.8488 52.0058 95.1063 119.7967 15.1226 34.2459 23.7224 18.2988 27.6667 29.2626 54.0914 80.6937 121.484 69.196 200.1153 75.3923 93.5423 99.1269 84.5568 72.021 7.9075 79.9071 71.5204 89.3374 104.3222 73.9441 13.2075 1359.0389 818.3315 818.3315 671.1106 95.6435 281.8562 185.3823 216.9388 349.1548 1364.9359 210.0105 439.1122 279.4344 119.6368 379.9011 197.2157 275.4016 1379.154;
	3.6853 49.7966 95.171 120.2837 14.4805 33.6426 25.3545 18.0234 27.7507 30.4355 56.2595 83.9281 126.3533 68.8446 196.8361 74.1569 92.0094 97.5025 86.3609 69.9422 8.4515 78.4995 73.2957 89.481 105.7488 71.1646 13.1616 1331.1479 812.0652 812.0652 666.7781 104.0073 287.8698 180.0313 215.837 346.4811 1304.2544 227.824 448.0421 283.2557 119.2286 373.2088 155.5532 275.4226 1317.8404;
	3.7364 50.4867 95.1425 118.5792 14.2542 33.2471 31.0874 17.8218 27.7499 30.3742 56.1463 83.7592 126.099 67.7421 195.7887 73.7622 91.5198 96.9837 87.2779 72.088 10.3625 77.5766 73.9234 87.9613 102.7181 70.9656 13.1512 1303.5153 798.8257 798.8257 688.071 108.0113 290.9265 185.5547 212.3806 340.8323 1270.1618 230.6018 463.6995 275.1378 119.5266 368.8214 185.8157 272.3423 1283.3926;
	3.784 51.1297 95.1635 119.7188 14.4625 33.2116 30.9138 18.2396 28.3508 30.9583 57.2259 85.3697 128.5236 66.95 199.4063 75.1252 93.2109 98.7757 88.9212 71.4424 10.3046 77.4938 74.4988 89.2237 105.4573 70.2239 13.3514 1316.6892 793.1098 793.1098 725.4185 106.8835 296.4039 183.8929 209.8972 338.3935 1221.8166 224.3001 468.4841 282.4749 121.4288 368.4276 172.8553 282.4567 1234.5439;
	3.6586 49.436 93.1612 117.5895 14.0958 32.0426 31.4358 18.2196 26.749 30.3667 56.1323 83.7384 126.0677 63.6685 196.3129 73.9598 91.7649 97.2434 85.9311 71.7262 10.4786 74.766 72.9878 87.621 103.9303 72.8937 13.5822 1230.8473 711.7429 711.7429 622.7654 95.3572 286.4369 184.6234 199.6094 303.677 1154.2652 239.4505 448.0201 278.3849 122.4408 355.459 155.5124 270.7891 1166.2888;
	3.7299 50.3991 93.304 119.4638 14.1629 32.6966 30.8925 17.9444 26.752 29.4113 54.3663 81.1039 122.1014 65.4366 196.937 74.1949 92.0566 97.5525 86.9254 70.0193 10.2975 76.292 72.4913 88.7373 105.2927 72.9064 13.2303 1270.2348 752.9004 752.9004 686.6731 107.7504 289.7515 180.2298 205.1525 321.2375 1220.4707 263.123 446.6009 282.0342 121.2506 362.7139 173.5494 274.15 1233.1839;
	3.7034 50.0407 93.2754 116.5393 14.7336 32.9623 30.9452 17.3151 26.3004 29.7431 54.9796 82.0188 123.4788 65.9783 192.129 72.3835 89.8091 95.1709 86.6663 69.6911 10.3151 76.9121 72.7831 86.9895 99.9727 71.7395 12.4726 1269.0816 759.131 759.131 725.4732 114.6441 288.8878 179.3851 206.8508 323.8959 1233.1362 268.7664 444.4904 267.7841 118.6682 365.6623 200.7421 269.8841 1245.9814;
	3.8033 51.3912 93.2098 118.7676 14.7152 32.1032 25.545 17.5941 26.9869 29.3255 54.2077 80.8672 121.7452 67.4356 190.3284 71.7051 88.9675 94.279 84.976 68.4558 8.515 74.9075 73.0039 88.3957 103.0039 73.4452 13.2648 1253.4024 791.4337 791.4337 720.1822 108.5846 283.2535 176.2053 211.4198 337.6784 1206.6369 282.1996 443.6309 275.9032 116.9414 356.1319 198.9678 275.6381 1219.2061;
	3.9112 52.8491 94.7184 119.4521 14.8224 33.118 28.7162 17.5469 28.1289 30.2399 55.898 83.3888 125.5413 65.6151 193.8073 73.0158 90.5936 96.0022 87.9016 70.8118 9.5721 77.2753 72.1544 88.2666 103.6136 69.2058 13.0025 1284.7289 827.309 827.309 763.0998 108.462 293.0054 182.2698 205.7121 352.9852 1283.3305 314.1633 458.811 277.5365 115.8914 367.3889 210.7729 281.5897 1296.6985;
	3.9083 52.81 92.6905 118.6152 14.9287 32.4238 27.5037 17.5309 27.6408 27.679 51.1643 76.327 114.9099 67.5014 193.529 72.9109 90.4636 95.8644 86.7951 68.8682 9.1679 75.6554 71.1707 87.7671 103.8007 64.7531 12.9708 1273.8143 806.1878 806.1878 741.2721 111.8102 289.3171 177.267 211.6261 343.9734 1257.0649 315.4274 464.6957 278.0375 121.3124 359.6876 214.3055 279.2908 1270.1593;
	3.8596 52.1514 91.4211 114.5959 14.6722 32.5775 27.4384 17.3653 27.2649 27.295 50.4544 75.268 113.3156 66.7041 194.6407 73.3297 90.9832 96.415 88.2216 69.4526 9.1461 76.0142 70.0999 82.5665 101.6526 65.9669 12.8436 1255.3793 807.2022 807.2022 742.0044 106.6155 294.0719 178.7712 209.1263 344.4063 1257.0128 311.5494 457.0002 272.2836 119.5404 361.3931 212.8748 266.6281 1270.1066;
	3.9058 52.7765 95.1126 120.2977 14.5957 32.9446 27.9294 17.4755 28.2465 29.3339 54.2233 80.8905 121.7802 66.6738 194.6385 73.3289 90.9822 96.4139 89.1124 72.396 9.3098 76.8708 73.5169 88.5651 104.5988 70.0233 13.1607 1292.4794 814.662 814.662 741.1867 109.6777 297.0412 186.3475 209.0314 347.5891 1281.2063 299.8537 472.6204 280.1754 120.1919 365.4658 209.5486 273.9085 1294.5522;
	3.9243 53.0261 94.662 118.3735 15.06 32.705 24.3098 17.4502 28.0598 29.1265 53.8399 80.3185 120.9191 64.6255 187.7727 70.7423 87.7728 93.013 85.5747 69.4445 8.1033 76.3116 74.1554 89.5123 104.3688 70.9038 13.1963 1259.5236 792.8194 792.8194 763.1265 113.3238 285.2489 178.7504 202.6097 338.2696 1264.8885 313.1605 466.4859 279.5593 120.9686 362.8074 210.8121 279.4166 1278.0644;
	3.8983 52.6746 95.0286 119.1523 15.188 32.6241 25.847 17.571 28.183 29.6829 54.8683 81.8527 123.2288 63.3062 190.8448 71.8997 89.2088 94.5347 85.1067 70.7812 8.6157 76.123 71.8686 89.8264 104.1208 69.6423 12.935 1270.4628 792.2966 792.2966 745.9879 111.9793 283.6892 182.1911 198.4736 338.0465 1236.8703 295.9002 468.2339 278.895 118.248 361.9103 206.9586 279.4862 1249.7544;
	3.778 51.0486 91.4205 111.7869 14.4219 29.3722 23.3773 16.8289 27.6309 29.4117 54.3671 81.1049 122.103 64.8846 197.0968 74.2551 92.1313 97.6317 87.3085 70.9252 7.7924 68.535 72.9808 85.0117 98.4645 51.0022 11.9508 1210.8194 757.1784 757.1784 650.3439 108.5031 291.0285 182.5616 203.4219 323.0628 1182.7891 288.8661 463.7521 263.7442 116.1896 325.8352 198.4077 252.458 1195.1099;
	3.6661 49.5372 91.7261 110.7489 14.3648 27.552 19.4962 12.8128 27.2826 28.8528 53.3341 79.5639 119.783 68.269 199.9033 75.3124 93.4432 99.0219 88.4112 72.2189 6.4987 64.2881 74.9326 87.2782 100.3643 69.3393 9.2067 1184.5639 756.8193 756.8193 646.2774 107.6178 294.7039 185.8915 214.0325 322.9095 1226.8399 283.9984 446.2825 268.833 116.6066 305.644 180.2751 240.6226 1239.6195;
