function solarprofile = ex_solar_profilesh1
%EX_WIND_PROFILE_D  Example wind_load_nyiso profile data for deterministic unit commitment.
% 2022.03.12
% Andres F. Ramirez


%% define constants
[GEN_BUS, PG, QG, QMAX, QMIN, VG, MBASE, GEN_STATUS, PMAX, PMIN, ...
    MU_PMAX, MU_PMIN, MU_QMAX, MU_QMIN, PC1, PC2, QC1MIN, QC1MAX, ...
    QC2MIN, QC2MAX, RAMP_AGC, RAMP_10, RAMP_30, RAMP_Q, APF] = idx_gen;
[CT_LABEL, CT_PROB, CT_TABLE, CT_TBUS, CT_TGEN, CT_TBRCH, CT_TAREABUS, ...
    CT_TAREAGEN, CT_TAREABRCH, CT_ROW, CT_COL, CT_CHGTYPE, CT_REP, ...
    CT_REL, CT_ADD, CT_NEWVAL, CT_TLOAD, CT_TAREALOAD, CT_LOAD_ALL_PQ, ...
    CT_LOAD_FIX_PQ, CT_LOAD_DIS_PQ, CT_LOAD_ALL_P, CT_LOAD_FIX_P, ...
    CT_LOAD_DIS_P, CT_TGENCOST, CT_TAREAGENCOST, CT_MODCOST_F, ...
    CT_MODCOST_X] = idx_ct;

solarprofile = struct( ...
    'type', 'mpcData', ...
    'table', CT_TGEN, ...
    'rows', [1:12], ...
    'col', PMAX, ...
    'chgtype', 1, ...
    'values', [] );
solarprofile.values(:,1,:) = [
	0.0 0.0 0.0 0.0 0.0 0.0 0.0 0.0 0.0 0.0 0.0 0.0;
	0.0 0.0 0.0 0.0 0.0 0.0 0.0 0.0 0.0 0.0 0.0 0.0;
	0.0 0.0 0.0 0.0 0.0 0.0 0.0 0.0 0.0 0.0 0.0 0.0;
	0.0 0.0 0.0 0.0 0.0 0.0 0.0 0.0 0.0 0.0 0.0 0.0;
	0.0 0.0 0.0 0.0 0.0 0.0 0.0 0.0 0.0 0.0 0.0 0.0;
	1.0346 0.8373 0.7032 0.0 0.0 9.4835 1.1854 4.2132 0.4191 0.0 0.0 0.0;
	7.697 6.3777 5.6947 9.6736 5.0819 188.2976 23.5372 31.3291 76.9659 22.6377 29.3327 40.997;
	12.5415 9.9961 10.828 8.3555 5.0714 284.0204 35.5025 25.3508 138.2803 142.9072 50.0846 258.8058;
	19.9647 16.2817 13.79 7.1562 5.5634 304.4745 38.0593 18.0714 148.7515 268.4426 90.2087 486.1511;
	25.2049 16.4039 13.8 3.1401 5.0655 290.163 36.2704 22.8745 116.0734 214.2307 122.8217 387.973;
	25.6144 16.5415 13.8031 4.4041 7.2535 329.9836 41.2479 37.8237 150.2758 229.392 148.9259 415.4304;
	25.6262 16.5214 13.801 4.5943 6.952 350.0386 43.7548 39.8919 179.5643 225.7303 152.4356 408.799;
	24.1787 15.9262 13.4702 2.0264 1.2906 294.9471 36.8684 26.4736 180.9161 99.5882 41.6453 180.3549;
	21.635 15.977 13.5067 1.2753 0.5869 298.2048 37.2756 35.0525 173.776 79.8358 23.7893 144.5831;
	17.016 14.1027 11.9997 1.548 0.2629 304.4794 38.0599 52.3752 165.0554 57.2461 19.7356 103.6731;
	9.2293 7.0936 5.8181 4.8131 0.8221 329.4433 41.1804 65.3515 211.7171 24.0538 23.6776 43.5616;
	1.4027 1.005 0.8266 1.588 1.0803 92.0504 11.5063 18.3048 53.1339 12.5383 12.4058 22.7069;
	0.0 0.0 0.0 0.0 0.0 0.0 0.0 0.0 0.0 0.0 0.0 0.0;
	0.0 0.0 0.0 0.0 0.0 0.0 0.0 0.0 0.0 0.0 0.0 0.0;
	0.0 0.0 0.0 0.0 0.0 0.0 0.0 0.0 0.0 0.0 0.0 0.0;
	0.0 0.0 0.0 0.0 0.0 0.0 0.0 0.0 0.0 0.0 0.0 0.0;
	0.0 0.0 0.0 0.0 0.0 0.0 0.0 0.0 0.0 0.0 0.0 0.0;
	0.0 0.0 0.0 0.0 0.0 0.0 0.0 0.0 0.0 0.0 0.0 0.0;
	0.0 0.0 0.0 0.0 0.0 0.0 0.0 0.0 0.0 0.0 0.0 0.0;
];
