function windprofile = ex_wind_profilesh1
%EX_WIND_PROFILE_D  Example wind_load_nyiso profile data for deterministic unit commitment.
% 2022.03.12
% Andres F. Ramirez


%% define constants
[GEN_BUS, PG, QG, QMAX, QMIN, VG, MBASE, GEN_STATUS, PMAX, PMIN, ...
    MU_PMAX, MU_PMIN, MU_QMAX, MU_QMIN, PC1, PC2, QC1MIN, QC1MAX, ...
    QC2MIN, QC2MAX, RAMP_AGC, RAMP_10, RAMP_30, RAMP_Q, APF] = idx_gen;
[CT_LABEL, CT_PROB, CT_TABLE, CT_TBUS, CT_TGEN, CT_TBRCH, CT_TAREABUS, ...
    CT_TAREAGEN, CT_TAREABRCH, CT_ROW, CT_COL, CT_CHGTYPE, CT_REP, ...
    CT_REL, CT_ADD, CT_NEWVAL, CT_TLOAD, CT_TAREALOAD, CT_LOAD_ALL_PQ, ...
    CT_LOAD_FIX_PQ, CT_LOAD_DIS_PQ, CT_LOAD_ALL_P, CT_LOAD_FIX_P, ...
    CT_LOAD_DIS_P, CT_TGENCOST, CT_TAREAGENCOST, CT_MODCOST_F, ...
    CT_MODCOST_X] = idx_ct;

windprofile = struct( ...
    'type', 'mpcData', ...
    'table', CT_TGEN, ...
    'rows', [1:45], ...
    'col', PMAX, ...
    'chgtype', 1, ...
    'values', [] );
windprofile.values(:,1,:) = [
	3.3695 45.5287 89.5145 112.6499 14.6033 29.3954 28.7136 17.6246 26.2082 28.2139 52.1529 77.8018 117.1302 68.8891 200.9539 75.7082 93.9343 99.5423 87.3545 72.214 9.5712 68.5894 74.7892 83.0268 99.7027 71.2849 13.1036 1279.6573 738.7848 738.7848 614.2183 109.8965 291.1818 185.879 215.9767 315.2149 1217.7035 219.3214 465.5553 267.0607 114.7255 326.0934 140.8376 268.3825 1230.3879;
	3.5711 48.2532 88.8062 111.1124 14.5202 28.5179 25.6861 18.2133 25.4236 28.8001 53.2365 79.4183 119.5639 69.4115 198.9977 74.9712 93.0199 98.5733 87.7285 73.2468 8.562 66.5418 74.8473 84.4916 98.2003 70.8332 13.529 1261.7286 745.3016 745.3016 644.5093 106.0553 292.4283 188.5374 217.6145 317.9954 1191.1922 205.9438 458.7752 263.0364 114.4186 316.3586 125.5191 261.8121 1203.6004;
	3.5551 48.0375 92.0349 112.046 14.2777 28.4771 20.5955 18.4675 25.6788 30.4723 56.3277 84.0298 126.5064 68.3867 203.8288 76.7913 95.2781 100.9663 90.872 73.7248 6.8652 66.4465 75.3587 85.731 100.6812 74.5087 13.5989 1243.5707 746.6814 746.6814 660.3494 100.1752 302.9068 189.7678 214.4017 318.584 1238.943 213.1207 412.2081 269.6817 115.509 315.9056 131.8223 264.0566 1251.8486;
	3.5667 48.1939 90.7691 112.0432 14.695 29.2671 22.3374 18.3775 25.7681 30.3623 56.1242 83.7262 126.0494 68.0383 204.4594 77.0289 95.5729 101.2787 90.8583 72.9914 7.4458 68.2898 74.364 86.9665 100.9299 73.3746 13.8467 1269.9051 748.7832 748.7832 688.5761 113.927 302.8611 187.88 213.3094 319.4808 1247.9094 238.8314 422.5567 270.348 112.937 324.6694 137.6477 271.8903 1260.9085;
	3.5489 47.9537 91.9964 111.6601 14.793 30.1854 30.2173 18.2046 26.331 30.4307 56.2506 83.9149 126.3334 68.9723 205.1112 77.2744 95.8776 101.6016 90.5421 73.0317 10.0724 70.4327 74.205 86.5021 101.9455 73.4558 13.5878 1212.7576 742.5639 742.5639 714.3338 115.4343 301.807 187.9839 216.2375 316.8273 1201.0607 246.8471 450.2152 273.0683 112.8386 334.8571 162.9875 257.5459 1213.5718;
	3.5636 48.1526 91.2397 110.3314 14.4995 31.5365 29.4234 18.811 25.8254 30.7067 56.7609 84.6761 127.4794 68.9013 205.9876 77.6046 96.2872 102.0357 91.098 73.4643 9.8078 73.5852 74.4821 87.1124 103.1116 74.7283 13.7361 1234.5295 735.3138 735.3138 753.1522 116.0153 303.6602 189.0973 216.0149 313.7339 1187.2384 250.047 465.5606 276.1917 114.4802 349.845 157.3036 262.207 1199.6055;
	3.5858 48.4521 92.2465 114.6481 15.2285 31.9191 31.3481 18.8714 26.5823 30.9227 57.1602 85.2717 128.3761 69.8057 205.5832 77.4523 96.0982 101.8354 92.7535 73.7532 10.4494 74.4778 74.2576 86.8457 100.3582 74.2881 13.7676 1206.8276 742.9069 742.9069 753.2664 111.5142 309.1784 189.841 218.8504 316.9736 1209.2013 290.6316 476.8563 268.8167 115.5081 354.0889 154.9611 246.257 1221.7972;
	3.6664 49.5404 94.1416 116.0521 15.031 32.0883 30.4487 18.7481 26.1429 29.8955 55.2613 82.439 124.1115 68.8406 204.3006 76.9691 95.4987 101.2001 92.5955 71.1679 10.1496 74.8728 73.0241 87.9795 101.4276 75.2129 13.5197 1250.6815 784.5971 784.5971 788.2364 114.4148 308.6518 183.1865 215.8246 334.7614 1262.2136 306.8924 476.3196 271.681 115.7956 355.9665 160.8114 267.4663 1275.3616;
	3.6792 49.7139 91.8878 116.1902 15.0388 31.8052 31.1845 18.6594 26.5989 30.9452 57.2018 85.3338 128.4696 69.3556 203.4081 76.6328 95.0814 100.7579 92.7364 73.3346 10.3948 74.2121 74.1883 87.8952 103.3338 75.9762 13.5239 1282.2018 800.6301 800.6301 811.3223 118.4151 309.1212 188.7635 217.439 341.6022 1291.2622 314.7835 471.8359 276.7869 121.2027 352.8254 189.5509 267.0395 1304.7129;
	3.8113 51.4987 93.1604 118.5717 15.0961 32.3771 26.6169 18.9937 27.7815 30.6057 56.5742 84.3976 127.0602 69.6577 198.3492 74.7269 92.7167 98.252 91.7265 72.1101 8.8723 75.5465 73.6812 89.1123 104.5936 75.7397 13.6177 1260.3661 813.3694 813.3694 792.2769 119.7562 305.7549 185.6117 218.3862 347.0376 1273.4095 325.3827 470.3719 280.1615 120.6946 359.1697 202.5769 271.453 1286.6741;
	3.8228 51.6542 90.5683 116.3397 15.1109 32.6013 28.2508 19.0289 26.9538 30.655 56.6653 84.5335 127.2647 69.694 198.8963 74.933 92.9725 98.5231 91.7157 73.5152 9.4169 76.0696 73.0171 89.1475 104.591 74.5032 13.5363 1266.1222 841.6584 841.6584 820.2711 120.444 305.719 189.2283 218.5002 359.1076 1329.9491 342.1541 469.9953 280.1544 121.0302 361.6567 207.1729 264.9872 1343.8027;
	3.8774 52.3918 93.1859 118.9721 15.3106 33.5454 27.0931 19.0396 26.881 30.1099 55.6578 83.0304 125.0019 68.9674 201.6271 75.9618 94.2489 99.8757 90.3787 72.8408 9.031 78.2726 73.3716 89.4908 104.5992 73.3623 13.7171 1262.7984 840.4391 840.4391 810.4732 119.5487 301.2623 187.4924 216.2223 358.5874 1331.1749 337.2322 473.0563 280.1765 120.6106 372.1305 211.3591 271.4864 1345.0413;
	3.8123 51.5123 94.0763 117.3121 15.3483 32.9757 27.1474 18.8994 26.371 29.742 54.9776 82.0157 123.4742 68.3397 197.4973 74.406 92.3185 97.8301 90.9329 69.6295 9.0491 76.9433 72.6651 89.1866 104.6603 75.5095 13.9208 1250.692 831.3768 831.3768 785.0129 114.2584 303.1098 179.2265 214.2542 354.7208 1315.9342 324.5497 468.8397 280.3401 119.201 365.8103 212.7962 270.1404 1329.6419;
	3.8356 51.8272 91.8961 118.4968 15.3739 32.7501 27.6143 18.1537 26.3892 29.3112 54.1812 80.8277 121.6857 69.6476 195.3655 73.6028 91.322 96.7741 88.0007 71.935 9.2048 76.4168 71.2679 87.6638 100.0321 74.3123 13.2758 1254.2948 822.2868 822.2868 812.4948 120.4286 293.3357 185.1608 218.3547 350.8424 1309.1525 315.076 460.766 267.9432 118.1726 363.3074 209.2811 266.2739 1322.7895;
	3.7716 50.9626 92.4165 118.2253 15.289 32.9726 23.3857 18.2658 26.698 28.6716 52.9991 79.0642 119.0307 68.8855 183.7529 69.2278 85.8938 91.0218 85.7182 68.3524 7.7952 76.936 71.4041 87.1343 97.9856 72.7091 13.5935 1239.8521 792.9959 792.9959 794.5918 121.8496 285.7275 175.9393 215.9654 338.3449 1264.6056 320.4353 453.0077 262.4615 118.2788 365.7759 207.2815 270.2693 1277.7786;
	3.7153 50.2015 90.764 117.6339 15.3076 32.0704 24.9827 17.9461 27.3527 28.7254 53.0986 79.2126 119.2541 68.3747 179.2987 67.5497 83.8117 88.8154 85.4168 67.9626 8.3276 74.8309 70.0522 86.2179 98.9589 71.5281 13.1037 1221.6055 763.4205 763.4205 740.4076 121.1241 284.7226 174.936 214.3638 325.7261 1215.5336 295.3389 460.4953 265.0685 118.2983 355.7674 199.5553 272.6788 1228.1954;
	3.8827 52.4638 92.382 117.874 15.094 31.3363 23.6705 17.9648 28.0644 29.794 55.0737 82.1592 123.6902 68.9388 188.6342 71.0668 88.1755 93.4397 89.1702 67.8336 7.8902 73.118 72.8199 84.0666 99.6113 60.5871 12.5264 1210.3619 736.6627 736.6627 673.0567 120.7319 297.2342 174.6039 216.1324 314.3094 1174.062 301.3373 472.2108 266.816 115.272 347.6241 192.5926 257.9703 1186.2918;
	3.8035 51.393 94.1372 115.9176 14.9392 30.5367 20.2919 14.7178 28.2727 29.8399 55.1586 82.2857 123.8807 69.3878 194.0973 73.125 90.7292 96.1459 90.7947 69.0119 6.764 71.2523 74.1396 86.0637 103.0147 73.0026 10.868 1213.9075 766.3705 766.3705 711.4436 121.8388 302.649 177.6369 217.5403 326.9847 1246.4901 304.3257 474.3455 275.9322 120.6115 338.7539 184.7032 246.7128 1259.4744;
