function loadprofile = ex_load_profilesh1
%EX_LOAD_PROFILE  Example load profile data file for stochastic unit commitment.
% 2022.03.12
% Andres F. Ramirez

%% define constants
[CT_LABEL, CT_PROB, CT_TABLE, CT_TBUS, CT_TGEN, CT_TBRCH, CT_TAREABUS, ...
    CT_TAREAGEN, CT_TAREABRCH, CT_ROW, CT_COL, CT_CHGTYPE, CT_REP, ...
    CT_REL, CT_ADD, CT_NEWVAL, CT_TLOAD, CT_TAREALOAD, CT_LOAD_ALL_PQ, ...
    CT_LOAD_FIX_PQ, CT_LOAD_DIS_PQ, CT_LOAD_ALL_P, CT_LOAD_FIX_P, ...
    CT_LOAD_DIS_P, CT_TGENCOST, CT_TAREAGENCOST, CT_MODCOST_F, ...
    CT_MODCOST_X] = idx_ct;

loadprofile = struct( ...
    'type', 'mpcData', ...
    'table', CT_TAREALOAD, ...
    'rows', [1:11], ...
    'col', CT_LOAD_ALL_P, ...
    'chgtype', 1, ...
    'values', [] );
loadprofile.values(:,1,:) = [
	1433.9346 867.2654 1449.9864 544.3117 687.4406 1114.5 875.108 235.8 499.8611 4493.233 1694.5;
	1425.1644 875.2202 1464.0167 538.4937 680.9687 1095.2951 861.3472 232.5337 490.1 4382.8356 1678.9292;
	1439.1185 878.1456 1477.7471 542.2 685.0043 1128.7725 892.0059 233.391 490.4874 4370.3 1682.5;
	1476.122 915.1 1539.9012 536.8 740.411 1155.8908 916.3803 243.4 514.0443 4449.8695 1731.8997;
	1549.2019 977.268 1657.1093 558.718 814.6172 1241.8456 954.4185 252.1606 532.3412 4503.0756 1797.3348;
	1580.9132 1011.883 1703.3666 566.1381 880.495 1281.4639 1025.3954 269.5802 567.7 4748.574 1896.3529;
	1633.0781 1054.8642 1816.8226 568.8 939.0758 1364.2477 1071.0902 282.2464 611.1997 4921.2194 1968.8378;
	1709.1066 1086.4497 1837.823 571.3156 975.4464 1344.4893 1081.2332 294.0 634.5338 5193.9805 2016.9515;
	1715.7671 1091.9732 1844.6349 576.9 970.7184 1348.2916 1078.2789 277.3052 651.1128 5249.9901 2038.2398;
	1720.4822 1098.802 1872.4512 576.5947 979.1314 1370.4411 1051.5228 281.6578 648.6253 5307.8224 2065.4979;
	1726.1011 1085.7865 1835.1 580.5383 952.1 1336.0463 1064.9 290.5 653.1998 5340.714 2063.2519;
	1677.371 1033.0772 1781.4902 579.665 953.1263 1316.0249 1027.9118 281.1091 647.9723 5298.8109 2006.2038;
	1704.16 1042.4121 1758.7 558.4 926.3328 1285.7483 988.6471 281.0 616.9687 5260.848 1992.5273;
	1646.5961 1012.8706 1755.0934 561.2521 907.7006 1329.9362 988.8361 283.9927 631.7327 5211.2588 2009.6762;
	1678.9409 1014.7998 1725.6843 573.8385 906.7904 1360.3945 970.4402 282.9306 604.7 5242.9004 1980.7543;
	1679.5454 1046.1176 1747.1783 582.9257 894.1386 1423.3248 1013.2782 298.9489 596.7 5304.9799 2065.5163;
	1726.4658 1075.7795 1839.6826 598.3 990.4599 1444.4 1090.9275 319.9121 612.5934 5349.1759 2185.2963;
	1755.7129 1117.0789 1905.5835 600.2532 1038.1465 1528.0105 1169.4532 342.5554 648.6 5526.9272 2362.4362;
	1735.2358 1113.8405 1947.2783 606.0 1055.5721 1526.4051 1200.572 325.8 646.5643 5492.4952 2325.9015;
	1719.7788 1077.3566 1882.0 597.7 1019.5 1477.3884 1161.9162 317.9 625.3725 5422.6813 2254.9032;
	1656.5 1014.9418 1785.0088 581.6412 939.1633 1396.4183 1120.0173 296.8 624.5013 5327.1456 2166.6325;
	1582.9472 941.8464 1632.6411 566.8 880.757 1312.918 1046.9473 276.2 590.8076 5168.4911 2018.9094;
	1519.2 916.0962 1548.6737 579.9263 812.6691 1221.7041 960.7165 254.7539 559.9775 4962.4144 1875.9391;
	1534.225 904.0261 1560.1128 560.0576 789.6 1174.4148 925.376 249.8653 524.8946 4785.5 1817.2179;
];
