function solarprofile = ex_solar_profilesh1
%EX_WIND_PROFILE_D  Example wind_load_nyiso profile data for deterministic unit commitment.
% 2022.03.12
% Andres F. Ramirez


%% define constants
[GEN_BUS, PG, QG, QMAX, QMIN, VG, MBASE, GEN_STATUS, PMAX, PMIN, ...
    MU_PMAX, MU_PMIN, MU_QMAX, MU_QMIN, PC1, PC2, QC1MIN, QC1MAX, ...
    QC2MIN, QC2MAX, RAMP_AGC, RAMP_10, RAMP_30, RAMP_Q, APF] = idx_gen;
[CT_LABEL, CT_PROB, CT_TABLE, CT_TBUS, CT_TGEN, CT_TBRCH, CT_TAREABUS, ...
    CT_TAREAGEN, CT_TAREABRCH, CT_ROW, CT_COL, CT_CHGTYPE, CT_REP, ...
    CT_REL, CT_ADD, CT_NEWVAL, CT_TLOAD, CT_TAREALOAD, CT_LOAD_ALL_PQ, ...
    CT_LOAD_FIX_PQ, CT_LOAD_DIS_PQ, CT_LOAD_ALL_P, CT_LOAD_FIX_P, ...
    CT_LOAD_DIS_P, CT_TGENCOST, CT_TAREAGENCOST, CT_MODCOST_F, ...
    CT_MODCOST_X] = idx_ct;

solarprofile = struct( ...
    'type', 'mpcData', ...
    'table', CT_TGEN, ...
    'rows', [1:12], ...
    'col', PMAX, ...
    'chgtype', 1, ...
    'values', [] );
solarprofile.values(:,1,:) = [
	0.0 0.0 0.0 0.0 0.0 0.0 0.0 0.0 0.0 0.0 0.0 0.0;
	0.0 0.0 0.0 0.0 0.0 0.0 0.0 0.0 0.0 0.0 0.0 0.0;
	0.0 0.0 0.0 0.0 0.0 0.0 0.0 0.0 0.0 0.0 0.0 0.0;
	0.0 0.0 0.0 0.0 0.0 0.0 0.0 0.0 0.0 0.0 0.0 0.0;
	0.0 0.0 0.0 0.0 0.0 0.0 0.0 0.0 0.0 0.0 0.0 0.0;
	1.0198 0.8518 0.7049 0.0 0.0 9.4835 1.1854 4.6382 0.9504 0.0 0.0 0.0;
	5.2171 4.7173 4.6068 1.2081 0.0396 153.3901 19.1738 37.8677 82.7624 39.9466 9.3388 72.3435;
	12.4059 10.0053 10.0499 3.4643 1.1585 319.6594 39.9574 58.8704 159.3505 268.3896 112.2777 486.0553;
	21.6252 16.0764 13.714 6.6047 3.2722 371.5459 46.4432 67.4373 196.5329 356.5962 218.273 645.7979;
	25.2049 15.6612 13.6603 5.1422 3.5389 382.4852 47.8106 63.585 205.4528 351.0372 237.1793 635.7305;
	25.6144 15.9699 13.725 5.6497 4.8264 379.0013 47.3752 55.8327 204.1151 353.4094 224.1759 640.0266;
	25.4777 16.2935 13.8 6.0478 5.1254 370.9147 46.3643 44.228 199.6855 354.5807 229.4719 642.1478;
	21.1813 15.8564 13.4455 5.1227 1.978 326.2628 40.7829 42.2627 173.402 336.7117 231.5793 609.7869;
	16.402 12.4517 13.1121 4.0673 1.2715 320.6779 40.0847 47.8876 160.8376 306.1597 197.7975 554.457;
	9.4057 5.7498 7.9558 2.5991 0.4865 308.7734 38.5967 52.1175 135.7625 181.8499 130.4947 329.3312;
	2.226 0.5646 1.3901 1.8587 0.3646 250.6341 31.3293 37.5664 142.3684 58.5744 45.4781 106.0787;
	1.1859 0.9594 0.7567 0.928 0.6697 84.1777 10.5222 11.8218 41.7691 33.3538 14.1229 60.404;
	0.0 0.0 0.0 0.0 0.0 0.0 0.0 0.0 0.0 0.0 0.0 0.0;
	0.0 0.0 0.0 0.0 0.0 0.0 0.0 0.0 0.0 0.0 0.0 0.0;
	0.0 0.0 0.0 0.0 0.0 0.0 0.0 0.0 0.0 0.0 0.0 0.0;
	0.0 0.0 0.0 0.0 0.0 0.0 0.0 0.0 0.0 0.0 0.0 0.0;
	0.0 0.0 0.0 0.0 0.0 0.0 0.0 0.0 0.0 0.0 0.0 0.0;
	0.0 0.0 0.0 0.0 0.0 0.0 0.0 0.0 0.0 0.0 0.0 0.0;
	0.0 0.0 0.0 0.0 0.0 0.0 0.0 0.0 0.0 0.0 0.0 0.0;
];
