function loadprofile = ex_load_profilesh1
%EX_LOAD_PROFILE  Example load profile data file for stochastic unit commitment.
% 2022.03.12
% Andres F. Ramirez

%% define constants
[CT_LABEL, CT_PROB, CT_TABLE, CT_TBUS, CT_TGEN, CT_TBRCH, CT_TAREABUS, ...
    CT_TAREAGEN, CT_TAREABRCH, CT_ROW, CT_COL, CT_CHGTYPE, CT_REP, ...
    CT_REL, CT_ADD, CT_NEWVAL, CT_TLOAD, CT_TAREALOAD, CT_LOAD_ALL_PQ, ...
    CT_LOAD_FIX_PQ, CT_LOAD_DIS_PQ, CT_LOAD_ALL_P, CT_LOAD_FIX_P, ...
    CT_LOAD_DIS_P, CT_TGENCOST, CT_TAREAGENCOST, CT_MODCOST_F, ...
    CT_MODCOST_X] = idx_ct;

loadprofile = struct( ...
    'type', 'mpcData', ...
    'table', CT_TAREALOAD, ...
    'rows', [1:11], ...
    'col', CT_LOAD_ALL_P, ...
    'chgtype', 1, ...
    'values', [] );
loadprofile.values(:,1,:) = [
	1566.2216 877.1693 1485.6516 530.8 729.8341 1053.3215 854.6 233.1628 516.4434 4625.3616 1787.0331;
	1556.5771 882.0 1475.7662 558.9097 724.6324 1032.2328 851.3675 221.0 505.7 4417.1427 1717.7083;
	1530.5239 869.7619 1473.7731 557.9754 723.9115 1074.7569 846.0083 219.8 494.6875 4362.9077 1757.6322;
	1565.2011 893.2 1479.729 569.9 754.5734 1089.1294 869.0418 241.6 498.9445 4469.2578 1777.3531;
	1622.9204 945.2 1574.3016 577.3479 794.2949 1127.0063 894.6168 254.4556 522.8692 4523.8595 1828.2787;
	1721.9301 990.2323 1684.7504 575.5779 849.8742 1169.6595 904.8816 250.9 538.5846 4614.851 1862.6307;
	1697.3423 979.2404 1673.4075 597.166 869.4917 1201.5034 915.8091 242.2471 559.3308 4687.2636 1939.1813;
	1738.0035 992.7305 1733.0931 601.7592 900.5005 1259.0458 949.8 226.2117 595.7858 4949.6372 2000.2;
	1738.314 998.5593 1751.6804 603.5 968.2623 1242.1488 945.349 256.9199 599.0 5201.8814 2029.0856;
	1720.4608 981.8673 1775.5 610.4277 975.749 1245.0019 965.7 273.4382 610.2 5315.7217 2035.9685;
	1754.6614 991.2142 1759.8264 603.6355 968.4 1253.1025 988.0465 259.7148 597.1799 5422.8102 2140.9077;
	1748.7957 1010.6459 1761.3602 617.1585 956.4485 1246.8002 958.2107 245.77 587.1968 5383.7422 2064.6806;
	1758.4166 1005.8629 1715.8623 606.905 943.8577 1271.8192 961.7173 247.5632 596.112 5379.7 2115.4286;
	1696.0606 974.6194 1682.1217 587.59 965.0829 1248.7433 978.5854 257.2551 597.2126 5348.3937 2096.7091;
	1689.7335 996.7003 1708.845 586.3591 962.8253 1272.6859 997.8855 261.7599 598.7 5321.7685 2154.3032;
	1633.6043 995.1836 1725.8295 582.282 959.8507 1299.3859 1035.4 293.2784 600.0 5327.9267 2200.3376;
	1661.9993 958.6156 1646.9092 604.6 968.9248 1335.4903 1030.715 291.8051 608.5203 5279.4266 2260.1;
	1755.4581 1055.1766 1794.1621 621.6 1026.0748 1386.2254 1094.2787 313.612 627.3 5395.0409 2370.9138;
	1813.617 1087.4047 1838.7452 618.2468 1042.7357 1379.7 1114.193 337.4947 650.3 5458.8454 2437.5876;
	1803.3778 1054.0382 1787.2141 614.8046 998.789 1330.273 1071.2157 320.1866 615.7152 5338.5365 2285.9583;
	1704.376 1005.6918 1705.0108 608.5287 916.6081 1268.9183 1018.976 302.1633 590.4 5155.313 2155.2;
	1662.1 956.0417 1627.5043 593.2619 860.7101 1193.3507 932.9781 282.1437 544.9 4902.4 2009.1982;
	1597.4 929.0193 1574.4079 603.9547 845.6 1141.3255 913.2146 271.3 516.5789 4770.1966 1902.2051;
	1572.9461 910.5941 1581.3478 606.4456 826.4311 1134.2103 885.2 271.6 494.5627 4686.6811 1821.2774;
];
