function windprofile = ex_wind_profilesh1
%EX_WIND_PROFILE_D  Example wind_load_nyiso profile data for deterministic unit commitment.
% 2022.03.12
% Andres F. Ramirez


%% define constants
[GEN_BUS, PG, QG, QMAX, QMIN, VG, MBASE, GEN_STATUS, PMAX, PMIN, ...
    MU_PMAX, MU_PMIN, MU_QMAX, MU_QMIN, PC1, PC2, QC1MIN, QC1MAX, ...
    QC2MIN, QC2MAX, RAMP_AGC, RAMP_10, RAMP_30, RAMP_Q, APF] = idx_gen;
[CT_LABEL, CT_PROB, CT_TABLE, CT_TBUS, CT_TGEN, CT_TBRCH, CT_TAREABUS, ...
    CT_TAREAGEN, CT_TAREABRCH, CT_ROW, CT_COL, CT_CHGTYPE, CT_REP, ...
    CT_REL, CT_ADD, CT_NEWVAL, CT_TLOAD, CT_TAREALOAD, CT_LOAD_ALL_PQ, ...
    CT_LOAD_FIX_PQ, CT_LOAD_DIS_PQ, CT_LOAD_ALL_P, CT_LOAD_FIX_P, ...
    CT_LOAD_DIS_P, CT_TGENCOST, CT_TAREAGENCOST, CT_MODCOST_F, ...
    CT_MODCOST_X] = idx_ct;

windprofile = struct( ...
    'type', 'mpcData', ...
    'table', CT_TGEN, ...
    'rows', [1:45], ...
    'col', PMAX, ...
    'chgtype', 1, ...
    'values', [] );
windprofile.values(:,1,:) = [
	3.6421 49.2129 88.9156 114.2637 14.6782 31.2934 27.5574 18.3276 26.1978 28.5102 52.7006 78.6189 118.3604 66.7294 186.7397 70.3531 87.2899 92.5013 84.1872 69.1245 9.1858 73.018 72.7685 84.7283 102.8231 72.8983 13.0595 1274.3111 781.2414 781.2414 582.9088 111.8911 280.6239 177.9266 209.2056 333.3297 1198.0011 221.1616 436.2101 275.419 119.8027 347.1485 186.3374 278.7572 1210.4803;
	3.6089 48.7647 88.9256 114.4768 14.5275 30.7598 23.4999 18.031 26.4539 27.6751 51.1569 76.3161 114.8935 66.6951 179.3146 67.5557 83.8192 88.8233 82.2633 69.1584 7.8333 71.7728 69.2889 86.1812 100.1094 72.6662 13.1502 1294.6143 806.5218 806.5218 618.0749 105.5816 274.211 178.0139 209.0983 344.116 1189.005 218.3059 431.8524 268.1501 120.0679 341.2284 179.215 274.4063 1201.3905;
	3.7071 50.0915 88.3669 113.3087 14.3033 32.2573 18.7239 17.4714 25.3287 27.5901 51.0 76.0819 114.5409 65.8793 190.0311 71.5931 88.8285 94.1317 83.9888 69.8157 6.2413 75.2671 70.1108 85.971 99.2642 74.3926 13.178 1281.9311 769.3453 769.3453 599.3352 97.5248 279.9626 179.7057 206.5405 328.254 1210.0956 218.9851 355.3166 265.8862 117.8133 357.8413 185.8937 265.2876 1222.7008;
	3.6033 48.6883 87.1215 111.5756 13.9749 31.0261 20.7918 17.0219 22.246 28.4868 52.6575 78.5546 118.2635 66.9845 191.6311 72.1959 89.5764 94.9243 84.8943 70.4562 6.9306 72.3942 69.9321 84.7407 97.0734 72.0941 12.801 1275.0306 737.1864 737.1864 614.5293 95.5489 282.9809 181.3544 210.0054 314.5329 1201.1598 230.884 399.2975 260.018 114.3223 344.1825 151.0421 267.9348 1213.6719;
	3.7258 50.3436 90.9612 114.0027 13.986 32.4229 28.1574 17.8183 22.0657 30.3853 56.1667 83.7897 126.145 65.6727 193.5508 72.9191 90.4737 95.8752 82.439 71.3972 9.3858 75.6535 74.3834 83.4509 100.0388 74.6498 13.1047 1249.1432 680.4945 680.4945 572.8962 95.2558 274.7966 183.7767 205.8928 290.3443 1134.5837 219.184 446.707 267.961 116.7599 359.6782 186.0263 275.0622 1146.4022;
	3.6885 49.8394 91.9233 115.868 14.3144 33.1571 26.9543 18.523 25.8636 30.814 56.9592 84.9719 127.9247 67.2852 198.8429 74.9129 92.9475 98.4966 84.5632 72.4852 8.9848 77.3667 75.1621 85.0859 100.1563 75.3665 13.3837 1253.7617 693.8176 693.8176 625.0507 100.8521 281.8773 186.5771 210.9482 296.0288 1091.6147 223.2571 436.1326 268.2758 115.2653 367.8233 170.9688 280.7869 1102.9857;
	3.6619 49.4801 92.7684 117.9506 14.3627 32.9953 28.354 18.5347 25.9249 31.1089 57.5043 85.7852 129.1491 67.64 197.2016 74.2946 92.1803 97.6836 85.929 72.9482 9.4513 76.9891 75.0861 88.8608 102.802 75.5511 13.4523 1193.4855 721.4769 721.4769 642.655 99.4291 286.4301 187.7688 212.0606 307.8301 1123.7883 259.101 436.2021 275.3625 118.0238 366.0281 149.2453 277.5738 1135.4944;
	3.8188 51.6006 91.3143 118.956 14.405 33.4124 26.4839 18.6969 24.8572 30.643 56.6432 84.5005 127.215 68.8026 197.8793 74.5499 92.4971 98.0193 86.0983 70.697 8.828 77.9622 75.4088 87.6187 101.9149 74.721 13.4059 1249.0819 730.1969 730.1969 645.949 106.2981 286.9942 181.9743 215.7054 311.5507 1192.5971 282.2278 437.0871 272.9862 115.354 370.6547 170.1159 282.0664 1205.02;
	3.813 51.5217 93.2543 118.1266 14.6284 34.0073 21.7435 18.8504 25.0074 30.9137 57.1435 85.2469 128.3387 69.4919 198.4219 74.7543 92.7507 98.2881 90.5938 69.7157 7.2478 79.3504 75.4304 88.2197 105.9941 74.1727 13.3001 1285.3947 738.5261 738.5261 628.5152 114.6629 301.9794 179.4484 217.8666 315.1045 1237.9694 300.7524 441.2018 283.9129 116.6268 377.2543 200.2685 280.608 1250.8649;
	3.6782 49.7003 93.226 117.2739 14.9224 33.8763 22.7378 18.8853 25.797 30.7198 56.7851 84.7122 127.5337 69.4521 195.7762 73.7575 91.514 96.9775 87.6813 70.5067 7.5793 79.0446 75.7732 88.2461 105.0865 73.6252 13.5162 1264.9453 784.6568 784.6568 662.9068 118.765 292.2709 181.4845 217.7418 334.7869 1233.5837 315.3565 441.8306 281.4817 116.3369 375.8006 205.6677 284.3124 1246.4336;
	3.759 50.7926 93.9643 118.7651 14.7007 34.0796 24.0212 18.7179 25.7685 30.8612 57.0465 85.1022 128.1209 68.9201 192.5909 72.5575 90.0251 95.3997 88.3094 70.6688 8.0071 79.5191 74.9082 85.8136 102.8155 72.7829 13.4865 1282.6757 776.5109 776.5109 689.1114 116.4435 294.3647 181.9016 216.0739 331.3113 1269.8829 312.0095 438.8778 275.3988 117.1213 378.0567 209.6272 279.2329 1283.1109;
	3.6581 49.4288 90.6485 116.6601 14.7456 32.3002 20.3779 18.3211 25.3318 30.0121 55.4769 82.7607 124.5957 68.2459 193.2216 72.7951 90.3199 95.7121 88.0344 68.1336 6.7926 75.3671 74.5022 85.9698 99.9123 69.5571 12.9778 1275.0701 777.6349 777.6349 708.2154 118.5688 293.4479 175.3761 213.96 331.7909 1242.6268 306.4674 435.9965 267.6223 119.9257 358.3165 202.8297 269.8526 1255.5709;
	3.6349 49.1151 90.1834 113.7338 14.6725 32.7853 20.9663 18.5568 22.3544 30.9053 57.1279 85.2236 128.3037 67.6365 187.9544 70.8107 87.8577 93.103 89.7371 67.1712 6.9888 76.499 74.902 83.5219 99.8131 72.6233 13.4217 1274.1968 793.5835 793.5835 729.1381 117.8526 299.1238 172.8989 212.0497 338.5956 1238.293 308.6664 415.4121 267.3566 117.2234 363.698 204.2205 268.3828 1251.1919;
	3.645 49.2516 88.8455 114.2975 14.24 32.6592 20.4839 18.5458 24.5988 30.9069 57.131 85.2282 128.3106 67.6115 196.0022 73.8427 91.6196 97.0894 89.9024 70.8856 6.828 76.2048 75.1067 85.3398 98.9352 71.783 13.436 1267.9235 797.849 797.849 752.7158 120.2555 299.6746 182.4597 211.9712 340.4156 1241.706 319.0197 434.4296 265.0049 117.574 362.2992 198.8623 269.4211 1254.6404;
	3.4959 47.2368 87.3803 113.2579 13.6805 32.0397 18.636 17.5686 26.0 30.424 56.2383 83.8964 126.3056 66.7601 189.6912 71.4651 88.6696 93.9633 90.5516 71.315 6.212 74.7594 74.9577 85.5112 96.7931 68.484 13.0635 1256.0152 763.2577 763.2577 721.1179 120.0743 301.8388 183.565 209.3019 325.6566 1202.5958 302.9199 446.4747 259.2674 115.289 355.4275 201.5221 244.5804 1215.1229;
	3.5756 48.3138 87.1734 109.9852 13.9634 31.3199 21.4913 17.2931 26.3559 30.0478 55.543 82.8592 124.744 64.089 185.8259 70.0088 86.8628 92.0486 91.4763 70.0508 7.1638 73.0798 74.1066 84.0953 97.22 64.8143 12.7107 1244.6305 760.2228 760.2228 666.709 116.2747 304.9211 180.311 200.9276 324.3617 1160.7017 290.0268 444.3223 260.4108 115.8071 347.4422 194.7753 244.7136 1172.7924;
	3.5672 48.2006 86.688 101.3585 13.6258 28.372 21.1203 13.7777 26.7991 29.5083 54.5457 81.3714 122.5042 62.4575 186.6678 70.326 87.2564 92.4657 92.1949 70.1459 7.0401 66.2013 74.6031 80.3972 95.637 43.7453 10.3959 1214.0919 728.4266 728.4266 643.4323 114.8574 307.3163 180.5556 195.8127 310.7953 1076.961 304.7725 454.9038 256.1706 111.3914 314.7398 180.547 242.3014 1088.1794;
	3.7914 51.2299 90.427 108.2343 14.2995 29.3524 19.6236 12.2766 27.6802 28.9133 53.4459 79.7307 120.0342 65.1475 171.3758 64.5648 80.1082 84.8908 90.7296 67.0493 6.5412 68.4889 71.5652 82.2862 98.4112 66.5232 10.2944 1194.7545 690.1264 690.1264 604.2067 114.1385 302.4321 172.5851 204.2462 294.4539 1094.2453 280.4603 469.0437 263.6013 113.7441 325.6159 178.5578 233.6236 1105.6437;
