function windprofile = ex_wind_profilesh1
%EX_WIND_PROFILE_D  Example wind_load_nyiso profile data for deterministic unit commitment.
% 2022.03.12
% Andres F. Ramirez


%% define constants
[GEN_BUS, PG, QG, QMAX, QMIN, VG, MBASE, GEN_STATUS, PMAX, PMIN, ...
    MU_PMAX, MU_PMIN, MU_QMAX, MU_QMIN, PC1, PC2, QC1MIN, QC1MAX, ...
    QC2MIN, QC2MAX, RAMP_AGC, RAMP_10, RAMP_30, RAMP_Q, APF] = idx_gen;
[CT_LABEL, CT_PROB, CT_TABLE, CT_TBUS, CT_TGEN, CT_TBRCH, CT_TAREABUS, ...
    CT_TAREAGEN, CT_TAREABRCH, CT_ROW, CT_COL, CT_CHGTYPE, CT_REP, ...
    CT_REL, CT_ADD, CT_NEWVAL, CT_TLOAD, CT_TAREALOAD, CT_LOAD_ALL_PQ, ...
    CT_LOAD_FIX_PQ, CT_LOAD_DIS_PQ, CT_LOAD_ALL_P, CT_LOAD_FIX_P, ...
    CT_LOAD_DIS_P, CT_TGENCOST, CT_TAREAGENCOST, CT_MODCOST_F, ...
    CT_MODCOST_X] = idx_ct;

windprofile = struct( ...
    'type', 'mpcData', ...
    'table', CT_TGEN, ...
    'rows', [1:45], ...
    'col', PMAX, ...
    'chgtype', 1, ...
    'values', [] );
windprofile.values(:,1,:) = [
	3.7881 51.1858 94.0813 118.447 14.7556 33.5691 30.1196 19.1361 28.2883 29.0233 53.6492 80.034 120.4908 65.529 185.4821 69.8793 86.7021 91.8783 75.4233 68.8563 10.0399 78.3279 73.5428 86.1576 105.0826 75.1834 14.0496 1304.1047 767.7635 767.7635 576.3654 111.9276 251.4109 177.2364 205.4422 327.5791 1243.5073 234.5541 459.3278 281.4713 115.685 372.3931 208.8051 282.0829 1256.4605;
	3.8071 51.4423 94.2244 116.7638 14.4131 33.0294 26.6482 18.9083 27.037 28.5212 52.721 78.6494 118.4062 64.7512 166.4474 62.7081 77.8045 82.4495 74.1991 68.6926 8.8827 77.0686 71.0618 87.2714 103.8764 72.2552 14.0103 1310.9331 779.0424 779.0424 626.0641 107.2142 247.3302 176.8149 203.0037 332.3914 1254.6578 235.0246 445.5544 278.2404 117.0011 366.406 200.8901 277.2033 1267.7271;
	3.7298 50.3979 92.4047 116.5422 14.1519 33.1654 22.4269 18.5584 28.1977 29.7759 55.0404 82.1094 123.6152 64.9525 182.585 68.7879 85.3479 90.4433 79.8501 68.0928 7.4756 77.386 71.9888 87.8298 103.0735 73.826 13.7258 1341.0304 772.7748 772.7748 663.7083 98.395 266.1669 175.2711 203.6349 329.7173 1289.4633 247.739 437.1471 276.0896 118.0313 367.9151 193.3975 270.9175 1302.8952;
	3.6956 49.9356 93.3154 118.1545 14.406 33.496 23.9596 18.4819 28.3054 30.955 57.2199 85.3608 128.5102 67.4642 190.121 71.627 88.8705 94.1762 83.8662 71.2868 7.9865 78.1573 75.1681 87.6884 102.0148 72.1076 13.3023 1350.5059 775.5713 775.5713 651.4009 102.1191 279.554 183.4925 211.5093 330.9104 1288.1576 270.5453 452.6949 273.2539 117.7311 371.5824 160.0523 275.6171 1301.576;
	3.818 51.5899 91.9582 117.2222 14.7971 34.2844 29.8129 18.6506 27.5941 31.1994 57.6716 86.0347 129.5247 65.895 192.4119 72.4901 89.9414 95.311 79.4616 71.7795 9.9376 79.9968 75.6956 86.8641 103.8738 73.7512 13.5441 1323.231 774.9176 774.9176 669.3096 106.3995 264.872 184.7605 206.5896 330.6315 1267.8384 259.5008 466.2262 278.2333 119.4743 380.3278 197.1752 275.024 1281.0451;
	3.911 52.8464 92.1632 117.5164 15.3321 35.0152 29.4787 17.5701 27.8497 30.9578 57.2251 85.3685 128.5218 66.0412 200.5139 75.5424 93.7286 99.3243 84.9197 72.6345 9.8262 81.7022 75.3881 86.4696 101.9551 69.8165 13.1128 1327.7757 775.9728 775.9728 715.4501 114.0445 283.0657 186.9615 207.0482 331.0817 1261.8849 256.6353 472.4644 273.0939 117.2675 388.4358 195.87 271.6422 1275.0295;
	3.7932 51.2547 89.8773 114.4561 14.6161 34.7712 29.8183 16.761 28.0362 30.9667 57.2415 85.393 128.5587 65.7651 198.8976 74.9335 92.973 98.5237 85.6735 73.6686 9.9394 81.1327 75.6486 85.116 97.3516 68.783 12.857 1292.4553 782.5112 782.5112 728.4003 112.2814 285.5784 189.6231 206.1825 333.8715 1271.575 292.5018 473.7067 260.7632 115.6854 385.7282 171.628 266.5417 1284.8206;
	3.8945 52.6233 92.8046 119.7005 15.3194 35.1012 29.1396 17.4905 28.2547 30.6582 56.6712 84.5422 127.2779 68.9407 197.2531 74.314 92.2043 97.7091 83.9416 72.5722 9.7132 81.9028 75.2768 89.2119 102.5301 70.5235 13.1568 1302.1039 787.5526 787.5526 730.2272 115.8863 279.8054 186.801 216.1383 336.0225 1262.2194 294.9817 474.0429 274.6341 119.6297 389.3892 188.7854 280.3779 1275.3675;
	3.92 52.9677 93.2719 119.7144 15.3577 35.1164 31.0327 18.03 28.2989 30.9438 57.1991 85.3298 128.4636 68.1508 192.8642 72.6605 90.1528 95.5351 81.7067 72.1194 10.3442 81.9383 74.9501 89.6077 105.0193 72.7403 13.0793 1319.5495 807.4938 807.4938 744.7848 117.2763 272.3557 185.6354 213.6619 344.5307 1274.0356 302.4568 475.3479 281.3016 121.4405 389.5581 212.6067 275.8718 1287.3068;
	3.912 52.86 94.3693 120.3442 15.3766 35.089 23.7339 18.0237 28.1136 30.9414 57.1947 85.3232 128.4536 67.2762 190.3135 71.6995 88.9605 94.2716 85.6045 70.9998 7.9113 81.8744 74.9707 89.5542 104.487 72.6012 13.4356 1308.6485 811.3566 811.3566 725.1679 118.2135 285.3485 182.7536 210.9199 346.1788 1234.1898 312.9516 464.692 279.8758 122.2896 389.2542 216.3564 275.9326 1247.0459;
	3.9182 52.9436 93.8091 120.4076 15.3558 35.1453 28.4323 17.7404 28.3118 31.1015 57.4907 85.7648 129.1184 68.3345 188.7091 71.0951 88.2105 93.4768 87.1531 71.3197 9.4774 82.0058 73.9938 86.0368 101.3148 68.8506 13.4321 1298.8127 805.9184 805.9184 762.9968 117.9991 290.5103 183.5771 214.2377 343.8585 1267.5503 318.0325 469.3674 271.3789 121.5053 389.8788 217.9053 263.8397 1280.7539;
	3.8352 51.8214 87.7722 115.8447 15.2745 35.0607 26.6384 16.8491 28.0282 29.7257 54.9476 81.971 123.4069 68.9462 188.9189 71.1741 88.3086 93.5807 88.9766 70.0284 8.8795 81.8083 72.8384 85.3562 98.4755 61.3535 12.5333 1308.049 819.4606 819.4606 774.0435 118.7771 296.5886 180.2532 216.1556 349.6365 1311.6595 316.9843 473.2184 263.7738 120.4872 388.9403 216.1529 239.3404 1325.3226;
	3.6035 48.6919 86.7495 111.6846 14.7686 34.5449 26.8544 17.3753 26.6602 29.4294 54.3997 81.1537 122.1765 67.102 188.6669 71.0792 88.1908 93.4559 89.9695 70.5214 8.9515 80.6049 67.6007 81.2528 97.2538 69.4932 12.7143 1287.9402 817.9839 817.9839 778.346 117.3924 299.8983 181.5223 210.3738 349.0064 1308.7438 326.7362 452.8298 260.5012 119.8496 383.2186 210.3328 227.4976 1322.3766;
	3.641 49.1983 86.3936 110.2713 15.0147 33.9968 23.8329 16.8015 26.1407 29.1317 53.8495 80.3329 120.9408 66.3021 176.6511 66.5523 82.5741 87.5039 85.4348 71.0926 7.9443 79.3258 69.6365 84.0547 96.7781 67.7716 12.6607 1303.0752 806.9665 806.9665 780.2882 119.1204 284.7827 182.9926 207.8659 344.3057 1292.125 324.0553 441.1907 259.2272 115.3448 377.1377 204.7659 238.9325 1305.5847;
	3.6907 49.8694 87.0222 110.02 14.8883 34.4067 21.4716 17.3464 26.5884 28.2968 52.3063 78.0307 117.4747 66.3676 185.7373 69.9754 86.8214 92.0048 84.6633 71.9808 7.1572 80.2823 72.9015 85.2811 96.9643 62.9377 13.008 1284.6629 779.6191 779.6191 765.3459 117.4834 282.211 185.2787 208.0714 332.6375 1271.1189 316.3584 459.3972 259.7257 120.6351 381.685 208.0918 241.3758 1284.3597;
	3.6899 49.8587 86.3028 109.7611 14.7009 33.2065 24.4051 16.9258 27.2399 27.6479 51.1067 76.2411 114.7806 66.7705 184.1275 69.369 86.0689 91.2073 86.4861 73.5344 8.135 77.4818 70.5849 84.0145 98.0214 59.811 12.407 1264.9058 795.906 795.906 753.5323 117.3809 288.287 189.2776 209.3346 339.5866 1204.1917 301.565 471.8531 262.5575 119.3388 368.3707 201.3724 260.6397 1216.7354;
	3.7075 50.0965 86.0922 104.6935 14.1596 32.0375 23.7924 16.477 27.9695 28.2077 52.1415 77.7849 117.1048 68.7295 195.5432 73.6698 91.4051 96.8621 89.7399 73.8149 7.9308 74.7542 70.7241 77.5893 94.9705 39.4232 11.9354 1267.3793 781.9734 781.9734 682.5072 116.6612 299.133 189.9997 215.4762 333.642 1216.9403 311.6739 474.8251 254.3852 112.7599 355.4029 201.2609 240.9441 1229.6167;
	3.5964 48.5958 88.653 108.1276 14.0687 30.0272 19.6843 13.3339 27.6053 27.8551 51.4897 76.8125 115.6408 65.7912 188.9384 71.1814 88.3177 93.5904 88.0368 72.9247 6.5614 70.0634 71.9659 81.7506 97.064 67.7402 9.8379 1199.6555 713.1877 713.1877 612.7881 111.2841 293.4561 187.7083 206.2642 304.2934 1137.9384 286.4734 464.387 259.9928 114.1151 333.1014 173.7985 235.5751 1149.7919;
