function solarprofile = ex_solar_profilesh1
%EX_WIND_PROFILE_D  Example wind_load_nyiso profile data for deterministic unit commitment.
% 2022.03.12
% Andres F. Ramirez


%% define constants
[GEN_BUS, PG, QG, QMAX, QMIN, VG, MBASE, GEN_STATUS, PMAX, PMIN, ...
    MU_PMAX, MU_PMIN, MU_QMAX, MU_QMIN, PC1, PC2, QC1MIN, QC1MAX, ...
    QC2MIN, QC2MAX, RAMP_AGC, RAMP_10, RAMP_30, RAMP_Q, APF] = idx_gen;
[CT_LABEL, CT_PROB, CT_TABLE, CT_TBUS, CT_TGEN, CT_TBRCH, CT_TAREABUS, ...
    CT_TAREAGEN, CT_TAREABRCH, CT_ROW, CT_COL, CT_CHGTYPE, CT_REP, ...
    CT_REL, CT_ADD, CT_NEWVAL, CT_TLOAD, CT_TAREALOAD, CT_LOAD_ALL_PQ, ...
    CT_LOAD_FIX_PQ, CT_LOAD_DIS_PQ, CT_LOAD_ALL_P, CT_LOAD_FIX_P, ...
    CT_LOAD_DIS_P, CT_TGENCOST, CT_TAREAGENCOST, CT_MODCOST_F, ...
    CT_MODCOST_X] = idx_ct;

solarprofile = struct( ...
    'type', 'mpcData', ...
    'table', CT_TGEN, ...
    'rows', [1:12], ...
    'col', PMAX, ...
    'chgtype', 1, ...
    'values', [] );
solarprofile.values(:,1,:) = [
	0.0 0.0 0.0 0.0 0.0 0.0 0.0 0.0 0.0 0.0 0.0 0.0;
	0.0 0.0 0.0 0.0 0.0 0.0 0.0 0.0 0.0 0.0 0.0 0.0;
	0.0 0.0 0.0 0.0 0.0 0.0 0.0 0.0 0.0 0.0 0.0 0.0;
	0.0 0.0 0.0 0.0 0.0 0.0 0.0 0.0 0.0 0.0 0.0 0.0;
	0.0 0.0 0.0 0.0 0.0 0.0 0.0 0.0 0.0 0.0 0.0 0.0;
	1.0452 0.8341 0.7166 0.0 0.0 9.4835 1.1854 4.1882 0.4191 0.0 0.0 0.0;
	10.2192 7.2747 5.7567 0.8388 0.9134 134.156 16.7695 32.4651 53.0611 26.8862 9.9167 48.691;
	17.0754 10.7104 10.5693 4.7002 2.2833 200.6793 25.0849 49.6822 115.9352 175.0427 76.2279 317.0034;
	21.7118 15.4202 13.7377 8.1378 3.6508 289.8988 36.2373 58.5857 168.7639 281.0988 131.7379 509.0717;
	25.2049 16.3583 13.8 4.4745 3.4357 307.0048 38.3756 68.0213 154.7211 205.6327 129.796 372.4021;
	25.6779 16.5136 13.8 4.3195 5.2111 296.0511 37.0064 69.9828 141.9818 238.598 153.0426 432.1023;
	25.6391 16.5214 13.6999 4.9992 6.2179 227.583 28.4479 67.2109 115.2689 257.3294 166.7792 466.0251;
	24.0073 15.74 13.3042 3.9477 4.144 57.9903 7.2488 61.6734 30.1559 162.7023 113.8455 294.6549;
	20.9099 13.7568 12.8597 2.4648 2.824 50.463 6.3079 59.8324 31.8211 116.1198 88.0173 210.2937;
	15.6678 11.2535 10.3455 1.163 1.7678 55.7696 6.9712 57.136 34.0061 73.2577 50.5671 132.6702;
	8.6081 6.703 5.683 0.9544 2.1162 107.9258 13.4907 41.1003 47.7737 44.8826 35.2488 81.2827;
	1.2978 1.0362 0.8047 1.1046 1.346 64.7269 8.0909 11.6693 32.828 33.7861 24.1858 61.1868;
	0.0 0.0 0.0 0.0 0.0 0.0 0.0 0.0 0.0 0.0 0.0 0.0;
	0.0 0.0 0.0 0.0 0.0 0.0 0.0 0.0 0.0 0.0 0.0 0.0;
	0.0 0.0 0.0 0.0 0.0 0.0 0.0 0.0 0.0 0.0 0.0 0.0;
	0.0 0.0 0.0 0.0 0.0 0.0 0.0 0.0 0.0 0.0 0.0 0.0;
	0.0 0.0 0.0 0.0 0.0 0.0 0.0 0.0 0.0 0.0 0.0 0.0;
	0.0 0.0 0.0 0.0 0.0 0.0 0.0 0.0 0.0 0.0 0.0 0.0;
	0.0 0.0 0.0 0.0 0.0 0.0 0.0 0.0 0.0 0.0 0.0 0.0;
];
