function windprofile = ex_wind_profilesh1
%EX_WIND_PROFILE_D  Example wind_load_nyiso profile data for deterministic unit commitment.
% 2022.03.12
% Andres F. Ramirez


%% define constants
[GEN_BUS, PG, QG, QMAX, QMIN, VG, MBASE, GEN_STATUS, PMAX, PMIN, ...
    MU_PMAX, MU_PMIN, MU_QMAX, MU_QMIN, PC1, PC2, QC1MIN, QC1MAX, ...
    QC2MIN, QC2MAX, RAMP_AGC, RAMP_10, RAMP_30, RAMP_Q, APF] = idx_gen;
[CT_LABEL, CT_PROB, CT_TABLE, CT_TBUS, CT_TGEN, CT_TBRCH, CT_TAREABUS, ...
    CT_TAREAGEN, CT_TAREABRCH, CT_ROW, CT_COL, CT_CHGTYPE, CT_REP, ...
    CT_REL, CT_ADD, CT_NEWVAL, CT_TLOAD, CT_TAREALOAD, CT_LOAD_ALL_PQ, ...
    CT_LOAD_FIX_PQ, CT_LOAD_DIS_PQ, CT_LOAD_ALL_P, CT_LOAD_FIX_P, ...
    CT_LOAD_DIS_P, CT_TGENCOST, CT_TAREAGENCOST, CT_MODCOST_F, ...
    CT_MODCOST_X] = idx_ct;

windprofile = struct( ...
    'type', 'mpcData', ...
    'table', CT_TGEN, ...
    'rows', [1:45], ...
    'col', PMAX, ...
    'chgtype', 1, ...
    'values', [] );
windprofile.values(:,1,:) = [
	3.7234 50.3114 91.061 116.1464 14.1046 32.7623 30.8975 18.729 27.7428 28.6439 52.9478 78.9878 118.9157 69.5369 193.637 72.9516 90.514 95.9179 85.9759 70.979 10.2992 76.4453 74.5532 84.1188 105.2405 75.0656 13.3792 1249.559 820.945 820.945 604.9913 108.6639 286.5863 182.7002 218.0077 350.2699 1277.5535 218.8881 476.2913 281.8941 115.5098 363.4429 196.3584 283.0984 1290.8613;
	3.6095 48.772 87.8928 111.889 13.8965 31.5691 28.161 18.3589 26.4581 28.6434 52.9469 78.9864 118.9135 67.7328 188.6818 71.0848 88.1978 93.4633 86.3753 72.5222 9.387 73.6612 74.3652 85.3588 101.8057 72.3509 13.3416 1257.8818 803.0244 803.0244 603.3561 101.2172 287.9178 186.6722 212.3514 342.6237 1254.4294 209.9815 460.2335 272.6939 113.8948 350.2066 178.8277 273.2765 1267.4964;
	3.7174 50.2303 89.823 114.2148 14.0713 33.5198 23.9876 18.1402 27.8462 30.5798 56.5263 84.3262 126.9526 66.1219 197.6638 74.4687 92.3964 97.9126 88.2877 72.6735 7.9959 78.2129 73.9318 86.1017 101.6707 75.3921 13.2328 1249.8969 814.3701 814.3701 634.1195 96.0433 294.2923 187.0617 207.3012 347.4646 1289.8088 214.1684 442.313 272.3322 114.3264 371.8467 192.1084 271.334 1303.2443;
	3.8524 52.0547 90.9561 116.7381 14.2851 33.0322 25.6538 18.4188 28.0743 30.3423 56.0872 83.6711 125.9664 67.9987 205.0027 77.2336 95.8268 101.5478 92.6602 73.3708 8.5513 77.0752 73.5083 87.5475 103.637 72.1397 13.3814 1294.7354 835.073 835.073 677.0894 107.6312 308.8673 188.8567 213.1851 356.2978 1323.822 252.2305 465.5731 277.599 118.5566 366.4375 168.852 278.289 1337.6118;
	3.92 52.9673 94.3301 117.7586 14.4492 33.7657 31.2068 18.3627 27.8021 31.039 57.3751 85.5924 128.8589 66.3132 205.5596 77.4434 96.0872 101.8237 92.2957 73.9029 10.4023 78.7867 74.503 86.1066 103.9579 73.5929 13.2729 1283.3665 790.8431 790.8431 673.8968 108.2752 307.6523 190.2263 207.9007 337.4264 1267.1376 236.593 469.1781 278.4586 118.3298 374.5743 209.2839 272.7569 1280.3369;
	3.8335 51.7987 90.5039 112.3785 14.0013 32.505 29.9513 17.7584 27.4075 30.6867 56.7238 84.6208 127.3961 65.6868 204.6439 77.0984 95.6591 101.3701 89.8542 71.9509 9.9838 75.845 73.9008 84.151 99.4839 69.8232 13.02 1280.8203 771.6788 771.6788 673.2711 110.9031 299.5139 185.2018 205.9371 329.2496 1212.9822 238.8836 449.677 266.4747 119.8025 360.5886 190.0879 271.8645 1225.6174;
	3.8781 52.402 92.9607 116.5769 15.073 34.2255 31.8311 18.2465 28.1149 31.0523 57.3997 85.629 128.914 67.24 202.3332 76.2279 94.579 100.2255 87.7595 73.0922 10.6104 79.8595 75.0698 86.0523 103.0543 70.7703 13.1201 1287.2066 771.1867 771.1867 693.6702 109.7185 292.5317 188.1396 210.8065 329.0397 1253.6769 265.3147 467.9189 276.0383 120.9713 379.6751 183.6791 265.7409 1266.736;
	3.9158 52.9104 92.268 118.7441 15.2508 34.6909 30.5582 18.3125 27.3161 30.8357 56.9993 85.0318 128.0149 66.6615 203.9299 76.8294 95.3254 101.0165 89.9991 72.5122 10.1861 80.9454 75.0487 86.6728 103.5842 71.6006 12.8954 1329.5195 806.3816 806.3816 725.2086 115.8255 299.9971 186.6465 208.9927 344.0561 1289.4875 282.1257 453.2336 277.4577 121.4691 384.8374 193.5125 266.1323 1302.9197;
	3.8876 52.5294 94.254 118.6842 15.2974 34.979 31.6386 18.8168 27.9526 31.2643 57.7917 86.2138 129.7944 65.4652 204.0994 76.8933 95.4046 101.1004 91.643 73.3117 10.5462 81.6177 75.6559 87.513 106.1303 74.9087 13.4553 1314.6991 784.8436 784.8436 691.4704 117.7255 305.4767 188.7046 205.2423 334.8666 1251.2537 306.6185 460.5661 284.2775 122.2592 388.0339 215.4469 276.0179 1264.2876;
	3.8985 52.677 93.0506 118.9114 15.2184 34.8279 26.2525 18.5493 27.9276 31.3076 57.8716 86.3331 129.974 62.3412 197.5658 74.4318 92.3505 97.864 87.7161 70.9033 8.7508 81.2652 75.5471 88.3039 103.2808 74.5288 13.3263 1283.0408 785.5364 785.5364 695.0481 117.1559 292.387 182.5052 195.4482 335.1622 1213.478 311.2816 448.6464 276.6449 119.0083 386.3579 216.6904 268.2486 1226.1184;
	3.8369 51.8444 89.0481 114.0935 14.9102 34.6694 27.6983 17.862 27.4957 31.3836 58.012 86.5425 130.2893 60.6001 193.8451 73.03 90.6113 96.0209 91.3764 72.7811 9.2328 80.8952 75.1336 85.5503 100.26 70.7315 12.8148 1277.7277 788.9255 788.9255 720.2835 116.2338 304.5881 187.3388 189.9894 336.6082 1240.4819 311.1783 445.2083 268.5534 121.1502 384.5989 215.2664 265.4276 1253.4036;
	3.7484 50.6491 87.7574 116.3546 14.6994 33.6964 26.2797 17.5533 27.783 30.3498 56.1012 83.692 125.9979 62.188 192.1331 72.385 89.8111 95.1729 88.6101 68.837 8.7599 78.6249 72.6283 85.1858 97.3395 68.7237 12.7825 1270.6116 776.176 776.176 697.3822 114.9999 295.3671 177.1867 194.9677 331.1684 1234.5831 300.729 450.3913 260.7308 120.7915 373.8054 210.4682 263.1134 1247.4434;
	3.8275 51.7181 86.8501 109.6078 14.7854 33.7874 27.1204 17.4952 26.9083 30.8027 56.9384 84.9409 127.878 64.3622 192.9029 72.675 90.1709 95.5542 88.8254 68.2544 9.0401 78.8372 72.5462 81.7452 97.3679 71.2345 12.8518 1270.112 788.2865 788.2865 685.1942 111.4177 296.0846 175.6871 201.7842 336.3356 1218.0939 286.5099 447.4956 260.8069 117.4077 374.8146 211.6632 262.6767 1230.7824;
	3.8578 52.1269 88.1223 110.8397 14.5538 33.653 27.747 17.6749 27.5613 30.4909 56.362 84.0811 126.5836 65.2323 201.1163 75.7694 94.0102 99.6227 88.217 70.9377 9.249 78.5238 73.9395 84.6579 97.4682 71.6028 12.9246 1260.9068 750.8097 750.8097 631.9556 107.3065 294.0568 182.5939 204.512 320.3455 1215.1675 288.5515 456.9021 261.0754 114.735 373.3244 213.2304 258.1722 1227.8255;
	3.8575 52.1231 91.5693 116.9746 14.8398 34.3323 23.6437 17.968 27.3472 29.7706 55.0304 82.0946 123.5929 67.9742 200.0644 75.3731 93.5185 99.1017 91.9221 69.9864 7.8812 80.1087 74.0752 88.2915 100.4393 72.4398 13.2752 1240.9175 768.3882 768.3882 700.6581 108.9823 306.4071 180.1451 213.1082 327.8456 1214.8957 293.1468 459.4232 269.0339 117.9979 380.8597 215.0198 259.1405 1227.5509;
	3.8901 52.5638 89.8513 115.1962 15.1123 34.2093 26.1854 17.9563 27.8691 30.308 56.0239 83.5766 125.8241 69.6306 200.3299 75.4731 93.6426 99.2332 91.0989 71.677 8.7285 79.8216 73.5182 86.6834 99.0363 68.2435 12.942 1233.0162 775.5257 775.5257 703.9212 111.4665 303.6631 184.4967 218.3012 330.891 1189.6413 290.1225 467.0963 265.2759 119.279 379.4947 210.6272 260.0223 1202.0334;
	3.9172 52.9301 90.4946 110.0634 15.1656 31.8903 23.2218 17.5587 27.5785 30.0764 55.5958 82.938 124.8627 69.1213 204.6239 77.0909 95.6498 101.3602 92.1725 69.8991 7.7406 74.4106 72.8059 83.8314 98.5093 55.9918 12.0881 1237.3473 767.1408 767.1408 681.4441 105.7055 307.2416 179.9204 216.7045 327.3134 1227.3394 305.1837 445.5394 263.8641 113.581 353.7693 200.6694 244.9208 1240.1242;
	3.8579 52.1293 91.7133 107.1789 15.057 30.2216 19.8863 12.2758 27.9445 29.0071 53.6192 79.9893 120.4234 68.1755 196.8075 74.1461 91.9961 97.4884 90.8828 68.7366 6.6288 70.517 70.243 84.5266 97.6769 66.3721 8.2094 1207.7139 747.002 747.002 613.0102 104.8495 302.9427 176.9283 213.7393 318.7208 1226.3361 273.8992 453.3478 261.6345 115.6417 335.2578 183.5644 226.5622 1239.1105;
