function windprofile = ex_wind_profilesh1
%EX_WIND_PROFILE_D  Example wind_load_nyiso profile data for deterministic unit commitment.
% 2022.03.12
% Andres F. Ramirez


%% define constants
[GEN_BUS, PG, QG, QMAX, QMIN, VG, MBASE, GEN_STATUS, PMAX, PMIN, ...
    MU_PMAX, MU_PMIN, MU_QMAX, MU_QMIN, PC1, PC2, QC1MIN, QC1MAX, ...
    QC2MIN, QC2MAX, RAMP_AGC, RAMP_10, RAMP_30, RAMP_Q, APF] = idx_gen;
[CT_LABEL, CT_PROB, CT_TABLE, CT_TBUS, CT_TGEN, CT_TBRCH, CT_TAREABUS, ...
    CT_TAREAGEN, CT_TAREABRCH, CT_ROW, CT_COL, CT_CHGTYPE, CT_REP, ...
    CT_REL, CT_ADD, CT_NEWVAL, CT_TLOAD, CT_TAREALOAD, CT_LOAD_ALL_PQ, ...
    CT_LOAD_FIX_PQ, CT_LOAD_DIS_PQ, CT_LOAD_ALL_P, CT_LOAD_FIX_P, ...
    CT_LOAD_DIS_P, CT_TGENCOST, CT_TAREAGENCOST, CT_MODCOST_F, ...
    CT_MODCOST_X] = idx_ct;

windprofile = struct( ...
    'type', 'mpcData', ...
    'table', CT_TGEN, ...
    'rows', [1:45], ...
    'col', PMAX, ...
    'chgtype', 1, ...
    'values', [] );
windprofile.values(:,1,:) = [
	3.812 51.5081 91.8328 119.7393 14.429 31.731 27.5381 18.8497 25.4749 28.4235 52.5404 78.3799 118.0005 68.6076 197.5506 74.4261 92.3434 97.8565 87.2864 69.6113 9.1794 74.039 73.9134 89.527 105.1062 74.2433 13.9576 1280.392 787.2655 787.2655 559.9325 111.5501 290.9547 179.1797 215.0941 335.8999 1260.5985 211.4937 438.1171 281.5346 115.1471 352.0027 193.9894 279.4783 1273.7298;
	3.8251 51.6862 91.0573 117.2367 14.5499 32.4888 26.2816 18.7478 25.9693 28.5808 52.8311 78.8136 118.6535 68.8362 192.7417 72.6143 90.0956 95.4744 86.6575 68.7115 8.7605 75.8072 71.2848 89.7181 103.7305 73.8164 13.97 1292.2344 786.0705 786.0705 616.091 106.3913 288.8583 176.8635 215.8107 335.3901 1273.5892 216.5147 450.9624 277.8494 112.1298 360.4092 183.6101 266.4179 1286.8557;
	3.7772 51.0379 89.378 117.7162 14.5411 32.6065 20.5335 18.3974 23.1522 27.7046 51.2116 76.3976 115.0161 66.3256 198.7869 74.8918 92.9213 98.4688 88.9597 68.3671 6.8445 76.0818 69.8963 89.1364 101.6098 75.3005 13.4516 1266.562 757.8376 757.8376 642.0622 98.0204 296.5324 175.9771 207.9396 323.344 1271.6643 220.7937 403.7302 272.169 113.7382 361.7147 186.029 262.3043 1284.9108;
	3.7145 50.1916 90.2063 118.5512 14.6083 32.5439 23.3639 18.5292 25.7444 29.3691 54.2883 80.9874 121.9261 66.3979 203.5479 76.6855 95.1468 100.8272 92.3759 69.8 7.788 75.9358 71.4388 89.3046 101.6208 73.9326 13.519 1317.7367 778.1535 778.1535 687.9431 104.2702 307.9197 179.6653 208.1665 332.0122 1298.6238 253.9411 438.3282 272.1986 115.546 361.0206 154.3469 267.8384 1312.1511;
	3.78 51.0763 88.9879 117.7555 15.0011 32.8856 30.0239 18.652 25.7197 29.7578 55.0069 82.0595 123.5401 65.2541 203.3571 76.6136 95.0576 100.7327 89.466 72.1106 10.008 76.7331 72.8616 88.5367 103.6958 75.2632 13.5899 1277.0881 780.8697 780.8697 684.752 96.5029 298.22 185.613 204.5805 333.1711 1280.1715 238.093 454.1407 277.7567 117.2752 364.8112 185.3817 258.2003 1293.5066;
	3.888 52.536 88.0999 116.3872 15.0356 33.3387 29.4568 18.591 24.5569 29.7316 54.9583 81.987 123.431 65.4344 203.5938 76.7028 95.1683 100.85 91.8525 69.9791 9.8189 77.7903 71.6932 89.2375 103.5465 73.01 13.7345 1249.8283 771.0804 771.0804 716.7146 105.2901 306.1751 180.1264 205.1456 328.9943 1217.0748 242.234 454.7642 277.3566 121.5542 369.8374 177.2193 264.2283 1229.7526;
	3.7608 50.8169 86.2761 114.4047 14.8038 32.3175 30.4495 17.783 24.4001 30.2213 55.8635 83.3374 125.464 65.3011 203.6852 76.7372 95.211 100.8952 92.4814 72.1454 10.1498 75.4075 72.6093 87.5249 100.6412 72.8432 13.2912 1286.916 766.5678 766.5678 717.705 103.6557 308.2713 185.7025 204.7278 327.0689 1274.6832 278.2646 456.6954 269.5745 114.8473 358.5088 160.5268 256.0766 1287.9611;
	3.811 51.4954 87.1949 116.4335 14.9425 32.6292 29.6524 17.7803 25.8781 28.6131 52.8908 78.9027 118.7876 67.4857 198.6024 74.8223 92.8351 98.3775 89.8296 68.3564 9.8841 76.1347 71.3597 88.5258 100.7416 73.4721 13.3156 1339.5008 807.5761 807.5761 730.6456 109.1366 299.4319 175.9496 211.5769 344.5658 1319.6706 285.8654 466.7352 269.8436 118.2931 361.9661 173.5272 260.3659 1333.4172;
	3.7665 50.8934 86.9574 110.1776 15.2365 33.2598 29.7059 17.4284 23.1208 29.8062 55.0963 82.1928 123.7409 65.7151 201.2406 75.8162 94.0683 99.6843 92.4625 70.2952 9.902 77.6062 71.7711 87.5005 101.5834 69.7653 12.7514 1298.9629 785.589 785.589 689.5493 110.7071 308.2085 180.9401 206.0258 335.1846 1298.4141 244.509 452.7717 272.0985 122.7721 368.9622 198.7097 260.6728 1311.9392;
	3.7995 51.3397 90.1539 113.2445 15.3612 32.5079 23.6316 18.0571 25.5752 29.1497 53.8828 80.3825 121.0154 66.161 195.259 73.5627 91.2722 96.7213 88.8585 69.3796 7.8772 75.8519 70.43 88.5875 104.7251 69.933 13.1884 1259.3978 813.5517 813.5517 720.1799 116.7338 296.1951 178.5832 207.4235 347.1154 1282.8504 295.7745 448.9409 280.5138 122.7459 360.6214 205.0653 264.4423 1296.2135;
	3.7632 50.8494 88.9296 115.5619 15.1018 33.7227 25.1342 18.5156 22.4651 29.546 54.6154 81.4754 122.6607 65.4388 195.5789 73.6832 91.4218 96.8798 88.4335 71.6163 8.3781 78.6862 66.0072 87.688 104.5004 70.4584 13.6338 1234.3833 796.282 796.282 721.5138 115.1154 294.7785 184.3404 205.1594 339.747 1289.7658 296.2994 447.6942 279.9117 121.5882 374.0967 204.8202 263.9616 1303.2009;
	3.6862 49.8082 87.1328 115.9409 15.0501 33.0029 21.4247 17.8389 17.5248 28.4381 52.5674 78.4202 118.0612 65.2958 196.3107 73.9589 91.7638 97.2423 88.0747 69.6199 7.1416 77.0067 67.3461 86.8105 101.7406 64.8337 13.3034 1245.0086 795.1775 795.1775 726.0313 116.3632 293.5822 179.2019 204.7111 339.2757 1289.8169 310.1461 453.0524 272.5193 119.845 366.1117 203.7062 259.4072 1303.2525;
	3.673 49.6297 87.0155 111.8652 15.0024 32.2218 23.8471 17.778 19.2086 27.515 50.8611 75.8748 114.2291 65.0616 192.157 72.394 89.8222 95.1848 89.7493 68.9437 7.949 75.1843 65.0507 82.3212 98.3162 69.4863 13.4764 1251.1315 805.6547 805.6547 752.3777 118.1177 299.1644 177.4613 203.9768 343.746 1286.0811 322.2436 445.9314 263.3469 117.887 357.4477 203.8841 261.0817 1299.4778;
	3.6623 49.4854 86.6775 112.6486 14.328 32.3867 26.0077 17.6249 24.3151 28.7696 53.1801 79.3343 119.4374 65.8375 190.5383 71.7842 89.0656 94.3829 85.894 70.6685 8.6692 75.5689 70.8655 84.6621 98.2836 69.6132 13.2457 1259.2886 771.67 771.67 741.2551 117.415 286.3135 181.901 206.4094 329.2459 1274.6906 301.6857 435.1493 263.2597 113.6077 359.2762 180.7184 262.5707 1287.9686;
	3.6243 48.9717 86.2973 110.9284 13.9725 32.2078 22.8361 17.4652 25.7571 28.8673 53.3608 79.6038 119.8431 65.0263 188.2915 70.9377 88.0153 93.27 84.281 68.3567 7.612 75.1515 71.9074 85.5031 97.0432 66.575 12.96 1269.7447 768.4073 768.4073 708.9895 114.4148 280.9368 175.9502 203.8663 327.8538 1258.7576 275.46 437.7221 259.9373 114.5427 357.2919 185.7426 258.6008 1271.8697;
	3.5963 48.5942 86.4057 109.8113 14.1561 30.8617 21.4852 17.5761 23.9323 29.3968 54.3396 81.064 122.0414 63.3121 170.1747 64.1123 79.5468 84.2959 84.169 67.157 7.1617 72.0106 70.546 86.0261 97.7358 66.1121 12.5508 1204.6371 763.2602 763.2602 694.6269 113.0665 280.5634 172.8622 198.4919 325.6577 1166.5519 280.0648 434.6781 261.7922 112.4525 342.3588 148.8634 260.3145 1178.7035;
	3.5664 48.1904 86.4576 108.5227 13.9297 28.9782 19.2799 17.0227 22.7003 28.4861 52.656 78.5525 118.2603 66.972 186.0271 70.0846 86.9569 92.1483 85.7899 66.837 6.4266 67.6157 71.0386 85.7338 99.6035 54.8611 11.8729 1170.2879 718.5949 718.5949 631.0847 113.7913 285.9663 172.0387 209.9662 306.6005 1145.6372 277.4719 413.6754 266.795 112.0689 321.4645 138.953 236.4024 1157.5709;
	3.6719 49.6151 88.9434 108.2298 14.0539 28.426 18.6154 13.5488 25.7784 29.3011 54.1626 80.8 121.644 66.6594 186.8021 70.3766 87.3191 92.5322 87.7131 68.0343 6.2051 66.3274 74.6393 88.2184 102.3018 70.3584 10.339 1223.0606 748.6449 748.6449 660.8861 118.99 292.3771 175.1205 208.9863 319.4218 1245.3786 288.0514 445.9298 274.0226 112.5525 315.3395 154.5288 239.9208 1258.3513;
