function windprofile = ex_wind_profilesh1
%EX_WIND_PROFILE_D  Example wind_load_nyiso profile data for deterministic unit commitment.
% 2022.03.12
% Andres F. Ramirez


%% define constants
[GEN_BUS, PG, QG, QMAX, QMIN, VG, MBASE, GEN_STATUS, PMAX, PMIN, ...
    MU_PMAX, MU_PMIN, MU_QMAX, MU_QMIN, PC1, PC2, QC1MIN, QC1MAX, ...
    QC2MIN, QC2MAX, RAMP_AGC, RAMP_10, RAMP_30, RAMP_Q, APF] = idx_gen;
[CT_LABEL, CT_PROB, CT_TABLE, CT_TBUS, CT_TGEN, CT_TBRCH, CT_TAREABUS, ...
    CT_TAREAGEN, CT_TAREABRCH, CT_ROW, CT_COL, CT_CHGTYPE, CT_REP, ...
    CT_REL, CT_ADD, CT_NEWVAL, CT_TLOAD, CT_TAREALOAD, CT_LOAD_ALL_PQ, ...
    CT_LOAD_FIX_PQ, CT_LOAD_DIS_PQ, CT_LOAD_ALL_P, CT_LOAD_FIX_P, ...
    CT_LOAD_DIS_P, CT_TGENCOST, CT_TAREAGENCOST, CT_MODCOST_F, ...
    CT_MODCOST_X] = idx_ct;

windprofile = struct( ...
    'type', 'mpcData', ...
    'table', CT_TGEN, ...
    'rows', [1:45], ...
    'col', PMAX, ...
    'chgtype', 1, ...
    'values', [] );
windprofile.values(:,1,:) = [
	3.8855 52.501 90.7071 115.7078 15.3455 33.9958 26.9823 17.7018 25.9916 28.6898 53.0327 79.1143 119.1062 68.2564 178.9297 67.4107 83.6392 88.6326 86.611 67.1356 8.9941 79.3235 74.9231 84.7424 99.9118 72.1374 12.988 1268.214 804.7625 804.7625 602.3858 111.212 288.7032 172.8073 213.9931 343.3653 1269.8075 236.6709 449.2438 267.621 116.3691 377.1265 205.3169 274.7189 1283.0346;
	3.9155 52.9073 91.5543 117.3246 15.3627 33.2516 25.9881 18.3029 26.1669 29.8466 55.1711 82.3044 123.9088 69.4888 180.3585 67.949 84.3071 89.3404 86.91 68.5581 8.6627 77.587 74.5175 85.6139 99.7709 72.1966 13.3089 1297.5731 806.4674 806.4674 646.2786 101.4483 289.7 176.4688 217.8567 344.0928 1295.146 234.9326 460.6365 267.2436 114.5192 368.871 194.4569 273.015 1308.6371;
	3.8896 52.5573 91.6226 114.4884 15.0619 32.8474 22.5507 18.0577 26.5357 30.0785 55.5997 82.9439 124.8715 69.6331 185.878 70.0285 86.8872 92.0745 90.1712 68.5159 7.5169 76.6438 73.7342 85.9488 97.9576 73.9077 13.2766 1252.062 791.7642 791.7642 663.083 98.1915 300.5706 176.3602 218.3092 337.8194 1279.5511 221.7271 447.6472 262.3864 117.5012 364.3866 195.767 257.5166 1292.8798;
	3.9153 52.9039 92.7184 117.8587 15.2063 32.3511 24.4827 18.0323 26.8786 30.1426 55.7181 83.1205 125.1374 69.6222 190.1733 71.6467 88.895 94.2021 89.6761 69.6935 8.1609 75.486 74.6552 86.9583 100.8475 73.4811 13.3881 1275.9373 830.5041 830.5041 696.4293 106.6008 298.9205 179.3913 218.2751 354.3484 1314.7931 248.8538 458.6739 270.1274 118.5705 358.8818 165.0984 266.656 1328.4889;
	3.8997 52.694 94.221 119.3175 15.292 33.1116 31.0533 18.2008 26.5836 30.7512 56.843 84.7986 127.6639 69.8072 196.2355 73.9306 91.7287 97.205 89.7619 72.3855 10.3511 77.2605 74.9934 88.2426 103.3677 74.5795 13.3671 1252.7809 794.5484 794.5484 712.1159 108.6999 299.2063 186.3204 218.8549 339.0073 1275.0501 244.3218 469.5193 276.8777 117.2716 367.3184 197.1849 258.4863 1288.3319;
	3.9162 52.9166 94.6948 120.5437 15.4159 34.8837 30.2165 18.6435 28.0928 31.2136 57.6979 86.0739 129.5838 69.8439 200.2325 75.4364 93.597 99.1849 91.8851 72.4262 10.0722 81.3954 75.6169 89.3678 104.4825 75.1182 13.7428 1278.5985 817.6731 817.6731 751.9119 110.1587 306.2835 186.4253 218.97 348.8738 1291.039 238.3735 473.4162 279.8638 121.1818 386.9768 194.7725 258.7037 1304.4873;
	3.8758 52.371 94.7707 120.3293 15.3711 34.3639 31.7571 18.7928 28.2943 30.8215 56.9732 84.9927 127.9561 69.0686 200.8386 75.6648 93.8804 99.4852 92.1119 72.5546 10.5857 80.1825 75.7529 89.5009 103.3095 75.3363 13.9492 1286.1572 802.8261 802.8261 765.8141 107.3433 307.0396 186.7557 216.5393 342.5391 1322.6887 285.9344 469.9825 276.722 120.1091 381.2105 167.2707 256.6542 1336.4667;
	3.8493 52.0132 94.8567 120.2601 15.3459 34.908 31.6342 18.5398 28.446 30.1201 55.6766 83.0585 125.0441 69.1419 200.5124 75.5419 93.7279 99.3236 89.6119 69.5532 10.5447 81.452 74.9947 89.3337 103.2874 74.5449 13.521 1318.155 814.1245 814.1245 776.5599 110.8677 298.7065 179.0302 216.7692 347.3598 1301.8926 306.7963 476.5723 276.6627 121.2351 387.2462 181.3101 266.4964 1315.454;
	3.9083 52.8102 95.4276 120.9865 15.4245 34.8971 32.3327 18.3475 28.1133 30.5052 56.3883 84.1203 126.6426 69.3172 194.1991 73.1634 90.7768 96.1963 87.4048 68.8652 10.7776 81.4265 74.3835 89.4595 104.6387 75.7726 13.5248 1342.332 802.4717 802.4717 795.0769 117.8149 291.3494 177.2593 217.3188 342.3879 1310.1272 324.1833 475.6439 280.2824 122.4389 387.1248 212.2998 267.8048 1323.7744;
	3.9102 52.8354 95.2095 120.5233 15.4206 34.7765 29.1263 17.3362 28.385 30.6721 56.6969 84.5806 127.3357 68.9093 194.8183 73.3967 91.0662 96.503 86.6796 69.0924 9.7088 81.1451 73.8443 88.1644 102.0061 72.6988 12.8504 1330.0979 812.9108 812.9108 789.4048 120.1541 288.932 177.8441 216.0401 346.8419 1293.9604 348.9847 479.3364 273.2307 121.9904 385.7869 217.7799 260.3176 1307.4391;
	3.8607 52.1661 94.9884 120.4271 15.3597 33.3548 29.7 17.6688 28.19 30.7463 56.834 84.7851 127.6435 68.9478 194.6296 73.3256 90.978 96.4095 88.2996 71.9305 9.9 77.8279 73.6072 87.5799 103.4642 72.0029 13.1375 1294.5745 807.1637 807.1637 775.541 119.3167 294.3319 185.1493 216.1606 344.3898 1284.9497 342.9024 478.1776 277.1363 118.8972 370.016 211.2091 261.551 1298.3346;
	3.8666 52.2465 94.8488 120.9451 15.3329 33.8404 28.136 18.1999 28.1955 31.0768 57.445 85.6966 129.0158 68.2485 197.564 74.4311 92.3497 97.8631 89.5038 70.909 9.3787 78.961 74.6381 89.5742 105.0622 71.7653 13.4492 1291.8425 789.8957 789.8957 752.8165 118.905 298.3459 182.52 213.9683 337.0222 1245.2485 337.9528 479.9448 281.4167 118.3504 375.403 209.2164 264.3028 1258.2199;
	3.8265 51.7043 94.009 120.6866 15.1275 33.2393 28.6344 18.3694 27.986 30.4817 56.345 84.0556 126.5453 66.3602 189.4237 71.3643 88.5446 93.8308 90.2684 68.8107 9.5448 77.5584 74.4351 86.4373 105.2986 72.069 13.4432 1339.5551 809.531 809.531 774.0482 116.308 300.8946 177.119 208.0482 345.3999 1308.202 341.249 470.1015 282.0497 117.5183 368.7348 210.9873 261.0631 1321.8291;
	3.8809 52.4399 94.6437 120.8118 14.7245 33.5918 29.0926 18.9623 28.3847 30.5947 56.5538 84.3672 127.0143 67.3345 196.2754 73.9456 91.7473 97.2248 92.3138 72.0458 9.6975 78.3809 75.2045 87.5128 106.3565 73.5058 13.9874 1331.0013 824.3716 824.3716 799.0742 118.5163 307.7127 185.446 211.1027 351.7319 1327.1951 343.0043 478.0471 284.8835 120.2979 372.6451 205.6104 268.5277 1341.0201;
	3.7874 51.1756 94.1441 119.0286 14.8279 32.7765 23.7833 18.8878 27.5027 29.5936 54.7032 81.6065 122.8581 65.7321 196.1968 73.916 91.7106 97.1858 92.4482 70.6304 7.9278 76.4785 73.9015 88.9482 105.1058 74.3501 13.891 1304.5645 809.6299 809.6299 789.5963 118.2223 308.1606 181.8029 206.079 345.4421 1293.4069 343.7155 470.5949 281.5333 120.5305 363.6008 208.0596 270.8169 1306.8799;
	3.7041 50.0499 89.9306 114.4334 14.2727 31.703 25.3947 18.3545 27.9082 30.035 55.5193 82.8238 124.6908 65.5285 184.9058 69.6622 86.4327 91.5929 90.5533 71.483 8.4649 73.9736 74.2245 86.7896 101.4313 70.6096 13.3522 1247.2115 778.8024 778.8024 712.8524 117.315 301.8443 183.9975 205.4406 332.289 1224.813 327.066 473.5559 271.691 121.5916 351.6918 203.7135 265.3918 1237.5715;
	3.777 51.0357 91.117 112.1533 14.127 31.2991 23.9633 17.9647 28.3159 29.4495 54.4369 81.2092 122.26 67.9233 188.5716 71.0433 88.1463 93.4087 90.7106 67.4087 7.9878 73.0312 73.6217 83.2612 100.0667 58.7802 12.3346 1142.1642 717.6397 717.6397 665.2857 111.706 302.3687 173.5102 212.9488 306.1929 1171.7396 320.5279 475.884 268.0358 120.4958 347.2114 200.7717 253.693 1183.9452;
	3.6863 49.8101 89.3537 107.6086 14.5039 28.4252 19.5291 13.0235 27.8165 28.1966 52.1211 77.7544 117.0588 67.8185 180.5969 68.0388 84.4186 89.4585 89.1649 63.8665 6.5097 66.3254 71.2808 82.7494 98.4874 65.4351 9.6374 1144.3266 678.191 678.191 640.1542 116.7221 297.2163 164.3926 212.62 289.3615 1187.2837 303.4037 464.4093 263.8054 117.7615 315.3301 179.4065 214.0097 1199.6513;
