function loadprofile = ex_load_profilesh1
%EX_LOAD_PROFILE  Example load profile data file for stochastic unit commitment.
% 2022.03.12
% Andres F. Ramirez

%% define constants
[CT_LABEL, CT_PROB, CT_TABLE, CT_TBUS, CT_TGEN, CT_TBRCH, CT_TAREABUS, ...
    CT_TAREAGEN, CT_TAREABRCH, CT_ROW, CT_COL, CT_CHGTYPE, CT_REP, ...
    CT_REL, CT_ADD, CT_NEWVAL, CT_TLOAD, CT_TAREALOAD, CT_LOAD_ALL_PQ, ...
    CT_LOAD_FIX_PQ, CT_LOAD_DIS_PQ, CT_LOAD_ALL_P, CT_LOAD_FIX_P, ...
    CT_LOAD_DIS_P, CT_TGENCOST, CT_TAREAGENCOST, CT_MODCOST_F, ...
    CT_MODCOST_X] = idx_ct;

loadprofile = struct( ...
    'type', 'mpcData', ...
    'table', CT_TAREALOAD, ...
    'rows', [1:11], ...
    'col', CT_LOAD_ALL_P, ...
    'chgtype', 1, ...
    'values', [] );
loadprofile.values(:,1,:) = [
	1518.2142 889.8 1538.0443 543.1589 738.7 1109.5322 809.9084 211.9783 480.8067 4460.6955 1626.9241;
	1496.2 867.207 1495.0266 542.8983 715.0695 1105.2347 801.908 208.7406 459.4621 4384.7251 1584.3576;
	1489.198 873.6425 1513.5264 545.631 715.4367 1094.2 817.8 214.4 466.1427 4380.6614 1607.2;
	1487.6755 897.3 1546.6926 542.4 744.3 1150.2 840.9743 227.9 493.3485 4462.5996 1669.4907;
	1594.7 951.8297 1654.4704 556.9308 808.4128 1218.6 902.6377 249.3 517.3 4706.9238 1777.2;
	1656.4499 990.4392 1728.3828 560.7033 857.0399 1269.8 943.9613 265.48 536.9169 4953.3042 1842.9625;
	1731.096 1040.7 1815.1512 585.0229 927.4017 1324.4662 1021.8604 280.8453 564.5746 5308.1463 1943.8;
	1789.3073 1067.8977 1891.7321 589.5666 947.7186 1375.3541 1061.6031 268.2985 574.9334 5456.5392 1995.2;
	1820.4833 1087.4 1928.4674 588.3606 996.1538 1405.8226 1081.8441 287.1591 581.9875 5419.4479 1966.5917;
	1778.7697 1070.804 1897.0 578.3036 978.6203 1405.5625 1096.4864 280.5784 593.789 5534.0515 1896.419;
	1799.1565 1086.7 1887.5951 577.2 963.1292 1435.832 1129.0539 290.223 624.804 5678.2501 1952.3397;
	1773.0 1081.3 1863.0762 572.7699 921.8303 1397.6428 1078.3661 279.7185 603.1781 5568.7136 1831.6922;
	1771.9001 1112.7382 1859.9266 601.069 940.8661 1402.9822 1098.8047 298.2534 611.1594 5643.6459 1928.2787;
	1727.5103 1069.0 1803.5535 590.5059 902.8602 1309.5628 1053.2692 284.6477 604.926 5504.0867 1889.82;
	1683.94 1035.7464 1786.8669 581.446 887.4084 1325.7529 1065.7138 301.6414 601.2 5448.2119 1980.3237;
	1737.1287 1072.4358 1836.1444 601.355 889.7 1366.1048 1114.7318 295.0 629.3139 5476.3701 2093.6221;
	1738.0 1098.0886 1886.1138 604.7855 907.9105 1379.3706 1144.7488 324.5 621.2791 5618.5358 2148.0701;
	1855.6608 1164.6219 1958.4 609.7 957.1094 1460.252 1197.5366 344.0 643.5 5826.0632 2277.7421;
	1902.9775 1178.3879 1969.64 607.1401 932.4 1444.0 1191.7293 335.778 639.0205 6110.2685 2291.7803;
	1820.6784 1126.4966 1877.1037 591.1188 917.0165 1381.6267 1180.1876 338.2907 628.2215 5899.9309 2233.4058;
	1794.5929 1085.6807 1800.3929 574.9 896.7066 1314.8609 1093.3 323.4261 615.0914 5670.9562 2123.1;
	1707.1028 1013.6448 1704.5 582.131 869.1779 1256.5821 1036.0157 293.1866 572.8211 5148.0981 1965.7642;
	1651.1509 990.312 1714.1539 587.3 880.8643 1287.3364 1048.9142 306.4871 550.0901 5056.3731 1895.8437;
	1616.8177 950.4 1665.4019 602.7 840.3968 1249.2572 996.8519 288.9487 533.4338 4995.0356 1839.0555;
];
