function solarprofile = ex_solar_profilesh1
%EX_WIND_PROFILE_D  Example wind_load_nyiso profile data for deterministic unit commitment.
% 2022.03.12
% Andres F. Ramirez


%% define constants
[GEN_BUS, PG, QG, QMAX, QMIN, VG, MBASE, GEN_STATUS, PMAX, PMIN, ...
    MU_PMAX, MU_PMIN, MU_QMAX, MU_QMIN, PC1, PC2, QC1MIN, QC1MAX, ...
    QC2MIN, QC2MAX, RAMP_AGC, RAMP_10, RAMP_30, RAMP_Q, APF] = idx_gen;
[CT_LABEL, CT_PROB, CT_TABLE, CT_TBUS, CT_TGEN, CT_TBRCH, CT_TAREABUS, ...
    CT_TAREAGEN, CT_TAREABRCH, CT_ROW, CT_COL, CT_CHGTYPE, CT_REP, ...
    CT_REL, CT_ADD, CT_NEWVAL, CT_TLOAD, CT_TAREALOAD, CT_LOAD_ALL_PQ, ...
    CT_LOAD_FIX_PQ, CT_LOAD_DIS_PQ, CT_LOAD_ALL_P, CT_LOAD_FIX_P, ...
    CT_LOAD_DIS_P, CT_TGENCOST, CT_TAREAGENCOST, CT_MODCOST_F, ...
    CT_MODCOST_X] = idx_ct;

solarprofile = struct( ...
    'type', 'mpcData', ...
    'table', CT_TGEN, ...
    'rows', [1:12], ...
    'col', PMAX, ...
    'chgtype', 1, ...
    'values', [] );
solarprofile.values(:,1,:) = [
	0.0 0.0 0.0 0.0 0.0 0.0 0.0 0.0 0.0 0.0 0.0 0.0;
	0.0 0.0 0.0 0.0 0.0 0.0 0.0 0.0 0.0 0.0 0.0 0.0;
	0.0 0.0 0.0 0.0 0.0 0.0 0.0 0.0 0.0 0.0 0.0 0.0;
	0.0 0.0 0.0 0.0 0.0 0.0 0.0 0.0 0.0 0.0 0.0 0.0;
	0.0 0.0 0.0 0.0 0.0 0.0 0.0 0.0 0.0 0.0 0.0 0.0;
	1.0236 0.8311 0.6966 0.0 0.0 9.4835 1.1854 4.1882 0.4191 0.0 0.0 0.0;
	9.0161 8.8259 6.8445 1.5396 1.9378 109.2193 13.6524 14.5507 160.5001 138.5116 56.191 250.8453;
	20.9274 16.0741 13.5856 2.6231 3.6226 215.5761 26.947 37.9189 194.4684 269.1534 96.0426 487.4385;
	24.3875 16.6115 13.9579 5.7197 4.1996 287.7681 35.971 47.0334 206.7478 327.3193 133.5903 592.7772;
	25.1903 16.3661 13.8 4.484 2.8637 323.342 40.4177 53.2369 201.5064 230.1182 156.6274 416.7455;
	22.5519 16.4778 13.6482 5.8686 2.6507 365.7748 45.7218 55.7842 227.8759 232.5719 160.2462 421.1891;
	20.4523 16.2838 12.9201 6.775 2.6036 389.1307 48.6413 59.8683 228.4793 229.5981 154.0716 415.8036;
	13.7198 14.3375 10.0689 5.4174 2.1398 352.7355 44.0919 73.3364 144.7183 155.8131 61.1439 282.1784;
	10.5976 9.8889 7.5868 3.8816 2.542 328.8985 41.1123 73.9139 96.037 118.8147 29.2823 215.1742;
	5.6011 6.8812 3.9526 1.7659 2.4449 294.7726 36.8466 69.3887 66.5511 56.2622 16.7475 101.8911;
	2.5684 4.3093 2.864 1.1967 2.8743 178.1468 22.2683 33.9089 51.4283 4.2559 3.2081 7.7074;
	1.2382 1.0364 0.7956 0.8607 1.0581 73.0696 9.1337 11.4022 32.3328 0.0 0.0 0.0;
	0.0 0.0 0.0 0.0 0.0 0.0 0.0 0.0 0.0 0.0 0.0 0.0;
	0.0 0.0 0.0 0.0 0.0 0.0 0.0 0.0 0.0 0.0 0.0 0.0;
	0.0 0.0 0.0 0.0 0.0 0.0 0.0 0.0 0.0 0.0 0.0 0.0;
	0.0 0.0 0.0 0.0 0.0 0.0 0.0 0.0 0.0 0.0 0.0 0.0;
	0.0 0.0 0.0 0.0 0.0 0.0 0.0 0.0 0.0 0.0 0.0 0.0;
	0.0 0.0 0.0 0.0 0.0 0.0 0.0 0.0 0.0 0.0 0.0 0.0;
	0.0 0.0 0.0 0.0 0.0 0.0 0.0 0.0 0.0 0.0 0.0 0.0;
];
