function windprofile = ex_wind_profilesh1
%EX_WIND_PROFILE_D  Example wind_load_nyiso profile data for deterministic unit commitment.
% 2022.03.12
% Andres F. Ramirez


%% define constants
[GEN_BUS, PG, QG, QMAX, QMIN, VG, MBASE, GEN_STATUS, PMAX, PMIN, ...
    MU_PMAX, MU_PMIN, MU_QMAX, MU_QMIN, PC1, PC2, QC1MIN, QC1MAX, ...
    QC2MIN, QC2MAX, RAMP_AGC, RAMP_10, RAMP_30, RAMP_Q, APF] = idx_gen;
[CT_LABEL, CT_PROB, CT_TABLE, CT_TBUS, CT_TGEN, CT_TBRCH, CT_TAREABUS, ...
    CT_TAREAGEN, CT_TAREABRCH, CT_ROW, CT_COL, CT_CHGTYPE, CT_REP, ...
    CT_REL, CT_ADD, CT_NEWVAL, CT_TLOAD, CT_TAREALOAD, CT_LOAD_ALL_PQ, ...
    CT_LOAD_FIX_PQ, CT_LOAD_DIS_PQ, CT_LOAD_ALL_P, CT_LOAD_FIX_P, ...
    CT_LOAD_DIS_P, CT_TGENCOST, CT_TAREAGENCOST, CT_MODCOST_F, ...
    CT_MODCOST_X] = idx_ct;

windprofile = struct( ...
    'type', 'mpcData', ...
    'table', CT_TGEN, ...
    'rows', [1:45], ...
    'col', PMAX, ...
    'chgtype', 1, ...
    'values', [] );
windprofile.values(:,1,:) = [
	3.7301 50.4015 91.9225 118.7928 15.1807 34.7828 28.0056 18.8865 27.2762 29.8286 55.1378 82.2547 123.834 67.3543 193.6262 72.9475 90.509 95.9125 84.5936 69.4996 9.3352 81.1599 74.4738 89.9637 106.2595 75.8839 13.6926 1261.7788 685.1363 685.1363 533.116 112.1259 281.9788 178.8921 211.165 292.3248 1195.1479 221.9975 455.8237 284.6236 121.7269 385.8575 200.2048 284.5777 1207.5974;
	3.7106 50.139 92.6577 117.8825 15.1591 34.3262 24.1368 18.7793 26.6467 30.3067 56.0215 83.573 125.8188 66.117 189.6365 71.4445 88.644 93.9362 86.0262 69.5381 8.0456 80.0945 72.8718 89.7197 104.8419 73.7155 13.4412 1271.2577 693.5929 693.5929 570.6171 100.5462 286.7541 178.9913 207.2857 295.933 1184.02 222.7305 441.733 280.8265 118.2076 380.7921 189.8883 266.9574 1196.3536;
	3.7011 50.0102 90.6498 117.4 14.9269 34.3617 20.9126 18.6315 26.9676 29.9543 55.37 82.6012 124.3556 65.4323 191.413 72.1137 89.4745 94.8162 85.6632 67.9179 6.9709 80.1773 71.3267 89.2566 103.4648 74.5129 13.564 1256.073 701.9121 701.9121 604.9689 92.8654 285.5439 174.8209 205.1391 299.4825 1228.5628 228.3615 408.7494 277.1378 119.012 381.1857 191.6209 260.6899 1241.3603;
	3.6636 49.5029 93.1846 118.9242 14.7929 34.1985 22.6228 18.3777 26.9486 30.0653 55.5753 82.9074 124.8166 66.5733 198.1015 74.6336 92.6009 98.1293 86.6609 69.5252 7.5409 79.7964 71.4292 88.9109 103.8442 72.8129 13.4451 1261.5783 641.9105 641.9105 554.7721 91.2556 288.8698 178.9582 208.7164 273.8818 1206.8179 232.81 424.3036 278.154 115.3342 379.3749 164.6439 266.3912 1219.389;
	3.759 50.7924 93.6014 117.9333 14.5771 34.2554 28.3094 17.921 26.5899 29.369 54.2881 80.9871 121.9257 65.6151 190.7357 71.8586 89.1578 94.4807 82.4344 70.422 9.4365 79.9292 69.7149 87.5052 103.1199 72.4342 13.0831 1234.6036 629.7474 629.7474 513.7417 100.9767 274.7813 181.2663 205.7121 268.6922 1145.1596 219.4214 436.9444 276.2139 116.6135 380.0063 192.1688 261.6884 1157.0884;
	3.8416 51.9083 93.4522 117.2027 14.8158 34.8437 26.9617 17.6948 26.6606 29.8226 55.1267 82.2381 123.809 64.9975 193.9668 73.0759 90.6682 96.0812 84.8907 70.0601 8.9872 81.302 71.7729 85.7246 101.4186 70.6139 12.9716 1287.4945 707.3529 707.3529 625.7359 106.2993 282.9688 180.3349 203.7758 301.8039 1145.9882 230.9681 435.4647 271.6571 114.2206 386.5331 187.4427 265.4543 1157.9256;
	3.8273 51.7152 93.8394 116.917 15.0677 33.8316 29.8079 17.834 27.689 30.217 55.8557 83.3257 125.4464 67.2842 193.3231 72.8333 90.3673 95.7624 85.3933 71.2913 9.936 78.9404 71.5841 84.2365 102.3326 72.6154 12.9274 1321.3169 707.7308 707.7308 649.5704 105.3582 284.6444 183.5041 210.9452 301.9652 1199.8161 268.5514 458.8406 274.1051 113.319 375.3054 170.1699 267.4471 1212.3142;
	3.9133 52.8779 92.8215 118.3842 15.12 33.436 30.227 17.4446 28.2532 29.9617 55.3837 82.6216 124.3863 69.175 195.2633 73.5643 91.2742 96.7234 86.7059 71.5349 10.0757 78.0173 69.0742 84.8931 100.0143 71.8205 12.0282 1340.0932 766.5117 766.5117 667.5183 112.6798 289.0198 184.1309 216.8731 327.045 1265.2486 294.7446 474.1277 267.8955 113.2367 370.9166 183.3036 266.8071 1278.4282;
	3.88 52.427 92.9594 117.8894 15.2882 33.1342 31.5951 17.9381 28.0303 29.8273 55.1353 82.251 123.8285 68.8853 192.5203 72.5309 89.992 95.3647 88.3905 70.7414 10.5317 77.3131 71.4046 85.4437 103.2993 72.1383 12.8228 1313.4534 769.5643 769.5643 658.4835 115.1618 294.635 182.0885 215.9646 328.3474 1273.253 294.5344 477.0681 276.6946 118.2594 367.5687 206.9488 272.1338 1286.516;
	3.8305 51.7588 93.0167 115.4379 15.0709 32.6473 27.5556 17.5285 28.12 29.1251 53.8372 80.3145 120.9131 69.5914 189.6173 71.4372 88.6351 93.9267 85.8079 68.7104 9.1852 76.1771 67.082 86.8054 102.2471 72.0028 12.7886 1312.6683 811.6944 811.6944 724.355 117.6384 286.0263 176.8607 218.1785 346.3229 1273.7757 317.876 479.2832 273.8762 115.3764 362.1677 213.6649 267.2742 1287.0442;
	3.7723 50.9715 91.5281 114.7848 14.9452 32.735 29.7815 18.0042 27.4958 29.8786 55.2301 82.3924 124.0413 69.1193 188.0626 70.8515 87.9083 93.1566 87.288 70.1888 9.9272 76.3816 61.7248 83.9986 99.6856 74.2768 12.8758 1256.4849 810.1302 810.1302 758.934 119.3815 290.9601 180.6661 216.6984 345.6555 1261.063 314.1876 478.9719 267.0149 116.177 363.1398 209.6463 263.8192 1274.199;
	3.8002 51.3495 93.7545 118.9087 14.7236 33.8095 27.5522 18.1585 27.5005 28.5933 52.8543 78.8482 118.7055 68.5566 176.6656 66.5577 82.5809 87.5111 89.4901 67.4497 9.1841 78.8888 71.3942 86.7771 103.4337 71.7697 12.9425 1251.4948 802.6594 802.6594 766.0774 120.0565 298.3005 173.6157 214.9341 342.468 1254.9808 321.5217 474.4211 277.0545 121.4556 375.0601 205.2271 265.9104 1268.0535;
	3.8978 52.668 94.4891 116.5039 15.1856 34.9329 28.1734 18.6497 27.5135 28.9827 53.5741 79.922 120.3221 68.2308 188.7736 71.1194 88.2407 93.5088 91.4953 67.1863 9.3911 81.5102 66.6978 83.9352 104.5817 73.2339 13.4135 1281.2844 816.6271 816.6271 751.3383 116.221 304.9844 172.9377 213.9126 348.4276 1305.1218 327.7259 474.8525 280.1296 120.273 387.5228 214.416 263.6435 1318.7168;
	3.7497 50.6664 90.4731 112.825 14.2526 33.5096 27.661 17.7255 26.9057 28.7003 53.052 79.1431 119.1495 68.8679 190.0292 71.5924 88.8276 94.1308 88.5498 70.5929 9.2203 78.189 69.6228 84.0159 100.9554 70.587 13.0513 1317.4742 805.3073 805.3073 764.0314 117.0558 295.1659 181.7063 215.9101 343.5978 1288.8566 331.6911 477.3279 270.4164 115.5816 371.7328 205.4068 261.2448 1302.2822;
	3.7984 51.3247 91.789 113.6901 14.4224 33.4998 24.3886 17.6529 27.6026 28.891 53.4046 79.6692 119.9416 69.4783 190.3834 71.7258 88.9932 94.3062 86.5556 68.778 8.1295 78.1661 70.9819 86.4351 100.4703 71.5243 13.0556 1311.7993 779.9922 779.9922 762.6986 119.3271 288.5185 177.0347 217.8237 332.7967 1243.0596 343.6013 477.8258 269.1168 117.1709 371.624 203.5931 263.6224 1256.0081;
	3.6956 49.9361 91.0494 112.4969 14.2631 32.5656 24.5614 17.36 26.664 28.5672 52.806 78.7761 118.597 63.7065 189.4069 71.358 88.5367 93.8225 87.6188 70.4857 8.1871 75.9863 65.6874 85.6583 100.2461 67.7749 12.4793 1275.5311 759.2398 759.2398 695.2201 115.1284 292.0628 181.4305 199.7283 323.9423 1195.3867 323.2308 470.2581 268.5165 120.9 361.2605 194.7375 265.8512 1207.8386;
	3.6281 49.0241 88.9996 105.3472 14.0125 30.0976 23.151 17.0051 27.3791 28.6661 52.9888 79.0489 119.0076 63.2784 193.2546 72.8075 90.3353 95.7284 87.805 69.3011 7.717 70.2277 66.0225 81.6498 98.4711 60.3437 11.8378 1178.5744 701.8498 701.8498 624.567 111.4057 292.6834 178.3811 198.3864 299.4559 1132.7997 311.6755 469.8683 263.7618 117.7996 333.8825 183.7692 246.1912 1144.5997;
	3.6598 49.4525 91.2057 104.3212 14.5138 28.637 21.5486 12.7361 27.9694 28.8117 53.2581 79.4506 119.6124 64.1734 199.2288 75.0583 93.1279 98.6878 92.0666 70.2022 7.1829 66.8196 68.925 81.4484 98.0679 69.9518 9.6004 1184.84 707.1219 707.1219 588.3874 109.864 306.8886 180.7006 201.1922 301.7054 1162.283 288.6768 477.4316 262.6818 120.5177 317.6796 168.8904 219.4996 1174.3901;
