function loadprofile = ex_load_profilesh1
%EX_LOAD_PROFILE  Example load profile data file for stochastic unit commitment.
% 2022.03.12
% Andres F. Ramirez

%% define constants
[CT_LABEL, CT_PROB, CT_TABLE, CT_TBUS, CT_TGEN, CT_TBRCH, CT_TAREABUS, ...
    CT_TAREAGEN, CT_TAREABRCH, CT_ROW, CT_COL, CT_CHGTYPE, CT_REP, ...
    CT_REL, CT_ADD, CT_NEWVAL, CT_TLOAD, CT_TAREALOAD, CT_LOAD_ALL_PQ, ...
    CT_LOAD_FIX_PQ, CT_LOAD_DIS_PQ, CT_LOAD_ALL_P, CT_LOAD_FIX_P, ...
    CT_LOAD_DIS_P, CT_TGENCOST, CT_TAREAGENCOST, CT_MODCOST_F, ...
    CT_MODCOST_X] = idx_ct;

loadprofile = struct( ...
    'type', 'mpcData', ...
    'table', CT_TAREALOAD, ...
    'rows', [1:11], ...
    'col', CT_LOAD_ALL_P, ...
    'chgtype', 1, ...
    'values', [] );
loadprofile.values(:,1,:) = [
	1655.2208 904.2 1530.6923 559.0 686.3924 1082.5587 841.4991 210.6319 491.8303 4218.4481 1699.9817;
	1638.7761 891.8641 1495.418 536.6285 684.3533 1072.5928 824.873 209.4019 478.9161 4140.5313 1654.0;
	1631.8454 899.7 1530.406 543.3 692.196 1085.0699 839.2076 214.4092 484.1 4206.4641 1669.2645;
	1657.2916 925.2455 1555.4421 550.3 707.5175 1085.374 854.0473 223.9925 501.9 4222.4614 1713.7929;
	1721.6608 987.4836 1639.6323 552.7 782.9 1142.7987 905.2 234.7 526.1451 4386.1916 1841.0487;
	1797.482 1036.9004 1751.8559 587.1894 833.6595 1234.4259 963.0919 267.2589 557.1271 4625.5374 1945.5;
	1821.9939 1052.8986 1802.3476 579.2322 851.7011 1266.0833 1016.6949 298.6576 596.2 5000.0226 2042.796;
	1888.5778 1075.9 1854.0 594.384 911.2861 1310.4429 1055.389 307.0765 612.9 5175.6897 2064.7121;
	1924.7497 1075.3982 1883.8198 565.3172 875.2703 1273.1538 1071.8322 315.7639 628.5933 5355.8148 2129.5278;
	1892.5416 1060.3796 1871.9215 578.733 848.33 1282.1214 1109.4029 304.8569 644.0656 5488.8656 2214.9599;
	1856.7933 1038.1288 1844.1995 567.8577 793.6857 1198.8258 1073.9768 295.9 632.7388 5464.3211 2151.0902;
	1888.9133 1041.9258 1844.2961 557.3035 816.8054 1210.2692 1094.6155 284.5829 611.192 5304.4163 2037.3833;
	1861.9262 1043.1605 1779.4107 557.179 785.641 1164.681 1062.3718 282.7591 617.1761 5312.3 2005.1102;
	1888.5891 1034.5927 1776.2574 549.2598 793.0569 1195.3981 1020.092 277.8568 617.5 5221.1606 1939.8379;
	1855.6706 1050.5486 1788.6819 547.7733 790.9976 1207.2068 1039.3021 279.2059 617.8738 5279.5229 1994.9758;
	1916.0033 1093.7567 1866.5874 549.9787 869.1628 1240.2035 1030.2326 312.5263 630.1508 5300.1588 2093.751;
	1897.189 1106.8 1899.8851 581.6058 858.7736 1240.7607 1026.6207 304.0 635.2 5196.2762 2158.8727;
	1921.1249 1148.0242 1937.462 602.5 897.5024 1325.9245 1090.6734 306.7559 662.7 5267.9427 2250.6738;
	1950.5187 1153.0569 1958.599 587.2634 900.2659 1299.8672 1103.2 304.6634 658.8508 5175.8187 2264.2934;
	1957.0606 1144.1888 1909.5822 582.4549 863.6961 1296.7511 1094.7869 310.5412 662.0289 5170.2322 2222.4708;
	1793.2 1033.0 1789.5114 554.6457 812.2207 1212.3009 1013.6239 299.4383 635.9109 5064.0691 2108.3178;
	1709.9535 979.0722 1680.3722 559.2179 782.9298 1185.1 956.0494 282.259 598.2828 4909.6931 1983.6359;
	1747.6063 951.9673 1655.4356 594.7589 816.367 1168.1599 902.6156 248.7067 553.2315 4789.0763 1860.8486;
	1671.4749 933.5234 1594.5889 589.4 799.0723 1165.1565 876.5146 258.4257 509.7945 4587.7706 1783.6005;
];
