function solarprofile = ex_solar_profilesh1
%EX_WIND_PROFILE_D  Example wind_load_nyiso profile data for deterministic unit commitment.
% 2022.03.12
% Andres F. Ramirez


%% define constants
[GEN_BUS, PG, QG, QMAX, QMIN, VG, MBASE, GEN_STATUS, PMAX, PMIN, ...
    MU_PMAX, MU_PMIN, MU_QMAX, MU_QMIN, PC1, PC2, QC1MIN, QC1MAX, ...
    QC2MIN, QC2MAX, RAMP_AGC, RAMP_10, RAMP_30, RAMP_Q, APF] = idx_gen;
[CT_LABEL, CT_PROB, CT_TABLE, CT_TBUS, CT_TGEN, CT_TBRCH, CT_TAREABUS, ...
    CT_TAREAGEN, CT_TAREABRCH, CT_ROW, CT_COL, CT_CHGTYPE, CT_REP, ...
    CT_REL, CT_ADD, CT_NEWVAL, CT_TLOAD, CT_TAREALOAD, CT_LOAD_ALL_PQ, ...
    CT_LOAD_FIX_PQ, CT_LOAD_DIS_PQ, CT_LOAD_ALL_P, CT_LOAD_FIX_P, ...
    CT_LOAD_DIS_P, CT_TGENCOST, CT_TAREAGENCOST, CT_MODCOST_F, ...
    CT_MODCOST_X] = idx_ct;

solarprofile = struct( ...
    'type', 'mpcData', ...
    'table', CT_TGEN, ...
    'rows', [1:12], ...
    'col', PMAX, ...
    'chgtype', 1, ...
    'values', [] );
solarprofile.values(:,1,:) = [
	0.0 0.0 0.0 0.0 0.0 0.0 0.0 0.0 0.0 0.0 0.0 0.0;
	0.0 0.0 0.0 0.0 0.0 0.0 0.0 0.0 0.0 0.0 0.0 0.0;
	0.0 0.0 0.0 0.0 0.0 0.0 0.0 0.0 0.0 0.0 0.0 0.0;
	0.0 0.0 0.0 0.0 0.0 0.0 0.0 0.0 0.0 0.0 0.0 0.0;
	0.0 0.0 0.0 0.0 0.0 0.0 0.0 0.0 0.0 0.0 0.0 0.0;
	1.0163 0.8311 0.6949 0.0 0.0 9.7487 1.2186 4.1907 0.4191 0.0 0.0 0.0;
	2.6502 1.5932 0.9461 5.5338 5.4169 284.9424 35.6178 31.1763 90.9742 84.6733 86.5298 153.3439;
	15.9625 12.3465 11.6855 6.8909 5.6345 435.1612 54.3952 63.4938 163.4374 174.0677 169.6609 315.2377;
	23.288 16.6083 13.9327 6.9883 4.6936 454.0837 56.7605 68.1879 175.8119 260.4079 187.1852 471.6002;
	25.0619 16.3661 13.8 3.0621 2.3893 401.3838 50.173 56.4117 51.7565 209.3324 232.7734 379.1023;
	21.8842 16.5136 13.6393 4.3847 6.1931 378.8949 47.3619 52.4289 38.457 217.4946 195.8455 393.884;
	21.8166 16.5322 13.5282 5.4609 8.0349 371.0115 46.3764 53.6216 47.0876 186.0475 163.206 336.9331;
	23.9321 15.9278 13.4455 4.697 4.2436 331.4191 41.4274 61.9308 93.4762 116.1356 109.5264 210.3222;
	21.5917 15.6167 13.0397 3.6192 1.9524 309.6292 38.7036 62.5658 99.5513 114.422 104.9766 207.219;
	15.8785 11.6465 7.8924 2.4093 0.9358 235.3016 29.4127 59.0647 83.7049 108.5428 112.8461 196.5717;
	6.7868 4.7208 1.4298 2.38 1.4149 99.5742 12.4468 42.1411 59.8609 66.1645 107.2725 119.8243;
	1.394 1.2459 0.7956 0.8247 1.0891 69.9543 8.7443 16.1485 32.6824 34.1555 14.7116 61.8559;
	0.0 0.0 0.0 0.0 0.0 0.0 0.0 0.0 0.0 0.0 0.0 0.0;
	0.0 0.0 0.0 0.0 0.0 0.0 0.0 0.0 0.0 0.0 0.0 0.0;
	0.0 0.0 0.0 0.0 0.0 0.0 0.0 0.0 0.0 0.0 0.0 0.0;
	0.0 0.0 0.0 0.0 0.0 0.0 0.0 0.0 0.0 0.0 0.0 0.0;
	0.0 0.0 0.0 0.0 0.0 0.0 0.0 0.0 0.0 0.0 0.0 0.0;
	0.0 0.0 0.0 0.0 0.0 0.0 0.0 0.0 0.0 0.0 0.0 0.0;
	0.0 0.0 0.0 0.0 0.0 0.0 0.0 0.0 0.0 0.0 0.0 0.0;
];
