function loadprofile = ex_load_profilesh1
%EX_LOAD_PROFILE  Example load profile data file for stochastic unit commitment.
% 2022.03.12
% Andres F. Ramirez

%% define constants
[CT_LABEL, CT_PROB, CT_TABLE, CT_TBUS, CT_TGEN, CT_TBRCH, CT_TAREABUS, ...
    CT_TAREAGEN, CT_TAREABRCH, CT_ROW, CT_COL, CT_CHGTYPE, CT_REP, ...
    CT_REL, CT_ADD, CT_NEWVAL, CT_TLOAD, CT_TAREALOAD, CT_LOAD_ALL_PQ, ...
    CT_LOAD_FIX_PQ, CT_LOAD_DIS_PQ, CT_LOAD_ALL_P, CT_LOAD_FIX_P, ...
    CT_LOAD_DIS_P, CT_TGENCOST, CT_TAREAGENCOST, CT_MODCOST_F, ...
    CT_MODCOST_X] = idx_ct;

loadprofile = struct( ...
    'type', 'mpcData', ...
    'table', CT_TAREALOAD, ...
    'rows', [1:11], ...
    'col', CT_LOAD_ALL_P, ...
    'chgtype', 1, ...
    'values', [] );
loadprofile.values(:,1,:) = [
	1516.7361 871.1291 1489.5021 511.7911 656.8976 1090.152 808.275 207.815 478.48 4467.1303 1653.825;
	1491.4561 860.064 1464.3979 497.2785 627.2594 1058.2 785.5076 195.603 474.6 4314.1273 1620.1507;
	1499.7894 853.4085 1472.9 510.8556 638.4853 1069.6 778.8282 215.8289 472.8306 4317.7404 1631.3764;
	1535.2619 882.2 1529.8553 523.857 706.5789 1098.1662 806.3853 218.7217 489.5524 4379.6874 1684.0092;
	1633.1959 945.1257 1625.1 515.2484 780.5733 1148.1446 835.2 236.3657 518.1645 4571.9653 1781.7;
	1750.8417 1019.3321 1758.0095 521.3812 839.4 1188.6916 914.3086 263.5081 567.8872 4833.6847 1872.9254;
	1794.8575 1053.2428 1827.1554 547.733 869.5203 1248.875 957.608 278.4046 591.4943 5044.4463 1943.8;
	1776.2186 1089.0298 1849.0 563.265 888.5772 1264.7973 1003.0956 293.6431 613.6247 5212.3153 2010.291;
	1795.5 1128.5719 1891.7734 581.753 903.9547 1236.8169 999.9311 302.2711 630.8 5298.8931 1956.759;
	1796.7581 1125.2712 1886.4 588.1003 905.4539 1216.4983 996.5094 297.6 623.4058 5405.7965 2017.0477;
	1768.7228 1086.4 1792.177 601.5051 862.506 1168.2 996.9135 287.3026 606.2 5419.654 2016.4167;
	1755.4925 1069.6615 1814.4928 612.1892 880.6088 1187.197 974.1715 285.8 596.2339 5397.8087 1923.4623;
	1731.1347 1042.9629 1778.5002 592.9612 853.2562 1177.4437 921.393 297.9454 598.3265 5285.8338 1923.7967;
	1718.1 1038.1872 1773.0758 584.1526 913.7 1204.9085 945.364 316.8 600.3339 5355.8894 2036.9676;
	1699.9968 1044.835 1752.5298 595.6845 918.8575 1226.0393 974.8305 316.0192 593.6747 5320.5893 1969.0717;
	1716.9256 1051.6369 1772.8 588.7682 895.2472 1240.5699 986.6 310.6789 576.9319 5204.1664 2030.0;
	1747.3829 1056.4 1819.1941 598.3253 936.5687 1287.0748 1023.3002 312.6374 609.3352 5208.3009 2084.1966;
	1820.2386 1130.8066 1935.1638 616.0181 1014.0 1408.3415 1083.4085 323.3027 652.2049 5386.1017 2233.1539;
	1849.0943 1137.5984 1934.7214 604.2 983.5249 1392.9175 1064.8033 304.1461 646.5893 5092.5314 2130.2043;
	1793.8072 1061.0633 1822.9 591.0 912.0263 1334.6111 992.9659 265.5662 622.4161 4786.6019 1942.6133;
	1748.5573 1016.1983 1743.8 588.9576 842.4568 1270.3102 983.7675 274.4 616.7885 4738.0652 1883.1216;
	1655.286 953.0 1650.3 561.3 793.8783 1224.1253 938.4383 257.4796 584.0973 4857.959 1886.1335;
	1597.1826 909.8477 1640.5893 585.5497 762.4417 1198.1853 918.717 231.0986 532.0405 4708.6 1707.1467;
	1583.5469 900.7504 1605.061 577.2 768.3129 1185.2938 863.6801 238.7 514.7678 4348.8404 1729.8377;
];
