function loadprofile = ex_load_profilesh1
%EX_LOAD_PROFILE  Example load profile data file for stochastic unit commitment.
% 2022.03.12
% Andres F. Ramirez

%% define constants
[CT_LABEL, CT_PROB, CT_TABLE, CT_TBUS, CT_TGEN, CT_TBRCH, CT_TAREABUS, ...
    CT_TAREAGEN, CT_TAREABRCH, CT_ROW, CT_COL, CT_CHGTYPE, CT_REP, ...
    CT_REL, CT_ADD, CT_NEWVAL, CT_TLOAD, CT_TAREALOAD, CT_LOAD_ALL_PQ, ...
    CT_LOAD_FIX_PQ, CT_LOAD_DIS_PQ, CT_LOAD_ALL_P, CT_LOAD_FIX_P, ...
    CT_LOAD_DIS_P, CT_TGENCOST, CT_TAREAGENCOST, CT_MODCOST_F, ...
    CT_MODCOST_X] = idx_ct;

loadprofile = struct( ...
    'type', 'mpcData', ...
    'table', CT_TAREALOAD, ...
    'rows', [1:11], ...
    'col', CT_LOAD_ALL_P, ...
    'chgtype', 1, ...
    'values', [] );
loadprofile.values(:,1,:) = [
	1569.2649 1031.4799 1589.3107 531.4 758.9554 1184.4345 869.3378 257.2263 559.4391 4523.2404 1713.505;
	1550.4915 996.3927 1515.1291 529.2987 727.1443 1123.0128 848.0 254.8958 540.6335 4483.6004 1703.9776;
	1563.914 986.5178 1555.9027 536.0379 729.5086 1145.4608 867.1361 240.331 547.8558 4539.982 1723.1192;
	1606.5267 1006.1091 1580.9855 559.0291 779.8793 1177.091 889.8 245.2 539.7 4489.9626 1761.8012;
	1691.277 1027.7923 1670.7482 565.327 819.678 1239.9124 928.1655 258.1899 544.0604 4523.1642 1819.8548;
	1780.7208 1087.6232 1733.3 585.3 864.661 1275.6553 979.9638 277.5996 587.0579 4759.139 1939.0402;
	1799.3039 1115.1856 1799.4305 582.367 911.2462 1332.8738 1052.5954 296.5702 630.5362 5037.5921 2045.9;
	1811.6835 1158.0 1838.3217 581.1815 962.4757 1355.2429 1073.4 304.8 618.0171 5162.7409 2108.6258;
	1829.0167 1155.8956 1818.9317 581.2 960.5267 1345.6541 1094.0246 312.3147 633.4 5289.5759 2126.6822;
	1834.5728 1203.7707 1846.8932 574.9306 955.5201 1322.7666 1087.3077 306.0903 646.3084 5385.9572 2273.228;
	1811.7938 1214.4791 1808.9744 579.1 936.6228 1300.7708 1080.5268 313.8832 639.7338 5428.7685 2248.9647;
	1831.1466 1183.1345 1751.7198 572.8881 889.2475 1259.6337 1066.9103 301.8 626.1472 5428.6164 2294.8303;
	1803.7003 1135.2317 1706.4035 559.1884 863.0132 1272.1 1046.9352 283.5063 606.5498 5445.8194 2217.8678;
	1797.6033 1126.2689 1744.9232 558.2782 886.7007 1291.4947 1041.4147 289.0348 615.3515 5379.7218 2228.2303;
	1752.7435 1129.2418 1778.2834 575.9459 893.7 1318.9 1017.9588 284.5632 600.2106 5307.9651 2154.0827;
	1793.5967 1132.2493 1812.9274 588.8372 903.334 1347.7932 1040.2796 290.4305 618.59 5328.5435 2166.7906;
	1805.8012 1166.8422 1895.8883 621.2818 945.1218 1368.5017 1136.6067 299.2454 661.9642 5572.9709 2348.6849;
	1881.0163 1186.9685 1923.553 626.7435 966.3828 1422.4632 1132.0951 292.6803 667.1701 5545.4795 2281.02;
	1870.1081 1188.4021 1971.4137 618.9788 927.8498 1401.4129 1144.4625 314.7213 675.7045 5527.5997 2259.5917;
	1826.0 1124.6522 1886.7336 605.4582 882.4 1357.7 1106.0499 306.7 659.1752 5361.4665 2202.8089;
	1774.8397 1063.0009 1809.7622 577.5693 896.826 1291.2474 1096.5261 294.428 655.616 5294.8234 2141.8529;
	1694.9303 997.7202 1707.9684 567.2 816.4815 1199.0331 1009.1534 271.1 639.6069 5078.7361 1983.484;
	1696.5983 996.2 1655.9929 578.2338 833.957 1236.4379 974.5224 293.5154 636.2146 5302.1615 1917.2876;
	1609.3083 975.4096 1629.0585 589.5 778.0854 1173.1836 933.2525 266.46 597.4451 4903.8263 1855.0715;
];
