function loadprofile = ex_load_profilesh1
%EX_LOAD_PROFILE  Example load profile data file for stochastic unit commitment.
% 2022.03.12
% Andres F. Ramirez

%% define constants
[CT_LABEL, CT_PROB, CT_TABLE, CT_TBUS, CT_TGEN, CT_TBRCH, CT_TAREABUS, ...
    CT_TAREAGEN, CT_TAREABRCH, CT_ROW, CT_COL, CT_CHGTYPE, CT_REP, ...
    CT_REL, CT_ADD, CT_NEWVAL, CT_TLOAD, CT_TAREALOAD, CT_LOAD_ALL_PQ, ...
    CT_LOAD_FIX_PQ, CT_LOAD_DIS_PQ, CT_LOAD_ALL_P, CT_LOAD_FIX_P, ...
    CT_LOAD_DIS_P, CT_TGENCOST, CT_TAREAGENCOST, CT_MODCOST_F, ...
    CT_MODCOST_X] = idx_ct;

loadprofile = struct( ...
    'type', 'mpcData', ...
    'table', CT_TAREALOAD, ...
    'rows', [1:11], ...
    'col', CT_LOAD_ALL_P, ...
    'chgtype', 1, ...
    'values', [] );
loadprofile.values(:,1,:) = [
	1584.489 926.0842 1553.0255 556.5 773.9763 1179.2867 860.6401 266.9427 505.7978 4492.1592 1783.713;
	1559.3062 907.6898 1513.057 543.1108 750.8794 1158.7327 851.9398 262.9352 490.9224 4444.1544 1691.801;
	1553.3783 910.2158 1531.6 552.6003 755.7524 1163.1368 853.5178 259.5157 506.6538 4419.5159 1715.0687;
	1565.392 949.2755 1602.1256 565.9811 764.4346 1219.1378 880.5033 274.7494 504.8 4502.616 1777.3341;
	1668.1396 1013.0686 1729.9786 568.6 863.6168 1256.1954 933.7999 309.3852 538.2 4606.8082 1845.5;
	1760.5 1052.0033 1780.9058 582.0102 912.7 1297.013 974.3722 308.691 561.3 4795.4178 1943.3238;
	1755.3148 1086.3 1850.8719 594.8403 1004.0156 1352.9689 1013.4901 321.3776 584.0146 5081.8306 2083.2737;
	1812.6475 1101.9822 1859.3823 588.9 1001.0785 1405.9971 1036.0 326.1242 559.937 5274.5698 2051.1912;
	1881.4816 1101.8272 1865.5228 588.7894 1002.8663 1422.8767 1042.528 336.4889 558.3235 5347.4391 2037.2456;
	1879.5569 1103.2374 1845.55 577.2431 986.6004 1426.1288 1055.6444 335.3 582.4737 5389.7627 2012.1232;
	1845.0143 1084.2176 1880.5995 563.3 973.0994 1418.9864 1065.03 341.0994 583.779 5496.4751 2062.5301;
	1928.1456 1094.8567 1877.6044 547.2244 947.5772 1452.7624 1067.6893 341.5972 591.76 5428.4 2072.6625;
	1920.4231 1086.8814 1864.6072 533.8224 911.9822 1402.166 1037.6397 322.622 580.1802 5375.9467 1981.906;
	1922.4692 1083.7669 1844.8175 517.5816 919.441 1435.3079 1058.6361 311.7005 595.5582 5316.3877 2047.9771;
	1932.7714 1098.1208 1835.7289 494.6872 912.9365 1363.761 1070.0901 327.3694 605.2781 5314.0803 2102.8617;
	1870.3366 1100.0074 1906.5839 510.5003 969.1448 1423.2334 1123.1721 354.3299 628.4105 5413.5571 2271.841;
	1881.0 1123.6745 1983.2368 512.3633 1002.4014 1443.2947 1155.1527 347.5356 645.9 5417.9178 2312.9507;
	1882.8584 1171.7521 2074.5231 541.5181 1083.3426 1516.4899 1258.0258 350.9 669.4804 5544.3506 2378.498;
	1884.4774 1197.2125 2061.0396 548.6019 1092.9786 1526.3947 1291.3432 365.1275 707.4168 5555.31 2493.3405;
	1851.1921 1135.7 1963.4257 547.9046 1022.5466 1455.4648 1168.2782 342.0 685.62 5409.8562 2377.2542;
	1783.9492 1074.4 1900.2773 505.5397 956.4491 1376.948 1091.1432 336.631 649.1925 5298.7717 2249.1351;
	1701.6 1008.2871 1778.114 480.9507 896.0203 1275.6841 1009.4957 312.543 622.2137 4999.0375 2108.2485;
	1651.4478 987.1457 1770.9529 545.811 884.0234 1257.3815 978.7599 280.7631 566.0486 4852.0904 2094.467;
	1667.2105 970.0227 1731.56 566.9344 875.2828 1217.8 933.8981 275.0 547.0109 4636.9367 1947.4962;
];
