function loadprofile = ex_load_profilesh1
%EX_LOAD_PROFILE  Example load profile data file for stochastic unit commitment.
% 2022.03.12
% Andres F. Ramirez

%% define constants
[CT_LABEL, CT_PROB, CT_TABLE, CT_TBUS, CT_TGEN, CT_TBRCH, CT_TAREABUS, ...
    CT_TAREAGEN, CT_TAREABRCH, CT_ROW, CT_COL, CT_CHGTYPE, CT_REP, ...
    CT_REL, CT_ADD, CT_NEWVAL, CT_TLOAD, CT_TAREALOAD, CT_LOAD_ALL_PQ, ...
    CT_LOAD_FIX_PQ, CT_LOAD_DIS_PQ, CT_LOAD_ALL_P, CT_LOAD_FIX_P, ...
    CT_LOAD_DIS_P, CT_TGENCOST, CT_TAREAGENCOST, CT_MODCOST_F, ...
    CT_MODCOST_X] = idx_ct;

loadprofile = struct( ...
    'type', 'mpcData', ...
    'table', CT_TAREALOAD, ...
    'rows', [1:11], ...
    'col', CT_LOAD_ALL_P, ...
    'chgtype', 1, ...
    'values', [] );
loadprofile.values(:,1,:) = [
	1508.0129 871.1 1431.8803 529.8831 724.0584 1015.8464 835.4945 255.9361 502.1398 4183.4098 1687.7509;
	1491.9133 876.7749 1446.1041 525.6 736.4472 1031.9294 833.6586 260.7439 508.266 4175.6317 1672.8;
	1508.2496 885.5723 1471.8808 539.6044 755.6 1063.5034 848.6092 265.6261 519.1182 4270.7837 1746.9464;
	1519.7101 907.3 1445.3436 542.0 767.8713 1058.5865 840.0197 259.5 514.9825 4199.4141 1712.289;
	1552.3265 959.4 1499.9821 569.4096 835.2239 1160.394 907.4764 293.5075 550.6986 4496.6254 1866.595;
	1615.9989 1004.3711 1593.467 587.7 877.3499 1236.8 970.3936 302.9825 570.7984 4649.1374 1902.5056;
	1667.8884 1040.5497 1687.0935 609.6 910.0013 1270.9417 1002.4603 302.7365 578.2167 4619.8324 1962.8343;
	1727.0081 1051.1 1716.0969 605.2 889.2047 1300.5585 1060.5 290.0 609.5058 4641.5284 2029.9;
	1750.937 1072.4219 1782.4022 606.0821 878.5642 1306.2046 1066.4233 304.0 602.8441 5003.42 2065.3858;
	1753.4199 1062.7834 1740.0639 590.6 887.8857 1345.2738 1050.552 296.4927 605.7458 4961.7743 2018.8012;
	1731.1302 1044.3436 1710.6077 589.9529 898.7147 1342.2696 1052.4209 306.0 606.9343 5037.5043 2019.8301;
	1790.7051 1032.3914 1653.2239 577.9899 904.149 1336.1175 1027.4081 306.4 586.7727 4945.3037 1936.66;
	1743.9651 1009.9461 1650.1746 556.0545 888.7969 1266.535 954.5 294.5193 573.5301 4753.839 1806.121;
	1750.87 979.8424 1621.2539 557.04 855.3455 1206.9 943.5702 283.7781 562.4005 4457.6226 1739.8015;
	1752.9907 991.4936 1670.283 556.8141 865.3881 1250.519 982.1293 301.6155 563.3856 4938.1341 1582.5483;
	1720.3049 1022.0108 1706.6943 561.4 887.7 1261.3516 1007.0201 307.6376 580.9377 4952.2704 1834.7023;
	1767.1867 1047.9 1805.5485 575.842 939.1579 1289.3823 1044.9646 319.6162 612.1454 4963.3507 1891.5;
	1797.4244 1080.8256 1836.1267 578.485 961.6187 1322.1749 1080.2 316.4779 637.636 5064.7576 2026.9643;
	1764.4119 1108.3 1883.6052 579.7577 999.0411 1335.7823 1098.2685 309.3112 641.1519 4808.0492 2017.7116;
	1775.6 1064.8763 1820.4642 582.2797 958.661 1269.5249 1087.1607 317.4 627.9548 4847.9293 2104.9497;
	1711.3042 1034.1876 1766.9492 568.3136 911.3926 1223.1783 1043.9502 305.7643 620.8615 4908.7374 2079.5588;
	1599.9144 949.9759 1642.147 563.2042 880.856 1182.9871 1028.4657 300.9 619.4652 4795.9721 1972.7684;
	1572.7735 914.9798 1542.6429 586.1824 800.4408 1142.784 966.4216 292.6667 631.661 4853.3963 1870.5371;
	1584.0229 902.9037 1577.0074 602.3 799.3734 1100.9828 913.4259 287.2567 596.9223 4635.4482 1786.3117;
];
