function solarprofile = ex_solar_profilesh1
%EX_WIND_PROFILE_D  Example wind_load_nyiso profile data for deterministic unit commitment.
% 2022.03.12
% Andres F. Ramirez


%% define constants
[GEN_BUS, PG, QG, QMAX, QMIN, VG, MBASE, GEN_STATUS, PMAX, PMIN, ...
    MU_PMAX, MU_PMIN, MU_QMAX, MU_QMIN, PC1, PC2, QC1MIN, QC1MAX, ...
    QC2MIN, QC2MAX, RAMP_AGC, RAMP_10, RAMP_30, RAMP_Q, APF] = idx_gen;
[CT_LABEL, CT_PROB, CT_TABLE, CT_TBUS, CT_TGEN, CT_TBRCH, CT_TAREABUS, ...
    CT_TAREAGEN, CT_TAREABRCH, CT_ROW, CT_COL, CT_CHGTYPE, CT_REP, ...
    CT_REL, CT_ADD, CT_NEWVAL, CT_TLOAD, CT_TAREALOAD, CT_LOAD_ALL_PQ, ...
    CT_LOAD_FIX_PQ, CT_LOAD_DIS_PQ, CT_LOAD_ALL_P, CT_LOAD_FIX_P, ...
    CT_LOAD_DIS_P, CT_TGENCOST, CT_TAREAGENCOST, CT_MODCOST_F, ...
    CT_MODCOST_X] = idx_ct;

solarprofile = struct( ...
    'type', 'mpcData', ...
    'table', CT_TGEN, ...
    'rows', [1:12], ...
    'col', PMAX, ...
    'chgtype', 1, ...
    'values', [] );
solarprofile.values(:,1,:) = [
	0.0 0.0 0.0 0.0 0.0 0.0 0.0 0.0 0.0 0.0 0.0 0.0;
	0.0 0.0 0.0 0.0 0.0 0.0 0.0 0.0 0.0 0.0 0.0 0.0;
	0.0 0.0 0.0 0.0 0.0 0.0 0.0 0.0 0.0 0.0 0.0 0.0;
	0.0 0.0 0.0 0.0 0.0 0.0 0.0 0.0 0.0 0.0 0.0 0.0;
	0.0 0.0 0.0 0.0 0.0 0.0 0.0 0.0 0.0 0.0 0.0 0.0;
	1.0111 0.8228 0.6949 0.0 0.0 9.4835 1.1854 4.6448 0.4191 0.0 0.0 0.0;
	8.7072 5.9514 5.6587 8.8311 6.3014 189.531 23.6914 47.8137 172.739 71.5924 26.0292 129.6543;
	19.3414 13.3293 11.4281 7.9315 9.2309 357.3533 44.6692 57.4576 288.3454 76.0776 27.3753 137.777;
	23.43 16.4813 13.7985 8.5748 9.9642 377.315 47.1644 56.6642 274.7259 102.8979 41.5218 186.3487;
	25.0461 16.0462 13.4331 8.8836 8.5365 184.5515 23.0689 18.6597 165.7271 204.7319 83.6488 370.7706;
	25.6144 16.5136 13.8 9.034 8.1253 223.7029 27.9629 19.9717 135.8732 290.9222 98.0624 526.8618;
	26.0767 16.7734 13.8031 7.7697 7.7343 339.1909 42.3989 41.1717 144.0029 336.4311 104.6213 609.2788;
	26.935 17.1046 13.8417 7.6368 6.5285 391.0538 48.8817 65.7284 116.3512 301.1272 93.7856 545.3432;
	26.5412 17.2314 14.1878 5.8803 5.9757 388.5887 48.5736 66.5776 103.3233 203.2973 79.0765 368.1726;
	25.7726 16.4844 13.8378 4.7306 5.5703 355.3356 44.4169 61.7501 91.1079 110.2688 61.3195 199.6975;
	19.3953 12.0674 10.895 2.1224 5.5439 270.8318 33.854 40.6492 117.9846 23.4986 23.5832 42.5561;
	2.2645 1.8927 1.4439 0.7484 1.6648 93.1971 11.6496 14.8334 48.5879 10.5315 2.5899 19.0726;
	0.0 0.0 0.0 0.0 0.0 0.0 0.0 0.0 0.0 0.0 0.0 0.0;
	0.0 0.0 0.0 0.0 0.0 0.0 0.0 0.0 0.0 0.0 0.0 0.0;
	0.0 0.0 0.0 0.0 0.0 0.0 0.0 0.0 0.0 0.0 0.0 0.0;
	0.0 0.0 0.0 0.0 0.0 0.0 0.0 0.0 0.0 0.0 0.0 0.0;
	0.0 0.0 0.0 0.0 0.0 0.0 0.0 0.0 0.0 0.0 0.0 0.0;
	0.0 0.0 0.0 0.0 0.0 0.0 0.0 0.0 0.0 0.0 0.0 0.0;
	0.0 0.0 0.0 0.0 0.0 0.0 0.0 0.0 0.0 0.0 0.0 0.0;
];
