function loadprofile = ex_load_profilesh1
%EX_LOAD_PROFILE  Example load profile data file for stochastic unit commitment.
% 2022.03.12
% Andres F. Ramirez

%% define constants
[CT_LABEL, CT_PROB, CT_TABLE, CT_TBUS, CT_TGEN, CT_TBRCH, CT_TAREABUS, ...
    CT_TAREAGEN, CT_TAREABRCH, CT_ROW, CT_COL, CT_CHGTYPE, CT_REP, ...
    CT_REL, CT_ADD, CT_NEWVAL, CT_TLOAD, CT_TAREALOAD, CT_LOAD_ALL_PQ, ...
    CT_LOAD_FIX_PQ, CT_LOAD_DIS_PQ, CT_LOAD_ALL_P, CT_LOAD_FIX_P, ...
    CT_LOAD_DIS_P, CT_TGENCOST, CT_TAREAGENCOST, CT_MODCOST_F, ...
    CT_MODCOST_X] = idx_ct;

loadprofile = struct( ...
    'type', 'mpcData', ...
    'table', CT_TAREALOAD, ...
    'rows', [1:11], ...
    'col', CT_LOAD_ALL_P, ...
    'chgtype', 1, ...
    'values', [] );
loadprofile.values(:,1,:) = [
	1634.6011 877.1525 1505.6285 470.3808 737.153 1090.1506 926.0897 264.8058 547.531 4706.8586 1914.0135;
	1619.9511 855.5045 1474.2446 505.3881 706.1404 1054.8879 904.3955 242.8081 523.2046 4464.6446 1852.5235;
	1582.3957 860.5 1511.4149 495.9977 722.796 1093.154 895.7892 249.9224 520.5346 4436.2453 1783.2325;
	1603.3 902.5938 1544.4896 509.2207 752.4417 1095.8 903.9455 262.5133 528.0483 4384.5917 1742.0661;
	1651.917 945.8219 1629.0936 514.6642 807.9117 1185.4996 949.1002 288.3544 544.9672 4493.8751 1815.0364;
	1702.9101 1004.4151 1699.3578 548.8448 849.7966 1260.0931 990.0005 310.4297 587.2464 4815.9168 1940.3237;
	1708.2699 1033.5175 1749.9171 564.9476 896.9961 1323.8 1053.3724 310.1775 625.7776 4984.3017 2024.9417;
	1710.8255 1041.7965 1834.9894 583.3874 922.7358 1395.4429 1121.9244 316.7138 652.5964 5196.3165 2093.9567;
	1734.7121 1043.6206 1854.6193 574.8731 954.3262 1406.0 1155.7216 321.3436 660.6636 5321.929 2185.7675;
	1736.2978 1049.0635 1838.4473 576.5 896.3932 1398.5905 1101.7611 324.4744 656.4 5315.192 2178.6311;
	1774.2129 1041.9 1797.5231 567.8034 920.5568 1400.9274 1079.379 319.6619 626.1148 5310.8686 2110.1383;
	1773.2017 1064.8369 1835.2753 581.1499 937.4336 1470.2268 1168.4223 333.5564 643.1281 5409.0862 2192.1289;
	1724.5006 1020.6324 1749.1761 553.4112 892.6337 1431.9972 1077.4008 328.0193 606.1758 5284.8168 2076.571;
	1698.2261 1039.6428 1787.0227 559.3308 910.0 1385.504 1125.8523 350.2111 615.4 5412.8 2093.0236;
	1680.8434 1052.9508 1785.4208 566.2778 946.9 1391.0141 1074.8806 353.9023 617.6242 5394.1 2038.2883;
	1706.2476 1077.9 1847.0275 572.7161 964.1663 1422.2401 1095.2584 344.4834 615.0939 5310.5701 2081.8549;
	1740.9758 1090.8298 1851.8049 567.322 988.0 1438.8082 1142.5119 343.6 638.3653 5360.9036 2171.5992;
	1805.4 1126.2 1955.9 561.2212 995.2136 1482.8066 1193.8536 361.8175 668.7924 5509.1264 2290.1235;
	1802.2992 1134.3185 1958.7336 557.7211 1012.0215 1471.4032 1204.0535 350.0862 659.4 5503.8088 2304.878;
	1819.3865 1095.5061 1887.7 557.1904 949.0 1396.8754 1141.4273 329.3597 662.3071 5410.7935 2259.6688;
	1745.6299 1026.4224 1810.7822 545.3222 911.8456 1309.5372 1066.4825 319.4028 644.1 5226.5027 2104.6109;
	1624.3855 967.4898 1713.5016 525.6717 830.6884 1251.4502 996.1303 301.7846 607.496 5052.8155 1973.4;
	1652.7655 952.1357 1638.4676 530.4942 828.9 1174.9 960.3067 277.9 571.4399 4882.3381 1851.6708;
	1603.7889 930.1 1628.5 547.8075 804.4691 1128.2173 932.6312 258.9 581.5 4725.4375 1781.9493;
];
