function windprofile = ex_wind_profilesh1
%EX_WIND_PROFILE_D  Example wind_load_nyiso profile data for deterministic unit commitment.
% 2022.03.12
% Andres F. Ramirez


%% define constants
[GEN_BUS, PG, QG, QMAX, QMIN, VG, MBASE, GEN_STATUS, PMAX, PMIN, ...
    MU_PMAX, MU_PMIN, MU_QMAX, MU_QMIN, PC1, PC2, QC1MIN, QC1MAX, ...
    QC2MIN, QC2MAX, RAMP_AGC, RAMP_10, RAMP_30, RAMP_Q, APF] = idx_gen;
[CT_LABEL, CT_PROB, CT_TABLE, CT_TBUS, CT_TGEN, CT_TBRCH, CT_TAREABUS, ...
    CT_TAREAGEN, CT_TAREABRCH, CT_ROW, CT_COL, CT_CHGTYPE, CT_REP, ...
    CT_REL, CT_ADD, CT_NEWVAL, CT_TLOAD, CT_TAREALOAD, CT_LOAD_ALL_PQ, ...
    CT_LOAD_FIX_PQ, CT_LOAD_DIS_PQ, CT_LOAD_ALL_P, CT_LOAD_FIX_P, ...
    CT_LOAD_DIS_P, CT_TGENCOST, CT_TAREAGENCOST, CT_MODCOST_F, ...
    CT_MODCOST_X] = idx_ct;

windprofile = struct( ...
    'type', 'mpcData', ...
    'table', CT_TGEN, ...
    'rows', [1:45], ...
    'col', PMAX, ...
    'chgtype', 1, ...
    'values', [] );
windprofile.values(:,1,:) = [
	3.6139 48.8314 89.0009 113.6962 15.0695 32.2525 27.0423 17.9895 26.2027 27.8795 51.5349 76.8799 115.7423 66.6499 199.3023 75.086 93.1622 98.7242 90.3092 69.8277 9.0141 75.2559 73.4076 84.2752 100.7226 73.7629 13.3993 1326.5307 766.967 766.967 566.6348 116.4497 301.0307 179.7367 208.9564 327.2393 1255.3771 229.7578 444.4226 269.7926 112.5204 357.7882 192.4673 266.4991 1268.454;
	3.615 48.8472 88.4971 111.5777 14.8584 32.8268 23.1635 17.9357 26.1884 28.3527 52.4096 78.1848 117.7068 65.8236 188.7524 71.1114 88.2308 93.4983 89.7938 68.853 7.7212 76.5959 72.6057 85.0862 97.6346 72.7631 12.9733 1321.0481 771.4481 771.4481 626.9157 108.5571 299.3126 177.2278 206.3659 329.1512 1265.5709 229.0201 434.4981 261.5213 112.1452 364.1587 177.5532 257.625 1278.7539;
	3.6813 49.7429 89.3394 113.5822 15.1584 34.3015 19.2872 18.1233 26.8631 29.4404 54.4201 81.1841 122.2222 65.6294 192.2419 72.426 89.8619 95.2268 88.4244 68.5078 6.4291 80.0369 71.0756 86.6038 99.6382 74.962 13.4195 1336.9363 774.9836 774.9836 653.4862 94.1535 294.7482 176.3393 205.757 330.6597 1297.4621 217.749 398.1861 266.888 113.733 380.5183 191.7497 258.0033 1310.9773;
	3.7681 50.9151 89.2131 113.721 15.3034 33.8661 22.1128 17.8255 27.325 30.1168 55.6704 83.0493 125.0303 66.9464 196.2488 73.9356 91.7349 97.2116 89.4385 69.7733 7.3709 79.021 72.2619 87.2043 97.9522 73.0438 13.2931 1333.9097 784.6521 784.6521 693.342 103.4884 298.1283 179.5967 209.8861 334.7849 1294.8679 249.1153 424.9051 262.3719 112.3426 375.6882 162.4126 262.9736 1308.3561;
	3.7707 50.9506 90.1891 113.438 15.0843 34.5982 28.6621 17.6151 26.2596 30.1731 55.7746 83.2047 125.2643 67.0363 201.7978 76.0261 94.3287 99.9603 90.0837 71.6519 9.554 80.7292 73.2662 83.8575 99.0639 72.8164 13.3166 1274.6371 765.6718 765.6718 708.8397 110.8078 300.2789 184.4322 210.1678 326.6866 1245.3887 249.26 434.9969 265.3498 112.7359 383.8097 201.4527 261.1931 1258.3615;
	3.6694 49.5812 90.7371 113.4333 15.047 34.4127 28.2343 17.5022 26.0585 29.3703 54.2906 80.9908 121.9313 64.3445 203.4457 76.647 95.0991 100.7766 90.8179 71.3065 9.4114 80.2964 71.9705 85.1738 98.2819 71.6172 12.9064 1249.3344 748.9319 748.9319 723.9175 113.2083 302.7262 183.5432 201.7286 319.5443 1182.7312 243.3612 437.3299 263.2552 111.9915 381.752 182.7671 265.635 1195.0514;
	3.6254 48.9875 90.6015 112.6434 14.95 33.9767 30.6124 18.3463 26.7456 30.1236 55.683 83.0681 125.0585 64.0054 202.3241 76.2244 94.5748 100.221 90.9711 71.6137 10.2041 79.2789 72.7372 84.2539 100.7982 74.1269 13.3704 1236.1043 741.7422 741.7422 715.1839 111.046 303.2371 184.3339 200.6656 316.4767 1205.9958 282.703 457.9152 269.9952 113.2948 376.9146 165.4232 256.7782 1218.5583;
	3.713 50.1709 90.6126 115.9573 14.8077 33.5604 30.4422 18.6322 26.2348 30.4418 56.2713 83.9457 126.3797 66.6708 203.4079 76.6327 95.0814 100.7579 91.1868 69.9202 10.1474 78.3076 72.7757 86.333 101.0607 70.1292 13.6698 1304.2666 794.5711 794.5711 751.2572 114.714 303.9561 179.9749 209.022 339.017 1290.3477 296.2492 468.206 270.6983 113.9193 372.2967 178.6154 254.8009 1303.7888;
	3.8625 52.1914 93.0562 116.3049 15.0742 34.1082 31.7619 18.7771 26.8398 30.9548 57.2196 85.3603 128.5095 66.8183 201.7494 76.0079 94.3061 99.9363 91.7902 70.91 10.5873 79.5859 75.151 85.9639 101.6583 73.6929 13.6664 1292.5681 799.074 799.074 775.5802 118.3981 305.9672 182.5225 209.4843 340.9382 1308.4269 304.791 475.9984 272.299 117.8586 378.3741 203.9982 262.4619 1322.0563;
	3.8533 52.0669 92.9494 114.6922 15.1611 34.3253 26.7317 18.0265 26.9847 30.7102 56.7673 84.6856 127.4937 65.0792 205.1219 77.2785 95.8825 101.6069 91.4336 72.0024 8.9106 80.0923 74.3117 86.7503 100.5903 71.1922 13.3643 1276.5344 812.8968 812.8968 766.3814 117.102 304.7787 185.3344 204.0321 346.836 1255.1838 332.2759 463.8683 269.4383 115.1551 380.7818 206.5896 265.2524 1268.2586;
	3.9156 52.9084 92.198 116.4586 15.1004 34.7166 28.5287 18.211 26.6804 31.0259 57.3509 85.5563 128.8046 64.8292 204.647 77.0996 95.6606 101.3717 92.2646 72.7354 9.5096 81.0053 74.8837 86.1169 101.8234 70.5693 13.3597 1279.7654 811.864 811.864 808.9901 116.4402 307.5487 187.2212 203.2482 346.3953 1315.3729 339.9954 472.4097 272.7413 121.2111 385.1224 210.7278 263.7481 1329.0747;
	3.915 52.8997 93.7769 116.8571 14.9811 35.0591 27.8224 18.4634 27.2555 30.183 55.7928 83.2319 125.3051 65.1246 203.7694 76.769 95.2504 100.937 90.8289 71.571 9.2741 81.8046 74.2769 86.4439 101.3026 70.8649 13.6969 1285.1848 804.7909 804.7909 788.1818 117.9787 302.7631 184.224 204.1746 343.3775 1323.6778 333.7339 472.0775 271.3463 122.1241 388.9224 213.5116 265.3836 1337.4661;
	3.9153 52.9044 93.6632 118.0516 15.145 34.9508 28.177 19.0497 26.6721 30.4594 56.3037 83.994 126.4525 67.2602 198.9484 74.9527 92.9968 98.5489 91.2084 70.2983 9.3923 81.552 75.4846 86.3757 104.4072 73.5675 13.9881 1268.5304 812.4052 812.4052 774.4724 114.8768 304.028 180.9481 210.8698 346.6262 1323.797 337.7976 469.5995 279.6621 123.862 387.7213 215.9555 268.4011 1337.5865;
	3.9155 52.9065 94.5438 118.6783 15.0135 34.8562 27.743 18.9866 27.0878 30.1342 55.7027 83.0975 125.1028 66.3383 195.4066 73.6183 91.3412 96.7945 86.8175 72.5097 9.2477 81.3311 75.4274 87.9351 104.7621 73.1262 13.6823 1275.4283 772.3614 772.3614 759.1954 115.7255 289.3918 186.64 207.9796 329.5409 1258.1607 322.4677 467.0625 280.6129 121.8695 386.6713 204.246 276.9632 1271.2666;
	3.8446 51.9488 94.9226 118.2777 14.9072 34.6226 23.5673 18.9699 26.4141 29.8848 55.2417 82.4097 124.0673 66.1406 192.4574 72.5072 89.9627 95.3336 85.7303 71.5095 7.8558 80.7861 75.1478 88.0196 103.9055 72.7715 13.8172 1279.1163 761.8091 761.8091 703.9149 112.692 285.7676 184.0656 207.3596 325.0386 1256.8326 299.6991 468.6852 278.3183 123.9247 384.0801 204.4132 278.7962 1269.9246;
	3.7673 50.9051 93.4438 114.199 15.2646 33.6153 24.7747 18.3007 26.3593 29.9971 55.4492 82.7193 124.5335 65.844 198.3349 74.7215 92.71 98.2449 89.3972 73.4902 8.2582 78.4358 74.4136 86.9649 101.48 68.2745 13.2744 1222.7332 739.7571 739.7571 695.3674 114.1171 297.9906 189.1639 206.4298 315.6297 1183.9498 308.072 466.3985 271.8214 120.8933 372.9062 199.2615 276.5473 1196.2826;
	3.795 51.2787 94.0154 111.6541 15.1346 30.3978 22.2219 18.1697 25.8499 29.6611 54.8281 81.7928 123.1386 65.0997 198.7945 74.8947 92.9249 98.4726 85.1335 71.0001 7.4073 70.9283 73.5727 88.1257 105.2792 58.6126 12.5591 1234.7402 722.2626 722.2626 583.093 113.1709 283.7784 182.7544 204.0964 308.1654 1141.4799 288.8813 454.5287 281.9978 119.4318 337.2135 189.8219 256.7223 1153.3703;
	3.7696 50.9355 94.3923 113.6613 15.1547 29.3672 19.0074 14.6077 26.24 28.7795 53.1985 79.3617 119.4786 63.9285 193.2039 72.7884 90.3116 95.7033 85.6264 68.2492 6.3358 68.5235 74.1067 88.8082 106.1796 71.9198 10.8243 1215.2022 651.835 651.835 564.928 110.6456 285.4213 175.6737 200.4245 278.1163 1118.1647 273.599 447.1515 284.4095 117.0201 325.7803 187.2262 230.4768 1129.8123;
