function windprofile = ex_wind_profilesh1
%EX_WIND_PROFILE_D  Example wind_load_nyiso profile data for deterministic unit commitment.
% 2022.03.12
% Andres F. Ramirez


%% define constants
[GEN_BUS, PG, QG, QMAX, QMIN, VG, MBASE, GEN_STATUS, PMAX, PMIN, ...
    MU_PMAX, MU_PMIN, MU_QMAX, MU_QMIN, PC1, PC2, QC1MIN, QC1MAX, ...
    QC2MIN, QC2MAX, RAMP_AGC, RAMP_10, RAMP_30, RAMP_Q, APF] = idx_gen;
[CT_LABEL, CT_PROB, CT_TABLE, CT_TBUS, CT_TGEN, CT_TBRCH, CT_TAREABUS, ...
    CT_TAREAGEN, CT_TAREABRCH, CT_ROW, CT_COL, CT_CHGTYPE, CT_REP, ...
    CT_REL, CT_ADD, CT_NEWVAL, CT_TLOAD, CT_TAREALOAD, CT_LOAD_ALL_PQ, ...
    CT_LOAD_FIX_PQ, CT_LOAD_DIS_PQ, CT_LOAD_ALL_P, CT_LOAD_FIX_P, ...
    CT_LOAD_DIS_P, CT_TGENCOST, CT_TAREAGENCOST, CT_MODCOST_F, ...
    CT_MODCOST_X] = idx_ct;

windprofile = struct( ...
    'type', 'mpcData', ...
    'table', CT_TGEN, ...
    'rows', [1:45], ...
    'col', PMAX, ...
    'chgtype', 1, ...
    'values', [] );
windprofile.values(:,1,:) = [
	3.6354 49.1217 93.8313 117.9879 14.9293 31.2858 30.0777 18.3348 28.186 28.4906 52.6644 78.565 118.2791 68.9097 191.5156 72.1524 89.5224 94.867 84.9582 70.1482 10.0259 73.0002 74.4022 84.9086 103.2946 73.541 13.0688 1301.5427 797.0437 797.0437 607.4061 110.0905 283.1939 180.5616 216.0413 340.072 1309.3749 229.4978 476.2297 276.6819 119.0729 347.0636 197.6897 277.5531 1323.0142;
	3.522 47.5898 89.308 114.2566 13.9842 28.5234 26.5444 17.905 27.5944 29.3816 54.3114 81.022 121.9781 69.27 190.4665 71.7571 89.032 94.3474 88.8046 71.5185 8.8481 66.5545 73.8697 84.8537 100.0069 71.0782 13.0729 1291.6139 802.0332 802.0332 676.1649 106.4998 296.0154 184.0888 217.1707 342.2008 1312.6253 241.1708 466.1447 267.8755 114.6715 316.419 174.3278 262.7372 1326.2985;
	3.5577 48.0718 92.0756 117.4423 14.4606 31.8128 21.5647 18.1969 28.0278 30.057 55.5599 82.8844 124.7821 68.9741 199.0476 74.99 93.0432 98.598 88.7633 71.2475 7.1882 74.2299 72.0294 86.5122 101.9868 74.0255 13.4282 1298.4518 809.5629 809.5629 698.156 98.8833 295.8775 183.3911 216.2433 345.4135 1322.3707 232.3834 435.2885 273.179 121.8182 352.9102 187.0643 262.1016 1336.1454;
	3.5018 47.3168 92.0234 114.3037 14.1342 31.1045 21.8141 17.8548 26.2663 28.8884 53.3998 79.6619 119.9306 68.8876 196.9356 74.1944 92.056 97.5518 86.6422 69.3455 7.2714 72.5771 70.4149 85.9633 100.9188 71.0189 13.0692 1282.5875 768.7941 768.7941 671.3515 107.3971 288.8075 178.4954 215.9718 328.0188 1281.4107 257.1672 431.1095 270.3183 117.0621 345.0522 152.9809 266.656 1294.7587;
	3.5446 47.8951 88.2608 110.5742 14.0992 29.6936 28.1502 18.0295 26.1619 29.735 54.9648 81.9966 123.4455 67.2068 195.1339 73.5156 91.2137 96.6593 86.1648 70.6798 9.3834 69.2851 72.9788 82.9817 101.9371 70.7718 13.102 1261.6585 767.6809 767.6809 715.2952 104.1167 287.2159 181.93 210.7025 327.5438 1254.227 244.4237 454.6426 273.0458 117.4042 329.4013 166.272 266.9382 1267.2918;
	3.6059 48.7232 91.098 114.9534 14.0705 31.7903 25.685 18.2353 25.9623 29.4881 54.5083 81.3156 122.4202 64.315 200.805 75.6521 93.8647 99.4685 90.6594 70.2649 8.5617 74.1773 73.1362 84.2739 102.9924 69.4713 13.0607 1276.9283 784.0283 784.0283 733.7127 112.0892 302.1981 180.8619 201.6362 334.5188 1209.0558 251.3067 437.3044 275.8724 120.808 352.6599 157.1292 264.6964 1221.6501;
	3.6231 48.9558 92.1545 115.8094 14.1292 31.3618 26.7504 18.3582 25.7902 28.981 53.571 79.9174 120.3152 64.8592 201.5281 75.9245 94.2027 99.8267 91.1606 71.3412 8.9168 73.1775 72.4345 83.254 102.4767 69.1863 12.9692 1245.6897 764.5926 764.5926 748.353 108.019 303.8687 183.6325 203.3424 326.2262 1213.6291 292.3783 429.8645 274.4911 121.12 347.9069 149.2514 264.5954 1226.2711;
	3.7409 50.5471 91.4371 119.0671 14.2005 32.5112 27.5236 18.4216 26.6842 27.3807 50.6129 75.5045 113.6716 67.6768 201.6114 75.9559 94.2416 99.868 89.9958 69.1661 9.1745 75.8594 72.1908 86.4884 103.6966 70.5319 12.9156 1274.7679 788.1327 788.1327 733.7678 108.3326 299.9859 178.0337 212.1759 336.2699 1242.8421 301.6155 436.4365 277.7587 120.49 360.6572 166.3444 263.8737 1255.7884;
	3.5724 48.2705 86.6193 113.4428 14.5869 32.5824 20.395 17.7652 26.3032 28.2653 52.2481 77.9438 117.344 66.5421 198.7358 74.8726 92.8974 98.4435 89.4664 70.4273 6.7983 76.0255 71.6641 84.5146 100.3285 68.9422 12.6516 1281.2855 774.5853 774.5853 756.831 112.4507 298.2214 181.2801 208.6184 330.4897 1263.4786 321.0397 374.2019 268.7371 120.1037 361.4471 195.1346 234.6916 1276.6398;
	3.5781 48.3475 85.4817 112.1702 14.6812 32.043 18.6714 17.1968 26.7942 29.1806 53.9399 80.4678 121.1438 66.4695 200.1844 75.4183 93.5746 99.1611 91.6637 70.7356 6.2238 74.7671 73.8331 86.6668 99.005 70.5635 12.4004 1274.4352 789.2979 789.2979 769.8477 113.9347 305.5457 182.0735 208.3909 336.7671 1272.3089 322.2279 436.7901 265.1921 115.7315 355.464 195.8422 231.9109 1285.5622;
	3.6605 49.4614 88.0038 113.191 14.8275 32.1028 21.7828 17.1164 26.6819 31.0531 57.4013 85.6314 128.9176 66.4246 202.8683 76.4294 94.8291 100.4906 92.3253 73.4084 7.2609 74.9065 74.2644 85.2882 98.7889 69.3144 12.7607 1241.6518 761.1722 761.1722 717.4544 110.0253 307.7511 188.9535 208.2499 324.7668 1248.5935 310.3554 445.5697 264.6132 118.7995 356.1271 199.0593 260.4023 1261.5997;
	3.5568 48.0601 87.8845 112.9114 14.4883 31.0455 23.6917 17.1547 26.6017 29.5654 54.6511 81.5287 122.741 67.6156 199.0985 75.0092 93.067 98.6232 92.4518 71.0962 7.8972 72.4396 72.5264 87.0568 99.9166 68.7835 12.7983 1240.7333 745.1354 745.1354 737.6153 112.9159 308.1727 183.0017 211.9842 317.9244 1239.6719 315.9831 457.4817 267.6337 120.1078 344.3983 192.7922 251.6031 1252.5852;
	3.6809 49.7367 91.6516 114.2165 14.9403 31.9879 25.8304 17.9847 27.9483 30.9521 57.2145 85.3528 128.4982 69.1349 204.2249 76.9405 95.4633 101.1626 92.7814 71.0487 8.6101 74.6384 74.4765 86.4741 103.5596 74.0033 13.2348 1282.6038 821.7783 821.7783 774.127 112.6857 309.2712 182.8795 216.7474 350.6254 1308.2446 333.4818 471.9993 277.3919 121.6881 354.8521 200.3675 258.9024 1321.8722;
	3.7406 50.5432 92.0417 115.0896 14.902 32.326 23.2939 17.8288 26.7558 31.0689 57.4305 85.675 128.9832 68.1184 202.2068 76.1802 94.5199 100.1629 92.3018 72.1704 7.7646 75.4274 75.014 87.4104 103.3802 73.7824 13.0612 1260.9471 796.7886 796.7886 742.7378 112.4769 307.6728 185.7669 213.5603 339.9631 1269.199 323.5572 455.4575 276.9112 120.9938 358.6033 196.5205 264.0489 1282.4198;
	3.6584 49.4326 93.2359 116.3145 14.6678 32.6687 21.3604 18.1122 26.4074 30.2866 55.9843 83.5176 125.7352 69.7707 199.3527 75.105 93.1858 98.7491 91.6959 72.8759 7.1201 76.2269 74.6629 88.9264 105.2462 74.2764 13.2731 1269.9119 778.2896 778.2896 771.9129 111.9869 305.6529 187.5827 218.7405 332.0702 1260.4355 331.6507 456.8747 281.9094 118.2148 362.4046 195.6955 268.9847 1273.565;
	3.5581 48.0777 91.4013 110.7067 14.8534 30.7884 20.6581 17.7135 26.2269 30.4441 56.2754 83.9519 126.3891 69.2733 190.3934 71.7296 88.9979 94.3112 91.1081 70.5409 6.886 71.8396 75.2909 88.0301 103.8798 72.4965 13.0644 1206.7989 765.2888 765.2888 732.7119 107.697 303.6937 181.5723 217.1812 326.5232 1132.5345 315.951 450.8557 278.2495 117.3567 341.5459 180.9728 262.0232 1144.3318;
	3.5777 48.3421 87.976 98.5842 14.1964 28.9186 20.4291 16.1614 26.2709 30.0139 55.4802 82.7656 124.6032 66.3873 197.504 74.4085 92.3217 97.8334 92.0305 69.9518 6.8097 67.4767 73.7253 82.1347 98.0918 56.267 12.1798 1218.7064 756.7366 756.7366 673.8554 106.487 306.7682 180.0562 208.133 322.8743 1128.8142 314.5682 445.7412 262.7459 112.1893 320.8033 187.4971 221.7435 1140.5726;
	3.5939 48.562 88.9014 96.2764 14.0662 26.4855 17.7808 8.9296 26.9032 29.6099 54.7335 81.6516 122.926 63.8698 186.6273 70.3108 87.2374 92.4456 90.9729 69.0453 5.9269 61.7994 73.061 81.5445 95.8086 66.5725 7.7346 1210.0069 734.7381 734.7381 621.048 102.6123 303.2429 177.7228 200.2405 313.4883 1164.73 277.0686 436.9743 256.6302 111.819 293.8122 166.8854 173.2674 1176.8626;
