function loadprofile = ex_load_profilesh1
%EX_LOAD_PROFILE  Example load profile data file for stochastic unit commitment.
% 2022.03.12
% Andres F. Ramirez

%% define constants
[CT_LABEL, CT_PROB, CT_TABLE, CT_TBUS, CT_TGEN, CT_TBRCH, CT_TAREABUS, ...
    CT_TAREAGEN, CT_TAREABRCH, CT_ROW, CT_COL, CT_CHGTYPE, CT_REP, ...
    CT_REL, CT_ADD, CT_NEWVAL, CT_TLOAD, CT_TAREALOAD, CT_LOAD_ALL_PQ, ...
    CT_LOAD_FIX_PQ, CT_LOAD_DIS_PQ, CT_LOAD_ALL_P, CT_LOAD_FIX_P, ...
    CT_LOAD_DIS_P, CT_TGENCOST, CT_TAREAGENCOST, CT_MODCOST_F, ...
    CT_MODCOST_X] = idx_ct;

loadprofile = struct( ...
    'type', 'mpcData', ...
    'table', CT_TAREALOAD, ...
    'rows', [1:11], ...
    'col', CT_LOAD_ALL_P, ...
    'chgtype', 1, ...
    'values', [] );
loadprofile.values(:,1,:) = [
	1478.3558 877.5 1444.9838 547.1653 700.1855 1030.0647 788.7052 206.5388 438.564 3981.4166 1633.11;
	1505.0555 897.6 1448.8439 541.8 693.9526 1024.6 786.651 213.8654 432.6003 4052.3726 1621.4579;
	1504.6389 893.3769 1447.8417 539.2144 720.875 1019.6663 798.1115 209.4968 450.5345 3977.4711 1623.0593;
	1518.5825 926.8 1515.664 547.7 732.2 1071.7918 814.131 222.2535 454.8663 4159.4118 1676.5604;
	1540.319 974.6786 1588.0496 569.8703 778.4068 1138.372 863.6 247.9583 503.6 4466.5022 1785.281;
	1599.4274 1025.5 1717.2202 583.176 854.8183 1169.269 888.6308 268.9 528.9225 4674.899 1879.2792;
	1658.3284 1049.5295 1789.4785 573.8495 902.3845 1209.6973 918.6523 264.3501 549.952 4733.7735 1957.3201;
	1703.7426 1110.6024 1845.434 582.8786 960.292 1256.9029 985.7787 266.9454 581.1235 5101.0566 2073.6451;
	1735.8131 1120.6618 1829.2602 593.5 922.036 1231.291 967.7183 264.0331 584.1106 5215.3094 2005.9953;
	1756.9 1128.4 1774.2006 593.4 872.1304 1226.5737 944.0404 287.2007 581.8186 5291.2969 1979.3628;
	1703.0445 1114.1811 1809.0921 580.2 851.2398 1155.4886 908.561 275.4759 577.7125 5301.13 1949.188;
	1710.2485 1106.7974 1795.3254 568.4 823.405 1124.3689 903.097 280.5834 586.3766 5245.4633 1838.5;
	1708.9162 1109.495 1829.2008 566.5 822.0469 1113.6533 899.3616 274.2761 583.8 5263.4937 1836.7294;
	1698.934 1128.085 1863.6492 561.0 852.2432 1183.7 934.4983 302.0 589.8055 5329.0245 1938.386;
	1713.2224 1120.6465 1859.4588 570.1398 862.996 1196.0244 929.0648 297.134 595.1558 5255.0888 1895.3409;
	1737.6568 1110.573 1889.5067 567.8 873.4027 1273.7856 976.6153 311.9681 622.6 5308.0675 2017.4675;
	1772.2797 1130.628 1912.6074 573.9734 932.3 1330.8 1010.7091 333.673 613.6181 5286.4029 2117.3552;
	1772.2049 1151.1633 1958.2417 586.1085 957.9543 1377.9408 1034.6242 332.9331 621.7619 5378.8695 2208.1797;
	1843.6001 1186.1 1991.3183 588.5676 945.3174 1385.6696 1061.7555 334.0429 635.0 5292.2434 2211.2862;
	1796.3503 1117.3 1885.8491 577.8 905.3431 1311.2474 1027.2728 308.3 607.9 5178.9568 2119.6257;
	1771.1212 1067.8 1800.7823 564.9665 882.2548 1266.2155 980.1722 303.4 565.2337 5006.8801 2014.9995;
	1680.247 1007.533 1670.0025 547.7006 843.5 1205.9772 932.8585 294.5962 554.5 4937.0118 1959.3;
	1604.5 937.9104 1595.7056 568.4413 791.2429 1132.4342 879.3 256.4143 484.2729 4711.6641 1755.4458;
	1578.9728 925.2516 1575.953 573.0301 748.3805 1090.3434 848.7044 257.7763 446.8594 4519.1104 1663.5712;
];
