function loadprofile = ex_load_profilesh1
%EX_LOAD_PROFILE  Example load profile data file for stochastic unit commitment.
% 2022.03.12
% Andres F. Ramirez

%% define constants
[CT_LABEL, CT_PROB, CT_TABLE, CT_TBUS, CT_TGEN, CT_TBRCH, CT_TAREABUS, ...
    CT_TAREAGEN, CT_TAREABRCH, CT_ROW, CT_COL, CT_CHGTYPE, CT_REP, ...
    CT_REL, CT_ADD, CT_NEWVAL, CT_TLOAD, CT_TAREALOAD, CT_LOAD_ALL_PQ, ...
    CT_LOAD_FIX_PQ, CT_LOAD_DIS_PQ, CT_LOAD_ALL_P, CT_LOAD_FIX_P, ...
    CT_LOAD_DIS_P, CT_TGENCOST, CT_TAREAGENCOST, CT_MODCOST_F, ...
    CT_MODCOST_X] = idx_ct;

loadprofile = struct( ...
    'type', 'mpcData', ...
    'table', CT_TAREALOAD, ...
    'rows', [1:11], ...
    'col', CT_LOAD_ALL_P, ...
    'chgtype', 1, ...
    'values', [] );
loadprofile.values(:,1,:) = [
	1472.2 845.0565 1456.9354 555.8111 690.3859 1051.4658 830.0515 266.9478 490.2 4393.7049 1650.8848;
	1463.7344 842.8419 1469.0 553.4808 684.2964 1048.6078 805.9916 244.2763 479.8 4130.8731 1503.0634;
	1490.0 861.6243 1493.5111 566.5006 690.654 1063.9925 815.4 255.8365 479.5 4116.3551 1606.1061;
	1499.8077 876.329 1496.5 572.6946 690.1733 1032.0631 812.4 266.6257 485.4 4140.1747 1620.6368;
	1614.6149 901.8929 1581.8586 581.9 775.4132 1135.8775 864.8418 289.3 503.6 4405.0167 1761.0564;
	1673.799 949.5661 1635.8565 598.5529 830.0 1192.1684 914.0729 341.1697 541.0283 4605.099 1822.3665;
	1681.4874 942.7356 1687.8098 597.7661 869.2698 1266.2706 932.5377 323.7972 577.9672 4925.0304 1898.7936;
	1714.0826 976.9087 1762.5182 594.4 899.3085 1276.1338 973.0865 326.1656 598.234 5166.0686 1977.1545;
	1750.1796 1013.1567 1770.9556 587.3564 898.9071 1249.1866 932.3515 329.0251 599.6 5222.8 1873.0816;
	1758.2903 1016.4638 1796.1601 581.8524 885.417 1252.7787 933.5506 314.9 601.532 5249.9153 1804.8487;
	1720.0 969.516 1733.5062 563.0709 862.5797 1234.3116 940.3385 311.4468 612.4283 5277.4963 1817.2436;
	1719.3 965.9155 1767.5849 559.6649 876.1083 1278.7821 938.6557 334.4092 606.0 5393.0071 1853.6352;
	1669.9085 928.1914 1738.108 547.5087 841.7627 1203.5959 915.7828 334.0845 609.8 5335.459 1849.9083;
	1623.1897 880.2918 1662.7502 548.4889 820.0113 1173.6357 906.4534 328.8215 603.4438 5162.722 1820.3506;
	1659.1026 980.1759 1749.9601 545.3985 848.9088 1201.6893 940.2665 334.7225 610.7 5237.194 1898.5771;
	1653.7231 935.8702 1763.6249 546.7754 887.7 1256.6962 904.5617 313.6 601.0995 5086.6067 1935.38;
	1702.3297 958.7768 1789.5824 559.3876 929.6676 1302.2531 998.4403 321.1682 648.2722 5249.9492 2054.4559;
	1845.8289 1064.3162 1874.2496 565.2045 923.0579 1365.294 1043.1019 347.1 705.8 5433.2021 2204.8358;
	1816.8019 1055.4236 1823.7615 555.7659 922.7171 1346.9489 1013.9475 342.3293 659.5907 5382.3246 2169.3249;
	1756.1394 1007.0412 1749.0295 571.6407 885.4511 1307.5841 992.2318 348.2197 650.7461 5311.2937 2109.6476;
	1714.0101 965.678 1658.3745 566.6497 824.8902 1236.9589 922.4385 323.3526 618.228 5078.4303 1990.0844;
	1624.2113 928.2258 1603.6877 545.8217 811.6169 1186.8395 919.1485 296.1 586.2816 4941.9778 1959.3;
	1562.985 928.7384 1609.1997 560.0636 837.2474 1178.8609 880.6643 268.0175 547.4006 4879.5845 1855.007;
	1534.2855 910.0173 1532.8603 571.4 772.2 1119.1218 769.2423 260.0441 512.4 4651.5352 1762.7498;
];
