function windprofile = ex_wind_profilesh1
%EX_WIND_PROFILE_D  Example wind_load_nyiso profile data for deterministic unit commitment.
% 2022.03.12
% Andres F. Ramirez


%% define constants
[GEN_BUS, PG, QG, QMAX, QMIN, VG, MBASE, GEN_STATUS, PMAX, PMIN, ...
    MU_PMAX, MU_PMIN, MU_QMAX, MU_QMIN, PC1, PC2, QC1MIN, QC1MAX, ...
    QC2MIN, QC2MAX, RAMP_AGC, RAMP_10, RAMP_30, RAMP_Q, APF] = idx_gen;
[CT_LABEL, CT_PROB, CT_TABLE, CT_TBUS, CT_TGEN, CT_TBRCH, CT_TAREABUS, ...
    CT_TAREAGEN, CT_TAREABRCH, CT_ROW, CT_COL, CT_CHGTYPE, CT_REP, ...
    CT_REL, CT_ADD, CT_NEWVAL, CT_TLOAD, CT_TAREALOAD, CT_LOAD_ALL_PQ, ...
    CT_LOAD_FIX_PQ, CT_LOAD_DIS_PQ, CT_LOAD_ALL_P, CT_LOAD_FIX_P, ...
    CT_LOAD_DIS_P, CT_TGENCOST, CT_TAREAGENCOST, CT_MODCOST_F, ...
    CT_MODCOST_X] = idx_ct;

windprofile = struct( ...
    'type', 'mpcData', ...
    'table', CT_TGEN, ...
    'rows', [1:45], ...
    'col', PMAX, ...
    'chgtype', 1, ...
    'values', [] );
windprofile.values(:,1,:) = [
	3.568 48.2117 87.5229 110.6254 14.001 31.4423 29.002 17.6403 26.1832 27.9707 51.7034 77.1313 116.1208 67.6128 189.4332 71.3678 88.549 93.8355 84.1597 68.5241 9.6673 73.3655 73.462 82.3932 100.0217 72.0479 12.9068 1235.3566 655.1355 655.1355 550.3649 110.9011 280.5325 176.3812 211.9751 279.5245 1133.6737 227.2907 439.0127 267.9154 114.0877 348.8004 180.7123 253.723 1145.4828;
	3.6765 49.6778 86.3989 110.4674 14.1936 31.5716 24.8222 17.7662 26.2839 27.8435 51.4682 76.7804 115.5925 67.7321 186.1832 70.1434 87.0298 92.2256 86.3688 70.6993 8.2741 73.667 70.5795 84.2875 97.5572 70.5403 12.8985 1260.4727 729.001 729.001 609.049 105.1802 287.8959 181.9801 212.3492 311.0404 1149.485 220.8986 441.4637 261.314 117.3626 350.234 186.7829 260.2228 1161.4588;
	3.6671 49.5505 87.4315 113.5575 14.7683 32.8107 21.518 17.4882 26.3024 29.0208 53.6445 80.027 120.4802 65.4749 194.2219 73.172 90.7875 96.2076 87.162 71.7376 7.1727 76.5583 70.602 85.7714 97.6113 74.1691 12.8654 1267.789 730.7094 730.7094 625.4174 101.5889 290.5401 184.6529 205.2725 311.7694 1214.6721 228.48 385.9577 261.4588 118.3626 363.9799 185.4786 259.9813 1227.3249;
	3.7373 50.4993 88.594 112.7218 14.9134 32.2578 23.0268 17.2989 26.826 29.2444 54.0579 80.6437 121.4087 67.231 191.6767 72.2131 89.5977 94.9468 86.358 71.6475 7.6756 75.2681 67.0917 86.568 98.1068 71.112 12.7745 1332.1467 774.3053 774.3053 676.3445 108.7404 287.8601 184.4209 210.7783 330.3703 1263.1497 261.7466 430.0578 262.7861 120.1946 357.8462 156.4511 268.1322 1276.3075;
	3.7064 50.0816 89.4217 110.8422 14.6631 32.5266 30.6163 16.7028 27.8796 30.7134 56.7733 84.6945 127.5072 66.8189 195.1056 73.5049 91.2005 96.6453 85.8466 72.4286 10.2054 75.8955 72.3834 83.2705 97.164 72.2025 12.5738 1319.5674 769.5512 769.5512 692.4582 108.4481 286.1552 186.4313 209.4864 328.3419 1234.627 253.204 465.5758 260.2608 118.598 360.8289 186.1168 264.0827 1247.4877;
	3.6951 49.9284 91.5054 113.2291 14.6918 33.5502 29.7209 17.7246 27.8708 30.7677 56.8736 84.8442 127.7325 66.9009 200.144 75.4031 93.5557 99.1411 89.6419 72.2392 9.907 78.2837 71.8911 85.4572 98.8955 73.0006 12.9258 1323.9482 771.0487 771.0487 726.8475 109.6154 298.8065 185.9439 209.7432 328.9808 1201.2637 249.8031 460.6253 264.8987 121.4187 372.1833 172.3524 268.3518 1213.7768;
	3.6728 49.6274 90.7901 112.5283 14.8349 32.891 29.8131 17.3217 26.3004 30.6688 56.6909 84.5716 127.3221 66.246 202.3322 76.2275 94.5785 100.225 89.9272 73.4669 9.9377 76.7458 71.8187 86.5101 98.2171 70.2253 12.8448 1270.8084 765.7123 765.7123 719.3797 105.9076 299.7574 189.1039 207.69 326.7039 1205.1607 283.787 449.1278 263.0814 118.7488 364.8713 152.2032 262.923 1217.7144;
	3.7044 50.0547 92.3924 117.8961 14.9928 32.8856 29.5814 18.1599 26.891 30.4211 56.2329 83.8885 126.2936 66.6932 199.2761 75.0761 93.15 98.7112 87.672 73.3518 9.8605 76.7331 72.5341 88.6613 104.3561 72.9387 13.3288 1307.4303 801.456 801.456 740.3434 108.4786 292.24 188.8078 209.0922 341.9546 1255.3028 296.8126 445.8944 279.5252 120.659 364.8112 168.9972 269.712 1268.3789;
	3.782 51.1026 92.338 118.4823 14.9531 32.9251 30.9152 18.1962 27.3691 31.0325 57.363 85.5744 128.8318 67.7095 201.7223 75.9977 94.2934 99.9229 89.6106 72.7765 10.3051 76.8253 74.4404 86.3851 102.5003 74.441 13.205 1317.4947 812.6311 812.6311 774.181 110.3511 298.702 187.3268 212.2784 346.7226 1248.3572 294.2637 442.982 274.5543 121.1295 365.2495 203.3646 272.7307 1261.3609;
	3.6006 48.6515 89.8702 114.9044 15.1808 32.0413 24.9497 17.3492 26.5482 30.1697 55.7682 83.1952 125.2499 67.1728 198.4973 74.7827 92.7859 98.3254 88.8583 71.553 8.3166 74.7631 73.0625 87.6876 100.5566 73.0743 12.6151 1304.2324 803.4207 803.4207 760.131 115.0289 296.1944 184.1775 210.5957 342.7928 1241.9687 314.8192 439.7646 269.348 120.1638 355.445 197.2482 269.556 1254.9058;
	3.5882 48.4839 89.3094 116.3097 15.0674 32.0357 27.0052 18.1455 26.1978 30.9763 57.2592 85.4195 128.5986 67.2788 194.497 73.2756 90.9161 96.3439 88.4605 71.2362 9.0017 74.7499 72.238 85.6957 100.7122 73.858 13.1578 1292.1573 824.9781 824.9781 777.5644 112.521 294.8683 183.3621 210.928 351.9906 1270.2575 307.3559 433.7129 269.7649 119.9807 355.3824 198.3171 260.4442 1283.4893;
	3.5816 48.3956 86.361 112.8313 15.2467 31.8953 24.2379 18.0987 26.1678 29.5654 54.6512 81.5289 122.7413 65.4542 192.0958 72.371 89.7936 95.1544 89.0068 68.3397 8.0793 74.4224 72.3317 86.1037 101.4579 73.2735 13.2759 1293.2902 815.4922 815.4922 758.2836 117.9228 296.6892 175.9065 205.2077 347.9433 1279.3769 321.5817 388.8297 271.7621 122.0342 353.8252 193.1997 249.7203 1292.7038;
	3.5663 48.1886 87.3173 110.3981 15.1905 31.903 25.6136 18.1026 26.6367 30.2961 56.0019 83.5438 125.7748 66.1601 197.047 74.2363 92.108 97.607 90.5234 69.4507 8.5379 74.4403 71.5651 82.1309 98.3658 72.6749 13.1338 1284.8611 840.4717 840.4717 786.2504 114.8225 301.7446 178.7663 207.4208 358.6013 1301.9562 327.3974 435.464 263.4798 122.6733 353.9105 197.7948 255.9983 1315.5183;
	3.416 46.1574 87.2283 109.9098 14.7426 30.074 23.6176 17.708 25.7663 28.9898 53.5872 79.9415 120.3515 65.1384 189.4027 71.3564 88.5347 93.8204 88.9988 70.531 7.8725 70.1727 70.3736 84.5411 97.5665 72.0216 13.1196 1252.0749 781.8126 781.8126 747.1404 115.513 296.6628 181.5469 204.2178 333.5734 1244.2744 307.5352 409.4394 261.3388 122.3813 333.6209 175.7873 263.5463 1257.2355;
	3.5597 48.0991 91.0921 113.9713 14.5785 26.4345 21.4949 18.0389 25.9361 28.8826 53.3891 79.646 119.9067 65.8678 187.9902 70.8242 87.8745 93.1207 88.9443 68.7598 7.165 61.6805 71.1562 87.625 101.9476 72.1471 13.5751 1231.3604 764.9385 764.9385 729.6805 115.3333 296.4811 176.9878 206.5043 326.3738 1183.0817 310.6288 434.2085 273.0739 119.1357 293.2466 181.6041 269.4074 1195.4055;
	3.574 48.2925 91.0476 115.1147 14.5218 29.5297 20.6621 17.5892 25.8901 28.8512 53.331 79.5594 119.7762 64.6152 167.8062 63.22 78.4396 83.1226 90.9603 68.9544 6.8874 68.9027 67.3077 87.2787 100.5721 71.1001 12.758 1147.9523 661.4117 661.4117 630.1414 114.299 303.2009 177.4888 202.5773 282.2023 1052.8629 301.6414 423.5776 269.3895 118.5895 327.583 179.7196 272.1155 1063.8302;
	3.6096 48.773 89.5156 111.815 14.5635 30.2936 20.8005 17.4586 26.0917 29.3496 54.2523 80.9337 121.8452 63.8673 179.212 67.5171 83.7712 88.7724 89.9592 67.8961 6.9335 70.685 62.819 85.0148 100.9975 58.3567 12.0221 1210.4323 700.3331 700.3331 622.1058 111.1592 299.8641 174.7648 200.2327 298.8088 1100.2367 307.8698 436.2773 270.5289 115.3123 336.0566 187.8317 261.9087 1111.6975;
	3.5869 48.4669 91.0091 109.5512 14.6955 27.6829 17.7785 13.638 25.9936 29.7719 55.033 82.0984 123.5986 65.0512 173.6262 65.4127 81.1602 86.0055 87.7874 66.4243 5.9262 64.5933 69.1992 88.3641 103.091 71.6225 9.3347 1223.1898 682.7123 682.7123 617.6874 111.0843 292.6248 170.9763 203.9442 291.2906 1200.7792 290.77 437.1492 276.1365 118.9946 307.0951 169.9695 251.9187 1213.2873;
