function solarprofile = ex_solar_profilesh1
%EX_WIND_PROFILE_D  Example wind_load_nyiso profile data for deterministic unit commitment.
% 2022.03.12
% Andres F. Ramirez


%% define constants
[GEN_BUS, PG, QG, QMAX, QMIN, VG, MBASE, GEN_STATUS, PMAX, PMIN, ...
    MU_PMAX, MU_PMIN, MU_QMAX, MU_QMIN, PC1, PC2, QC1MIN, QC1MAX, ...
    QC2MIN, QC2MAX, RAMP_AGC, RAMP_10, RAMP_30, RAMP_Q, APF] = idx_gen;
[CT_LABEL, CT_PROB, CT_TABLE, CT_TBUS, CT_TGEN, CT_TBRCH, CT_TAREABUS, ...
    CT_TAREAGEN, CT_TAREABRCH, CT_ROW, CT_COL, CT_CHGTYPE, CT_REP, ...
    CT_REL, CT_ADD, CT_NEWVAL, CT_TLOAD, CT_TAREALOAD, CT_LOAD_ALL_PQ, ...
    CT_LOAD_FIX_PQ, CT_LOAD_DIS_PQ, CT_LOAD_ALL_P, CT_LOAD_FIX_P, ...
    CT_LOAD_DIS_P, CT_TGENCOST, CT_TAREAGENCOST, CT_MODCOST_F, ...
    CT_MODCOST_X] = idx_ct;

solarprofile = struct( ...
    'type', 'mpcData', ...
    'table', CT_TGEN, ...
    'rows', [1:12], ...
    'col', PMAX, ...
    'chgtype', 1, ...
    'values', [] );
solarprofile.values(:,1,:) = [
	0.0 0.0 0.0 0.0 0.0 0.0 0.0 0.0 0.0 0.0 0.0 0.0;
	0.0 0.0 0.0 0.0 0.0 0.0 0.0 0.0 0.0 0.0 0.0 0.0;
	0.0 0.0 0.0 0.0 0.0 0.0 0.0 0.0 0.0 0.0 0.0 0.0;
	0.0 0.0 0.0 0.0 0.0 0.0 0.0 0.0 0.0 0.0 0.0 0.0;
	0.0 0.0 0.0 0.0 0.0 0.0 0.0 0.0 0.0 0.0 0.0 0.0;
	1.0111 0.8207 0.6949 0.0 0.0 9.4835 1.1854 4.2086 2.0067 0.0 0.0 0.0;
	4.3259 5.8397 5.1217 1.4542 1.6871 80.6144 10.0768 5.8624 52.9272 103.8112 18.9021 188.0027;
	16.1421 13.7132 11.0864 2.7039 3.8961 341.0861 42.6358 47.6145 192.7442 166.2999 25.7653 301.1701;
	23.0908 16.6083 13.8 6.1151 6.2097 421.9077 52.7385 61.7573 258.9802 211.1705 36.9701 382.431;
	25.2363 16.0666 13.8 5.6135 6.2921 424.3202 53.04 57.7363 257.1979 213.3474 17.5367 386.3735;
	25.6144 14.8196 13.8 5.9367 6.3848 407.506 50.9382 57.6555 239.4789 252.8715 18.3967 457.9518;
	25.6262 14.8631 13.7945 5.5769 5.7212 379.1678 47.396 57.7591 213.3746 261.0714 23.5164 472.8018;
	24.2023 15.903 13.4455 4.7206 2.8655 239.7044 29.9631 58.6715 158.9561 188.0312 47.3008 340.5256;
	21.7098 15.4548 13.3124 4.0624 2.4734 193.3253 24.1657 53.9969 137.7233 184.0794 44.1637 333.369;
	16.4311 12.4451 11.9106 3.329 1.9084 172.347 21.5434 41.7924 119.7908 180.588 41.2592 327.046;
	8.2854 6.2748 6.1738 3.6559 2.1891 158.5216 19.8152 18.9874 162.0037 146.3856 32.544 265.1053;
	1.3785 1.0597 0.9411 0.9406 1.1535 73.4923 9.1865 14.9605 50.111 18.9611 13.1464 34.3387;
	0.0 0.0 0.0 0.0 0.0 0.0 0.0 0.0 0.0 0.0 0.0 0.0;
	0.0 0.0 0.0 0.0 0.0 0.0 0.0 0.0 0.0 0.0 0.0 0.0;
	0.0 0.0 0.0 0.0 0.0 0.0 0.0 0.0 0.0 0.0 0.0 0.0;
	0.0 0.0 0.0 0.0 0.0 0.0 0.0 0.0 0.0 0.0 0.0 0.0;
	0.0 0.0 0.0 0.0 0.0 0.0 0.0 0.0 0.0 0.0 0.0 0.0;
	0.0 0.0 0.0 0.0 0.0 0.0 0.0 0.0 0.0 0.0 0.0 0.0;
	0.0 0.0 0.0 0.0 0.0 0.0 0.0 0.0 0.0 0.0 0.0 0.0;
];
