function loadprofile = ex_load_profilesh1
%EX_LOAD_PROFILE  Example load profile data file for stochastic unit commitment.
% 2022.03.12
% Andres F. Ramirez

%% define constants
[CT_LABEL, CT_PROB, CT_TABLE, CT_TBUS, CT_TGEN, CT_TBRCH, CT_TAREABUS, ...
    CT_TAREAGEN, CT_TAREABRCH, CT_ROW, CT_COL, CT_CHGTYPE, CT_REP, ...
    CT_REL, CT_ADD, CT_NEWVAL, CT_TLOAD, CT_TAREALOAD, CT_LOAD_ALL_PQ, ...
    CT_LOAD_FIX_PQ, CT_LOAD_DIS_PQ, CT_LOAD_ALL_P, CT_LOAD_FIX_P, ...
    CT_LOAD_DIS_P, CT_TGENCOST, CT_TAREAGENCOST, CT_MODCOST_F, ...
    CT_MODCOST_X] = idx_ct;

loadprofile = struct( ...
    'type', 'mpcData', ...
    'table', CT_TAREALOAD, ...
    'rows', [1:11], ...
    'col', CT_LOAD_ALL_P, ...
    'chgtype', 1, ...
    'values', [] );
loadprofile.values(:,1,:) = [
	1365.7248 787.7743 1443.2321 541.3 641.5328 1071.2302 814.8122 242.4837 495.923 4366.7984 1658.8668;
	1402.356 832.6495 1455.2007 537.8727 672.8762 1069.7263 817.0542 252.9423 482.3624 4332.7301 1654.5083;
	1404.724 832.0954 1460.5401 534.9689 684.9228 1097.3 815.4 253.6317 489.4358 4266.2933 1649.7;
	1452.1044 851.0212 1534.7104 550.3125 718.6356 1116.4626 848.4 262.682 501.9 4292.0942 1694.9159;
	1489.9702 902.802 1614.4 562.5 777.0426 1194.4023 891.321 270.6867 539.3512 4455.7369 1785.2411;
	1591.0709 965.9537 1724.096 572.9368 852.3346 1275.9478 962.8393 304.5381 601.9892 4752.2125 1931.5218;
	1617.7744 1004.5351 1769.7881 579.1064 869.4929 1304.2966 1015.182 310.4914 642.3501 4980.8568 2042.9186;
	1647.2304 1057.1418 1848.1516 587.0 908.7278 1368.3 1035.1915 313.2171 656.3529 5146.2854 2103.9678;
	1624.6334 1069.4438 1868.7163 600.3196 896.7178 1363.8116 1044.0185 311.8 681.7689 5287.8984 2192.6301;
	1622.6154 1070.0725 1895.8 609.1159 894.0795 1375.8708 1024.326 307.2 660.1501 5299.6555 2154.2874;
	1573.0637 1042.7656 1861.4093 593.9 841.6601 1367.6707 997.0853 298.209 676.1247 5419.0 2158.7338;
	1611.377 1065.3 1857.7497 580.0656 843.1472 1334.1 988.6566 317.1437 670.3333 5492.8749 2168.3014;
	1591.6925 1036.4971 1795.9753 564.4 826.4233 1306.0387 938.5051 310.419 631.457 5383.0344 2065.1447;
	1537.9899 1032.7173 1751.6946 582.6015 862.5499 1317.0429 952.5953 303.0822 618.775 5359.9129 2058.8047;
	1550.2141 1041.0373 1803.609 600.1974 886.9793 1313.72 953.3323 312.0103 634.9566 5271.103 2059.7106;
	1596.0536 1061.3018 1858.5835 613.8248 890.5581 1364.6 999.2891 327.5816 658.4799 5394.2421 2153.9102;
	1521.1534 1045.3359 1877.8452 609.3963 942.5737 1380.4059 1010.7345 315.6226 638.3742 5261.4 2128.3865;
	1577.7 1074.2121 1935.2943 614.4023 973.3242 1409.507 1081.0438 317.3 681.2788 5445.9525 2216.7044;
	1714.7748 1103.2792 1940.3901 619.9798 950.8286 1382.6704 1041.1331 295.5915 654.6 5360.3873 2107.039;
	1662.7776 1042.2333 1866.6048 593.0 905.0154 1338.2 1001.1525 317.9493 659.1714 5338.6796 2169.6079;
	1614.298 978.8941 1734.8122 609.5 848.947 1267.9268 924.1014 288.8433 607.5291 5163.016 2042.3014;
	1545.9 924.7 1657.6886 596.5089 808.6012 1197.426 872.5466 275.313 575.2458 4978.2879 1908.1;
	1486.2899 896.6789 1634.4114 577.5618 804.0832 1146.0977 898.7 282.0 568.5123 4860.0456 1847.4401;
	1469.7682 852.3528 1614.1297 598.3499 790.3252 1113.8906 893.482 269.5 536.7 4651.7933 1777.8888;
];
