function loadprofile = ex_load_profilesh1
%EX_LOAD_PROFILE  Example load profile data file for stochastic unit commitment.
% 2022.03.12
% Andres F. Ramirez

%% define constants
[CT_LABEL, CT_PROB, CT_TABLE, CT_TBUS, CT_TGEN, CT_TBRCH, CT_TAREABUS, ...
    CT_TAREAGEN, CT_TAREABRCH, CT_ROW, CT_COL, CT_CHGTYPE, CT_REP, ...
    CT_REL, CT_ADD, CT_NEWVAL, CT_TLOAD, CT_TAREALOAD, CT_LOAD_ALL_PQ, ...
    CT_LOAD_FIX_PQ, CT_LOAD_DIS_PQ, CT_LOAD_ALL_P, CT_LOAD_FIX_P, ...
    CT_LOAD_DIS_P, CT_TGENCOST, CT_TAREAGENCOST, CT_MODCOST_F, ...
    CT_MODCOST_X] = idx_ct;

loadprofile = struct( ...
    'type', 'mpcData', ...
    'table', CT_TAREALOAD, ...
    'rows', [1:11], ...
    'col', CT_LOAD_ALL_P, ...
    'chgtype', 1, ...
    'values', [] );
loadprofile.values(:,1,:) = [
	1499.8869 871.367 1480.2811 559.9547 702.0384 1046.72 746.338 221.4612 466.8149 4444.2142 1654.1;
	1486.6896 855.5 1509.0455 557.5831 706.0 1023.9328 748.5571 215.7 449.7351 4366.1553 1615.7523;
	1507.7 860.4277 1498.2716 565.7238 692.4646 1040.7464 759.1459 211.3964 467.6867 4348.09 1642.9;
	1536.0 900.602 1588.1098 576.4197 752.3 1064.6759 797.5998 219.8302 466.1608 4409.8316 1683.5036;
	1575.3731 945.3495 1667.4578 569.0218 802.4698 1126.9277 825.1576 250.6029 475.8264 4569.2165 1799.1929;
	1642.2211 1018.8528 1812.7455 584.6441 873.2897 1172.8932 901.7261 269.4314 493.5568 4754.2526 1862.6873;
	1725.9926 1052.4689 1867.4216 596.8824 950.6 1270.9196 973.8928 275.6 553.1166 5044.8012 1986.1167;
	1738.6252 1061.0327 1913.3074 594.1429 981.1855 1312.2164 1032.0995 271.803 576.1605 5144.7965 1994.1546;
	1766.163 1066.9723 1929.0 606.0654 980.8671 1345.7 1040.6147 286.4751 603.1 5211.8401 1979.4;
	1758.3914 1065.9074 1918.707 593.7464 935.1454 1269.7758 1010.7906 276.1019 586.7798 5307.9636 1964.0848;
	1701.186 1047.7451 1905.1423 603.5098 924.2648 1241.6978 988.0683 270.635 599.1 5255.0242 2002.2264;
	1645.289 980.0438 1845.6689 579.7083 859.7695 1132.7593 939.3508 274.6102 600.736 5253.0647 1942.9543;
	1646.7419 961.9151 1824.4034 585.9644 868.0719 1097.9948 922.138 265.9761 584.6961 5162.1585 1880.5155;
	1663.9076 1011.2463 1855.0864 580.6377 854.3 1172.0267 973.31 261.0857 604.2 5171.5874 1931.6137;
	1666.8661 1056.5709 1876.5304 602.3862 872.6498 1239.4873 973.0015 270.1429 602.5774 5157.1172 1942.8844;
	1689.2 1061.8 1862.8563 616.5455 895.8688 1292.9118 999.7443 293.0367 603.5 5152.9505 2022.1101;
	1747.289 1080.6413 1895.859 608.3301 939.3148 1336.8 1040.4156 332.1 604.5565 5283.3803 2109.9774;
	1801.2442 1124.8323 1971.582 633.1 973.594 1398.6486 1074.1 328.662 631.122 5375.7259 2244.0;
	1866.1888 1158.376 2014.3618 620.6208 954.7586 1448.505 1102.2 316.8824 638.6596 5319.7568 2260.7803;
	1786.4039 1083.5796 1880.6 614.4653 916.7985 1380.8149 1064.9 332.7137 617.2822 5159.6871 2194.2;
	1741.2209 1051.6547 1810.0268 590.7774 872.7084 1340.4955 1013.3 322.5 609.5264 5128.0417 2133.6834;
	1652.2962 963.2492 1677.6948 581.2 803.7828 1215.8127 938.0489 277.1834 571.8 4968.7843 1963.7188;
	1636.0144 912.1707 1617.9985 586.2 778.3475 1144.5 902.37 255.3476 527.4261 4815.6571 1860.4805;
	1557.1066 877.414 1598.2158 594.9447 758.0354 1100.8795 849.4 233.1 463.8757 4153.5323 1717.0946;
];
