function solarprofile = ex_solar_profilesh1
%EX_WIND_PROFILE_D  Example wind_load_nyiso profile data for deterministic unit commitment.
% 2022.03.12
% Andres F. Ramirez


%% define constants
[GEN_BUS, PG, QG, QMAX, QMIN, VG, MBASE, GEN_STATUS, PMAX, PMIN, ...
    MU_PMAX, MU_PMIN, MU_QMAX, MU_QMIN, PC1, PC2, QC1MIN, QC1MAX, ...
    QC2MIN, QC2MAX, RAMP_AGC, RAMP_10, RAMP_30, RAMP_Q, APF] = idx_gen;
[CT_LABEL, CT_PROB, CT_TABLE, CT_TBUS, CT_TGEN, CT_TBRCH, CT_TAREABUS, ...
    CT_TAREAGEN, CT_TAREABRCH, CT_ROW, CT_COL, CT_CHGTYPE, CT_REP, ...
    CT_REL, CT_ADD, CT_NEWVAL, CT_TLOAD, CT_TAREALOAD, CT_LOAD_ALL_PQ, ...
    CT_LOAD_FIX_PQ, CT_LOAD_DIS_PQ, CT_LOAD_ALL_P, CT_LOAD_FIX_P, ...
    CT_LOAD_DIS_P, CT_TGENCOST, CT_TAREAGENCOST, CT_MODCOST_F, ...
    CT_MODCOST_X] = idx_ct;

solarprofile = struct( ...
    'type', 'mpcData', ...
    'table', CT_TGEN, ...
    'rows', [1:12], ...
    'col', PMAX, ...
    'chgtype', 1, ...
    'values', [] );
solarprofile.values(:,1,:) = [
	0.0 0.0 0.0 0.0 0.0 0.0 0.0 0.0 0.0 0.0 0.0 0.0;
	0.0 0.0 0.0 0.0 0.0 0.0 0.0 0.0 0.0 0.0 0.0 0.0;
	0.0 0.0 0.0 0.0 0.0 0.0 0.0 0.0 0.0 0.0 0.0 0.0;
	0.0 0.0 0.0 0.0 0.0 0.0 0.0 0.0 0.0 0.0 0.0 0.0;
	0.0 0.0 0.0 0.0 0.0 0.0 0.0 0.0 0.0 0.0 0.0 0.0;
	1.019 0.8269 0.7032 0.0 0.0 9.4835 1.1854 4.1882 0.4191 0.0 0.0 0.0;
	2.766 3.68 2.0497 0.9527 1.7131 89.5084 11.1886 15.1849 36.4546 50.0243 34.3569 90.5942;
	1.1176 1.4651 1.2401 4.9256 4.9024 337.8087 42.2261 47.618 142.53 92.8824 91.4745 168.2106;
	1.8565 2.2869 1.8562 8.8992 6.3419 400.3821 50.0478 59.6191 186.4608 154.2171 139.4992 279.288;
	5.5841 2.1019 2.2287 6.8684 2.7686 394.7028 49.3378 66.6657 151.8802 150.9908 207.0093 273.4452;
	15.3174 9.9696 9.5205 6.9303 4.2645 416.5213 52.0652 66.3801 130.6737 135.2723 192.6054 244.9789;
	23.472 15.8505 13.2336 7.4354 6.2335 426.8693 53.3587 62.6296 130.8724 133.2719 175.7327 241.3562;
	24.0842 15.8628 13.3756 8.9467 6.1903 384.1257 48.0157 59.8644 125.2672 145.5363 150.3989 263.5671;
	20.5742 13.5267 11.7882 7.5303 4.564 351.0773 43.8847 59.4206 119.5394 147.5946 158.1293 267.2946;
	13.3374 9.7493 6.7327 5.5448 3.0144 309.9195 38.7399 57.6107 104.5909 109.8279 166.9654 198.899;
	5.6635 6.6168 3.5877 2.8779 2.9815 219.0965 27.3871 48.4111 102.1306 28.2391 89.4952 51.1411;
	1.6124 1.3373 0.8655 1.3318 2.0613 83.5738 10.4467 14.8505 38.2371 1.5497 8.1357 2.8064;
	0.0 0.0 0.0 0.0 0.0 0.0 0.0 0.0 0.0 0.0 0.0 0.0;
	0.0 0.0 0.0 0.0 0.0 0.0 0.0 0.0 0.0 0.0 0.0 0.0;
	0.0 0.0 0.0 0.0 0.0 0.0 0.0 0.0 0.0 0.0 0.0 0.0;
	0.0 0.0 0.0 0.0 0.0 0.0 0.0 0.0 0.0 0.0 0.0 0.0;
	0.0 0.0 0.0 0.0 0.0 0.0 0.0 0.0 0.0 0.0 0.0 0.0;
	0.0 0.0 0.0 0.0 0.0 0.0 0.0 0.0 0.0 0.0 0.0 0.0;
	0.0 0.0 0.0 0.0 0.0 0.0 0.0 0.0 0.0 0.0 0.0 0.0;
];
