function loadprofile = ex_load_profilesh1
%EX_LOAD_PROFILE  Example load profile data file for stochastic unit commitment.
% 2022.03.12
% Andres F. Ramirez

%% define constants
[CT_LABEL, CT_PROB, CT_TABLE, CT_TBUS, CT_TGEN, CT_TBRCH, CT_TAREABUS, ...
    CT_TAREAGEN, CT_TAREABRCH, CT_ROW, CT_COL, CT_CHGTYPE, CT_REP, ...
    CT_REL, CT_ADD, CT_NEWVAL, CT_TLOAD, CT_TAREALOAD, CT_LOAD_ALL_PQ, ...
    CT_LOAD_FIX_PQ, CT_LOAD_DIS_PQ, CT_LOAD_ALL_P, CT_LOAD_FIX_P, ...
    CT_LOAD_DIS_P, CT_TGENCOST, CT_TAREAGENCOST, CT_MODCOST_F, ...
    CT_MODCOST_X] = idx_ct;

loadprofile = struct( ...
    'type', 'mpcData', ...
    'table', CT_TAREALOAD, ...
    'rows', [1:11], ...
    'col', CT_LOAD_ALL_P, ...
    'chgtype', 1, ...
    'values', [] );
loadprofile.values(:,1,:) = [
	1513.7456 844.2707 1486.1196 547.1048 729.8 1139.2895 864.9574 258.9 482.8495 4452.8896 1665.6112;
	1500.8957 832.7457 1445.7414 543.2722 681.0155 1085.4276 837.596 252.7729 484.8802 4332.5495 1638.7081;
	1524.419 873.9 1513.4548 549.4924 728.3 1118.4184 850.9973 252.2862 481.7967 4270.1211 1641.6941;
	1532.4773 909.3065 1579.8765 555.833 731.1797 1149.9 867.0415 265.6 499.6 4298.3654 1681.9397;
	1592.7507 982.986 1769.9742 552.7 826.4599 1256.073 934.7208 290.9229 540.3671 4539.1766 1802.6304;
	1678.7212 1026.9738 1817.1 567.9271 841.9592 1290.1037 993.1594 300.4 573.5392 4776.2659 1893.2;
	1698.7533 1053.708 1843.0782 562.8549 894.7341 1359.2867 1040.2434 322.5016 609.2993 4981.2823 2038.3437;
	1728.0167 1079.9 1888.6537 583.4423 937.5697 1395.8387 1088.7098 376.2612 636.9757 5277.0459 2142.3875;
	1775.1558 1087.4 1904.1985 585.0633 959.0798 1392.5709 1061.4 363.2591 633.3 5261.3125 1992.7241;
	1775.1 1097.9949 1919.6183 592.2282 947.8536 1426.0451 1119.4279 402.3387 660.8762 5369.1082 2060.271;
	1759.2795 1067.9415 1878.9988 593.5186 923.0926 1419.756 1106.9784 350.11 639.7 5317.3212 1914.6832;
	1794.2942 1072.3 1849.7 590.7 937.8189 1401.2108 1139.5523 369.6637 689.4835 5369.2533 2044.9;
	1777.5928 1059.0515 1814.0369 588.1 914.9417 1394.492 1107.5843 343.7342 681.3466 5294.2498 2002.4895;
	1742.7089 1051.8813 1783.8776 594.3453 909.7642 1352.4 1065.1002 356.8901 681.6349 5359.6209 2001.3546;
	1760.717 1048.8203 1748.9319 602.7416 926.0662 1336.5409 1028.8519 342.689 678.1432 5313.2502 2036.6008;
	1744.2 1076.0408 1780.3053 613.6943 930.8829 1376.6 1018.6159 330.6906 662.1408 5350.095 2057.2523;
	1750.42 1085.0923 1823.3 619.4 939.3351 1423.4509 1059.4894 374.4395 632.8502 5572.8441 2129.0;
	1812.1623 1110.7399 1877.5782 638.8503 982.9527 1491.4938 1112.5064 379.3455 682.5553 5541.3048 2237.4009;
	1824.7782 1135.9665 1925.2 645.6593 983.0 1488.0002 1130.224 392.5425 686.1386 5602.3433 2273.7362;
	1772.6076 1084.5721 1872.9 631.0331 955.1412 1407.9 1107.6445 357.8 658.0316 5476.7171 2179.3818;
	1723.2504 1026.2897 1771.9832 609.1841 894.3205 1340.4322 1043.0811 355.5687 637.9163 5268.7443 2083.8023;
	1615.8618 957.6255 1664.771 595.0455 838.6178 1269.4731 968.6376 327.8459 598.9542 5014.6086 1895.1564;
	1573.3585 929.8523 1614.8279 606.1537 791.8317 1225.2275 947.9 307.5 558.4 4796.26 1716.5727;
	1537.5565 907.9419 1630.7866 578.3594 817.03 1200.2688 924.619 284.3724 542.5256 4641.6432 1738.4986;
];
