function windprofile = ex_wind_profilesh1
%EX_WIND_PROFILE_D  Example wind_load_nyiso profile data for deterministic unit commitment.
% 2022.03.12
% Andres F. Ramirez


%% define constants
[GEN_BUS, PG, QG, QMAX, QMIN, VG, MBASE, GEN_STATUS, PMAX, PMIN, ...
    MU_PMAX, MU_PMIN, MU_QMAX, MU_QMIN, PC1, PC2, QC1MIN, QC1MAX, ...
    QC2MIN, QC2MAX, RAMP_AGC, RAMP_10, RAMP_30, RAMP_Q, APF] = idx_gen;
[CT_LABEL, CT_PROB, CT_TABLE, CT_TBUS, CT_TGEN, CT_TBRCH, CT_TAREABUS, ...
    CT_TAREAGEN, CT_TAREABRCH, CT_ROW, CT_COL, CT_CHGTYPE, CT_REP, ...
    CT_REL, CT_ADD, CT_NEWVAL, CT_TLOAD, CT_TAREALOAD, CT_LOAD_ALL_PQ, ...
    CT_LOAD_FIX_PQ, CT_LOAD_DIS_PQ, CT_LOAD_ALL_P, CT_LOAD_FIX_P, ...
    CT_LOAD_DIS_P, CT_TGENCOST, CT_TAREAGENCOST, CT_MODCOST_F, ...
    CT_MODCOST_X] = idx_ct;

windprofile = struct( ...
    'type', 'mpcData', ...
    'table', CT_TGEN, ...
    'rows', [1:45], ...
    'col', PMAX, ...
    'chgtype', 1, ...
    'values', [] );
windprofile.values(:,1,:) = [
	3.9087 52.8145 94.4575 118.6357 15.4207 33.6826 29.0022 19.1426 28.4374 30.5946 56.5536 84.3668 127.0138 68.4894 199.3023 75.086 93.1622 98.7242 88.3008 72.9936 9.6674 78.5926 75.7009 89.9161 106.7818 76.6057 14.086 1252.44 754.8637 754.8637 578.4102 103.2861 294.3359 187.8858 214.7235 322.0752 1230.0689 229.2882 448.3049 286.0228 123.9467 373.6518 202.5278 287.1283 1242.8821;
	3.7374 50.5001 89.4532 110.286 15.3715 32.453 24.8243 18.9447 27.0269 28.1416 52.0192 77.6025 116.8301 66.654 192.8728 72.6637 90.1568 95.5393 86.4974 71.3541 8.2748 75.7237 71.4859 88.2337 105.3885 75.8235 13.6726 1245.2315 748.9323 748.9323 625.0818 103.1142 288.3248 183.6656 208.9692 319.5445 1180.4642 236.7768 435.059 282.2906 122.5908 360.0119 191.4955 274.0311 1192.7607;
	3.8213 51.6347 88.6172 111.8117 15.3953 33.6267 22.0713 18.7984 28.1746 29.2657 54.0973 80.7025 121.4972 68.2891 190.6654 71.8321 89.125 94.4459 86.9707 68.7906 7.3571 78.4624 71.4399 86.6504 103.5291 76.1557 13.5687 1249.8803 777.1908 777.1908 689.1999 93.5798 289.9023 177.0672 214.0955 331.6014 1256.6788 236.6123 438.3465 277.31 122.638 373.0326 198.7895 266.9865 1269.7692;
	3.8527 52.059 91.5843 113.7169 15.407 32.8066 24.762 18.767 28.4443 29.5704 54.6604 81.5425 122.7618 68.1479 200.5265 75.5472 93.7345 99.3306 89.2855 69.7449 8.254 76.5487 70.5315 87.935 102.2995 73.5769 13.3599 1279.7269 794.0174 794.0174 728.6425 103.0527 297.6182 179.5236 213.653 338.7808 1278.488 270.9706 463.3098 274.0166 122.3682 363.9346 165.2341 276.7752 1291.8056;
	3.8218 51.6407 90.4297 112.5338 15.3822 33.7707 31.1543 18.6448 28.4428 30.2605 55.9361 83.4457 125.6271 67.9152 196.9847 74.2128 92.0789 97.5761 89.5817 70.8017 10.3848 78.7983 73.4979 85.7255 101.155 73.9273 13.5764 1255.3037 779.7523 779.7523 691.8918 101.6769 298.6056 182.2437 212.9233 332.6943 1231.7099 258.7812 479.3378 270.9509 121.1152 374.6298 200.0759 267.481 1244.5402;
	3.8663 52.2427 93.2642 114.9953 15.4228 34.9167 30.7286 18.2279 28.456 30.3348 56.0735 83.6506 125.9355 67.7881 203.8683 76.8062 95.2966 100.9859 89.0111 70.8729 10.2429 81.4722 74.4426 88.7593 101.3973 73.3463 13.3261 1277.2991 794.5682 794.5682 752.2668 106.0491 296.7036 182.4271 212.525 339.0158 1223.2555 269.0685 476.3017 271.5999 121.0157 387.3422 199.2627 283.5445 1235.9978;
	3.7846 51.138 94.5308 117.5846 15.4154 34.324 31.7861 18.3983 28.4091 30.5852 56.5363 84.3411 126.975 68.7002 203.6241 76.7142 95.1824 100.865 90.169 72.2245 10.5954 80.0894 74.6544 89.0573 103.2757 72.5996 13.2055 1243.2542 786.4204 786.4204 739.1081 106.4786 300.5634 185.9059 215.3845 335.5394 1207.9124 294.6873 475.6765 276.6312 119.509 380.7679 181.0623 280.935 1220.4949;
	3.9097 52.8285 95.2899 120.4038 15.332 34.8116 30.6761 19.0345 28.1675 30.5848 56.5355 84.3399 126.9732 69.6106 199.7004 75.236 93.3483 98.9214 91.7324 69.773 10.2254 81.2272 73.6733 89.7886 106.2095 75.6127 13.6827 1301.6602 799.5265 799.5265 735.5979 110.87 305.7747 179.5958 218.2386 341.1313 1252.2295 301.753 477.9085 284.4896 120.8609 386.1771 191.2072 284.4692 1265.2736;
	3.8671 52.2523 95.3551 119.7684 15.4003 34.9375 32.1872 19.0211 28.416 31.0069 57.3157 85.5037 128.7254 69.8626 201.6399 75.9667 94.2549 99.8821 91.3188 71.9417 10.7291 81.5208 73.0811 89.8377 106.0853 76.0415 13.5888 1302.2503 833.5057 833.5057 792.1824 119.9324 304.3961 185.1782 219.0286 355.6291 1288.4671 322.0397 479.7932 284.1571 122.0936 387.5732 214.1955 284.5909 1301.8886;
	3.9188 52.9511 95.4369 120.9204 15.4217 35.0689 26.9938 19.0483 28.2741 31.0475 57.3909 85.6159 128.8942 68.9303 200.5082 75.5403 93.7259 99.3215 86.9123 69.3564 8.9979 81.8275 74.6517 90.11 106.698 76.5036 13.6824 1311.2125 824.2216 824.2216 734.9783 118.5686 289.7076 178.5235 216.1057 351.6679 1281.2839 330.6841 476.9144 285.7981 122.4173 389.0313 214.6105 286.5417 1294.6306;
	3.9126 52.8678 95.0655 119.6673 15.4077 34.7187 29.5201 18.5859 28.2114 31.0141 57.3291 85.5237 128.7554 69.9421 201.6905 75.9857 94.2786 99.9071 87.3992 72.4474 9.84 81.0103 72.666 88.8883 104.675 74.8802 13.1314 1301.1405 837.4196 837.4196 795.9424 121.0817 291.3308 186.4797 219.278 357.299 1334.9025 340.0075 476.8404 280.3795 121.4902 385.1463 216.3308 280.0172 1348.8077;
	3.8866 52.5161 94.0061 119.3587 15.2345 34.5088 28.8874 18.5287 28.261 29.7375 54.9694 82.0035 123.4558 69.7462 190.3685 71.7202 88.9862 94.2988 85.7057 68.1431 9.6291 80.5205 73.1762 87.8397 104.7833 73.9825 13.0065 1282.9383 819.6562 819.6562 785.7287 117.4924 285.6856 175.4006 218.6639 349.72 1330.277 330.0842 479.8953 280.6695 122.0266 382.8174 211.3095 276.8752 1344.1341;
	3.8903 52.5664 90.137 115.0617 15.2489 34.4532 29.4762 18.0547 28.3588 30.4398 56.2675 83.94 126.3713 68.2265 190.854 71.9031 89.2131 94.5393 88.3175 69.1363 9.8254 80.3908 73.295 82.5179 102.9311 72.8758 12.974 1351.1512 848.9052 848.9052 803.4806 114.7069 294.3917 177.9571 213.8994 362.1996 1367.5138 348.1423 478.7014 275.7082 121.853 382.2008 211.804 274.0269 1381.7588;
	3.9024 52.7294 88.9543 118.326 14.7581 34.1546 28.8522 17.9443 28.2285 30.439 56.266 83.9378 126.3679 67.6116 190.7688 71.871 89.1733 94.4971 86.7399 70.8735 9.6174 79.6941 73.5322 85.3274 102.613 74.1506 13.0591 1333.0906 821.7317 821.7317 795.1423 114.5442 289.1329 182.4287 211.9714 350.6055 1328.9785 342.7689 478.7568 274.8562 123.2447 378.8884 208.2944 272.9258 1342.8221;
	3.8782 52.4025 89.8185 118.3887 15.0476 34.6811 25.214 17.9 28.4805 30.1124 55.6623 83.0372 125.0121 67.632 189.1936 71.2776 88.437 93.7168 87.2674 69.8239 8.4047 80.9226 74.0737 86.6986 104.1834 73.672 13.1663 1325.6959 816.9488 816.9488 802.7868 112.349 290.8912 179.7269 212.0354 348.5648 1288.4213 330.5256 478.982 279.0626 124.0111 384.729 210.69 278.8478 1301.8423;
	3.7476 50.6378 87.8476 115.3897 14.6588 33.4833 26.0581 18.0556 28.3273 29.8234 55.1281 82.2402 123.8122 68.4899 181.4403 68.3566 84.8128 89.8763 86.2087 71.1108 8.686 78.1278 73.3826 86.2625 102.0614 73.2163 12.8901 1279.415 802.08 802.08 745.0016 107.6676 287.3622 183.0395 214.7251 342.2208 1236.3073 325.3824 479.3587 273.3789 123.1261 371.4418 200.5315 278.5037 1249.1855;
	3.8867 52.5176 88.2802 114.7749 14.4485 32.6359 24.552 17.912 28.2888 29.922 55.3103 82.5121 124.2214 68.5909 191.9247 72.3065 89.7136 95.0697 89.2777 68.6398 8.184 76.1504 73.488 83.9196 100.63 63.7723 12.5948 1309.3305 797.603 797.603 706.9137 114.4776 297.5925 176.679 215.0418 340.3106 1272.4949 311.5991 474.5834 269.5446 118.9505 362.041 198.058 266.3799 1285.7501;
	3.8622 52.1872 89.842 114.8459 14.169 30.7355 22.468 13.9179 28.4286 30.314 56.0349 83.593 125.8489 66.8464 194.3162 73.2075 90.8315 96.2543 86.1986 67.1837 7.4893 71.7161 74.8198 82.8765 100.2594 75.1978 10.5779 1282.6583 757.1542 757.1542 679.8215 113.3193 287.3285 172.9311 209.5725 323.0525 1276.2088 285.7596 477.7754 268.5521 120.6988 340.9591 186.2113 256.0488 1289.5027;
