function loadprofile = ex_load_profilesh1
%EX_LOAD_PROFILE  Example load profile data file for stochastic unit commitment.
% 2022.03.12
% Andres F. Ramirez

%% define constants
[CT_LABEL, CT_PROB, CT_TABLE, CT_TBUS, CT_TGEN, CT_TBRCH, CT_TAREABUS, ...
    CT_TAREAGEN, CT_TAREABRCH, CT_ROW, CT_COL, CT_CHGTYPE, CT_REP, ...
    CT_REL, CT_ADD, CT_NEWVAL, CT_TLOAD, CT_TAREALOAD, CT_LOAD_ALL_PQ, ...
    CT_LOAD_FIX_PQ, CT_LOAD_DIS_PQ, CT_LOAD_ALL_P, CT_LOAD_FIX_P, ...
    CT_LOAD_DIS_P, CT_TGENCOST, CT_TAREAGENCOST, CT_MODCOST_F, ...
    CT_MODCOST_X] = idx_ct;

loadprofile = struct( ...
    'type', 'mpcData', ...
    'table', CT_TAREALOAD, ...
    'rows', [1:11], ...
    'col', CT_LOAD_ALL_P, ...
    'chgtype', 1, ...
    'values', [] );
loadprofile.values(:,1,:) = [
	1510.4445 930.4262 1548.2973 548.8 743.5239 1173.5667 835.3 283.8471 490.1947 4636.8509 1676.6392;
	1478.5937 919.1574 1529.0388 536.6763 733.3 1154.2981 847.9244 286.1841 489.5 4550.8934 1654.7382;
	1481.5523 923.9542 1516.0683 531.775 723.0517 1127.7574 833.1 261.6136 472.9 4416.3996 1632.8603;
	1500.5 942.4158 1580.3 536.8353 767.6798 1191.1406 847.6 288.0416 502.3 4454.1567 1681.2931;
	1567.3 1001.5848 1669.9946 548.1927 820.4697 1220.1266 900.3802 321.222 521.1 4651.6823 1811.2086;
	1652.6 1060.5041 1769.2 555.9 863.5824 1273.7468 974.7262 342.6531 569.1714 4998.5532 1968.4;
	1719.0089 1117.0756 1816.2292 581.1791 914.2 1306.917 1021.726 354.3099 616.0457 5334.6863 2123.6019;
	1782.2896 1138.3002 1883.6179 583.1421 947.8536 1342.1322 1073.3183 372.2674 631.5486 5459.4219 2133.4488;
	1799.7006 1143.4785 1918.6 569.363 961.4512 1364.0169 1108.6118 400.4049 655.7982 5653.8365 2170.8454;
	1782.1716 1153.7721 1935.3426 570.1888 955.3157 1372.9394 1101.8477 391.2234 633.4474 5654.9019 2076.9681;
	1760.1188 1171.0929 1966.8299 566.6 931.909 1400.4638 1140.4885 395.2399 639.4703 5778.2368 2196.3335;
	1758.1217 1168.1318 1958.3634 566.2 932.0932 1386.7668 1102.2071 370.8473 606.0 5595.3976 2137.3372;
	1734.32 1098.326 1888.9843 558.9903 869.0593 1309.4657 1090.9858 351.1044 595.5703 5441.2037 2064.3595;
	1695.3229 1096.4453 1861.4821 547.1725 896.7183 1289.5176 1090.7305 366.494 590.2711 5514.7 2036.8951;
	1643.7692 1114.0407 1843.9518 561.1577 896.3395 1332.3346 1111.5877 370.2085 586.1331 5908.6251 2127.4247;
	1674.3008 1116.2895 1884.0532 571.5149 938.8691 1357.1323 1079.3553 339.1491 605.8361 5937.1321 2170.813;
	1688.5578 1124.6646 1908.8733 580.1463 1008.6395 1407.498 1114.2502 353.3475 628.0157 6087.7734 2154.1762;
	1744.0204 1155.5029 1966.8838 588.3105 1053.4234 1459.2202 1184.2364 349.692 662.1528 6099.9057 2270.4367;
	1785.4801 1160.5753 1984.5478 584.135 1030.7084 1441.4137 1168.8629 346.5 653.4773 6119.775 2249.1846;
	1738.059 1109.3769 1903.1904 573.0751 966.336 1351.0531 1086.2 343.0854 639.3805 5870.9151 2119.3563;
	1655.1002 1049.1865 1830.5 543.2704 917.2655 1273.7054 1026.4821 316.6923 621.9629 5601.044 2029.0526;
	1594.3945 991.1232 1729.3948 540.1298 852.9511 1180.574 947.7735 280.769 583.8275 5139.2869 1938.3806;
	1502.9109 985.3 1721.0688 540.4694 829.0975 1174.2708 895.4946 294.4 523.601 4964.7601 1783.0469;
	1438.5188 949.2 1689.7037 507.9398 785.4687 1122.9512 834.2761 274.3934 464.6477 4778.004 1614.83;
];
