function loadprofile = ex_load_profilesh1
%EX_LOAD_PROFILE  Example load profile data file for stochastic unit commitment.
% 2022.03.12
% Andres F. Ramirez

%% define constants
[CT_LABEL, CT_PROB, CT_TABLE, CT_TBUS, CT_TGEN, CT_TBRCH, CT_TAREABUS, ...
    CT_TAREAGEN, CT_TAREABRCH, CT_ROW, CT_COL, CT_CHGTYPE, CT_REP, ...
    CT_REL, CT_ADD, CT_NEWVAL, CT_TLOAD, CT_TAREALOAD, CT_LOAD_ALL_PQ, ...
    CT_LOAD_FIX_PQ, CT_LOAD_DIS_PQ, CT_LOAD_ALL_P, CT_LOAD_FIX_P, ...
    CT_LOAD_DIS_P, CT_TGENCOST, CT_TAREAGENCOST, CT_MODCOST_F, ...
    CT_MODCOST_X] = idx_ct;

loadprofile = struct( ...
    'type', 'mpcData', ...
    'table', CT_TAREALOAD, ...
    'rows', [1:11], ...
    'col', CT_LOAD_ALL_P, ...
    'chgtype', 1, ...
    'values', [] );
loadprofile.values(:,1,:) = [
	1527.8 895.6901 1496.6851 544.0 677.0758 1178.8409 888.7857 214.0719 554.5662 4453.0737 1824.0394;
	1482.2385 893.2331 1508.4809 547.89 652.8213 1132.8755 858.5889 224.7065 513.6035 4352.254 1792.6431;
	1527.6 895.9384 1490.6849 544.6776 671.8371 1153.5965 858.5917 226.5 517.4732 4362.6523 1813.4036;
	1551.3092 927.8853 1541.1261 548.8193 714.7667 1177.2096 879.1359 236.8396 536.3788 4382.3342 1848.6912;
	1633.8295 997.8836 1671.2906 562.6 800.9986 1255.9587 940.2695 266.2 585.7922 4643.2401 1999.3515;
	1708.7916 1094.8127 1788.9262 582.4297 873.5331 1305.6588 993.5211 276.3 607.3864 4836.8 2029.4315;
	1737.221 1138.2853 1856.0178 596.4 932.7333 1381.7919 1111.7472 289.9196 671.9003 5166.5229 2241.5942;
	1770.5 1167.962 1958.5398 600.7141 1021.8077 1457.5999 1160.5007 309.7987 691.5027 5391.3943 2280.4688;
	1787.0 1212.1438 2004.8893 589.8852 1011.945 1479.9293 1195.2584 306.2 689.7469 5430.5339 2179.1612;
	1788.2183 1212.306 2004.9604 589.4501 981.6802 1491.5866 1231.3549 305.6309 733.4435 5492.4149 2252.2803;
	1781.4619 1250.1907 2005.0022 577.7 987.2 1481.0215 1199.1031 304.1 715.2162 5480.407 2259.9833;
	1751.2399 1216.1578 1976.4006 579.0474 975.2479 1454.7323 1175.2422 287.1 690.439 5359.5926 2192.6212;
	1714.0507 1185.4846 1933.0711 585.0235 960.9388 1418.3656 1187.8821 297.3287 728.3826 5469.2368 2258.5611;
	1699.4692 1195.1031 1921.4603 579.7724 961.7625 1377.3638 1115.4066 304.147 672.3844 5399.2908 2174.2355;
	1713.2518 1227.1163 1922.446 614.2333 1000.7399 1411.6558 1165.839 331.8711 641.1597 5559.066 2322.3592;
	1725.8183 1171.9612 1932.6263 620.0984 1037.9921 1407.7178 1160.75 322.3777 644.2474 5421.42 2318.7048;
	1698.6778 1180.986 1988.3359 620.5312 1049.6027 1436.2778 1164.6314 331.6823 650.4 5566.9541 2491.1489;
	1738.9113 1191.6771 1975.1593 617.6 1060.8217 1436.1864 1249.9368 340.3568 685.8428 5636.2197 2553.289;
	1816.7509 1176.1959 1986.1297 608.7132 1045.9339 1452.1913 1281.3862 341.0995 695.3418 5707.5138 2545.4608;
	1790.6735 1138.0 1923.0 614.7604 997.7554 1381.5654 1196.0694 338.7124 664.685 5476.9667 2339.6535;
	1711.9263 1079.2838 1811.5748 610.1 930.1 1303.0525 1106.3403 320.0 626.7 5285.4724 2228.2333;
	1624.9973 989.0824 1708.3003 587.1685 859.5 1229.0 1051.8529 302.8167 614.0236 5135.5079 2058.198;
	1533.2947 930.8 1604.2441 597.8655 817.5655 1193.7637 970.8505 267.4826 568.9144 4893.2416 1878.7577;
	1531.728 923.2768 1581.4 590.9935 741.9728 1130.0849 905.1056 211.7666 551.8277 4648.7656 1791.5553;
];
