function windprofile = ex_wind_profilesh1
%EX_WIND_PROFILE_D  Example wind_load_nyiso profile data for deterministic unit commitment.
% 2022.03.12
% Andres F. Ramirez


%% define constants
[GEN_BUS, PG, QG, QMAX, QMIN, VG, MBASE, GEN_STATUS, PMAX, PMIN, ...
    MU_PMAX, MU_PMIN, MU_QMAX, MU_QMIN, PC1, PC2, QC1MIN, QC1MAX, ...
    QC2MIN, QC2MAX, RAMP_AGC, RAMP_10, RAMP_30, RAMP_Q, APF] = idx_gen;
[CT_LABEL, CT_PROB, CT_TABLE, CT_TBUS, CT_TGEN, CT_TBRCH, CT_TAREABUS, ...
    CT_TAREAGEN, CT_TAREABRCH, CT_ROW, CT_COL, CT_CHGTYPE, CT_REP, ...
    CT_REL, CT_ADD, CT_NEWVAL, CT_TLOAD, CT_TAREALOAD, CT_LOAD_ALL_PQ, ...
    CT_LOAD_FIX_PQ, CT_LOAD_DIS_PQ, CT_LOAD_ALL_P, CT_LOAD_FIX_P, ...
    CT_LOAD_DIS_P, CT_TGENCOST, CT_TAREAGENCOST, CT_MODCOST_F, ...
    CT_MODCOST_X] = idx_ct;

windprofile = struct( ...
    'type', 'mpcData', ...
    'table', CT_TGEN, ...
    'rows', [1:45], ...
    'col', PMAX, ...
    'chgtype', 1, ...
    'values', [] );
windprofile.values(:,1,:) = [
	3.5598 48.1011 94.4366 119.5125 14.4837 31.0383 28.8046 18.187 27.0674 28.08 51.9054 77.4327 116.5745 67.303 191.6322 72.1963 89.5769 94.9248 79.8429 69.8684 9.6015 72.4227 72.8012 89.4745 104.8777 73.0595 14.0718 1263.7706 738.8363 738.8363 521.1055 105.6062 266.1431 179.8415 211.0041 315.2368 1213.3725 214.6355 449.2588 280.9224 121.5167 344.3184 190.2964 284.505 1226.0118;
	3.416 46.1582 93.5274 116.8104 14.3905 29.842 25.0002 17.8515 27.1653 29.0594 53.7158 80.1334 120.6404 64.1632 178.97 67.4259 83.6581 88.6526 79.064 69.9049 8.3334 69.6313 71.0203 88.8643 103.5125 70.7783 13.6197 1275.3394 754.0912 754.0912 563.9952 99.7646 263.5466 179.9354 201.1602 321.7456 1191.0685 217.2694 451.421 277.2656 120.9806 331.0471 177.1362 273.5965 1203.4755;
	3.635 49.1166 93.0719 117.8601 14.7549 32.2238 23.0131 17.9052 28.1966 29.6172 54.7469 81.6717 122.9562 63.8221 187.4643 70.6261 87.6287 92.8602 84.019 69.1064 7.671 75.1888 69.6918 87.7753 102.7944 74.7648 13.8303 1304.7887 795.3799 795.3799 583.5994 87.4693 280.0635 177.8801 200.0909 339.3621 1284.2842 217.9294 440.9216 275.342 119.2161 357.4692 191.7905 276.074 1297.6621;
	3.5977 48.6126 93.4987 119.2576 14.5304 32.0108 25.0646 18.1008 28.3624 29.3214 54.2001 80.8559 121.7282 66.1629 194.7372 73.3661 91.0283 96.4628 86.8529 70.4384 8.3549 74.6919 65.1618 88.9585 103.2731 71.5188 13.8084 1296.7033 796.3671 796.3671 630.2252 101.8636 289.5098 181.3085 207.4295 339.7833 1278.4889 253.0303 460.6824 276.6244 117.4419 355.1068 156.334 275.4248 1291.8065;
	3.6538 49.371 93.737 117.0396 14.8022 31.0587 31.0516 18.366 28.3962 30.0805 55.6033 82.9492 124.8796 67.3919 197.4178 74.376 92.2814 97.7907 85.1028 71.516 10.3505 72.4703 72.738 87.923 103.4425 73.8222 13.656 1309.0679 804.2168 804.2168 663.9746 108.0974 283.6762 184.0824 211.2827 343.1325 1282.7462 245.5932 472.5798 277.078 120.1142 344.5443 184.5881 269.1329 1296.1081;
	3.6555 49.3936 92.0948 116.0628 14.4083 32.1495 29.4171 18.2867 28.0108 29.4875 54.5072 81.314 122.4178 66.9971 197.3787 74.3613 92.2631 97.7713 84.8229 70.4974 9.8057 75.0156 72.3587 87.6988 102.1955 73.7919 13.7858 1346.5928 786.7136 786.7136 692.9656 114.476 282.7429 181.4605 210.045 335.6645 1283.422 253.0523 459.5554 273.7379 118.9032 356.6455 165.5904 270.9002 1296.791;
	3.7143 50.1886 91.4583 116.2266 14.9005 32.9537 29.7524 17.9113 26.929 29.863 55.2013 82.3495 123.9767 65.8779 190.1074 71.6219 88.8642 94.1695 84.2184 70.8967 9.9175 76.8919 70.5757 88.1696 101.7954 72.9305 13.3986 1327.2491 774.4837 774.4837 693.417 112.5963 280.7281 182.4883 206.536 330.4464 1341.6274 277.4375 452.9272 272.6661 119.8429 365.5663 158.5543 266.0551 1355.6027;
	3.7768 51.0326 88.1471 114.8488 14.8481 33.9404 29.4035 17.7473 26.9955 28.7403 53.126 79.2535 119.3158 66.8882 193.9387 73.0653 90.6551 96.0673 90.5164 68.5697 9.8012 79.1944 71.1983 86.3114 99.1315 70.2242 13.1571 1329.1211 811.6884 811.6884 722.7596 116.9082 301.7215 176.4986 209.7036 346.3204 1352.5057 296.863 458.387 265.5307 120.5436 376.5127 184.2509 263.4045 1366.5943;
	3.8009 51.3586 88.776 114.8987 15.1985 34.3117 31.1315 16.9557 26.7073 29.2979 54.1567 80.7911 121.6305 68.6514 192.2558 72.4312 89.8684 95.2337 91.8022 68.8944 10.3772 80.0606 70.2994 83.5498 99.5279 68.069 12.2117 1345.5055 822.9906 822.9906 757.9794 120.7889 306.0074 177.3343 215.2314 351.1427 1349.5669 303.8604 464.3567 266.5925 118.5333 380.631 206.7383 265.0259 1363.6249;
	3.7844 51.1354 90.7373 114.7792 15.2508 33.8539 26.0611 18.1106 27.5566 29.9384 55.3406 82.5573 124.2896 68.285 198.7438 74.8756 92.9012 98.4475 92.8169 70.0795 8.687 78.9925 73.1603 86.7953 103.2527 71.2242 13.0235 1329.5992 836.1152 836.1152 756.3145 123.5798 309.3897 180.3848 214.0826 356.7425 1333.3199 332.8338 463.5372 276.5696 116.564 375.553 206.6049 269.323 1347.2087;
	3.861 52.171 90.0177 115.7697 15.2604 33.8894 27.8393 17.6435 27.6927 30.1937 55.8125 83.2613 125.3494 67.6603 198.2364 74.6844 92.664 98.1962 91.1975 70.9541 9.2798 79.0753 72.3704 84.4636 100.8995 68.8727 12.8432 1327.8224 837.2132 837.2132 786.1948 122.3123 303.9916 182.636 212.1241 357.211 1329.6072 326.8529 467.5079 270.2665 116.6529 375.9467 209.8129 265.527 1343.4573;
	3.8732 52.3359 90.8765 117.1536 15.3214 34.0251 26.7541 17.8261 27.9761 29.1263 53.8395 80.3179 120.9181 68.2677 193.1925 72.7842 90.3063 95.6977 91.3501 66.8679 8.918 79.392 72.3841 85.8035 100.7874 68.3922 13.3285 1325.2277 840.2404 840.2404 795.2528 120.9722 304.5002 172.1182 214.0284 358.5026 1319.8599 329.0491 469.958 269.9662 117.6931 377.4522 209.5624 267.3265 1333.6084;
	3.8814 52.4462 90.778 114.7006 15.1782 34.6669 27.2752 17.7988 27.1613 30.1945 55.814 83.2635 125.3528 67.7569 199.2554 75.0683 93.1403 98.7009 91.9772 68.1709 9.0917 80.8893 71.8935 81.8819 100.405 71.9344 13.3089 1331.1346 819.9602 819.9602 776.5367 121.5396 306.5905 175.4721 212.4272 349.8497 1320.7728 328.4578 471.5906 268.942 116.5872 384.5711 213.9211 271.3711 1334.5309;
	3.9125 52.8664 89.2847 116.0702 14.9693 34.0706 26.5216 17.5211 27.7464 29.9596 55.3799 82.6159 124.3778 68.3916 189.0357 71.2181 88.3632 93.6386 89.3735 69.2239 8.8405 79.4981 72.2471 85.7166 99.1543 73.0327 13.2868 1349.175 835.2789 835.2789 767.8769 117.8788 297.9118 178.1825 214.417 356.3856 1327.6645 312.0648 468.1314 265.592 114.4998 377.9566 211.0263 270.5607 1341.4944;
	3.8838 52.4781 89.1021 117.9289 15.1329 34.2934 23.5656 17.6869 27.6792 29.5498 54.6223 81.4858 122.6764 67.5873 189.6939 71.4661 88.6709 93.9647 90.9024 67.8455 7.8552 80.018 72.3012 87.5626 102.0381 68.315 13.4958 1354.6062 799.8602 799.8602 775.0154 121.2137 303.0079 174.6346 211.8955 341.2737 1303.2769 327.5856 463.3622 273.3164 115.1176 380.4283 211.3973 264.4735 1316.8527;
	3.8086 51.4622 88.3397 115.5811 14.5623 32.5474 24.7135 17.648 27.1016 29.2019 53.9792 80.5264 121.2321 68.3521 178.8879 67.395 83.6197 88.6119 86.4984 66.7947 8.2378 75.9439 69.7738 86.6157 102.467 68.0934 13.3181 1319.9323 786.4382 786.4382 743.0989 119.3752 288.3279 171.9297 214.2931 335.547 1243.7365 309.3366 468.0667 274.4651 114.9413 361.0588 200.6421 271.6959 1256.6921;
	3.7591 50.7937 87.5104 112.8234 14.5015 29.5609 22.5145 16.5173 26.9161 28.6882 53.0297 79.1099 119.0996 68.3952 184.6242 69.5561 86.3011 91.4534 77.2988 66.5334 7.5048 68.9755 69.4259 85.2989 99.9614 53.9828 12.5625 1288.5641 756.5054 756.5054 684.1445 115.162 257.6627 171.257 214.4283 322.7756 1209.2519 319.1457 458.2873 267.7536 114.4688 327.9295 190.854 240.9497 1221.8483;
	3.6356 49.1253 86.8211 107.0071 14.308 27.5202 17.0208 12.0792 25.9639 28.3882 52.4751 78.2825 117.8539 66.722 181.8872 68.525 85.0217 90.0976 82.8825 65.091 5.6736 64.2137 73.8351 81.543 95.3365 68.7391 10.2381 1232.6227 707.3106 707.3106 619.8864 115.217 276.2751 167.5443 209.1824 301.7859 1223.5624 287.7645 437.2375 255.3657 117.8872 305.2904 171.3161 213.5 1236.3079;
