function solarprofile = ex_solar_profilesh1
%EX_WIND_PROFILE_D  Example wind_load_nyiso profile data for deterministic unit commitment.
% 2022.03.12
% Andres F. Ramirez


%% define constants
[GEN_BUS, PG, QG, QMAX, QMIN, VG, MBASE, GEN_STATUS, PMAX, PMIN, ...
    MU_PMAX, MU_PMIN, MU_QMAX, MU_QMIN, PC1, PC2, QC1MIN, QC1MAX, ...
    QC2MIN, QC2MAX, RAMP_AGC, RAMP_10, RAMP_30, RAMP_Q, APF] = idx_gen;
[CT_LABEL, CT_PROB, CT_TABLE, CT_TBUS, CT_TGEN, CT_TBRCH, CT_TAREABUS, ...
    CT_TAREAGEN, CT_TAREABRCH, CT_ROW, CT_COL, CT_CHGTYPE, CT_REP, ...
    CT_REL, CT_ADD, CT_NEWVAL, CT_TLOAD, CT_TAREALOAD, CT_LOAD_ALL_PQ, ...
    CT_LOAD_FIX_PQ, CT_LOAD_DIS_PQ, CT_LOAD_ALL_P, CT_LOAD_FIX_P, ...
    CT_LOAD_DIS_P, CT_TGENCOST, CT_TAREAGENCOST, CT_MODCOST_F, ...
    CT_MODCOST_X] = idx_ct;

solarprofile = struct( ...
    'type', 'mpcData', ...
    'table', CT_TGEN, ...
    'rows', [1:12], ...
    'col', PMAX, ...
    'chgtype', 1, ...
    'values', [] );
solarprofile.values(:,1,:) = [
	0.0 0.0 0.0 0.0 0.0 0.0 0.0 0.0 0.0 0.0 0.0 0.0;
	0.0 0.0 0.0 0.0 0.0 0.0 0.0 0.0 0.0 0.0 0.0 0.0;
	0.0 0.0 0.0 0.0 0.0 0.0 0.0 0.0 0.0 0.0 0.0 0.0;
	0.0 0.0 0.0 0.0 0.0 0.0 0.0 0.0 0.0 0.0 0.0 0.0;
	0.0 0.0 0.0 0.0 0.0 0.0 0.0 0.0 0.0 0.0 0.0 0.0;
	1.0111 0.821 0.6949 0.0 0.0 9.4835 1.1854 4.1882 0.4504 0.0 0.0 0.0;
	9.2569 6.989 5.9854 3.0843 2.5525 25.7578 3.2197 29.8274 67.6347 72.5683 28.8087 131.4216;
	19.4677 14.8553 12.0745 6.3422 9.0786 76.216 9.527 49.005 107.4271 122.5167 68.1527 221.8786;
	23.8534 16.6106 13.8 9.4217 12.1714 170.4334 21.3042 53.3192 125.7486 197.2024 123.719 357.1347;
	25.8926 16.3661 13.8177 7.0796 9.79 216.5099 27.0637 29.0639 80.3663 200.0571 141.1888 362.3046;
	26.3918 16.5136 13.8914 4.926 6.5492 227.9287 28.4911 23.581 54.0887 239.7567 144.3229 434.2008;
	26.1375 16.5214 13.9118 1.6265 4.2949 226.7729 28.3466 28.8255 54.1786 245.9581 123.0123 445.4316;
	24.4282 15.9262 13.507 0.4321 2.649 101.266 12.6583 49.7924 86.6771 145.7564 101.7703 263.9657;
	21.7553 15.3555 13.4068 0.2791 2.6045 114.9645 14.3706 57.1258 101.6187 90.4994 81.4537 163.8949;
	16.5302 12.1284 10.348 0.7188 1.6627 157.1353 19.6419 57.1144 101.8076 54.7067 55.1505 99.0741;
	8.3155 5.0438 2.6485 2.6944 0.9041 194.3478 24.2935 43.5263 115.7736 28.9264 23.949 52.3858;
	1.2032 0.9656 0.7459 0.8618 0.6793 83.6966 10.4621 14.9524 38.871 12.828 6.1456 23.2316;
	0.0 0.0 0.0 0.0 0.0 0.0 0.0 0.0 0.0 0.0 0.0 0.0;
	0.0 0.0 0.0 0.0 0.0 0.0 0.0 0.0 0.0 0.0 0.0 0.0;
	0.0 0.0 0.0 0.0 0.0 0.0 0.0 0.0 0.0 0.0 0.0 0.0;
	0.0 0.0 0.0 0.0 0.0 0.0 0.0 0.0 0.0 0.0 0.0 0.0;
	0.0 0.0 0.0 0.0 0.0 0.0 0.0 0.0 0.0 0.0 0.0 0.0;
	0.0 0.0 0.0 0.0 0.0 0.0 0.0 0.0 0.0 0.0 0.0 0.0;
	0.0 0.0 0.0 0.0 0.0 0.0 0.0 0.0 0.0 0.0 0.0 0.0;
];
