function loadprofile = ex_load_profilesh1
%EX_LOAD_PROFILE  Example load profile data file for stochastic unit commitment.
% 2022.03.12
% Andres F. Ramirez

%% define constants
[CT_LABEL, CT_PROB, CT_TABLE, CT_TBUS, CT_TGEN, CT_TBRCH, CT_TAREABUS, ...
    CT_TAREAGEN, CT_TAREABRCH, CT_ROW, CT_COL, CT_CHGTYPE, CT_REP, ...
    CT_REL, CT_ADD, CT_NEWVAL, CT_TLOAD, CT_TAREALOAD, CT_LOAD_ALL_PQ, ...
    CT_LOAD_FIX_PQ, CT_LOAD_DIS_PQ, CT_LOAD_ALL_P, CT_LOAD_FIX_P, ...
    CT_LOAD_DIS_P, CT_TGENCOST, CT_TAREAGENCOST, CT_MODCOST_F, ...
    CT_MODCOST_X] = idx_ct;

loadprofile = struct( ...
    'type', 'mpcData', ...
    'table', CT_TAREALOAD, ...
    'rows', [1:11], ...
    'col', CT_LOAD_ALL_P, ...
    'chgtype', 1, ...
    'values', [] );
loadprofile.values(:,1,:) = [
	1525.8078 858.5192 1458.4573 534.1731 706.3409 1055.5932 827.6894 248.28 512.2351 4374.6413 1662.0145;
	1518.128 861.8267 1457.5459 544.6446 688.0374 1070.8 824.2 252.9435 512.2224 4360.9488 1675.7897;
	1521.1 852.2562 1447.0706 534.01 663.7992 1053.4543 819.5636 246.3902 497.5 4248.1327 1646.1598;
	1566.4675 890.0561 1495.4755 546.8016 714.4964 1093.2502 831.358 262.5 494.9071 4358.4528 1672.9;
	1606.5 925.431 1550.5169 554.9 783.2071 1151.2846 897.6199 275.0253 524.1629 4481.0001 1777.5789;
	1641.3469 958.1712 1662.5147 574.7504 850.2766 1239.3423 959.9578 296.422 557.1 4611.2147 1840.5522;
	1706.0262 1005.6594 1745.3787 588.1548 908.9484 1298.9607 987.3 300.4811 584.3982 4944.3334 1934.2179;
	1731.8926 1014.8121 1741.1525 591.6445 916.4007 1332.7823 996.6275 304.8 590.8658 5057.9779 1889.0317;
	1671.5078 1042.9243 1812.0931 578.8592 944.6177 1403.4874 1043.373 307.7906 611.5058 5138.3923 1958.9327;
	1666.4163 1067.1 1812.1027 576.4498 962.2258 1425.9597 1067.8857 301.135 636.1 5264.1194 1979.6;
	1676.4881 1043.7797 1816.4096 578.8 957.1458 1393.9792 1078.135 299.4184 643.9045 5341.6011 2053.9;
	1673.1875 1004.9854 1711.4177 565.9216 933.9586 1343.571 1055.3716 286.0158 629.5129 5307.0126 1955.8913;
	1621.7887 983.1524 1694.1966 554.3499 930.7108 1291.5898 1045.1479 282.8 628.7215 5281.3505 1985.2901;
	1524.7019 917.8973 1630.3438 551.3 884.7591 1234.7174 984.6959 271.0214 604.9 5213.203 1956.4068;
	1621.991 901.1467 1618.9243 547.8 873.6144 1222.0477 976.7684 253.3302 622.0938 5207.259 2008.4777;
	1675.9 936.693 1646.4213 548.0 879.5647 1278.1479 1015.3508 256.9438 608.7116 5133.6145 2017.5065;
	1650.6034 989.8786 1679.5635 555.7051 903.2323 1302.496 1022.7016 267.8777 613.9896 5005.6851 2079.9488;
	1729.3325 1070.7082 1831.1152 574.8362 971.251 1374.2478 1111.8661 288.0675 660.0246 5010.8165 2199.5425;
	1769.3432 1103.6616 1875.2214 581.3691 983.9665 1346.9192 1087.1515 285.153 628.3 4993.0477 2156.6893;
	1716.413 1030.7 1783.7316 577.0881 935.6296 1294.2505 1057.7725 285.6373 612.1389 5062.7377 2135.0594;
	1635.4284 986.2073 1676.9397 566.5386 871.7296 1200.727 986.0943 272.5 580.9801 4859.7371 1885.5378;
	1592.4659 944.8139 1650.3 564.2999 867.77 1201.3971 964.7025 291.2196 565.2254 4937.9483 1938.1017;
	1683.4046 966.5623 1675.0244 556.2 848.3633 1159.2653 912.4244 266.4346 541.625 4806.92 1868.7;
	1591.5823 923.3099 1615.2 532.9853 800.5775 1105.8 877.5551 249.9313 512.5161 4692.7739 1784.5376;
];
