function solarprofile = ex_solar_profilesh1
%EX_WIND_PROFILE_D  Example wind_load_nyiso profile data for deterministic unit commitment.
% 2022.03.12
% Andres F. Ramirez


%% define constants
[GEN_BUS, PG, QG, QMAX, QMIN, VG, MBASE, GEN_STATUS, PMAX, PMIN, ...
    MU_PMAX, MU_PMIN, MU_QMAX, MU_QMIN, PC1, PC2, QC1MIN, QC1MAX, ...
    QC2MIN, QC2MAX, RAMP_AGC, RAMP_10, RAMP_30, RAMP_Q, APF] = idx_gen;
[CT_LABEL, CT_PROB, CT_TABLE, CT_TBUS, CT_TGEN, CT_TBRCH, CT_TAREABUS, ...
    CT_TAREAGEN, CT_TAREABRCH, CT_ROW, CT_COL, CT_CHGTYPE, CT_REP, ...
    CT_REL, CT_ADD, CT_NEWVAL, CT_TLOAD, CT_TAREALOAD, CT_LOAD_ALL_PQ, ...
    CT_LOAD_FIX_PQ, CT_LOAD_DIS_PQ, CT_LOAD_ALL_P, CT_LOAD_FIX_P, ...
    CT_LOAD_DIS_P, CT_TGENCOST, CT_TAREAGENCOST, CT_MODCOST_F, ...
    CT_MODCOST_X] = idx_ct;

solarprofile = struct( ...
    'type', 'mpcData', ...
    'table', CT_TGEN, ...
    'rows', [1:12], ...
    'col', PMAX, ...
    'chgtype', 1, ...
    'values', [] );
solarprofile.values(:,1,:) = [
	0.0 0.0 0.0 0.0 0.0 0.0 0.0 0.0 0.0 0.0 0.0 0.0;
	0.0 0.0 0.0 0.0 0.0 0.0 0.0 0.0 0.0 0.0 0.0 0.0;
	0.0 0.0 0.0 0.0 0.0 0.0 0.0 0.0 0.0 0.0 0.0 0.0;
	0.0 0.0 0.0 0.0 0.0 0.0 0.0 0.0 0.0 0.0 0.0 0.0;
	0.0 0.0 0.0 0.0 0.0 0.0 0.0 0.0 0.0 0.0 0.0 0.0;
	1.0111 0.8207 0.6949 0.0 0.0 9.4835 1.1854 4.8625 0.9504 0.0 0.0 0.0;
	5.9061 6.4909 3.098 2.2787 2.0533 243.4055 30.4257 31.6984 120.3793 31.0401 7.0676 56.2137;
	15.0566 13.8818 5.8682 4.7962 1.3118 253.0039 31.6255 49.5763 212.2555 38.0027 18.781 68.8232;
	18.4091 16.5742 9.1691 6.4297 1.0872 275.8312 34.4789 56.8296 243.1022 35.0374 25.9094 63.453;
	5.3438 5.655 2.0236 0.809 2.6104 312.432 39.054 49.9275 223.3195 4.8682 9.0972 8.8164;
	5.4861 2.2708 1.9748 0.5068 4.9414 286.073 35.7591 41.5206 191.4908 34.7502 17.5872 62.9327;
	5.9223 3.3171 3.4286 0.6869 5.6343 246.0377 30.7547 37.6076 162.121 112.5652 44.0821 203.8563;
	11.9482 10.8395 10.8141 2.6865 3.7539 248.5229 31.0654 43.522 112.812 228.4138 117.2591 413.6587;
	10.6898 9.5184 10.3222 3.1903 3.2999 302.5745 37.8218 42.3623 115.7768 223.1347 123.8387 404.0982;
	6.0276 6.8235 4.9029 2.1695 2.8317 316.4491 39.5561 33.0817 121.1692 128.6173 83.1414 232.9268;
	2.5639 2.5167 1.1204 1.2748 2.9738 278.2826 34.7853 10.8689 171.1247 27.0383 21.5188 48.9665;
	1.2686 1.0049 0.753 0.819 1.024 64.463 8.0579 11.3463 41.9167 12.9691 3.2442 23.4872;
	0.0 0.0 0.0 0.0 0.0 0.0 0.0 0.0 0.0 0.0 0.0 0.0;
	0.0 0.0 0.0 0.0 0.0 0.0 0.0 0.0 0.0 0.0 0.0 0.0;
	0.0 0.0 0.0 0.0 0.0 0.0 0.0 0.0 0.0 0.0 0.0 0.0;
	0.0 0.0 0.0 0.0 0.0 0.0 0.0 0.0 0.0 0.0 0.0 0.0;
	0.0 0.0 0.0 0.0 0.0 0.0 0.0 0.0 0.0 0.0 0.0 0.0;
	0.0 0.0 0.0 0.0 0.0 0.0 0.0 0.0 0.0 0.0 0.0 0.0;
	0.0 0.0 0.0 0.0 0.0 0.0 0.0 0.0 0.0 0.0 0.0 0.0;
];
