function windprofile = ex_wind_profilesh1
%EX_WIND_PROFILE_D  Example wind_load_nyiso profile data for deterministic unit commitment.
% 2022.03.12
% Andres F. Ramirez


%% define constants
[GEN_BUS, PG, QG, QMAX, QMIN, VG, MBASE, GEN_STATUS, PMAX, PMIN, ...
    MU_PMAX, MU_PMIN, MU_QMAX, MU_QMIN, PC1, PC2, QC1MIN, QC1MAX, ...
    QC2MIN, QC2MAX, RAMP_AGC, RAMP_10, RAMP_30, RAMP_Q, APF] = idx_gen;
[CT_LABEL, CT_PROB, CT_TABLE, CT_TBUS, CT_TGEN, CT_TBRCH, CT_TAREABUS, ...
    CT_TAREAGEN, CT_TAREABRCH, CT_ROW, CT_COL, CT_CHGTYPE, CT_REP, ...
    CT_REL, CT_ADD, CT_NEWVAL, CT_TLOAD, CT_TAREALOAD, CT_LOAD_ALL_PQ, ...
    CT_LOAD_FIX_PQ, CT_LOAD_DIS_PQ, CT_LOAD_ALL_P, CT_LOAD_FIX_P, ...
    CT_LOAD_DIS_P, CT_TGENCOST, CT_TAREAGENCOST, CT_MODCOST_F, ...
    CT_MODCOST_X] = idx_ct;

windprofile = struct( ...
    'type', 'mpcData', ...
    'table', CT_TGEN, ...
    'rows', [1:45], ...
    'col', PMAX, ...
    'chgtype', 1, ...
    'values', [] );
windprofile.values(:,1,:) = [
	3.7437 50.5854 89.7829 115.997 14.2608 32.1482 29.9904 17.6804 27.2136 29.217 54.0071 80.568 121.2947 69.9851 199.3205 75.0929 93.1708 98.7332 91.4818 72.6242 9.9968 75.0125 74.6926 84.5315 103.2453 71.0388 13.4045 1279.1697 789.1341 789.1341 573.1972 118.9689 304.9392 186.9349 219.4127 336.6972 1283.1621 234.5307 472.6689 276.5498 120.9469 356.6306 201.6534 273.8397 1296.5284;
	3.8101 51.4833 89.7298 115.0748 14.6698 31.9907 26.4523 17.9412 26.8363 29.694 54.889 81.8836 123.2752 69.772 189.0995 71.2422 88.393 93.6702 90.6816 69.8195 8.8174 74.6449 74.5592 85.3388 101.0103 71.1106 13.7137 1287.3472 795.5056 795.5056 602.3923 107.9556 302.2719 179.7155 218.7448 339.4157 1286.5007 217.7713 459.1807 270.5634 117.0725 354.8833 184.8933 272.6326 1299.9018;
	3.7694 50.9323 88.4929 114.2589 14.6847 33.2045 21.7113 17.7303 26.8088 30.0862 55.6138 82.9649 124.9032 69.9426 200.8033 75.6515 93.8639 99.4677 90.7474 71.4946 7.2371 77.4771 75.0854 85.6343 99.0491 73.0175 13.7435 1297.0897 786.7679 786.7679 636.9968 105.35 302.4913 184.0273 219.2794 335.6876 1315.4339 223.2442 429.912 265.31 117.0289 368.3483 194.779 265.0695 1329.1363;
	3.6176 48.8823 87.5645 111.8541 14.3358 31.7313 22.3735 17.1092 26.5686 30.1434 55.7197 83.1228 125.1409 69.3881 200.213 75.4291 93.5879 99.1753 92.4045 70.5151 7.4578 74.0396 73.2969 85.0031 97.3304 68.9393 13.4241 1303.1622 767.2603 767.2603 649.669 107.638 308.0151 181.5062 217.5412 327.3644 1308.5456 244.0637 428.3719 260.7063 114.717 352.0055 158.9332 265.9549 1322.1762;
	3.6736 49.638 86.3747 108.8113 14.5681 31.4713 29.7059 15.6006 26.7877 29.888 55.2475 82.4184 124.0805 69.8815 203.697 76.7417 95.2165 100.9011 92.1986 72.3855 9.902 73.4331 73.4032 76.611 91.366 69.2286 13.0463 1289.8224 793.8005 793.8005 717.7181 109.4185 307.3285 186.3204 219.0879 338.6882 1309.904 258.9023 445.6996 244.7305 112.9583 349.1219 195.0549 260.5527 1323.5488;
	3.6271 49.01 86.728 109.6899 14.9188 31.5596 28.4728 16.7554 27.3404 29.2929 54.1474 80.7773 121.6097 69.4093 204.2484 76.9494 95.4742 101.1742 89.8355 71.7871 9.4909 73.6391 73.9715 82.4498 93.9861 69.2071 13.0668 1301.6152 781.1531 781.1531 747.282 111.9892 299.4517 184.7803 217.6075 333.292 1292.6111 257.2123 446.4848 251.7486 114.2423 350.1014 182.7704 263.9013 1306.0758;
	3.5743 48.296 86.3094 111.2338 14.6341 31.9693 30.5677 16.1936 26.7498 29.7984 55.082 82.1715 123.7087 68.6963 203.674 76.733 95.2057 100.8897 91.0605 73.1045 10.1892 74.5949 74.4436 80.4232 92.8951 67.6108 12.8911 1323.7552 774.9241 774.9241 737.2986 112.6376 303.5349 188.1712 215.3722 330.6343 1340.0537 294.5637 461.0205 248.8263 114.0648 354.6457 170.3708 257.6486 1354.0126;
	3.5904 48.5148 87.9511 116.616 14.7753 32.9015 29.1701 17.0613 26.066 30.0046 55.4631 82.74 124.5646 68.3131 204.3683 76.9946 95.5303 101.2336 92.6938 72.4846 9.7234 76.7703 74.5148 85.543 97.4504 69.335 12.7373 1321.3178 792.1146 792.1146 735.8257 111.8809 308.9794 186.5756 214.1707 337.9689 1338.596 307.9058 449.6082 261.0279 117.2314 364.9878 181.6759 261.1796 1352.5397;
	3.7264 50.3524 88.9763 115.8119 14.8367 33.7906 30.6711 17.6268 27.1828 30.6848 56.7205 84.6158 127.3886 67.3095 201.0242 75.7347 93.9671 99.5771 92.639 72.4882 10.2237 78.8448 74.8869 85.1121 98.1085 69.6638 12.8746 1326.2912 789.9896 789.9896 712.1876 115.8646 308.7967 186.5848 211.0244 337.0622 1336.1424 300.3525 466.7254 262.7906 116.9767 374.8507 210.4619 264.0749 1350.0606;
	3.6515 49.3401 93.3836 119.0768 15.0427 34.2998 24.9277 18.5519 27.1785 29.1262 53.8393 80.3177 120.9178 69.4522 196.1696 73.9057 91.6979 97.1724 88.2364 72.7135 8.3092 80.033 74.7213 88.669 103.1816 73.8504 13.4208 1335.8836 772.0253 772.0253 698.5835 116.4443 294.1214 187.1646 217.742 329.3975 1265.028 305.8755 467.0958 276.3793 116.4578 380.4996 204.8807 275.3456 1278.2053;
	3.8157 51.5587 89.6372 113.6529 15.0339 33.9871 26.4846 18.0223 27.5534 30.5096 56.3966 84.1327 126.6613 68.7813 198.3269 74.7185 92.7063 98.241 88.6153 73.938 8.8282 79.3031 75.093 84.0044 97.8689 70.7731 13.2417 1317.2693 790.045 790.045 721.9749 114.0862 295.3844 190.3166 215.6387 337.0859 1302.0617 316.7328 462.5418 262.1488 119.9281 377.0298 210.4585 266.1787 1315.6248;
	3.8725 52.3257 90.0283 114.9101 15.3044 34.6204 26.3621 18.3062 28.3432 29.9135 55.2947 82.4888 124.1864 68.7105 202.0513 76.1217 94.4472 100.0859 87.7351 73.8541 8.7874 80.7809 75.1691 85.8597 99.5938 72.6374 13.0827 1339.0629 782.6165 782.6165 738.9274 116.3918 292.4502 190.1006 215.4167 333.9164 1297.5526 328.9629 465.0374 266.7691 120.9503 384.0557 208.4264 273.8918 1311.0688;
	3.8635 52.2038 89.387 111.8181 15.0547 33.1913 26.4067 18.5779 28.1113 29.7114 54.9211 81.9315 123.3474 67.4849 198.9901 74.9683 93.0163 98.5695 88.3137 73.6072 8.8022 77.4463 72.1174 85.0368 101.015 73.3656 13.2681 1295.6721 787.9863 787.9863 735.9775 115.0941 294.3791 189.4651 211.5743 336.2075 1273.9408 325.3234 444.6314 270.5759 122.8584 368.2016 202.5362 274.4657 1287.211;
	3.8073 51.4446 91.1963 113.28 15.1978 33.7659 25.5309 18.3076 27.9709 29.5114 54.5513 81.3798 122.5169 66.8077 200.0993 75.3863 93.5348 99.119 86.4677 73.5669 8.5103 78.7872 73.0408 85.5778 99.2509 74.0204 13.0595 1257.1034 794.7587 794.7587 746.0761 115.4613 288.2256 189.3614 209.4511 339.0971 1288.5735 333.7931 443.0358 265.8506 119.8556 374.5767 203.8094 276.5492 1301.9962;
	3.7283 50.3781 91.4466 113.3732 15.0943 33.4361 21.5259 18.1236 27.3172 28.6152 52.8948 78.9086 118.7964 67.028 199.1799 75.0399 93.105 98.6635 88.9953 72.0303 7.1753 78.0175 73.201 88.2069 103.0863 71.2999 13.3958 1242.427 797.9313 797.9313 741.0726 115.8419 296.6509 185.4062 210.1417 340.4507 1273.1248 314.4244 438.8149 276.1241 120.563 370.9177 204.0521 271.5555 1286.3865;
	3.6724 49.6226 88.1072 111.3322 15.0331 32.5183 20.3184 17.753 26.3393 27.0506 50.0027 74.5941 112.301 65.988 181.7022 68.4552 84.9352 90.006 87.845 69.5133 6.7728 75.8761 69.1126 85.9122 97.6506 70.0016 12.8831 1230.8831 758.9574 758.9574 658.477 117.3986 292.8167 178.9275 206.8812 323.8218 1221.2566 300.1428 437.3832 261.5642 117.5635 360.7366 197.9871 262.7526 1233.9781;
	3.7619 50.8312 87.1647 108.2894 15.1526 30.2712 20.3621 17.0951 26.9668 28.4606 52.609 78.4823 118.1546 67.1458 188.8551 71.15 88.2788 93.5491 89.2251 69.9808 6.7874 70.6327 71.1938 83.8298 96.3412 57.3898 11.88 1228.5183 730.05 730.05 581.9484 116.2339 297.417 180.1309 210.5112 311.488 1197.839 284.2647 440.8718 258.0567 113.244 335.8081 182.9273 228.6862 1210.3165;
	3.8164 51.5681 89.838 111.4545 15.3837 29.3812 17.9719 13.638 27.2493 25.7818 47.6573 71.0952 107.0335 66.1665 184.4672 69.497 86.2277 91.3756 91.7256 68.7413 5.9906 68.5561 71.0729 88.0751 100.0739 72.0171 10.1764 1205.3707 737.9573 737.9573 617.067 111.3173 305.7519 176.9404 207.4408 314.8618 1244.1073 262.5356 450.5501 268.0552 115.5677 325.9351 181.7611 215.5024 1257.0667;
