function solarprofile = ex_solar_profilesh1
%EX_WIND_PROFILE_D  Example wind_load_nyiso profile data for deterministic unit commitment.
% 2022.03.12
% Andres F. Ramirez


%% define constants
[GEN_BUS, PG, QG, QMAX, QMIN, VG, MBASE, GEN_STATUS, PMAX, PMIN, ...
    MU_PMAX, MU_PMIN, MU_QMAX, MU_QMIN, PC1, PC2, QC1MIN, QC1MAX, ...
    QC2MIN, QC2MAX, RAMP_AGC, RAMP_10, RAMP_30, RAMP_Q, APF] = idx_gen;
[CT_LABEL, CT_PROB, CT_TABLE, CT_TBUS, CT_TGEN, CT_TBRCH, CT_TAREABUS, ...
    CT_TAREAGEN, CT_TAREABRCH, CT_ROW, CT_COL, CT_CHGTYPE, CT_REP, ...
    CT_REL, CT_ADD, CT_NEWVAL, CT_TLOAD, CT_TAREALOAD, CT_LOAD_ALL_PQ, ...
    CT_LOAD_FIX_PQ, CT_LOAD_DIS_PQ, CT_LOAD_ALL_P, CT_LOAD_FIX_P, ...
    CT_LOAD_DIS_P, CT_TGENCOST, CT_TAREAGENCOST, CT_MODCOST_F, ...
    CT_MODCOST_X] = idx_ct;

solarprofile = struct( ...
    'type', 'mpcData', ...
    'table', CT_TGEN, ...
    'rows', [1:12], ...
    'col', PMAX, ...
    'chgtype', 1, ...
    'values', [] );
solarprofile.values(:,1,:) = [
	0.0 0.0 0.0 0.0 0.0 0.0 0.0 0.0 0.0 0.0 0.0 0.0;
	0.0 0.0 0.0 0.0 0.0 0.0 0.0 0.0 0.0 0.0 0.0 0.0;
	0.0 0.0 0.0 0.0 0.0 0.0 0.0 0.0 0.0 0.0 0.0 0.0;
	0.0 0.0 0.0 0.0 0.0 0.0 0.0 0.0 0.0 0.0 0.0 0.0;
	0.0 0.0 0.0 0.0 0.0 0.0 0.0 0.0 0.0 0.0 0.0 0.0;
	1.0325 0.8207 0.7016 0.0 0.0 9.4835 1.1854 4.1975 0.4191 0.0 0.0 0.0;
	8.138 3.1533 3.9308 1.825 4.8144 328.8152 41.1019 32.3457 156.7459 62.7775 10.0556 113.6904;
	8.3989 7.461 4.2667 4.7095 5.234 337.4302 42.1788 42.1358 162.8193 161.2359 109.0536 291.9993;
	11.1232 12.4694 9.8306 7.686 5.1473 359.2594 44.9074 42.5114 155.8928 262.3919 200.3402 475.1934;
	19.3292 9.8965 12.6696 5.5768 2.5948 386.4917 48.3115 46.6084 130.5637 219.6758 156.8612 397.8342;
	22.8221 14.4907 12.885 5.6443 4.1128 423.5179 52.9397 58.0403 199.6047 245.5939 149.2939 444.772;
	24.6185 16.3274 11.9519 5.1153 4.419 430.2565 53.7821 63.6636 228.9115 255.2014 157.2017 462.1713;
	18.3476 15.7409 7.3461 2.8497 1.7263 398.2952 49.7869 63.1528 113.5228 201.9749 165.1451 365.7777;
	11.3279 13.392 6.3648 1.7989 1.1889 384.0098 48.0012 61.7202 49.656 168.5442 170.601 305.2346;
	6.909 9.0321 6.3885 1.3608 0.6977 387.7384 48.4673 58.9883 36.2587 112.2159 118.1975 203.2237;
	5.2721 6.3011 5.836 2.1234 1.1342 386.6425 48.3303 56.0538 101.7528 31.2946 44.1461 56.6747;
	1.315 1.3381 1.0474 1.1016 0.998 89.2812 11.1601 17.6592 46.6273 13.4536 23.1581 24.3645;
	0.0 0.0 0.0 0.0 0.0 0.0 0.0 0.0 0.0 0.0 0.0 0.0;
	0.0 0.0 0.0 0.0 0.0 0.0 0.0 0.0 0.0 0.0 0.0 0.0;
	0.0 0.0 0.0 0.0 0.0 0.0 0.0 0.0 0.0 0.0 0.0 0.0;
	0.0 0.0 0.0 0.0 0.0 0.0 0.0 0.0 0.0 0.0 0.0 0.0;
	0.0 0.0 0.0 0.0 0.0 0.0 0.0 0.0 0.0 0.0 0.0 0.0;
	0.0 0.0 0.0 0.0 0.0 0.0 0.0 0.0 0.0 0.0 0.0 0.0;
	0.0 0.0 0.0 0.0 0.0 0.0 0.0 0.0 0.0 0.0 0.0 0.0;
];
