function solarprofile = ex_solar_profilesh1
%EX_WIND_PROFILE_D  Example wind_load_nyiso profile data for deterministic unit commitment.
% 2022.03.12
% Andres F. Ramirez


%% define constants
[GEN_BUS, PG, QG, QMAX, QMIN, VG, MBASE, GEN_STATUS, PMAX, PMIN, ...
    MU_PMAX, MU_PMIN, MU_QMAX, MU_QMIN, PC1, PC2, QC1MIN, QC1MAX, ...
    QC2MIN, QC2MAX, RAMP_AGC, RAMP_10, RAMP_30, RAMP_Q, APF] = idx_gen;
[CT_LABEL, CT_PROB, CT_TABLE, CT_TBUS, CT_TGEN, CT_TBRCH, CT_TAREABUS, ...
    CT_TAREAGEN, CT_TAREABRCH, CT_ROW, CT_COL, CT_CHGTYPE, CT_REP, ...
    CT_REL, CT_ADD, CT_NEWVAL, CT_TLOAD, CT_TAREALOAD, CT_LOAD_ALL_PQ, ...
    CT_LOAD_FIX_PQ, CT_LOAD_DIS_PQ, CT_LOAD_ALL_P, CT_LOAD_FIX_P, ...
    CT_LOAD_DIS_P, CT_TGENCOST, CT_TAREAGENCOST, CT_MODCOST_F, ...
    CT_MODCOST_X] = idx_ct;

solarprofile = struct( ...
    'type', 'mpcData', ...
    'table', CT_TGEN, ...
    'rows', [1:12], ...
    'col', PMAX, ...
    'chgtype', 1, ...
    'values', [] );
solarprofile.values(:,1,:) = [
	0.0 0.0 0.0 0.0 0.0 0.0 0.0 0.0 0.0 0.0 0.0 0.0;
	0.0 0.0 0.0 0.0 0.0 0.0 0.0 0.0 0.0 0.0 0.0 0.0;
	0.0 0.0 0.0 0.0 0.0 0.0 0.0 0.0 0.0 0.0 0.0 0.0;
	0.0 0.0 0.0 0.0 0.0 0.0 0.0 0.0 0.0 0.0 0.0 0.0;
	0.0 0.0 0.0 0.0 0.0 0.0 0.0 0.0 0.0 0.0 0.0 0.0;
	1.0111 0.8269 0.7032 0.0 0.0 9.6053 1.2007 4.1882 0.6066 0.0 0.0 0.0;
	9.2739 8.4769 7.4673 4.0587 0.6211 309.1799 38.6475 31.5166 136.0488 76.2267 28.1625 138.047;
	15.5993 13.2695 11.1049 3.2489 0.8765 356.4201 44.5525 42.6486 195.7948 154.5773 77.3355 279.9405;
	20.3555 16.2722 13.603 3.6298 0.8526 373.7492 46.7187 45.3694 199.3541 109.637 112.824 198.5533;
	25.2049 16.3521 13.7246 3.1623 1.3147 291.4229 36.4279 51.5687 124.8226 19.2226 95.4422 34.8123;
	23.1957 16.3184 12.9878 5.689 2.7837 262.8963 32.862 54.545 115.9162 51.415 119.8103 93.1128;
	16.6136 14.6936 10.5942 7.1029 5.0665 270.922 33.8652 55.5636 119.1886 133.8928 152.6062 242.4808;
	11.4371 8.7498 9.0906 7.7987 6.171 289.583 36.1979 62.6757 99.1353 194.0531 158.6454 351.4314;
	15.2239 8.0864 10.4077 5.0539 5.4606 293.4027 36.6753 63.6369 96.4301 167.7775 147.5459 303.8461;
	15.8334 9.4227 10.0616 3.6204 4.0882 284.0843 35.5105 62.2591 104.1929 101.6162 87.3782 184.0276;
	12.0376 7.0086 6.6865 2.939 3.3583 204.1097 25.5137 42.1445 172.2851 9.3322 17.4051 16.9007;
	1.2153 1.0025 0.8073 0.8732 1.2199 79.7364 9.967 11.5672 51.0811 0.0 0.0 0.0;
	0.0 0.0 0.0 0.0 0.0 0.0 0.0 0.0 0.0 0.0 0.0 0.0;
	0.0 0.0 0.0 0.0 0.0 0.0 0.0 0.0 0.0 0.0 0.0 0.0;
	0.0 0.0 0.0 0.0 0.0 0.0 0.0 0.0 0.0 0.0 0.0 0.0;
	0.0 0.0 0.0 0.0 0.0 0.0 0.0 0.0 0.0 0.0 0.0 0.0;
	0.0 0.0 0.0 0.0 0.0 0.0 0.0 0.0 0.0 0.0 0.0 0.0;
	0.0 0.0 0.0 0.0 0.0 0.0 0.0 0.0 0.0 0.0 0.0 0.0;
	0.0 0.0 0.0 0.0 0.0 0.0 0.0 0.0 0.0 0.0 0.0 0.0;
];
