function loadprofile = ex_load_profilesh1
%EX_LOAD_PROFILE  Example load profile data file for stochastic unit commitment.
% 2022.03.12
% Andres F. Ramirez

%% define constants
[CT_LABEL, CT_PROB, CT_TABLE, CT_TBUS, CT_TGEN, CT_TBRCH, CT_TAREABUS, ...
    CT_TAREAGEN, CT_TAREABRCH, CT_ROW, CT_COL, CT_CHGTYPE, CT_REP, ...
    CT_REL, CT_ADD, CT_NEWVAL, CT_TLOAD, CT_TAREALOAD, CT_LOAD_ALL_PQ, ...
    CT_LOAD_FIX_PQ, CT_LOAD_DIS_PQ, CT_LOAD_ALL_P, CT_LOAD_FIX_P, ...
    CT_LOAD_DIS_P, CT_TGENCOST, CT_TAREAGENCOST, CT_MODCOST_F, ...
    CT_MODCOST_X] = idx_ct;

loadprofile = struct( ...
    'type', 'mpcData', ...
    'table', CT_TAREALOAD, ...
    'rows', [1:11], ...
    'col', CT_LOAD_ALL_P, ...
    'chgtype', 1, ...
    'values', [] );
loadprofile.values(:,1,:) = [
	1500.1 895.2 1385.4601 554.3381 721.675 1053.3875 841.7 221.3895 453.7037 4626.1574 1643.9759;
	1510.0 898.5 1402.0241 562.5617 724.7728 1069.2629 839.2024 226.5462 453.2451 4543.6003 1642.4304;
	1473.5616 908.3 1406.9553 555.4 739.2599 1073.6434 839.1 229.3398 442.0011 4460.4195 1637.0076;
	1526.5174 943.2499 1483.1691 562.2153 772.8533 1114.0922 868.7819 232.9914 456.6839 4557.2931 1694.9074;
	1655.5091 1026.6654 1619.5831 559.4 844.5 1163.2316 925.236 259.6 491.4787 4863.1923 1814.533;
	1723.9023 1074.2526 1715.2757 573.9 890.6 1246.8373 993.1805 274.0735 547.9174 5089.2587 1951.8228;
	1749.7 1111.1726 1766.6739 587.4863 912.6024 1265.767 1016.8943 297.1 552.6632 5279.9176 2036.7467;
	1791.9877 1138.0127 1848.2 616.859 943.2414 1282.0 1015.4788 280.0567 548.9009 5265.1546 2061.73;
	1800.5489 1131.1387 1880.8782 608.8165 971.0 1247.894 997.5 291.9985 539.2078 5231.121 2014.4596;
	1791.1948 1115.9177 1898.9343 604.7328 998.0032 1271.2702 1051.5788 311.9091 564.3605 5323.1849 2050.2197;
	1821.9742 1112.0789 1871.2525 600.4707 982.0 1259.4098 1062.1901 306.5113 594.6583 5384.3188 2055.335;
	1797.3216 1090.5495 1834.0755 608.5 973.1406 1230.9699 1032.3212 301.3283 579.5 5397.8883 1928.9912;
	1780.7757 1063.5455 1726.4283 589.1 924.8381 1167.5836 1018.4408 299.0 589.8651 5259.1331 1910.2389;
	1742.3024 1075.169 1757.7122 578.8891 924.5202 1225.0035 1051.7165 309.5881 604.277 5349.0922 1971.8146;
	1737.7541 1090.4118 1778.4217 555.2442 915.7 1239.6771 1124.0401 296.5566 618.4542 5469.3535 2111.3642;
	1763.4894 1124.7533 1861.3477 568.7533 904.165 1308.3751 1147.3027 304.3431 636.6 5450.5832 2127.2878;
	1776.4014 1110.0961 1872.2 574.0135 896.904 1327.5213 1162.786 295.594 683.2397 5489.2455 2181.5918;
	1852.7579 1185.4159 1933.5215 589.1119 955.2506 1374.2162 1194.4539 326.1201 705.7644 5523.8175 2283.6308;
	1871.1488 1191.3175 1953.6719 603.4515 941.5312 1382.1089 1196.5689 325.554 719.9427 5448.9409 2321.284;
	1800.3824 1121.6721 1843.5482 581.8517 877.7363 1323.3311 1142.3857 316.961 689.1334 5310.5578 2229.0563;
	1744.5862 1048.0 1762.9592 559.5461 842.013 1257.3109 1097.2214 327.2896 658.7601 5136.9196 2133.4723;
	1648.2745 998.1825 1667.7941 546.3208 779.3763 1195.8 1013.223 302.2072 632.1065 4906.0155 1972.2941;
	1626.4007 978.4867 1634.2202 562.4437 785.1077 1085.595 931.3661 251.1136 565.6205 4750.4849 1866.5683;
	1572.3664 976.7118 1642.6901 579.0 800.7504 1068.0055 890.4499 239.4501 530.8 4681.0794 1776.2602;
];
