function loadprofile = ex_load_profilesh1
%EX_LOAD_PROFILE  Example load profile data file for stochastic unit commitment.
% 2022.03.12
% Andres F. Ramirez

%% define constants
[CT_LABEL, CT_PROB, CT_TABLE, CT_TBUS, CT_TGEN, CT_TBRCH, CT_TAREABUS, ...
    CT_TAREAGEN, CT_TAREABRCH, CT_ROW, CT_COL, CT_CHGTYPE, CT_REP, ...
    CT_REL, CT_ADD, CT_NEWVAL, CT_TLOAD, CT_TAREALOAD, CT_LOAD_ALL_PQ, ...
    CT_LOAD_FIX_PQ, CT_LOAD_DIS_PQ, CT_LOAD_ALL_P, CT_LOAD_FIX_P, ...
    CT_LOAD_DIS_P, CT_TGENCOST, CT_TAREAGENCOST, CT_MODCOST_F, ...
    CT_MODCOST_X] = idx_ct;

loadprofile = struct( ...
    'type', 'mpcData', ...
    'table', CT_TAREALOAD, ...
    'rows', [1:11], ...
    'col', CT_LOAD_ALL_P, ...
    'chgtype', 1, ...
    'values', [] );
loadprofile.values(:,1,:) = [
	1507.3486 889.3751 1518.1737 535.1035 764.9607 1091.6307 878.4263 255.8427 494.9 4465.6281 1690.8123;
	1479.9606 873.2458 1504.8602 526.4337 728.6545 1079.7098 865.2433 243.1846 491.0523 4389.0697 1640.7517;
	1523.6239 889.64 1540.7972 532.8134 769.7799 1116.723 862.3 247.3202 495.9524 4316.5791 1648.7551;
	1501.496 909.2 1577.1 542.3815 765.9 1094.391 859.8323 253.6378 498.0505 4270.9938 1648.1233;
	1567.7496 965.9571 1671.6912 557.5 813.8919 1158.0815 905.9 257.9402 507.4706 4444.1726 1755.1781;
	1618.8697 1004.4985 1738.6873 570.1 904.7 1211.4914 956.5675 270.6358 552.8 4729.2 1857.4546;
	1658.9889 1034.0277 1760.7975 575.8831 920.4981 1267.3454 1008.3 280.8535 576.3863 4897.705 1876.0756;
	1685.6609 1072.3669 1836.347 581.6385 901.2937 1296.4614 1027.2765 284.5 597.266 5003.8584 1888.7371;
	1724.6 1102.1687 1855.458 568.9718 909.6 1349.7464 1060.6127 291.8915 593.3048 5183.5082 1878.0522;
	1740.142 1142.7148 1917.8805 569.8426 925.6 1420.4494 1099.8088 302.7629 609.3931 5315.7901 1903.8746;
	1731.5577 1148.5532 1898.314 557.443 892.9231 1412.4608 1086.7834 312.3452 618.0 5405.1148 2030.5878;
	1747.7 1150.6338 1857.612 537.2421 897.7492 1377.4558 1089.6581 318.5847 610.5745 5408.2 2071.4342;
	1704.0576 1132.6976 1836.0384 532.7437 885.419 1353.1771 1056.9713 322.2032 604.631 5367.6382 1967.8738;
	1685.6281 1123.4591 1858.0105 521.9403 882.7564 1342.453 1024.1104 316.8 607.6285 5247.9566 1971.8006;
	1708.1656 1119.1118 1842.5342 547.772 904.9345 1360.7334 1008.7992 300.2167 601.9536 5178.4799 1977.6795;
	1741.1552 1127.6231 1861.1658 552.9842 920.6606 1393.5823 1070.5525 308.4999 635.8845 5328.747 2065.4947;
	1790.5433 1111.8148 1870.9926 574.3189 934.6535 1391.7283 1089.3111 342.7449 634.2 5396.8025 2139.8;
	1835.4878 1124.9053 1934.6655 612.7469 1004.9221 1442.0171 1133.5 346.0 670.3165 5528.9989 2244.9875;
	1858.9257 1153.4253 1945.6946 600.4159 983.0 1411.8574 1104.4473 343.3 653.5 5461.8744 2238.7323;
	1814.5233 1096.1708 1868.0695 563.2726 934.8927 1361.5034 1077.749 327.3 653.1 5254.7957 2156.485;
	1717.6 1010.6 1756.3 545.3361 872.2524 1279.7 1032.5629 309.1 606.0396 5041.9016 2008.0077;
	1618.8348 948.1981 1680.5078 546.9174 811.2897 1195.1579 975.9 308.091 582.9545 4885.7357 1935.3435;
	1610.9322 944.0 1667.7815 569.4001 826.84 1183.1323 947.3861 282.1909 565.606 4845.8051 1850.3803;
	1565.2711 941.4 1662.0057 563.8 836.3526 1209.7706 929.5165 273.2 541.9002 4678.4057 1734.2563;
];
