function solarprofile = ex_solar_profilesh1
%EX_WIND_PROFILE_D  Example wind_load_nyiso profile data for deterministic unit commitment.
% 2022.03.12
% Andres F. Ramirez


%% define constants
[GEN_BUS, PG, QG, QMAX, QMIN, VG, MBASE, GEN_STATUS, PMAX, PMIN, ...
    MU_PMAX, MU_PMIN, MU_QMAX, MU_QMIN, PC1, PC2, QC1MIN, QC1MAX, ...
    QC2MIN, QC2MAX, RAMP_AGC, RAMP_10, RAMP_30, RAMP_Q, APF] = idx_gen;
[CT_LABEL, CT_PROB, CT_TABLE, CT_TBUS, CT_TGEN, CT_TBRCH, CT_TAREABUS, ...
    CT_TAREAGEN, CT_TAREABRCH, CT_ROW, CT_COL, CT_CHGTYPE, CT_REP, ...
    CT_REL, CT_ADD, CT_NEWVAL, CT_TLOAD, CT_TAREALOAD, CT_LOAD_ALL_PQ, ...
    CT_LOAD_FIX_PQ, CT_LOAD_DIS_PQ, CT_LOAD_ALL_P, CT_LOAD_FIX_P, ...
    CT_LOAD_DIS_P, CT_TGENCOST, CT_TAREAGENCOST, CT_MODCOST_F, ...
    CT_MODCOST_X] = idx_ct;

solarprofile = struct( ...
    'type', 'mpcData', ...
    'table', CT_TGEN, ...
    'rows', [1:12], ...
    'col', PMAX, ...
    'chgtype', 1, ...
    'values', [] );
solarprofile.values(:,1,:) = [
	0.0 0.0 0.0 0.0 0.0 0.0 0.0 0.0 0.0 0.0 0.0 0.0;
	0.0 0.0 0.0 0.0 0.0 0.0 0.0 0.0 0.0 0.0 0.0 0.0;
	0.0 0.0 0.0 0.0 0.0 0.0 0.0 0.0 0.0 0.0 0.0 0.0;
	0.0 0.0 0.0 0.0 0.0 0.0 0.0 0.0 0.0 0.0 0.0 0.0;
	0.0 0.0 0.0 0.0 0.0 0.0 0.0 0.0 0.0 0.0 0.0 0.0;
	1.0163 0.8464 0.7045 0.0 0.0 9.5307 1.1913 4.1882 3.2182 0.0 0.0 0.0;
	9.5305 6.8459 6.0737 3.3854 2.4784 228.1891 28.5236 21.9199 104.7529 28.8311 37.998 52.2133;
	23.0039 15.7632 13.6694 3.9688 3.4217 281.0604 35.1325 33.67 90.3712 122.6206 108.6821 222.0666;
	25.2317 16.6742 14.0579 5.7733 5.0306 334.3424 41.7928 36.7229 145.6991 259.1913 136.642 469.3969;
	25.2049 16.3661 13.8 5.1494 5.8263 372.6113 46.5764 32.0989 247.6638 220.5786 127.9698 399.4692;
	23.6281 14.4205 13.7751 5.4192 6.4779 362.3122 45.289 45.0058 228.8711 228.1212 134.9385 413.1289;
	25.0858 15.4928 13.8 5.1951 5.9609 329.8465 41.2308 51.2355 179.674 217.8123 146.6042 394.4594;
	25.7981 16.4688 13.6917 4.6791 2.7252 240.5596 30.07 45.8948 78.722 145.4559 110.1525 263.4216;
	25.2525 17.0476 14.0568 3.9951 2.0142 257.4369 32.1796 39.5571 84.1727 135.6279 99.928 245.6229;
	22.4012 15.2377 12.0128 2.9615 1.4756 277.1163 34.6395 23.1654 104.5829 98.1432 77.3436 177.7379;
	6.5303 2.0798 2.5179 2.1369 1.5018 208.5358 26.067 7.368 128.1951 24.817 45.3721 44.9438;
	1.2652 0.9663 0.7734 0.7691 1.0238 62.3317 7.7915 11.4323 32.2684 7.4298 12.2219 13.4554;
	0.0 0.0 0.0 0.0 0.0 0.0 0.0 0.0 0.0 0.0 0.0 0.0;
	0.0 0.0 0.0 0.0 0.0 0.0 0.0 0.0 0.0 0.0 0.0 0.0;
	0.0 0.0 0.0 0.0 0.0 0.0 0.0 0.0 0.0 0.0 0.0 0.0;
	0.0 0.0 0.0 0.0 0.0 0.0 0.0 0.0 0.0 0.0 0.0 0.0;
	0.0 0.0 0.0 0.0 0.0 0.0 0.0 0.0 0.0 0.0 0.0 0.0;
	0.0 0.0 0.0 0.0 0.0 0.0 0.0 0.0 0.0 0.0 0.0 0.0;
	0.0 0.0 0.0 0.0 0.0 0.0 0.0 0.0 0.0 0.0 0.0 0.0;
];
