function windprofile = ex_wind_profilesh1
%EX_WIND_PROFILE_D  Example wind_load_nyiso profile data for deterministic unit commitment.
% 2022.03.12
% Andres F. Ramirez


%% define constants
[GEN_BUS, PG, QG, QMAX, QMIN, VG, MBASE, GEN_STATUS, PMAX, PMIN, ...
    MU_PMAX, MU_PMIN, MU_QMAX, MU_QMIN, PC1, PC2, QC1MIN, QC1MAX, ...
    QC2MIN, QC2MAX, RAMP_AGC, RAMP_10, RAMP_30, RAMP_Q, APF] = idx_gen;
[CT_LABEL, CT_PROB, CT_TABLE, CT_TBUS, CT_TGEN, CT_TBRCH, CT_TAREABUS, ...
    CT_TAREAGEN, CT_TAREABRCH, CT_ROW, CT_COL, CT_CHGTYPE, CT_REP, ...
    CT_REL, CT_ADD, CT_NEWVAL, CT_TLOAD, CT_TAREALOAD, CT_LOAD_ALL_PQ, ...
    CT_LOAD_FIX_PQ, CT_LOAD_DIS_PQ, CT_LOAD_ALL_P, CT_LOAD_FIX_P, ...
    CT_LOAD_DIS_P, CT_TGENCOST, CT_TAREAGENCOST, CT_MODCOST_F, ...
    CT_MODCOST_X] = idx_ct;

windprofile = struct( ...
    'type', 'mpcData', ...
    'table', CT_TGEN, ...
    'rows', [1:45], ...
    'col', PMAX, ...
    'chgtype', 1, ...
    'values', [] );
windprofile.values(:,1,:) = [
	3.5226 47.5987 88.2445 110.1063 14.1303 31.5929 29.0932 17.7211 26.6406 26.9033 49.7304 74.188 111.6896 66.4638 184.5772 69.5384 86.2791 91.4301 76.9745 69.1256 9.6977 73.7167 73.3688 82.1491 100.2407 71.9906 12.9533 1347.0082 765.1308 765.1308 564.9828 114.11 256.5818 177.9295 208.373 326.4558 1279.9951 222.7704 461.6943 268.502 115.4555 350.4701 180.4785 269.4168 1293.3284;
	3.626 48.9952 89.9842 110.4607 14.5195 31.7103 26.2316 18.3648 27.1052 29.287 54.1365 80.7611 121.5854 65.6345 177.4202 66.842 82.9336 87.8849 72.5723 70.5742 8.7439 73.9908 73.6972 85.387 100.3043 73.3793 13.1418 1348.1847 771.6029 771.6029 606.2891 111.313 241.9078 181.658 205.7731 329.2172 1253.5298 218.3298 453.4989 268.6723 114.2757 351.7733 172.6635 266.6329 1266.5874;
	3.5419 47.8591 87.2226 106.9409 14.0328 31.5392 22.4159 17.6309 27.1663 29.5509 54.6244 81.4888 122.6809 64.9882 183.8992 69.2829 85.9622 91.0942 71.8213 68.7563 7.472 73.5914 72.7348 85.0168 97.8767 73.9711 12.8732 1315.4432 746.6763 746.6763 596.0676 101.0362 239.4045 176.9789 203.7469 318.5819 1228.9961 206.7804 436.0609 262.1698 115.1816 349.8745 180.4767 256.9564 1241.7981;
	3.5053 47.3642 86.6111 109.7232 13.9795 31.3115 23.5665 17.4851 27.4433 30.6433 56.6437 84.5013 127.2163 67.6705 189.3002 71.3177 88.4868 93.7696 75.1873 70.2821 7.8555 73.0602 75.3582 86.4318 97.5071 72.1212 12.8193 1318.9329 769.0595 769.0595 589.8377 105.4974 250.6244 180.9063 212.1563 328.132 1273.1395 219.4159 435.3741 261.1796 114.2301 347.3489 154.1474 259.5792 1286.4014;
	3.6421 49.2127 88.3567 111.3199 14.1999 31.9764 31.3916 17.0333 27.8749 31.231 57.7301 86.1219 129.656 69.7087 200.9846 75.7198 93.9486 99.5575 86.2255 73.4374 10.4639 74.6115 75.666 83.451 96.7296 71.3318 12.4969 1317.2577 790.4964 790.4964 660.8988 111.8702 287.4183 189.028 218.5461 337.2785 1286.1312 233.6505 474.7773 259.0971 114.2365 354.7243 186.6719 258.208 1299.5284;
	3.6498 49.3166 87.6527 111.068 14.2035 33.4726 31.3024 16.869 28.2277 30.7861 56.9077 84.8951 127.8092 69.6054 200.23 75.4355 93.5959 99.1837 87.1414 72.3903 10.4341 78.1028 74.0024 83.2554 96.3782 69.6537 12.7239 1317.6321 786.4458 786.4458 718.9487 116.2992 290.4713 186.3328 218.2223 335.5502 1243.6218 242.482 478.1647 258.1559 120.5915 371.3229 175.3993 255.1541 1256.5762;
	3.6609 49.467 87.8471 111.0983 14.3757 32.5115 31.4241 16.0698 27.8642 30.7056 56.7589 84.6731 127.4749 68.7558 194.898 73.4267 91.1035 96.5425 90.1792 71.6483 10.4747 75.8601 74.0329 82.5477 94.424 68.977 12.6196 1294.983 786.0056 786.0056 737.3125 113.9351 300.5972 184.4229 215.5589 335.3624 1255.8959 279.3177 469.7667 252.9213 116.2504 360.6607 167.5114 232.7819 1268.9781;
	3.5746 48.3006 88.5724 112.374 14.2698 32.8711 29.6148 17.1802 26.1351 30.634 56.6265 84.4756 127.1775 69.2014 191.4992 72.1462 89.5147 94.8589 87.5682 68.6541 9.8716 76.6993 72.6712 85.5737 97.2788 71.1373 12.732 1280.3853 796.6531 796.6531 742.1297 119.5809 291.8941 176.7159 216.9558 339.9053 1258.4181 290.3224 461.4015 260.5682 119.4031 364.6504 169.9643 260.874 1271.5266;
	3.5834 48.4195 89.1154 111.203 14.613 33.1027 31.4069 17.3695 26.7049 30.2422 55.9022 83.3951 125.5509 68.5686 186.3792 70.2173 87.1214 92.3227 88.2743 67.6891 10.469 77.2397 72.5809 85.4233 98.1084 71.5956 12.3169 1288.0213 788.8067 788.8067 765.8102 121.3034 294.2475 174.2319 214.9719 336.5575 1273.8948 302.3442 462.5702 262.7904 119.6828 367.2196 197.482 264.6558 1287.1645;
	3.6309 49.062 92.3016 113.2633 14.7766 33.9346 23.3144 17.9017 25.7511 30.1515 55.7346 83.1451 125.1745 67.2667 188.1113 70.8698 87.9311 93.1807 82.5574 66.9815 7.7715 79.1807 74.3107 86.7241 99.609 70.6879 12.861 1252.0047 785.3482 785.3482 655.6271 118.0559 275.1914 172.4107 210.8902 335.0819 1221.5709 289.913 436.3655 266.8099 119.4253 376.4475 202.4434 267.8071 1234.2956;
	3.6175 48.8798 93.0408 115.8762 14.5171 33.3519 26.2642 18.1439 26.6802 31.3119 57.8796 86.345 129.9919 67.4154 189.98 71.5739 88.8046 94.1064 74.5987 69.9089 8.7547 77.821 75.7227 85.9431 103.2599 71.0788 13.165 1244.3832 787.4496 787.4496 670.1238 113.5107 248.6622 179.9457 211.3563 335.9785 1243.1596 271.7346 450.6832 276.589 123.0568 369.9832 198.0321 264.5177 1256.1092;
	3.3882 45.7819 90.3267 115.5058 14.5799 33.2417 23.2518 18.3675 26.0049 30.4005 56.1948 83.8316 126.208 65.3939 188.0575 70.8496 87.9059 93.1541 79.8138 64.3209 7.7506 77.564 75.7643 87.5025 104.3503 70.2636 13.5022 1254.2726 797.8437 797.8437 702.4296 115.8968 266.0459 165.562 205.0186 340.4133 1256.3786 301.9195 451.2908 279.5096 122.6534 368.7614 186.0159 260.0824 1269.4659;
	3.5965 48.5963 90.397 114.547 14.7421 32.9887 27.1144 18.3157 26.3957 31.2003 57.6733 86.0371 129.5285 67.0191 189.1558 71.2634 88.4193 93.6981 87.6933 66.1417 9.0381 76.9736 75.737 85.413 105.6501 75.6608 13.6772 1261.4728 816.7073 816.7073 737.7092 115.9907 292.3111 170.2489 210.1141 348.4618 1267.5693 314.3911 454.425 282.9914 122.7961 365.9547 197.8087 267.9835 1280.7732;
	3.586 48.4554 89.4617 115.7296 14.4236 32.6241 24.7417 17.7291 26.1538 30.2541 55.9243 83.4281 125.6005 64.5268 189.5083 71.3961 88.5841 93.8727 84.388 69.1354 8.2472 76.1229 75.2044 86.2821 101.8878 71.575 13.2798 1243.676 798.317 798.317 718.4141 111.4037 281.2935 177.9546 202.3002 340.6153 1238.269 310.7582 436.9032 272.9137 121.5697 361.9101 191.4048 265.6325 1251.1676;
	3.813 51.5215 90.7558 117.6907 14.3833 33.6968 22.6534 17.7351 26.4534 30.2746 55.9622 83.4845 125.6855 66.7599 188.8321 71.1414 88.268 93.5378 85.4172 68.505 7.5511 78.6259 74.6257 86.6804 101.5434 70.6956 13.5936 1271.7879 813.85 813.85 778.4704 115.2424 284.724 176.332 209.3012 347.2427 1293.4132 340.747 442.221 271.9913 119.73 373.8102 204.7206 273.8489 1306.8862;
	3.706 50.076 90.4496 118.266 14.5246 32.2966 23.6465 17.9496 26.9092 30.6902 56.7304 84.6306 127.4109 64.1265 168.121 63.3386 78.5868 83.2785 87.8711 69.0281 7.8822 75.3588 73.5907 86.7339 100.6894 73.2377 12.8695 1222.0982 761.5407 761.5407 693.8218 113.7797 292.9037 177.6786 201.0451 324.924 1187.6886 312.8248 442.3132 269.7038 120.6024 358.2774 197.9128 271.6989 1200.0604;
	3.8435 51.9336 90.563 113.1909 14.6996 30.9712 24.2275 17.5353 28.1816 30.5359 56.4452 84.2051 126.7703 68.3404 189.2218 71.2882 88.4502 93.7308 88.0986 69.5998 8.0758 72.2662 71.1017 82.765 98.7606 58.8198 12.6804 1221.4897 770.8895 770.8895 661.379 108.8786 293.6619 179.1501 214.2565 328.9129 1200.1145 322.5342 464.5343 264.5373 117.801 343.5742 193.8229 259.198 1212.6157;
	3.7481 50.6455 92.5988 113.056 14.8582 29.5716 20.9211 13.2957 28.0897 30.118 55.6727 83.0526 125.0353 66.4597 182.3351 68.6937 85.231 90.3195 87.2473 65.3041 6.9737 69.0004 72.3466 87.4095 104.538 73.0922 10.2676 1280.6632 732.4873 732.4873 656.4043 106.0905 290.8244 168.093 208.36 312.5279 1217.4745 293.6841 447.4698 280.0124 117.4505 328.0475 178.0849 245.0224 1230.1565;
