function solarprofile = ex_solar_profilesh1
%EX_WIND_PROFILE_D  Example wind_load_nyiso profile data for deterministic unit commitment.
% 2022.03.12
% Andres F. Ramirez


%% define constants
[GEN_BUS, PG, QG, QMAX, QMIN, VG, MBASE, GEN_STATUS, PMAX, PMIN, ...
    MU_PMAX, MU_PMIN, MU_QMAX, MU_QMIN, PC1, PC2, QC1MIN, QC1MAX, ...
    QC2MIN, QC2MAX, RAMP_AGC, RAMP_10, RAMP_30, RAMP_Q, APF] = idx_gen;
[CT_LABEL, CT_PROB, CT_TABLE, CT_TBUS, CT_TGEN, CT_TBRCH, CT_TAREABUS, ...
    CT_TAREAGEN, CT_TAREABRCH, CT_ROW, CT_COL, CT_CHGTYPE, CT_REP, ...
    CT_REL, CT_ADD, CT_NEWVAL, CT_TLOAD, CT_TAREALOAD, CT_LOAD_ALL_PQ, ...
    CT_LOAD_FIX_PQ, CT_LOAD_DIS_PQ, CT_LOAD_ALL_P, CT_LOAD_FIX_P, ...
    CT_LOAD_DIS_P, CT_TGENCOST, CT_TAREAGENCOST, CT_MODCOST_F, ...
    CT_MODCOST_X] = idx_ct;

solarprofile = struct( ...
    'type', 'mpcData', ...
    'table', CT_TGEN, ...
    'rows', [1:12], ...
    'col', PMAX, ...
    'chgtype', 1, ...
    'values', [] );
solarprofile.values(:,1,:) = [
	0.0 0.0 0.0 0.0 0.0 0.0 0.0 0.0 0.0 0.0 0.0 0.0;
	0.0 0.0 0.0 0.0 0.0 0.0 0.0 0.0 0.0 0.0 0.0 0.0;
	0.0 0.0 0.0 0.0 0.0 0.0 0.0 0.0 0.0 0.0 0.0 0.0;
	0.0 0.0 0.0 0.0 0.0 0.0 0.0 0.0 0.0 0.0 0.0 0.0;
	0.0 0.0 0.0 0.0 0.0 0.0 0.0 0.0 0.0 0.0 0.0 0.0;
	1.0111 0.8228 0.7027 0.0 0.0 15.2898 1.9112 4.2979 2.076 0.0 0.0 0.0;
	5.2377 5.0005 5.169 1.6915 3.3486 193.3615 24.1702 6.2705 144.4312 62.4266 24.723 113.055;
	13.1453 13.3322 10.8432 1.7422 6.028 332.3504 41.5438 18.0192 218.3653 159.1461 68.0067 288.2146;
	22.625 16.6083 13.8 4.6564 7.0414 386.9433 48.3679 35.808 233.7894 253.1516 106.8877 458.4591;
	25.5283 16.3661 13.8904 6.7439 6.967 368.7665 46.0958 51.5797 184.0177 220.3127 85.0097 398.9876;
	25.6144 16.1397 13.8 7.4284 7.8638 356.326 44.5407 54.175 181.4235 257.9065 113.4176 467.0702;
	25.3435 13.9743 13.7785 6.5072 9.0704 344.6955 43.0869 56.1322 180.1451 280.3466 134.8256 507.7094;
	24.4 15.5928 13.4455 3.2705 11.4906 272.6221 34.0778 63.3691 123.774 232.5448 88.0332 421.1401;
	23.101 14.9882 13.2058 2.1114 12.4912 220.079 27.5099 62.5718 87.509 232.9045 66.9556 421.7915;
	19.3937 11.0385 10.105 1.4486 12.4539 150.8591 18.8574 56.4549 70.7515 193.5072 62.0775 350.4427;
	5.9057 1.4017 0.943 1.2185 11.9451 91.4652 11.4332 16.0156 91.2612 102.7713 60.9598 186.1195;
	1.1859 0.9594 0.7439 0.7583 2.2588 64.9453 8.1182 11.3126 41.8287 20.2272 24.1614 36.6315;
	0.0 0.0 0.0 0.0 0.0 0.0 0.0 0.0 0.0 0.0 0.0 0.0;
	0.0 0.0 0.0 0.0 0.0 0.0 0.0 0.0 0.0 0.0 0.0 0.0;
	0.0 0.0 0.0 0.0 0.0 0.0 0.0 0.0 0.0 0.0 0.0 0.0;
	0.0 0.0 0.0 0.0 0.0 0.0 0.0 0.0 0.0 0.0 0.0 0.0;
	0.0 0.0 0.0 0.0 0.0 0.0 0.0 0.0 0.0 0.0 0.0 0.0;
	0.0 0.0 0.0 0.0 0.0 0.0 0.0 0.0 0.0 0.0 0.0 0.0;
	0.0 0.0 0.0 0.0 0.0 0.0 0.0 0.0 0.0 0.0 0.0 0.0;
];
