function windprofile = ex_wind_profilesh1
%EX_WIND_PROFILE_D  Example wind_load_nyiso profile data for deterministic unit commitment.
% 2022.03.12
% Andres F. Ramirez


%% define constants
[GEN_BUS, PG, QG, QMAX, QMIN, VG, MBASE, GEN_STATUS, PMAX, PMIN, ...
    MU_PMAX, MU_PMIN, MU_QMAX, MU_QMIN, PC1, PC2, QC1MIN, QC1MAX, ...
    QC2MIN, QC2MAX, RAMP_AGC, RAMP_10, RAMP_30, RAMP_Q, APF] = idx_gen;
[CT_LABEL, CT_PROB, CT_TABLE, CT_TBUS, CT_TGEN, CT_TBRCH, CT_TAREABUS, ...
    CT_TAREAGEN, CT_TAREABRCH, CT_ROW, CT_COL, CT_CHGTYPE, CT_REP, ...
    CT_REL, CT_ADD, CT_NEWVAL, CT_TLOAD, CT_TAREALOAD, CT_LOAD_ALL_PQ, ...
    CT_LOAD_FIX_PQ, CT_LOAD_DIS_PQ, CT_LOAD_ALL_P, CT_LOAD_FIX_P, ...
    CT_LOAD_DIS_P, CT_TGENCOST, CT_TAREAGENCOST, CT_MODCOST_F, ...
    CT_MODCOST_X] = idx_ct;

windprofile = struct( ...
    'type', 'mpcData', ...
    'table', CT_TGEN, ...
    'rows', [1:45], ...
    'col', PMAX, ...
    'chgtype', 1, ...
    'values', [] );
windprofile.values(:,1,:) = [
	3.0977 41.8565 86.4474 112.104 14.1485 31.654 27.8439 18.5722 26.7493 29.6935 54.888 81.882 123.273 67.7018 190.2495 71.6754 88.9306 94.2399 82.2364 70.3427 9.2813 73.8592 73.5709 87.2545 101.8147 72.5092 13.4825 1292.1878 778.9576 778.9576 568.6631 109.7022 274.1214 181.0622 212.2543 332.3553 1268.987 232.9496 449.4258 272.718 115.2225 351.1478 187.5153 267.2916 1282.2056;
	3.1948 43.1692 84.237 110.6615 13.9885 30.7588 23.887 18.0396 26.5032 29.3478 54.2489 80.9287 121.8377 67.2115 189.3703 71.3442 88.5196 93.8044 83.8328 71.5055 7.9623 71.7705 73.6259 86.6658 98.2568 71.4841 13.1121 1319.9406 778.1833 778.1833 601.3961 108.0937 279.4426 184.0554 210.7173 332.0249 1252.246 226.986 444.3291 263.1878 113.5348 341.2175 159.9895 224.5479 1265.2903;
	3.1295 42.2867 86.1616 111.2919 14.6925 31.8893 21.5241 17.6977 27.6964 30.7441 56.8299 84.7791 127.6344 63.7639 195.9623 73.8277 91.601 97.0697 87.341 71.7394 7.1747 74.4084 74.5887 87.0378 99.2864 74.3093 13.2059 1303.5256 747.6765 747.6765 629.1874 101.1364 291.1366 184.6573 199.9084 319.0086 1273.2917 229.7387 428.7134 265.9458 115.4549 353.7588 165.9365 256.2142 1286.5551;
	2.3365 31.5707 84.6372 110.168 14.2595 30.5994 23.4549 17.1725 27.0476 29.9147 55.2969 82.492 124.1913 65.4879 196.4057 73.9947 91.8082 97.2893 88.7669 70.8789 7.8183 71.3985 72.0088 86.5782 97.4724 70.9345 12.8333 1293.2841 755.0174 755.0174 657.3377 108.1077 295.8897 182.4426 205.3134 322.1407 1276.3334 248.4836 438.9443 261.0869 113.5498 339.4489 143.7769 259.9847 1289.6285;
	3.5672 48.2004 86.6651 110.386 14.3344 32.3368 31.3085 17.1056 28.0441 30.5095 56.3963 84.1322 126.6606 66.1416 199.9028 75.3122 93.4429 99.0216 90.1522 72.6701 10.4362 75.4526 74.2234 83.8523 97.4332 71.9591 12.7217 1255.3042 774.0108 774.0108 707.9018 111.0002 300.5072 187.053 207.3628 330.2446 1266.0629 243.9285 471.8733 260.9819 114.8676 358.7232 187.9588 261.6133 1279.2511;
	3.5423 47.8642 86.6192 110.1223 14.0175 32.0478 30.1548 17.215 26.962 30.297 56.0035 83.5462 125.7784 64.6554 203.7274 76.7531 95.2307 100.9161 90.2027 73.3579 10.0516 74.7783 73.2444 84.1005 96.7673 70.608 12.7116 1283.1609 767.2493 767.2493 719.5429 110.3742 300.6757 188.8235 202.7034 327.3597 1256.2461 235.9036 463.6993 259.1981 114.5543 355.5173 168.5267 263.8738 1269.332;
	3.485 47.0899 87.5854 112.3851 13.9594 31.916 30.8474 17.433 25.8704 29.7984 55.082 82.1715 123.7087 64.8941 202.6194 76.3357 94.7128 100.3673 89.5038 73.66 10.2825 74.4708 73.4836 83.8262 97.6119 71.4345 12.8694 1259.9801 733.023 733.023 685.6068 107.9273 298.3461 189.6009 203.4517 312.7565 1253.6417 259.7686 461.6261 261.4604 114.8294 354.0554 158.6452 258.9396 1266.7005;
	3.5374 47.7974 88.3536 114.8615 13.9615 31.8198 30.2299 17.6169 25.995 29.1706 53.9214 80.4401 121.1022 66.6443 201.5909 75.9482 94.232 99.8578 88.3001 71.7902 10.0766 74.2462 73.2078 86.6124 97.4759 70.3733 12.8887 1309.072 734.7116 734.7116 687.024 109.8146 294.3337 184.7881 208.9389 313.4769 1238.796 274.617 461.3385 261.0962 112.9145 352.9875 149.8806 262.4842 1251.7001;
	3.5918 48.5332 89.3043 116.8181 14.5906 33.0891 31.1851 17.1052 26.6992 29.9616 55.3836 82.6214 124.3861 66.6051 201.9645 76.089 94.4067 100.0429 90.8962 72.7514 10.395 77.2079 74.3968 86.7651 97.9297 70.5462 12.3335 1323.162 785.9964 785.9964 738.8389 119.3764 302.9874 187.2622 208.816 335.3585 1274.07 317.3894 464.2426 262.3116 116.6558 367.0682 197.8493 254.0482 1287.3415;
	3.6243 48.9724 90.8079 118.7788 14.8379 33.3115 25.1282 16.9491 26.8298 30.009 55.4712 82.7522 124.583 62.8069 196.1405 73.8948 91.6843 97.158 87.267 71.132 8.3761 77.7269 75.3034 87.8799 99.7007 69.3384 12.0383 1313.0924 801.1515 801.1515 759.3752 123.3592 290.8899 183.094 196.9081 341.8246 1266.3762 329.3398 446.1015 267.0554 114.5995 369.5359 201.9389 253.6681 1279.5677;
	3.682 49.752 90.0956 118.3184 14.4413 33.592 27.7192 17.4744 26.9785 30.7349 56.8129 84.7537 127.5962 65.029 204.6242 77.091 95.6499 101.3603 92.3232 73.5068 9.2397 78.3814 75.5278 87.3287 101.2952 68.5527 12.8587 1302.9759 821.7034 821.7034 803.3003 120.3 307.744 189.2067 203.8747 350.5935 1327.6112 321.748 460.0536 271.3265 119.955 372.6476 204.4303 256.5323 1341.4405;
	3.7691 50.929 88.662 119.9319 14.8009 34.6157 27.975 18.2353 27.6479 29.4926 54.5166 81.328 122.4389 65.5496 205.2701 77.3343 95.9518 101.6803 92.9794 72.0803 9.325 80.7701 74.4635 87.7611 102.9106 67.6065 13.4916 1289.3636 840.8576 840.8576 818.1521 119.9034 309.9314 185.5348 205.5068 358.7659 1313.1774 331.5782 467.876 275.6534 122.645 384.0039 210.7244 262.4837 1326.8563;
	3.7594 50.7976 89.4315 119.7285 14.5877 34.4176 28.6539 17.7449 26.9652 29.879 55.231 82.3937 124.0433 68.7837 203.5821 76.6984 95.1628 100.8442 92.9286 71.8731 9.5513 80.3076 72.3454 84.4299 103.238 69.4664 13.2069 1331.9142 850.1283 850.1283 820.0914 121.6689 309.7619 185.0015 215.6462 362.7214 1340.4018 342.4369 474.2272 276.5304 123.0994 381.8055 211.2072 267.489 1354.3643;
	3.7077 50.0986 89.3492 119.667 14.301 33.7469 27.6436 17.273 26.747 29.2794 54.1226 80.7403 121.554 66.4606 202.4462 76.2704 94.6318 100.2815 92.4836 71.4585 9.2145 78.7429 72.1354 84.7551 101.077 69.5209 12.9172 1307.5411 819.8371 819.8371 812.5089 119.1889 308.2788 183.9345 208.3629 349.7972 1291.6902 329.7702 462.5022 270.742 118.8983 374.366 204.5022 268.7742 1305.1453;
	3.6187 48.8962 91.5502 119.8984 13.9664 34.2923 23.5289 17.4923 26.0345 28.8847 53.3929 79.6516 119.9151 66.1197 195.2466 73.558 91.2664 96.7152 91.1783 70.0617 7.843 80.0153 72.2074 87.0084 103.0771 68.4045 13.2294 1326.8468 810.4834 810.4834 794.8261 122.495 303.9277 180.3389 207.2943 345.8062 1281.3008 321.7793 459.5501 276.0993 121.0258 380.4157 202.9632 267.6239 1294.6477;
	3.6735 49.6365 91.4378 118.7767 14.5822 34.3324 23.4383 17.5566 26.2132 25.0686 46.339 69.1287 104.0728 65.8456 184.2631 69.4201 86.1323 91.2745 88.4253 67.9972 7.8128 80.109 66.4843 87.2604 103.4916 66.084 12.9993 1355.3493 830.7172 830.7172 775.0129 122.0594 294.7511 175.0249 206.4347 354.4393 1278.371 319.3277 459.2815 277.2095 117.5907 380.8608 199.2562 272.7263 1291.6873;
	3.7949 51.2774 90.5144 116.2369 13.9653 31.7845 21.9201 17.678 26.3875 27.9142 51.599 76.9755 115.8862 67.4025 192.2115 72.4145 89.8477 95.2117 90.0251 68.6197 7.3067 74.1639 68.6986 85.543 103.6748 53.922 12.4217 1301.3823 801.8717 801.8717 714.8882 118.2664 300.0837 176.6273 211.3161 342.1319 1234.0245 304.684 455.8128 277.7005 114.6315 352.5964 189.2238 259.0909 1246.8789;
	3.6729 49.6283 86.5764 107.5586 13.9335 30.2998 18.6492 10.4416 26.5493 27.7061 51.2143 76.4017 115.0223 67.1719 187.4576 70.6236 87.6255 92.8569 89.0793 67.8873 6.2164 70.6994 69.9479 81.4641 96.4853 54.4084 7.8465 1285.4325 782.8664 782.8664 704.6296 113.9538 296.9311 174.7422 210.5929 334.023 1332.8443 299.0853 454.2336 258.4427 111.8277 336.1253 183.418 211.2038 1346.728;
