function windprofile = ex_wind_profilesh1
%EX_WIND_PROFILE_D  Example wind_load_nyiso profile data for deterministic unit commitment.
% 2022.03.12
% Andres F. Ramirez


%% define constants
[GEN_BUS, PG, QG, QMAX, QMIN, VG, MBASE, GEN_STATUS, PMAX, PMIN, ...
    MU_PMAX, MU_PMIN, MU_QMAX, MU_QMIN, PC1, PC2, QC1MIN, QC1MAX, ...
    QC2MIN, QC2MAX, RAMP_AGC, RAMP_10, RAMP_30, RAMP_Q, APF] = idx_gen;
[CT_LABEL, CT_PROB, CT_TABLE, CT_TBUS, CT_TGEN, CT_TBRCH, CT_TAREABUS, ...
    CT_TAREAGEN, CT_TAREABRCH, CT_ROW, CT_COL, CT_CHGTYPE, CT_REP, ...
    CT_REL, CT_ADD, CT_NEWVAL, CT_TLOAD, CT_TAREALOAD, CT_LOAD_ALL_PQ, ...
    CT_LOAD_FIX_PQ, CT_LOAD_DIS_PQ, CT_LOAD_ALL_P, CT_LOAD_FIX_P, ...
    CT_LOAD_DIS_P, CT_TGENCOST, CT_TAREAGENCOST, CT_MODCOST_F, ...
    CT_MODCOST_X] = idx_ct;

windprofile = struct( ...
    'type', 'mpcData', ...
    'table', CT_TGEN, ...
    'rows', [1:45], ...
    'col', PMAX, ...
    'chgtype', 1, ...
    'values', [] );
windprofile.values(:,1,:) = [
	3.8992 52.6874 94.5574 120.8004 14.9968 33.979 31.3676 18.5723 27.8081 30.3353 56.0743 83.6518 125.9374 68.8295 203.1038 76.5182 94.9392 100.6072 88.6814 73.4837 10.4559 79.2842 75.7011 84.0 104.164 71.8965 13.4923 1310.7676 801.6934 801.6934 597.2608 98.3491 295.6047 189.1472 215.7896 342.0559 1300.4447 218.6405 463.4591 279.0108 122.1512 376.9399 209.5952 278.6026 1313.991;
	3.9249 53.0338 95.0428 120.9468 15.2807 34.2854 27.057 18.518 26.637 30.7437 56.8293 84.7781 127.6329 68.2652 195.2482 73.5586 91.2672 96.716 86.4661 71.5342 9.019 79.9993 75.4344 87.4268 103.8064 71.0752 13.5632 1322.654 786.8393 786.8393 632.4452 94.2096 288.2203 184.1292 214.0206 335.7181 1282.1606 214.8185 458.9413 278.0528 122.7623 380.3395 206.499 271.3007 1295.5165;
	3.9224 53.0002 94.9235 120.9602 15.3615 34.679 22.1388 18.7432 25.9297 31.0339 57.3657 85.5783 128.8377 66.4781 197.3753 74.36 92.2615 97.7696 88.9346 70.0058 7.3796 80.9176 75.0695 88.8686 104.0442 75.0154 13.9758 1338.2327 786.8969 786.8969 662.0666 92.917 296.4486 180.1951 208.4177 335.7427 1292.2352 229.9597 428.3369 278.6899 122.5397 384.7053 209.8636 275.388 1305.696;
	3.9256 53.0433 94.3415 120.2198 15.2212 34.037 24.1633 18.8265 25.7989 31.2454 57.7567 86.1616 129.7159 65.3324 201.2033 75.8022 94.0509 99.6658 90.1536 71.4578 8.0544 79.4197 74.8844 89.0759 104.2862 72.9213 13.8754 1334.7846 800.1056 800.1056 661.4248 90.3997 300.5121 183.9327 204.826 341.3784 1299.4237 237.5341 432.3563 279.338 123.0861 377.5841 170.5536 280.8447 1312.9593;
	3.9318 53.1275 94.1996 119.9255 15.2664 34.0546 30.8151 18.3666 26.2351 31.347 57.9444 86.4417 130.1375 67.9865 200.1923 75.4213 93.5783 99.165 90.7099 72.1093 10.2717 79.4607 74.835 86.4737 102.3937 72.7583 13.8525 1326.2524 796.1381 796.1381 695.5407 102.598 302.3662 185.6096 213.147 339.6856 1308.6326 243.9268 451.2029 274.2688 120.234 377.7789 200.1386 272.1468 1322.2642;
	3.9325 53.1371 95.188 121.0089 15.3777 35.022 30.3007 18.9895 26.5713 31.396 58.035 86.5768 130.3409 68.3439 201.3746 75.8667 94.1309 99.7507 91.4271 70.7991 10.1002 81.718 74.9709 87.976 104.1879 71.9194 14.1234 1340.1608 810.9324 810.9324 732.9749 110.1962 304.7571 182.2371 214.2674 345.9978 1314.1516 245.756 465.8923 279.0748 123.2844 388.5108 202.5358 276.074 1327.8407;
	3.9222 52.9978 94.591 120.4405 15.2066 34.9012 31.0642 18.809 26.0142 31.1432 57.5678 85.8798 129.2915 66.9524 201.3383 75.853 94.1139 99.7327 90.4947 70.4173 10.3547 81.4361 73.5662 87.4309 102.7645 70.6343 13.8395 1243.4897 779.0057 779.0057 723.8509 107.9247 301.6489 181.2544 209.9049 332.3758 1274.8605 286.9647 455.2737 275.2621 122.8827 387.1705 174.7448 262.257 1288.1403;
	3.8899 52.5608 92.22 117.5772 14.6921 33.8913 30.3092 18.4973 25.9948 30.8338 56.9959 85.0266 128.0071 66.7401 201.1091 75.7667 94.0068 99.6192 88.3621 66.293 10.1031 79.0796 72.9828 87.482 98.8814 69.4508 13.398 1250.9667 767.2519 767.2519 725.2953 112.0579 294.5402 170.6383 209.2391 327.3608 1257.8699 290.2943 460.4982 264.861 121.619 375.967 179.0544 259.6047 1270.9727;
	3.9196 52.9623 91.2129 115.8135 15.0159 34.1704 31.221 18.5652 25.9189 31.122 57.5285 85.8212 129.2034 66.6756 200.0971 75.3854 93.5337 99.1178 90.6468 67.6847 10.407 79.731 73.683 85.9452 98.4427 70.093 13.3714 1274.5306 810.653 810.653 774.6577 116.531 302.1559 174.2206 209.0369 345.8786 1317.6276 322.1083 454.5632 263.6857 122.7247 379.0641 209.7442 259.4016 1331.3529;
	3.9021 52.7256 91.8809 115.0082 15.0468 33.6987 27.0914 17.8025 26.6639 31.1933 57.6604 86.018 129.4996 65.1249 194.0704 73.1149 90.7166 96.1326 90.422 68.1529 9.0305 78.6302 74.1158 86.0728 97.1469 68.3578 13.0372 1253.9771 797.124 797.124 759.823 115.8562 301.4066 175.4256 204.1754 340.1062 1281.8728 322.3376 445.861 260.2148 122.4479 373.8305 214.4638 257.5922 1295.2257;
	3.8608 52.1674 90.328 113.698 15.0919 32.5405 27.6635 18.5321 25.5899 30.7124 56.7715 84.6919 127.5032 64.1693 194.056 73.1095 90.7099 96.1254 88.3778 70.9826 9.2212 75.9278 73.5491 84.9591 96.8397 68.9384 13.6448 1253.5869 793.9157 793.9157 750.2665 114.6617 294.5926 182.7093 201.1793 338.7374 1301.6764 316.7249 435.1075 259.392 121.1238 360.9824 209.0232 262.0355 1315.2355;
	3.8873 52.5255 90.1766 117.1716 15.2365 33.9097 27.6776 18.2161 26.4707 30.9703 57.2482 85.403 128.5738 64.9177 191.123 72.0045 89.3389 94.6726 89.4817 69.3974 9.2259 79.1227 73.9556 86.4162 97.8003 63.723 13.6028 1256.4413 800.3633 800.3633 726.7194 114.592 298.2724 178.6291 203.5256 341.4883 1285.5743 297.6679 452.0741 261.9651 123.0731 376.1719 210.852 262.1589 1298.9657;
	3.8589 52.1417 88.9649 114.5399 15.0539 34.0453 29.59 18.296 27.886 30.8305 56.9897 85.0174 127.9933 64.2179 190.9608 71.9434 89.2631 94.5922 89.2768 70.6749 9.8633 79.439 72.5986 82.6955 98.3168 68.9396 13.3581 1275.8214 805.6425 805.6425 734.7421 115.5796 297.5894 181.9174 201.3319 343.7408 1308.2666 310.2747 459.5134 263.3485 122.3398 377.6757 214.3468 268.1713 1321.8944;
	3.9022 52.727 90.4942 117.2858 15.2575 34.2219 28.035 17.9289 27.468 30.6232 56.6066 84.4459 127.1328 59.4101 188.0641 70.8521 87.909 93.1573 84.8289 71.1883 9.345 79.851 71.7514 84.8961 96.6479 69.5288 13.4088 1334.7482 786.2137 786.2137 723.7615 115.0748 282.763 183.2389 186.2586 335.4512 1308.4178 299.6443 452.8067 258.8784 119.7388 379.6344 207.0034 273.5985 1322.0472;
	3.8459 51.9669 91.3974 114.8496 15.0345 35.0129 23.7398 17.9786 26.2144 30.341 56.0848 83.6675 125.961 58.0109 190.2546 71.6773 88.933 94.2424 87.3572 70.0081 7.9133 81.6968 72.8999 86.3426 98.0319 68.6238 13.8264 1322.7396 774.3563 774.3563 685.3646 112.8045 291.1906 180.201 181.8719 330.392 1271.0383 293.2112 443.6567 262.5854 121.357 388.4098 206.2594 274.7282 1284.2783;
	3.8958 52.6411 91.4308 113.4162 15.2507 34.2077 24.3508 18.3078 27.1553 30.189 55.8039 83.2485 125.3301 63.5456 187.8909 70.7868 87.828 93.0715 87.0805 69.6725 8.1169 79.8179 68.7602 85.5956 97.8686 66.3142 13.7496 1273.9406 766.1507 766.1507 634.6365 107.3448 290.2684 179.3371 199.2241 326.891 1195.73 276.6085 458.309 262.1482 121.3157 379.4771 208.4313 271.9088 1208.1856;
	3.903 52.7386 92.6601 111.4931 15.3761 31.4325 22.0028 18.3908 27.1229 29.63 54.7706 81.707 123.0095 63.2159 191.2786 72.0631 89.4116 94.7496 88.2971 68.6948 7.3343 73.3425 69.1265 84.1742 99.0654 52.1769 12.8465 1155.604 736.2821 736.2821 598.8251 99.6746 294.3238 176.8207 198.1903 314.147 1134.9161 273.0524 449.2431 265.3538 116.404 348.6912 199.012 244.9469 1146.7381;
	3.9018 52.7215 90.1096 103.9412 15.146 29.2718 17.5887 14.2598 25.7993 28.7696 53.1802 79.3344 119.4375 63.2275 185.9433 70.053 86.9177 92.1068 85.6137 67.3332 5.8629 68.301 69.2497 82.6426 97.1333 68.8449 10.8578 1166.0874 604.4717 604.4717 461.6184 95.991 285.379 173.3157 198.2268 257.9079 1140.0129 252.8685 437.6985 260.1785 118.8822 324.7223 186.6717 224.5452 1151.888;
