function solarprofile = ex_solar_profilesh1
%EX_WIND_PROFILE_D  Example wind_load_nyiso profile data for deterministic unit commitment.
% 2022.03.12
% Andres F. Ramirez


%% define constants
[GEN_BUS, PG, QG, QMAX, QMIN, VG, MBASE, GEN_STATUS, PMAX, PMIN, ...
    MU_PMAX, MU_PMIN, MU_QMAX, MU_QMIN, PC1, PC2, QC1MIN, QC1MAX, ...
    QC2MIN, QC2MAX, RAMP_AGC, RAMP_10, RAMP_30, RAMP_Q, APF] = idx_gen;
[CT_LABEL, CT_PROB, CT_TABLE, CT_TBUS, CT_TGEN, CT_TBRCH, CT_TAREABUS, ...
    CT_TAREAGEN, CT_TAREABRCH, CT_ROW, CT_COL, CT_CHGTYPE, CT_REP, ...
    CT_REL, CT_ADD, CT_NEWVAL, CT_TLOAD, CT_TAREALOAD, CT_LOAD_ALL_PQ, ...
    CT_LOAD_FIX_PQ, CT_LOAD_DIS_PQ, CT_LOAD_ALL_P, CT_LOAD_FIX_P, ...
    CT_LOAD_DIS_P, CT_TGENCOST, CT_TAREAGENCOST, CT_MODCOST_F, ...
    CT_MODCOST_X] = idx_ct;

solarprofile = struct( ...
    'type', 'mpcData', ...
    'table', CT_TGEN, ...
    'rows', [1:12], ...
    'col', PMAX, ...
    'chgtype', 1, ...
    'values', [] );
solarprofile.values(:,1,:) = [
	0.0 0.0 0.0 0.0 0.0 0.0 0.0 0.0 0.0 0.0 0.0 0.0;
	0.0 0.0 0.0 0.0 0.0 0.0 0.0 0.0 0.0 0.0 0.0 0.0;
	0.0 0.0 0.0 0.0 0.0 0.0 0.0 0.0 0.0 0.0 0.0 0.0;
	0.0 0.0 0.0 0.0 0.0 0.0 0.0 0.0 0.0 0.0 0.0 0.0;
	0.0 0.0 0.0 0.0 0.0 0.0 0.0 0.0 0.0 0.0 0.0 0.0;
	1.0347 0.8527 0.7199 0.0 0.0 9.4835 1.1854 4.495 1.1624 0.0 0.0 0.0;
	6.9072 2.6391 1.0419 1.3007 3.2646 191.2834 23.9104 37.2683 187.1733 38.6109 27.0393 69.9246;
	12.7123 6.9355 3.2124 4.3749 8.3505 311.6587 38.9573 46.7286 218.378 165.2549 96.0385 299.2777;
	19.6235 13.119 11.4592 7.7724 9.6368 369.7889 46.2236 49.9793 229.6765 262.9554 143.7163 476.2138;
	25.0519 15.2328 13.7311 6.9437 5.2561 421.3656 52.6707 55.7855 209.0891 186.2218 142.6449 337.2487;
	25.6144 16.5008 13.8 5.3511 4.4397 425.6831 53.2104 61.2365 204.6198 172.8401 145.3639 313.0145;
	25.8649 16.5214 13.8 4.1971 3.6396 417.4294 52.1787 65.8993 189.1346 205.7535 148.3842 372.6209;
	25.369 16.3779 13.6729 4.8175 1.1093 364.3893 45.5487 67.3993 105.6931 224.2548 134.1105 406.1268;
	23.2028 16.295 13.9225 4.2441 1.104 345.1703 43.1463 64.5085 71.2007 229.4047 136.2285 415.4533;
	17.4282 12.6813 12.2896 2.8232 1.0321 312.5845 39.0731 60.6472 51.9618 149.1471 95.0505 270.1062;
	7.9622 5.157 5.6939 0.7582 2.8766 160.6783 20.0848 45.06 43.2162 42.2649 35.7591 76.542;
	1.6182 1.3949 1.105 0.2835 1.3452 63.0 7.875 15.2877 32.2479 10.3863 5.9654 18.8096;
	0.0 0.0 0.0 0.0 0.0 0.0 0.0 0.0 0.0 0.0 0.0 0.0;
	0.0 0.0 0.0 0.0 0.0 0.0 0.0 0.0 0.0 0.0 0.0 0.0;
	0.0 0.0 0.0 0.0 0.0 0.0 0.0 0.0 0.0 0.0 0.0 0.0;
	0.0 0.0 0.0 0.0 0.0 0.0 0.0 0.0 0.0 0.0 0.0 0.0;
	0.0 0.0 0.0 0.0 0.0 0.0 0.0 0.0 0.0 0.0 0.0 0.0;
	0.0 0.0 0.0 0.0 0.0 0.0 0.0 0.0 0.0 0.0 0.0 0.0;
	0.0 0.0 0.0 0.0 0.0 0.0 0.0 0.0 0.0 0.0 0.0 0.0;
];
