function loadprofile = ex_load_profilesh1
%EX_LOAD_PROFILE  Example load profile data file for stochastic unit commitment.
% 2022.03.12
% Andres F. Ramirez

%% define constants
[CT_LABEL, CT_PROB, CT_TABLE, CT_TBUS, CT_TGEN, CT_TBRCH, CT_TAREABUS, ...
    CT_TAREAGEN, CT_TAREABRCH, CT_ROW, CT_COL, CT_CHGTYPE, CT_REP, ...
    CT_REL, CT_ADD, CT_NEWVAL, CT_TLOAD, CT_TAREALOAD, CT_LOAD_ALL_PQ, ...
    CT_LOAD_FIX_PQ, CT_LOAD_DIS_PQ, CT_LOAD_ALL_P, CT_LOAD_FIX_P, ...
    CT_LOAD_DIS_P, CT_TGENCOST, CT_TAREAGENCOST, CT_MODCOST_F, ...
    CT_MODCOST_X] = idx_ct;

loadprofile = struct( ...
    'type', 'mpcData', ...
    'table', CT_TAREALOAD, ...
    'rows', [1:11], ...
    'col', CT_LOAD_ALL_P, ...
    'chgtype', 1, ...
    'values', [] );
loadprofile.values(:,1,:) = [
	1549.0986 913.5671 1487.1467 568.8937 749.2979 1101.481 816.112 248.4229 444.5534 4027.6766 1563.3978;
	1510.6863 898.9487 1452.1628 564.6163 729.972 1086.5905 802.9394 236.4844 449.005 3924.7635 1564.5938;
	1533.7729 903.9474 1466.2558 561.4997 718.0516 1086.8 794.2616 227.2 449.1117 3945.4859 1599.5769;
	1554.5568 930.3925 1542.8 570.2 761.1877 1132.3 826.7 241.012 462.5746 4165.7547 1612.8903;
	1614.6911 965.9538 1610.8349 587.5003 827.5507 1188.1559 885.3462 259.2367 498.185 4144.8882 1703.0557;
	1689.1074 1019.3 1702.8251 597.9 891.5529 1275.4412 966.7 295.6 533.9324 4662.8015 1880.072;
	1733.6211 1041.7533 1706.2898 606.5214 911.913 1311.1 991.3862 301.3575 578.1742 4918.439 1944.7845;
	1769.3819 1076.8613 1729.7672 620.2713 908.2514 1304.4403 1015.8567 308.2 606.6 5150.9352 1968.243;
	1785.6 1083.7293 1744.9677 609.7243 875.2217 1294.5 1020.5066 314.9325 596.4652 5231.9539 1993.8413;
	1790.2691 1079.5355 1738.6543 616.4017 849.0571 1284.4643 991.3511 309.7 598.7507 5340.064 2050.717;
	1771.1326 1063.6233 1746.78 620.7 790.4651 1294.0008 1011.9549 303.5848 597.9479 5385.7134 2075.4;
	1754.6273 1053.5046 1708.1507 616.8732 800.6674 1211.5833 973.0648 300.5 586.185 5338.6148 2016.2929;
	1730.2118 1024.8322 1684.2412 619.373 782.1805 1221.4523 938.2497 273.2 570.3152 5245.969 1909.1124;
	1724.6732 1025.8496 1730.5883 629.5983 780.0423 1204.0765 939.5612 278.8748 562.5672 5287.0643 1971.8589;
	1774.8577 1021.5907 1712.4675 625.256 787.8555 1152.0373 947.5 276.0459 567.8331 5278.7436 2017.8591;
	1731.1 1004.1352 1730.8337 628.4161 825.5268 1153.9171 962.8999 279.5852 571.2924 5271.1693 2137.8;
	1757.8967 1056.871 1777.6855 606.7122 866.5297 1245.7966 933.6375 322.3076 580.5 5297.5297 2283.993;
	1813.7445 1064.602 1794.5324 620.122 877.6937 1206.093 971.3897 321.568 609.4 5394.5953 2303.5908;
	1851.0 1077.9982 1869.2231 627.4858 896.7065 1242.1599 1009.2245 319.1 639.788 5417.2141 2320.1;
	1819.5299 1030.7 1807.131 623.3 858.1972 1225.2961 1010.4858 324.1848 628.9886 5285.9074 2321.28;
	1750.8617 982.0865 1718.2 592.2079 804.1714 1195.2986 987.2545 303.9 592.5341 5069.215 2178.2206;
	1635.0573 950.2869 1629.9 588.126 761.9145 1154.8806 906.6724 288.9349 532.93 4851.6383 2016.8516;
	1577.9 926.2968 1596.2941 615.4698 804.038 1073.6553 887.3399 268.9441 495.91 4590.4954 1855.9489;
	1538.8399 911.5 1573.8466 609.6312 789.6 1077.7011 853.2455 258.4756 479.3249 4440.7368 1762.4653;
];
