function loadprofile = ex_load_profilesh1
%EX_LOAD_PROFILE  Example load profile data file for stochastic unit commitment.
% 2022.03.12
% Andres F. Ramirez

%% define constants
[CT_LABEL, CT_PROB, CT_TABLE, CT_TBUS, CT_TGEN, CT_TBRCH, CT_TAREABUS, ...
    CT_TAREAGEN, CT_TAREABRCH, CT_ROW, CT_COL, CT_CHGTYPE, CT_REP, ...
    CT_REL, CT_ADD, CT_NEWVAL, CT_TLOAD, CT_TAREALOAD, CT_LOAD_ALL_PQ, ...
    CT_LOAD_FIX_PQ, CT_LOAD_DIS_PQ, CT_LOAD_ALL_P, CT_LOAD_FIX_P, ...
    CT_LOAD_DIS_P, CT_TGENCOST, CT_TAREAGENCOST, CT_MODCOST_F, ...
    CT_MODCOST_X] = idx_ct;

loadprofile = struct( ...
    'type', 'mpcData', ...
    'table', CT_TAREALOAD, ...
    'rows', [1:11], ...
    'col', CT_LOAD_ALL_P, ...
    'chgtype', 1, ...
    'values', [] );
loadprofile.values(:,1,:) = [
	1538.2355 876.7488 1496.2 520.4364 726.0904 1066.8397 820.1 249.1979 497.1 4402.3063 1709.9859;
	1498.6595 868.6 1507.1898 512.0174 723.7403 1024.3845 810.2314 244.244 486.2183 4350.2725 1674.8285;
	1504.1 881.2749 1507.1388 515.0865 730.0 1034.1249 814.4009 252.1908 481.2666 4272.7832 1672.8051;
	1538.55 914.3 1580.9341 531.9542 763.2576 1068.2127 827.2 246.6 480.381 4314.3506 1708.132;
	1575.9 952.231 1662.3 540.8446 813.2494 1139.8644 873.8 269.359 505.1322 4444.8604 1801.1502;
	1621.9451 990.8 1710.3 550.752 848.3 1223.8628 948.4857 295.7721 540.1291 4729.1055 1921.2345;
	1714.1552 1039.1475 1759.9522 561.5866 899.4 1293.7 983.8398 306.2 573.8 4977.8762 2025.1285;
	1732.4775 1088.1 1828.2544 579.7571 950.4856 1306.8851 1005.6614 320.7519 584.948 5152.6294 2054.8596;
	1731.5583 1071.4 1826.5023 588.8 948.1785 1242.7261 983.219 318.4 583.7892 5163.2436 1977.4088;
	1708.2393 1054.5698 1851.0042 591.1145 972.5296 1323.6535 1028.7818 342.0322 594.5814 5383.6531 1999.968;
	1719.8836 1034.9305 1834.0308 580.2591 975.0202 1355.4843 1079.1744 366.0 604.5259 5469.1974 2036.274;
	1695.4359 1006.6192 1798.9 566.8595 961.6373 1300.6629 1037.2062 351.0936 581.152 5322.6562 1986.2163;
	1700.8921 996.5108 1734.9508 561.4557 913.7842 1251.4723 996.8815 305.1948 562.5562 5157.5081 1887.3308;
	1670.1591 937.9496 1688.2426 552.8999 920.3792 1257.6251 991.8958 336.345 574.5136 5184.9256 1869.4367;
	1698.6 977.0003 1694.3888 546.4059 930.7263 1269.8549 1036.1683 323.9299 582.4897 5193.2415 1975.8361;
	1692.6692 969.3827 1733.926 563.1013 933.3022 1312.0934 1032.6525 327.8967 578.1486 5180.1149 2010.9194;
	1730.6715 1038.9322 1804.9132 570.5027 975.1927 1361.1682 1130.4005 355.8453 612.8243 5360.3458 2186.3;
	1728.6044 1078.414 1877.2255 600.3873 1006.0431 1392.4702 1115.431 358.9403 645.6638 5453.9967 2289.9718;
	1787.4464 1081.5019 1873.0669 603.0141 943.372 1381.1022 1119.0435 345.4014 653.4483 5474.5373 2365.1;
	1755.7 1056.3011 1827.5111 591.4905 925.8675 1331.5827 1116.6 349.8724 647.8003 5391.7787 2335.0097;
	1705.7162 992.8609 1739.8192 567.619 879.7317 1262.5413 1055.6466 326.3 619.4796 5160.9897 2185.3248;
	1660.5433 953.0 1643.3502 568.4355 811.2341 1186.6376 979.7 301.3672 587.2361 4901.5353 2043.2907;
	1588.2069 903.7227 1581.4248 598.4458 782.8421 1142.1655 905.3941 247.9405 562.7 4682.8753 1903.5514;
	1582.092 852.8159 1523.8622 586.8 767.3856 1091.8657 867.2647 246.1 524.2851 4270.4176 1786.4524;
];
