function windprofile = ex_wind_profilesh1
%EX_WIND_PROFILE_D  Example wind_load_nyiso profile data for deterministic unit commitment.
% 2022.03.12
% Andres F. Ramirez


%% define constants
[GEN_BUS, PG, QG, QMAX, QMIN, VG, MBASE, GEN_STATUS, PMAX, PMIN, ...
    MU_PMAX, MU_PMIN, MU_QMAX, MU_QMIN, PC1, PC2, QC1MIN, QC1MAX, ...
    QC2MIN, QC2MAX, RAMP_AGC, RAMP_10, RAMP_30, RAMP_Q, APF] = idx_gen;
[CT_LABEL, CT_PROB, CT_TABLE, CT_TBUS, CT_TGEN, CT_TBRCH, CT_TAREABUS, ...
    CT_TAREAGEN, CT_TAREABRCH, CT_ROW, CT_COL, CT_CHGTYPE, CT_REP, ...
    CT_REL, CT_ADD, CT_NEWVAL, CT_TLOAD, CT_TAREALOAD, CT_LOAD_ALL_PQ, ...
    CT_LOAD_FIX_PQ, CT_LOAD_DIS_PQ, CT_LOAD_ALL_P, CT_LOAD_FIX_P, ...
    CT_LOAD_DIS_P, CT_TGENCOST, CT_TAREAGENCOST, CT_MODCOST_F, ...
    CT_MODCOST_X] = idx_ct;

windprofile = struct( ...
    'type', 'mpcData', ...
    'table', CT_TGEN, ...
    'rows', [1:45], ...
    'col', PMAX, ...
    'chgtype', 1, ...
    'values', [] );
windprofile.values(:,1,:) = [
	3.706 50.0757 91.189 115.5572 14.6719 32.5344 28.9366 18.2855 27.037 28.5248 52.7277 78.6593 118.4212 67.6169 192.8607 72.6591 90.1511 95.5333 83.9292 70.8012 9.6455 75.9136 73.6123 85.6732 102.8655 73.1509 13.3904 1282.6609 766.7105 766.7105 573.4543 110.4657 279.7639 182.2424 211.9882 327.1298 1246.1148 223.8648 453.059 275.5325 117.6825 360.9152 194.6493 277.8141 1259.0951;
	3.7286 50.3817 90.8653 114.6844 14.6438 32.1921 25.7021 18.313 26.7851 29.015 53.6337 80.0109 120.456 66.7329 183.9754 69.3117 85.9978 91.132 83.7833 70.5089 8.5674 75.115 72.5192 86.8683 101.6102 72.3133 13.3805 1289.608 769.3853 769.3853 609.8841 105.5377 279.2777 181.49 209.2166 328.2711 1231.6066 221.4953 450.8193 272.1702 116.8831 357.1182 182.5704 271.2986 1244.4358;
	3.711 50.1433 90.5982 114.6763 14.6502 32.9735 21.7268 18.1489 27.0274 29.6599 54.8258 81.7893 123.1334 65.825 192.6863 72.5935 90.0697 95.447 86.1907 70.5299 7.2423 76.9381 72.2921 87.1795 101.1695 74.7343 13.4284 1282.9863 762.2896 762.2896 634.7543 98.2033 287.3022 181.5441 206.3704 325.2435 1264.599 224.8617 421.2731 270.9898 117.7442 365.7856 186.1357 266.7229 1277.7719;
	3.6779 49.6964 90.6067 115.0468 14.6427 32.4393 23.3772 17.969 26.9945 30.0711 55.586 82.9234 124.8407 66.591 196.5219 74.0385 91.8625 97.3469 87.9154 70.9785 7.7924 75.6917 72.5717 87.5511 101.1667 72.609 13.297 1295.7561 772.455 772.455 643.4341 102.4117 293.0515 182.6988 208.7718 329.5808 1270.834 245.0539 435.4959 270.9823 117.3007 359.8601 154.9915 271.0041 1284.0719;
	3.7286 50.3813 90.8749 114.0103 14.6726 32.738 30.0666 17.8094 27.036 30.3972 56.1887 83.8225 126.1943 66.4531 197.8848 74.552 92.4997 98.022 87.2361 72.1397 10.0222 76.3887 73.762 85.6383 101.2109 73.1144 13.2022 1267.4285 766.6181 766.6181 664.4647 106.0385 290.787 185.6878 208.3396 327.0904 1244.2931 240.2661 458.11 271.1006 116.8458 363.1737 186.8988 267.486 1257.2545;
	3.7353 50.4721 90.5435 114.0245 14.6607 33.09 28.9272 17.9078 27.0392 30.1619 55.7538 83.1737 125.2176 66.3529 200.0458 75.3661 93.5098 99.0924 87.9205 71.4599 9.6424 77.21 73.3706 86.0242 100.3079 71.7734 13.2162 1277.4318 765.6116 765.6116 695.5602 109.3767 293.0684 183.9379 208.0254 326.6609 1213.3847 242.0044 452.3352 268.682 117.3826 367.0784 176.0933 269.6972 1226.0241;
	3.6855 49.7986 90.3107 114.4857 14.6492 32.975 30.442 17.8747 27.0542 30.1327 55.6999 83.0932 125.0964 66.3126 198.5204 74.7914 92.7967 98.3368 88.2194 72.1728 10.1473 76.9418 73.2597 85.678 100.1688 71.5361 13.2806 1254.5898 755.2362 755.2362 694.6341 106.745 294.0648 185.7729 207.8988 322.2341 1228.2729 275.1867 456.7823 268.3092 116.9284 365.8032 161.0592 262.7859 1241.0674;
	3.7565 50.7585 90.5732 116.0807 14.723 33.4801 29.8062 17.8923 27.0182 29.949 55.3602 82.5866 124.3337 67.6804 199.4498 75.1415 93.2312 98.7972 88.6835 70.6683 9.9354 78.1202 73.0856 87.2926 100.7609 71.3062 13.1147 1293.2767 780.7592 780.7592 709.5397 111.1124 295.6116 181.9004 212.1873 333.1239 1264.8991 287.8814 459.7275 269.8954 117.0638 371.4056 174.4831 267.7624 1278.0751;
	3.7647 50.8688 90.9623 115.6236 14.9298 33.6608 31.2073 17.7689 27.0924 30.4355 56.2596 83.9283 126.3536 67.7364 198.183 74.6643 92.639 98.1697 90.4908 71.0258 10.4024 78.5418 73.3555 86.8868 101.0735 70.9676 12.9281 1306.6708 795.7786 795.7786 744.0572 117.0448 301.6359 182.8205 212.3627 339.5322 1287.1342 303.9544 463.6495 270.7327 119.1467 373.41 203.4546 267.8477 1300.5418;
	3.7516 50.6928 91.6017 115.8205 14.9864 33.4126 25.8551 17.8116 27.1646 30.0044 55.4627 82.7395 124.5639 67.4504 196.0552 73.8627 91.6444 97.1157 88.1821 70.5519 8.6184 77.9627 73.3763 87.7672 101.6091 70.9883 12.9533 1289.461 809.4482 809.4482 740.5351 118.1048 293.9404 181.6007 211.466 345.3645 1265.2207 318.7458 459.5297 272.1671 118.3897 370.6567 206.7349 268.9336 1278.4;
	3.769 50.9275 90.9958 115.5614 14.857 33.2372 27.7222 17.8318 27.1366 30.5434 56.459 84.2258 126.8015 66.403 195.7047 73.7306 91.4806 96.9421 88.9401 72.0288 9.2407 77.5535 72.9391 86.5822 101.159 70.2864 13.099 1288.4257 812.9854 812.9854 760.1506 117.1901 296.4669 185.4024 208.1824 346.8738 1294.471 318.452 459.8866 270.9616 118.6916 368.7117 207.643 267.313 1307.9551;
	3.7566 50.7597 90.8807 116.3969 14.928 33.4831 26.5762 17.8848 27.2242 29.6376 54.7846 81.7279 123.0409 66.9473 195.8321 73.7786 91.5401 97.0052 88.9384 70.3332 8.8587 78.1272 73.0172 87.4801 101.6864 68.0759 13.1023 1284.9483 805.126 805.126 763.1358 118.4133 296.4614 181.0378 209.8887 343.5204 1287.0486 321.7952 464.0895 272.3743 120.4198 371.4392 207.6694 266.8499 1300.4553;
	3.7492 50.6595 90.8387 114.6988 14.9981 33.3722 27.2848 18.0128 27.0348 30.0522 55.551 82.8711 124.762 67.0403 195.4501 73.6347 91.3616 96.816 89.7181 70.0248 9.0949 77.8684 72.6773 85.0362 101.5819 71.4696 13.275 1288.9471 817.2406 817.2406 763.3696 116.9429 299.0602 180.2439 210.1805 348.6893 1292.4156 331.2336 459.7261 272.0943 120.1203 370.2088 208.5234 267.039 1305.8782;
	3.7564 50.7572 90.9839 115.8711 14.7989 33.2643 26.7103 17.9975 27.0205 29.6263 54.7638 81.6968 122.9941 66.7905 194.5659 73.3016 90.9482 96.378 87.955 71.7723 8.9034 77.6168 73.0154 86.5883 101.1727 71.9113 13.3622 1285.6666 801.5734 801.5734 751.5679 117.2402 293.1833 184.7421 209.3973 342.0046 1277.4896 319.9609 457.9646 270.9983 118.3534 369.0125 202.8251 270.4426 1290.7968;
	3.7441 50.5909 91.472 115.4993 14.673 33.2853 23.2194 18.0479 26.9924 29.2458 54.0605 80.6476 121.4145 66.397 192.7694 72.6248 90.1085 95.4881 87.8878 70.7532 7.7398 77.6657 73.6516 87.665 101.4599 71.4074 13.4104 1280.9312 790.4603 790.4603 752.8991 117.299 292.9592 182.1188 208.1634 337.2631 1259.8252 321.0583 458.0118 271.7676 119.055 369.2447 203.4008 271.7019 1272.9484;
	3.7233 50.3094 90.5845 114.3706 14.7804 32.599 24.369 17.9886 27.0398 29.2518 54.0715 80.664 121.4393 65.982 185.3928 69.8457 86.6604 91.8341 87.4235 70.4248 8.123 76.0642 71.4237 87.1695 101.122 69.5841 13.1099 1250.9009 777.7647 777.7647 717.1013 115.0473 291.4115 181.2737 206.8625 331.8463 1198.1896 309.0329 458.3018 270.8626 118.8782 361.631 198.47 272.3409 1210.6707;
	3.7434 50.5818 90.4093 110.6472 14.667 30.8212 22.2652 17.5246 27.062 29.127 53.8408 80.3199 120.9212 65.8212 192.3019 72.4486 89.8899 95.2565 87.2926 69.7264 7.4217 71.9161 71.0599 85.0798 100.3966 57.0874 12.3551 1212.9215 746.1098 746.1098 656.9633 111.5087 290.9752 179.4761 206.3585 318.3402 1162.7544 308.939 454.3243 268.9194 116.265 341.9098 188.3572 256.2057 1174.8664;
	3.7228 50.303 90.5031 107.884 14.6571 28.9714 18.9967 13.1366 27.0168 28.6587 52.9753 79.0287 118.9772 65.9144 188.8411 71.1448 88.2722 93.5422 86.4449 68.6273 6.3322 67.5999 71.652 85.0015 100.0709 68.9519 9.8454 1205.8809 714.3133 714.3133 624.3609 109.4462 288.1497 176.6468 206.6506 304.7737 1186.8032 285.2622 452.1483 268.0471 116.4982 321.3891 175.1805 237.8224 1199.1658;
