function loadprofile = ex_load_profilesh1
%EX_LOAD_PROFILE  Example load profile data file for stochastic unit commitment.
% 2022.03.12
% Andres F. Ramirez

%% define constants
[CT_LABEL, CT_PROB, CT_TABLE, CT_TBUS, CT_TGEN, CT_TBRCH, CT_TAREABUS, ...
    CT_TAREAGEN, CT_TAREABRCH, CT_ROW, CT_COL, CT_CHGTYPE, CT_REP, ...
    CT_REL, CT_ADD, CT_NEWVAL, CT_TLOAD, CT_TAREALOAD, CT_LOAD_ALL_PQ, ...
    CT_LOAD_FIX_PQ, CT_LOAD_DIS_PQ, CT_LOAD_ALL_P, CT_LOAD_FIX_P, ...
    CT_LOAD_DIS_P, CT_TGENCOST, CT_TAREAGENCOST, CT_MODCOST_F, ...
    CT_MODCOST_X] = idx_ct;

loadprofile = struct( ...
    'type', 'mpcData', ...
    'table', CT_TAREALOAD, ...
    'rows', [1:11], ...
    'col', CT_LOAD_ALL_P, ...
    'chgtype', 1, ...
    'values', [] );
loadprofile.values(:,1,:) = [
	1604.7955 868.2267 1486.0028 529.6255 692.9164 1070.6335 847.8 244.5839 501.9254 4622.4028 1753.2017;
	1591.1403 875.4832 1477.7964 535.5 684.7481 1064.5952 851.0 240.7932 491.079 4652.8493 1784.1163;
	1624.8705 902.512 1524.5 543.8844 719.1034 1075.7027 864.0399 255.4113 493.1952 4723.5784 1820.197;
	1630.8863 927.8769 1576.8193 563.4909 727.2722 1096.5164 874.4847 256.7 513.0285 4830.7168 1864.1387;
	1690.1694 1013.1831 1698.3644 586.5691 806.0925 1220.5 927.9485 276.7655 539.3907 4991.424 1950.1198;
	1721.4082 1051.3633 1756.2311 596.3629 856.16 1262.1594 984.6081 288.4016 588.2 5136.5269 2027.2747;
	1764.5283 1053.7582 1733.1272 592.4072 843.0049 1271.7705 1000.3 258.9933 610.2108 5186.8933 2055.8;
	1801.2027 1087.0641 1836.0804 598.9826 889.3158 1318.5266 1032.4055 266.4591 634.92 5423.4104 2124.1;
	1779.0158 1057.8182 1814.3708 596.717 899.7743 1348.9749 1028.6205 278.7199 651.1447 5509.3766 2180.3351;
	1761.0705 1068.1 1800.812 589.6 859.5177 1327.3613 1026.7401 276.6886 646.315 5578.9068 2264.0118;
	1765.1132 1031.9519 1771.3113 603.2 866.6382 1302.4811 961.3549 269.0956 627.2709 5535.0156 2210.2353;
	1729.8 1009.8759 1713.3054 592.1186 809.8021 1238.7387 934.1978 254.8953 621.0521 5456.898 2173.9559;
	1717.1485 1015.0091 1676.7003 581.6278 791.8783 1215.1956 951.2709 273.676 624.6262 5513.1008 2165.6566;
	1651.561 991.4429 1673.5668 570.463 791.5631 1182.353 950.3625 290.123 597.3352 5399.4823 2099.67;
	1651.1967 1027.1909 1727.8168 557.3898 852.182 1236.1169 1019.6 300.4438 617.7025 5480.1943 2160.4599;
	1687.2 1053.1 1758.9321 550.4533 888.7 1312.94 1088.6949 304.9694 635.2113 5422.4 2145.9917;
	1693.6145 1069.8791 1807.5758 570.4487 934.4938 1341.4319 1047.2364 333.4667 604.175 5368.2835 2211.1863;
	1779.12 1136.7831 1902.3047 574.6354 955.6857 1366.9398 1074.0566 327.6 626.1 5453.752 2278.9612;
	1793.6336 1125.3 1879.8822 558.438 940.9849 1315.1029 1070.4037 322.0875 611.1687 5461.6395 2295.9055;
	1735.5106 1073.5721 1803.1222 552.0208 900.9665 1247.3404 1038.5705 280.6011 590.9362 5263.5011 2154.9257;
	1704.0023 1024.9604 1713.5824 550.4149 845.9081 1229.9122 993.5099 274.4 566.7849 5110.489 2133.6704;
	1674.371 977.3879 1629.756 534.3588 762.0 1184.4 947.1177 266.1682 562.8272 5029.7 2056.0048;
	1697.8135 959.0843 1649.3515 562.0587 800.0922 1205.1 986.3898 264.7 534.4266 5013.2206 2076.9398;
	1601.9848 941.1164 1609.0214 574.4 760.5999 1148.1875 929.6798 259.5 531.489 4852.256 2060.354;
];
