function windprofile = ex_wind_profilesh1
%EX_WIND_PROFILE_D  Example wind_load_nyiso profile data for deterministic unit commitment.
% 2022.03.12
% Andres F. Ramirez


%% define constants
[GEN_BUS, PG, QG, QMAX, QMIN, VG, MBASE, GEN_STATUS, PMAX, PMIN, ...
    MU_PMAX, MU_PMIN, MU_QMAX, MU_QMIN, PC1, PC2, QC1MIN, QC1MAX, ...
    QC2MIN, QC2MAX, RAMP_AGC, RAMP_10, RAMP_30, RAMP_Q, APF] = idx_gen;
[CT_LABEL, CT_PROB, CT_TABLE, CT_TBUS, CT_TGEN, CT_TBRCH, CT_TAREABUS, ...
    CT_TAREAGEN, CT_TAREABRCH, CT_ROW, CT_COL, CT_CHGTYPE, CT_REP, ...
    CT_REL, CT_ADD, CT_NEWVAL, CT_TLOAD, CT_TAREALOAD, CT_LOAD_ALL_PQ, ...
    CT_LOAD_FIX_PQ, CT_LOAD_DIS_PQ, CT_LOAD_ALL_P, CT_LOAD_FIX_P, ...
    CT_LOAD_DIS_P, CT_TGENCOST, CT_TAREAGENCOST, CT_MODCOST_F, ...
    CT_MODCOST_X] = idx_ct;

windprofile = struct( ...
    'type', 'mpcData', ...
    'table', CT_TGEN, ...
    'rows', [1:45], ...
    'col', PMAX, ...
    'chgtype', 1, ...
    'values', [] );
windprofile.values(:,1,:) = [
	3.7428 50.5735 90.507 118.0922 14.9982 32.0617 28.5368 18.5218 26.1695 28.9232 53.4641 79.7579 120.0751 67.9688 187.5119 70.644 87.6509 92.8838 73.6012 71.0602 9.5123 74.8107 74.092 87.9621 105.0758 75.9535 13.6171 1217.7902 744.0896 744.0896 552.8895 101.6694 245.3373 182.9093 213.0914 317.4782 1197.9602 215.4808 459.9486 281.4531 116.2642 355.6712 192.7167 273.8445 1210.4389;
	3.7442 50.5927 90.7845 118.5708 14.4916 31.9386 25.9401 18.7517 26.8117 28.8117 53.2581 79.4505 119.6123 67.7246 172.4651 64.9752 80.6174 85.4304 78.7052 69.8107 8.6467 74.5235 71.2248 89.0832 104.4826 74.794 13.7261 1245.8146 756.7921 756.7921 609.4693 101.462 262.3508 179.693 212.3257 322.898 1231.1454 216.0482 458.2924 279.864 120.68 354.3059 176.1012 271.6703 1243.9698;
	3.8674 52.2575 90.7199 119.0999 14.8499 34.4834 22.8947 18.0121 27.7872 30.4534 56.2926 83.9774 126.4276 67.5847 189.9966 71.5801 88.8124 94.1146 86.1479 70.9424 7.6316 80.4612 71.6131 88.6917 102.7104 74.6384 13.4981 1292.2139 789.9578 789.9578 661.647 100.3719 287.1596 182.6059 211.8873 337.0487 1334.9903 222.8342 437.1522 275.1171 119.9456 382.5356 196.4182 262.2919 1348.8965;
	3.8856 52.5035 91.8383 119.1487 15.3742 34.3777 24.7978 17.8973 28.2681 30.8359 56.9997 85.0324 128.0158 69.4843 196.0979 73.8787 91.6644 97.1369 87.9697 72.6449 8.2659 80.2146 73.3942 89.4233 102.9646 72.6424 13.6577 1270.9212 813.4726 813.4726 692.7316 98.9703 293.2323 186.9881 217.8427 347.0816 1303.3206 242.3747 455.1409 275.7982 122.3131 381.3629 169.5546 275.8385 1316.8969;
	3.9078 52.8035 94.505 120.3991 15.4185 35.0043 32.3025 17.8507 28.4829 31.2024 57.6772 86.043 129.5373 69.9128 200.9094 75.6915 93.9135 99.5203 91.0918 72.8169 10.7675 81.6767 75.1937 88.0708 103.1301 73.0575 13.3186 1257.7573 820.3291 820.3291 722.5057 106.9918 303.6393 187.431 219.1862 350.0071 1298.9557 248.2368 480.1387 276.2415 122.4033 388.3142 210.2303 272.7042 1312.4865;
	3.8111 51.4959 92.9566 119.0862 15.3033 34.7239 30.9489 18.4405 28.3673 30.9982 57.2998 85.48 128.6897 69.6414 200.8143 75.6556 93.869 99.4731 90.4021 73.4747 10.3163 81.0224 74.9705 86.3974 102.1557 71.837 13.4347 1280.8183 813.9028 813.9028 720.519 112.9369 301.3405 189.124 218.3353 347.2652 1259.5603 242.2909 477.5125 273.6312 122.4285 385.2036 189.7592 270.9936 1272.6807;
	3.7131 50.1721 91.4999 119.4031 15.2278 33.5409 31.3466 18.4021 28.1815 31.0438 57.3841 85.6057 128.8789 69.5018 197.1484 74.2745 92.1554 97.6572 89.4981 73.1004 10.4489 78.2622 75.0744 86.1499 103.7031 72.1099 13.2522 1272.7018 796.9137 796.9137 709.1764 104.0983 298.327 188.1607 217.8974 340.0165 1286.1593 265.7668 476.2753 277.776 120.3509 372.0809 172.6854 260.1359 1299.5568;
	3.8139 51.5345 91.0752 120.2358 14.8818 34.4844 31.2242 18.3219 28.3173 30.6082 56.5787 84.4044 127.0703 69.4074 198.2436 74.6871 92.6674 98.1997 87.9272 72.299 10.4081 80.4636 75.3389 87.2475 102.8576 72.2951 13.347 1296.9164 814.9049 814.9049 728.5386 115.4683 293.0906 186.0978 217.6016 347.6928 1287.7138 287.9835 477.3958 275.5116 122.9517 382.5468 184.5349 267.8786 1301.1275;
	3.864 52.2112 90.3767 119.3377 14.9498 34.6392 31.6693 18.0732 28.2912 30.0012 55.4568 82.7307 124.5506 69.3567 194.0128 73.0932 90.6897 96.104 90.1367 69.8821 10.5564 80.8247 73.897 86.985 102.2602 70.3801 13.2618 1291.227 834.5297 834.5297 765.1363 120.0138 300.4555 179.8768 217.4426 356.066 1309.5817 301.3033 478.3994 273.9113 122.5629 384.2638 209.327 266.4046 1323.2232;
	3.8326 51.7862 91.1038 117.7471 14.8307 34.0531 26.9948 17.5208 28.1252 28.6019 52.8701 78.8718 118.7411 67.7551 188.2097 70.9069 87.9771 93.2294 86.7745 68.2718 8.9983 79.4573 72.808 86.8981 102.2676 69.5672 12.8494 1268.3931 821.8111 821.8111 733.327 119.3172 289.2485 175.7318 212.4213 350.6394 1284.1217 314.692 476.7309 273.9311 121.727 377.7626 212.0975 266.8954 1297.4979;
	3.8185 51.5968 90.7547 118.9586 14.5514 33.9491 30.1043 18.5004 28.298 30.7119 56.7705 84.6904 127.501 67.6385 188.1591 70.8878 87.9534 93.2044 88.3565 70.9507 10.0348 79.2145 73.5845 85.3502 103.1577 70.5699 13.1516 1301.6845 838.1632 838.1632 795.7376 117.4804 294.5217 182.6273 212.0558 357.6163 1340.5909 335.4644 476.1588 276.3152 123.7512 376.6082 212.4318 267.3266 1354.5554;
	3.8644 52.217 94.5452 121.0424 14.8301 34.9403 27.9384 18.9581 28.3537 30.635 56.6283 84.4783 127.1815 67.3318 188.7002 71.0917 88.2064 93.4724 89.1545 69.1727 9.3128 81.5273 75.1559 89.047 106.3364 72.1669 13.668 1295.6264 852.6061 852.6061 814.6412 118.0263 297.1816 178.0506 211.0942 363.7786 1339.207 344.8459 476.4763 284.8297 124.0092 387.6039 218.0631 272.0462 1353.1571;
	3.6639 49.5073 93.4304 120.3959 15.1305 34.646 30.0198 18.8058 28.4685 30.8002 56.9336 84.9338 127.8673 69.3808 189.1566 71.2636 88.4197 93.6985 91.2925 70.2114 10.0066 80.8408 74.245 86.4407 106.2221 72.5516 13.4715 1340.0985 851.5143 851.5143 801.8112 115.5116 304.3084 180.7243 217.5181 363.3128 1349.3384 338.4879 479.2309 284.5234 123.2174 384.3401 218.5311 265.9425 1363.3941;
	3.6737 49.6392 93.5984 120.4171 14.6148 33.7087 28.7559 18.6234 28.2409 29.7184 54.934 81.9508 123.3764 68.1055 188.6478 71.072 88.1819 93.4465 87.9226 71.063 9.5853 78.6537 73.1331 88.3174 105.6932 72.0846 13.4831 1310.3684 828.817 828.817 789.1825 115.3021 293.0753 182.9164 213.5199 353.6286 1315.7219 326.6556 478.0521 283.1068 123.7656 373.9421 211.9223 265.4559 1329.4273;
	3.8472 51.9845 94.838 119.4142 14.8579 33.44 25.2707 18.309 28.0206 30.6316 56.622 84.4688 127.1674 69.4884 190.3852 71.7265 88.994 94.3071 92.6703 70.6269 8.4236 78.0267 74.0698 88.7628 105.213 70.8575 13.2492 1279.1515 810.2678 810.2678 805.2077 118.1512 308.9011 181.7937 217.8554 345.7143 1296.8155 342.5772 477.6953 281.8206 123.6694 370.9611 211.981 274.8477 1310.324;
	3.8256 51.6927 94.8388 119.6431 15.0403 33.918 26.712 18.8084 28.3929 30.901 57.1201 85.2119 128.2861 69.4928 178.1983 67.1352 83.2973 88.2703 90.095 69.5967 8.904 79.142 73.6643 89.4946 106.5477 72.3762 13.2728 1246.8992 798.1306 798.1306 764.8575 117.4042 300.3165 179.1422 217.8693 340.5357 1243.2975 326.5925 474.1975 285.3957 123.8654 376.2638 211.6786 278.3457 1256.2485;
	3.8091 51.469 92.6655 114.8206 14.9807 32.1933 23.3266 18.4841 28.1654 30.3534 56.1078 83.7018 126.0126 66.8284 187.5939 70.6749 87.6893 92.9244 86.6926 69.3421 7.7755 75.1177 74.0967 88.8842 106.011 59.1831 12.6164 1155.3206 722.7785 722.7785 666.9054 115.8845 288.9752 178.4868 209.5161 308.3855 1132.2689 302.7826 465.4463 283.958 123.2919 357.131 200.2452 259.713 1144.0633;
	3.7495 50.6636 92.8206 112.5618 14.8425 30.0904 20.2591 13.2282 28.0765 29.9624 55.3851 82.6237 124.3895 67.6172 188.6467 71.0716 88.1814 93.4459 86.0815 69.1436 6.753 70.2109 74.7943 89.2605 104.2806 70.7377 9.2553 1132.9653 725.059 725.059 647.8771 117.0302 286.9383 177.9758 211.9889 309.3585 1174.0814 296.7437 468.2043 279.3231 122.0873 333.8025 188.765 231.8317 1186.3115;
