function loadprofile = ex_load_profilesh1
%EX_LOAD_PROFILE  Example load profile data file for stochastic unit commitment.
% 2022.03.12
% Andres F. Ramirez

%% define constants
[CT_LABEL, CT_PROB, CT_TABLE, CT_TBUS, CT_TGEN, CT_TBRCH, CT_TAREABUS, ...
    CT_TAREAGEN, CT_TAREABRCH, CT_ROW, CT_COL, CT_CHGTYPE, CT_REP, ...
    CT_REL, CT_ADD, CT_NEWVAL, CT_TLOAD, CT_TAREALOAD, CT_LOAD_ALL_PQ, ...
    CT_LOAD_FIX_PQ, CT_LOAD_DIS_PQ, CT_LOAD_ALL_P, CT_LOAD_FIX_P, ...
    CT_LOAD_DIS_P, CT_TGENCOST, CT_TAREAGENCOST, CT_MODCOST_F, ...
    CT_MODCOST_X] = idx_ct;

loadprofile = struct( ...
    'type', 'mpcData', ...
    'table', CT_TAREALOAD, ...
    'rows', [1:11], ...
    'col', CT_LOAD_ALL_P, ...
    'chgtype', 1, ...
    'values', [] );
loadprofile.values(:,1,:) = [
	1553.1414 916.8589 1555.3773 581.7651 678.0963 1033.4337 810.6369 253.1249 492.2503 4203.3779 1653.9654;
	1542.5 931.8496 1543.7 580.9632 674.6001 1024.727 809.9 249.0 484.9761 4138.2257 1630.8;
	1533.0 925.8045 1552.5582 580.7101 694.8502 1031.472 809.7791 258.0158 495.8 4129.4327 1639.9789;
	1559.553 950.2695 1599.0547 599.741 728.1738 1031.1629 830.8471 248.1595 500.7 4168.9 1668.5038;
	1602.3676 1000.1 1683.9 600.4862 793.1707 1098.4143 879.285 255.9556 525.0 4232.7135 1742.8855;
	1663.446 1069.2858 1789.3769 608.0995 886.9 1204.4477 948.5544 293.0621 560.3 4531.0563 1877.1817;
	1719.8281 1127.4456 1857.8777 616.3486 914.2 1266.2175 1018.1584 289.2635 597.6502 4687.2253 1997.8974;
	1771.057 1149.2689 1893.9614 627.214 933.6 1297.3838 1026.5531 295.4814 620.0632 4689.2916 2037.7579;
	1763.6999 1155.8446 1900.2 622.4 915.2547 1282.8 1032.2021 303.8 617.2103 4872.5289 2025.0995;
	1827.5247 1207.2032 1986.079 608.5605 964.5342 1372.0 1063.5957 309.7 619.163 5263.1726 2038.2929;
	1786.9155 1155.9779 1936.9559 610.7585 936.187 1297.5853 998.5312 290.8158 604.5 5101.2412 2002.5082;
	1759.6003 1139.071 1881.206 588.0702 890.4399 1251.5092 1019.7823 290.4492 598.4219 5180.9304 1889.5637;
	1763.9313 1124.8798 1874.5604 588.0904 879.0 1279.6385 1023.1953 291.8531 603.8256 5270.1457 2032.7734;
	1768.9 1105.6677 1831.4 585.6069 866.558 1280.6221 1003.5725 294.2 593.1732 5243.842 2007.2;
	1809.4127 1141.8069 1846.4632 600.3346 906.7299 1301.7572 1009.1764 315.2702 595.2899 5258.4286 2059.6163;
	1879.3889 1191.9462 1897.5882 615.4685 949.8 1356.7965 1023.8 348.7356 635.3611 5278.5645 2141.598;
	1854.8504 1194.7494 1886.2087 605.5449 962.9186 1407.7342 1073.3146 359.1 675.8294 5392.5765 2243.1161;
	1921.23 1213.0204 1958.0 611.7547 1013.7724 1467.2448 1175.8047 379.4935 703.5993 5515.0112 2527.702;
	1900.4441 1191.7877 1929.5699 611.9215 979.5197 1431.1473 1163.8112 360.2825 700.46 5400.3646 2473.8202;
	1823.8748 1147.2522 1860.5925 605.4826 947.0158 1392.6 1125.3 356.1437 672.0133 5345.5677 2320.8295;
	1765.0722 1097.1199 1778.5406 597.5307 895.308 1356.9279 1091.3535 331.808 644.2706 5172.7095 2221.4764;
	1668.675 1050.5201 1722.9 595.2922 873.1048 1286.1656 1026.0256 322.8132 618.1399 5064.0322 2153.162;
	1623.9611 1000.4604 1699.8524 617.691 846.7396 1236.4389 931.6394 299.4293 568.5563 4718.8675 1914.1556;
	1652.6878 990.9268 1683.4199 612.1105 828.9445 1211.983 901.0795 287.6439 553.2506 4411.4144 1822.0017;
];
