function solarprofile = ex_solar_profilesh1
%EX_WIND_PROFILE_D  Example wind_load_nyiso profile data for deterministic unit commitment.
% 2022.03.12
% Andres F. Ramirez


%% define constants
[GEN_BUS, PG, QG, QMAX, QMIN, VG, MBASE, GEN_STATUS, PMAX, PMIN, ...
    MU_PMAX, MU_PMIN, MU_QMAX, MU_QMIN, PC1, PC2, QC1MIN, QC1MAX, ...
    QC2MIN, QC2MAX, RAMP_AGC, RAMP_10, RAMP_30, RAMP_Q, APF] = idx_gen;
[CT_LABEL, CT_PROB, CT_TABLE, CT_TBUS, CT_TGEN, CT_TBRCH, CT_TAREABUS, ...
    CT_TAREAGEN, CT_TAREABRCH, CT_ROW, CT_COL, CT_CHGTYPE, CT_REP, ...
    CT_REL, CT_ADD, CT_NEWVAL, CT_TLOAD, CT_TAREALOAD, CT_LOAD_ALL_PQ, ...
    CT_LOAD_FIX_PQ, CT_LOAD_DIS_PQ, CT_LOAD_ALL_P, CT_LOAD_FIX_P, ...
    CT_LOAD_DIS_P, CT_TGENCOST, CT_TAREAGENCOST, CT_MODCOST_F, ...
    CT_MODCOST_X] = idx_ct;

solarprofile = struct( ...
    'type', 'mpcData', ...
    'table', CT_TGEN, ...
    'rows', [1:12], ...
    'col', PMAX, ...
    'chgtype', 1, ...
    'values', [] );
solarprofile.values(:,1,:) = [
	0.0 0.0 0.0 0.0 0.0 0.0 0.0 0.0 0.0 0.0 0.0 0.0;
	0.0 0.0 0.0 0.0 0.0 0.0 0.0 0.0 0.0 0.0 0.0 0.0;
	0.0 0.0 0.0 0.0 0.0 0.0 0.0 0.0 0.0 0.0 0.0 0.0;
	0.0 0.0 0.0 0.0 0.0 0.0 0.0 0.0 0.0 0.0 0.0 0.0;
	0.0 0.0 0.0 0.0 0.0 0.0 0.0 0.0 0.0 0.0 0.0 0.0;
	1.0537 0.8513 0.7281 0.0 0.0 9.4835 1.1854 4.1882 0.4191 0.0 0.0 0.0;
	15.9233 12.7548 11.0186 2.2089 5.4538 42.7377 5.3422 18.4401 43.8913 76.282 36.0288 138.1471;
	20.7963 15.6835 13.209 7.1988 9.2781 131.3625 16.4203 49.2821 100.9041 157.5766 69.0456 285.3722;
	24.0338 16.6083 13.8 10.5685 10.9458 261.8301 32.7288 55.9254 136.9181 220.4318 87.4934 399.2034;
	26.506 16.7096 13.8004 8.8167 10.0596 267.6837 33.4605 45.6076 139.5316 190.9526 91.3454 345.8164;
	26.5548 16.787 13.8313 6.4555 8.0407 313.2923 39.1615 40.8745 157.0581 215.4651 119.2446 390.2085;
	25.9964 16.6375 13.8308 4.1428 5.6202 351.2481 43.906 46.7682 169.9738 197.6397 133.5344 357.9266;
	24.0448 16.0882 13.4739 1.5723 3.1646 341.1777 42.6472 62.6857 134.0936 64.9195 95.443 117.5697;
	20.5646 16.1041 13.2811 1.1987 3.8192 330.6815 41.3352 66.6063 118.8058 57.6552 69.9529 104.4139;
	14.5288 12.7909 10.0631 1.1695 3.9463 300.492 37.5615 68.5041 103.5831 65.8481 51.2403 119.2513;
	4.3952 3.4419 2.1555 1.5924 3.8504 182.5474 22.8184 61.7058 96.0615 48.2742 34.4303 87.4249;
	1.1859 0.9594 0.7439 0.8379 0.6678 68.78 8.5975 16.448 33.0758 13.4899 8.0573 24.4303;
	0.0 0.0 0.0 0.0 0.0 0.0 0.0 0.0 0.0 0.0 0.0 0.0;
	0.0 0.0 0.0 0.0 0.0 0.0 0.0 0.0 0.0 0.0 0.0 0.0;
	0.0 0.0 0.0 0.0 0.0 0.0 0.0 0.0 0.0 0.0 0.0 0.0;
	0.0 0.0 0.0 0.0 0.0 0.0 0.0 0.0 0.0 0.0 0.0 0.0;
	0.0 0.0 0.0 0.0 0.0 0.0 0.0 0.0 0.0 0.0 0.0 0.0;
	0.0 0.0 0.0 0.0 0.0 0.0 0.0 0.0 0.0 0.0 0.0 0.0;
	0.0 0.0 0.0 0.0 0.0 0.0 0.0 0.0 0.0 0.0 0.0 0.0;
];
