function loadprofile = ex_load_profilesh1
%EX_LOAD_PROFILE  Example load profile data file for stochastic unit commitment.
% 2022.03.12
% Andres F. Ramirez

%% define constants
[CT_LABEL, CT_PROB, CT_TABLE, CT_TBUS, CT_TGEN, CT_TBRCH, CT_TAREABUS, ...
    CT_TAREAGEN, CT_TAREABRCH, CT_ROW, CT_COL, CT_CHGTYPE, CT_REP, ...
    CT_REL, CT_ADD, CT_NEWVAL, CT_TLOAD, CT_TAREALOAD, CT_LOAD_ALL_PQ, ...
    CT_LOAD_FIX_PQ, CT_LOAD_DIS_PQ, CT_LOAD_ALL_P, CT_LOAD_FIX_P, ...
    CT_LOAD_DIS_P, CT_TGENCOST, CT_TAREAGENCOST, CT_MODCOST_F, ...
    CT_MODCOST_X] = idx_ct;

loadprofile = struct( ...
    'type', 'mpcData', ...
    'table', CT_TAREALOAD, ...
    'rows', [1:11], ...
    'col', CT_LOAD_ALL_P, ...
    'chgtype', 1, ...
    'values', [] );
loadprofile.values(:,1,:) = [
	1500.1412 858.5382 1495.1317 536.5728 713.9238 1033.3124 841.604 264.8102 510.5 4479.7229 1777.1397;
	1465.8736 847.7555 1476.5353 532.9 714.7898 984.8493 810.6 265.9269 480.4508 4376.4457 1737.4344;
	1470.7114 858.5351 1493.6 530.8 711.0446 1014.8409 824.0492 265.9 494.6395 4429.8503 1767.8606;
	1488.7015 882.7745 1514.4181 544.3622 752.9511 1031.2673 828.4761 267.9306 500.4077 4471.7011 1801.2334;
	1576.3787 950.5949 1637.5945 561.2311 800.0163 1087.7615 863.6 283.383 521.1 4652.6779 1898.6925;
	1633.5764 1002.6438 1742.6 577.4 846.3002 1196.6425 914.6053 268.0239 529.0787 4815.135 1957.9949;
	1717.4593 1052.0843 1838.661 597.4326 938.5443 1269.3725 983.9 296.4 549.3 4973.7721 2011.7;
	1733.454 1075.737 1891.637 588.9 985.3801 1336.1767 1042.8502 314.1686 588.717 5231.8329 2088.461;
	1666.2648 1079.1791 1883.9675 587.5728 965.2133 1348.2824 1067.7401 324.7176 586.3161 5386.8908 2103.7577;
	1691.0766 1088.2439 1875.2027 588.7721 969.8912 1388.3767 1070.7 323.5802 590.6469 5426.7957 2176.6976;
	1680.8188 1105.3 1897.8488 577.5621 989.3244 1380.4102 1087.3662 335.068 583.099 5573.3588 2186.957;
	1692.2051 1100.1611 1878.3066 582.7 965.3 1352.7741 1061.0175 327.5039 587.8 5504.0549 2117.3246;
	1720.8709 1113.0425 1828.5163 574.3 936.7131 1337.4852 1062.8 339.3384 585.3 5471.4236 2162.4191;
	1693.9896 1061.184 1751.7707 574.4 907.6152 1312.8836 1051.519 376.456 581.0708 5529.1964 2203.682;
	1730.532 1101.3943 1771.8794 559.3362 920.6068 1345.6836 1066.7495 369.6107 570.5937 5545.4923 2250.609;
	1718.6012 1091.808 1785.8804 579.7 927.3491 1344.7048 1055.2127 355.1648 542.8 5352.6976 2251.7933;
	1749.3622 1123.1271 1892.2567 601.0 970.8778 1417.9653 1139.6627 374.4932 582.9378 5384.7493 2357.8552;
	1798.758 1150.7344 1958.4 616.935 997.6819 1430.7203 1185.7534 375.7 606.0521 5544.2302 2525.6168;
	1834.9322 1208.9929 1998.9352 627.6732 1007.7333 1464.579 1245.355 417.7822 631.2 5682.8282 2628.4299;
	1786.6234 1118.9785 1896.7159 619.6332 914.0244 1366.7873 1170.9257 373.396 630.0 5713.4727 2485.0623;
	1747.1914 1112.7078 1874.3159 598.5873 878.3216 1315.0318 1133.9593 353.3698 601.3227 5433.5835 2398.95;
	1655.2197 1016.5582 1776.9238 587.2699 832.5855 1252.0759 1062.6868 314.8989 573.5004 5389.0137 2257.8465;
	1592.4475 967.5123 1706.6196 599.3834 836.1442 1199.9341 982.5 303.104 525.3245 5036.7568 1975.2015;
	1561.189 936.0162 1683.4 580.5278 812.8456 1142.8763 936.1944 275.5 514.745 4837.5697 1845.9518;
];
