function solarprofile = ex_solar_profilesh1
%EX_WIND_PROFILE_D  Example wind_load_nyiso profile data for deterministic unit commitment.
% 2022.03.12
% Andres F. Ramirez


%% define constants
[GEN_BUS, PG, QG, QMAX, QMIN, VG, MBASE, GEN_STATUS, PMAX, PMIN, ...
    MU_PMAX, MU_PMIN, MU_QMAX, MU_QMIN, PC1, PC2, QC1MIN, QC1MAX, ...
    QC2MIN, QC2MAX, RAMP_AGC, RAMP_10, RAMP_30, RAMP_Q, APF] = idx_gen;
[CT_LABEL, CT_PROB, CT_TABLE, CT_TBUS, CT_TGEN, CT_TBRCH, CT_TAREABUS, ...
    CT_TAREAGEN, CT_TAREABRCH, CT_ROW, CT_COL, CT_CHGTYPE, CT_REP, ...
    CT_REL, CT_ADD, CT_NEWVAL, CT_TLOAD, CT_TAREALOAD, CT_LOAD_ALL_PQ, ...
    CT_LOAD_FIX_PQ, CT_LOAD_DIS_PQ, CT_LOAD_ALL_P, CT_LOAD_FIX_P, ...
    CT_LOAD_DIS_P, CT_TGENCOST, CT_TAREAGENCOST, CT_MODCOST_F, ...
    CT_MODCOST_X] = idx_ct;

solarprofile = struct( ...
    'type', 'mpcData', ...
    'table', CT_TGEN, ...
    'rows', [1:12], ...
    'col', PMAX, ...
    'chgtype', 1, ...
    'values', [] );
solarprofile.values(:,1,:) = [
	0.0 0.0 0.0 0.0 0.0 0.0 0.0 0.0 0.0 0.0 0.0 0.0;
	0.0 0.0 0.0 0.0 0.0 0.0 0.0 0.0 0.0 0.0 0.0 0.0;
	0.0 0.0 0.0 0.0 0.0 0.0 0.0 0.0 0.0 0.0 0.0 0.0;
	0.0 0.0 0.0 0.0 0.0 0.0 0.0 0.0 0.0 0.0 0.0 0.0;
	0.0 0.0 0.0 0.0 0.0 0.0 0.0 0.0 0.0 0.0 0.0 0.0;
	1.0111 0.8207 0.6949 0.0 0.0 12.9108 1.6139 4.5619 1.132 0.0 0.0 0.0;
	6.2164 6.5975 4.19 4.3949 2.1383 178.4996 22.3125 11.6552 33.1053 54.3742 29.6974 98.4719;
	11.6594 13.9901 8.8903 4.476 5.2159 346.0485 43.2561 47.5786 142.0649 174.6793 83.9271 316.3452;
	16.7076 16.6083 13.2363 5.6089 6.8364 394.2478 49.281 57.4219 199.2056 262.3454 116.1587 475.1091;
	19.8504 16.3361 13.2338 4.1309 4.9206 368.8807 46.1101 54.427 176.4581 156.5332 45.7609 283.4826;
	21.8012 16.3378 13.5246 6.5061 6.2075 368.6214 46.0777 52.0435 172.441 229.1624 75.1301 415.0146;
	23.3852 16.488 13.7164 7.7701 7.4007 379.4394 47.4299 54.7257 169.7355 261.2329 114.4559 473.0943;
	19.4354 15.9262 13.4455 7.9296 7.4479 366.4131 45.8016 61.5344 134.846 177.6956 101.8031 321.8078;
	16.3196 15.8009 13.1363 5.4271 7.0185 350.4058 43.8007 61.4631 115.4202 126.7135 82.1054 229.4789;
	12.7353 12.9338 10.7953 4.4275 6.8827 320.8289 40.1036 57.1144 92.5415 68.9533 56.5234 124.8748;
	8.2805 6.6862 6.0663 3.6613 8.7153 258.01 32.2513 37.7251 89.4259 34.5241 29.3635 62.5234;
	1.5627 1.0721 1.0174 0.9491 2.3291 92.5581 11.5698 16.469 45.4779 17.3901 10.8047 31.4936;
	0.0 0.0 0.0 0.0 0.0 0.0 0.0 0.0 0.0 0.0 0.0 0.0;
	0.0 0.0 0.0 0.0 0.0 0.0 0.0 0.0 0.0 0.0 0.0 0.0;
	0.0 0.0 0.0 0.0 0.0 0.0 0.0 0.0 0.0 0.0 0.0 0.0;
	0.0 0.0 0.0 0.0 0.0 0.0 0.0 0.0 0.0 0.0 0.0 0.0;
	0.0 0.0 0.0 0.0 0.0 0.0 0.0 0.0 0.0 0.0 0.0 0.0;
	0.0 0.0 0.0 0.0 0.0 0.0 0.0 0.0 0.0 0.0 0.0 0.0;
	0.0 0.0 0.0 0.0 0.0 0.0 0.0 0.0 0.0 0.0 0.0 0.0;
];
