function windprofile = ex_wind_profilesh1
%EX_WIND_PROFILE_D  Example wind_load_nyiso profile data for deterministic unit commitment.
% 2022.03.12
% Andres F. Ramirez


%% define constants
[GEN_BUS, PG, QG, QMAX, QMIN, VG, MBASE, GEN_STATUS, PMAX, PMIN, ...
    MU_PMAX, MU_PMIN, MU_QMAX, MU_QMIN, PC1, PC2, QC1MIN, QC1MAX, ...
    QC2MIN, QC2MAX, RAMP_AGC, RAMP_10, RAMP_30, RAMP_Q, APF] = idx_gen;
[CT_LABEL, CT_PROB, CT_TABLE, CT_TBUS, CT_TGEN, CT_TBRCH, CT_TAREABUS, ...
    CT_TAREAGEN, CT_TAREABRCH, CT_ROW, CT_COL, CT_CHGTYPE, CT_REP, ...
    CT_REL, CT_ADD, CT_NEWVAL, CT_TLOAD, CT_TAREALOAD, CT_LOAD_ALL_PQ, ...
    CT_LOAD_FIX_PQ, CT_LOAD_DIS_PQ, CT_LOAD_ALL_P, CT_LOAD_FIX_P, ...
    CT_LOAD_DIS_P, CT_TGENCOST, CT_TAREAGENCOST, CT_MODCOST_F, ...
    CT_MODCOST_X] = idx_ct;

windprofile = struct( ...
    'type', 'mpcData', ...
    'table', CT_TGEN, ...
    'rows', [1:45], ...
    'col', PMAX, ...
    'chgtype', 1, ...
    'values', [] );
windprofile.values(:,1,:) = [
	3.7194 50.2572 89.0871 113.3591 14.5463 31.8264 29.172 17.6784 26.2203 28.2931 52.2993 78.0203 117.4591 60.4376 184.9445 69.6767 86.4508 91.612 84.0691 68.531 9.724 74.2617 74.7961 83.6629 100.5243 73.0286 12.912 1313.6632 765.1971 765.1971 567.0268 109.2784 280.2304 176.399 189.4801 326.4841 1239.3545 231.6702 467.8649 269.2614 113.8414 353.0614 199.1891 274.9126 1252.2644;
	3.621 48.928 89.0475 111.0236 14.1095 29.7887 25.5309 17.7998 26.0233 28.3967 52.4909 78.3061 117.8893 63.4123 178.2329 67.1482 83.3135 88.2875 86.884 68.0521 8.5103 69.5069 72.6905 85.2573 99.6499 72.3 12.6707 1343.6758 777.5306 777.5306 593.1956 95.9451 289.6132 175.1663 198.806 331.7464 1247.4519 227.1398 450.7054 266.9194 112.953 330.4557 182.311 262.475 1260.4462;
	3.5545 48.0296 87.4808 111.5514 13.9284 29.8278 22.1019 17.7893 26.3857 29.4677 54.4705 81.2593 122.3354 52.7245 190.1288 71.6299 88.8741 94.1801 85.6862 68.335 7.3673 69.5983 71.574 85.0785 98.8811 74.9733 12.954 1309.8071 772.2144 772.2144 638.3918 93.4326 285.6205 175.8946 165.2985 329.4782 1264.4664 236.145 432.8418 264.86 114.8575 330.8901 181.6273 257.4457 1277.6379;
	3.5517 47.9918 88.0623 115.1377 14.134 30.5784 24.0988 17.8119 26.2908 29.9197 55.3061 82.5058 124.212 59.4353 196.7571 74.1271 91.9725 97.4634 87.759 69.9622 8.0329 71.3495 72.1586 86.313 101.213 72.1324 12.8878 1302.1423 758.7312 758.7312 619.4958 87.9815 292.53 180.0829 186.3376 323.7253 1258.3203 240.4522 436.0142 271.1061 115.1841 339.2161 155.1141 266.3434 1271.4278;
	3.7624 50.8389 92.3675 118.8347 14.5431 34.2955 31.104 18.7718 28.0484 30.7494 56.8399 84.7939 127.6568 64.5941 197.2538 74.3142 92.2047 97.7094 88.9447 71.5977 10.368 80.0229 75.2188 85.7748 104.3392 74.3584 13.4366 1311.564 772.2789 772.2789 627.2897 96.2834 296.4825 184.2928 202.5111 329.5057 1257.9846 240.6915 470.3245 279.4799 117.6044 380.4516 196.04 265.7234 1271.0886;
	3.796 51.2927 92.0069 119.0147 14.7954 34.3184 30.7496 18.5325 28.3097 31.0613 57.4164 85.6539 128.9515 66.4926 199.1992 75.0471 93.114 98.6731 89.5978 70.5648 10.2499 80.0763 75.567 87.2763 103.7256 74.0486 13.4507 1301.9688 788.739 788.739 701.9503 109.4015 298.6593 181.634 208.4632 336.5287 1250.4869 250.8467 477.3333 277.8363 118.3432 380.7055 191.2562 268.5973 1263.5128;
	3.7933 51.2565 92.3759 120.2197 15.1145 33.4032 31.5462 18.608 28.1638 30.7145 56.7753 84.6976 127.5117 66.6568 199.3783 75.1146 93.1978 98.7618 88.8921 71.575 10.5154 77.9408 75.1649 89.5403 105.0873 73.9833 13.3569 1322.6502 758.7044 758.7044 713.2082 108.2028 296.3069 184.2341 208.9782 323.7139 1265.013 290.5194 474.696 281.4839 118.2914 370.5527 171.8428 263.434 1278.1902;
	3.8161 51.5639 92.0448 120.3369 14.7547 34.1891 30.9936 18.2137 28.3468 31.0373 57.3719 85.5877 128.8517 66.8985 198.5278 74.7942 92.8002 98.3405 87.2844 69.2998 10.3312 79.7747 74.8547 88.4655 103.1105 74.6232 13.1569 1317.3566 794.2756 794.2756 740.3165 108.0535 290.948 178.3778 209.7359 338.8909 1257.7131 287.7008 477.4998 276.1888 116.8291 379.2715 180.3203 268.0016 1270.8143;
	3.7571 50.7665 89.9842 115.4602 14.9775 32.4757 31.7685 17.647 28.2323 30.7597 56.8589 84.8223 127.6996 67.569 198.4104 74.75 92.7453 98.2823 89.8148 69.0383 10.5895 75.7767 73.056 87.228 100.3533 74.6295 13.0892 1314.6801 824.2016 824.2016 756.6961 113.2183 299.3827 177.7048 211.8381 351.6594 1301.6522 313.6909 473.5283 268.8034 116.1549 360.2643 199.4995 273.757 1315.2111;
	3.6955 49.9341 93.8534 114.9253 14.9994 32.4931 25.0805 18.6018 27.829 29.9487 55.3598 82.5859 124.3327 66.0622 192.771 72.6253 90.1092 95.4889 86.26 67.3383 8.3602 75.8172 73.4951 88.7983 103.0174 76.1225 13.6517 1297.162 815.9475 815.9475 748.7904 116.7776 287.5334 173.3291 207.1141 348.1376 1272.7914 322.938 461.1656 275.9396 113.9898 360.4566 200.469 281.1898 1286.0496;
	3.5252 47.6326 88.9948 109.63 14.4701 31.3029 26.5705 17.6621 26.8586 30.4983 56.3757 84.1014 126.6142 63.7327 194.1097 73.1297 90.735 96.152 85.9408 71.3153 8.8568 73.0401 74.289 85.2118 98.4579 73.4228 12.842 1252.2358 827.1453 827.1453 762.6614 113.8047 286.4692 183.5659 199.8107 352.9153 1256.7956 315.0267 438.8874 263.7266 115.5075 347.2535 198.7406 276.4965 1269.8872;
	3.5349 47.7646 87.0924 99.8174 14.4313 27.0761 25.5661 17.4579 26.5708 26.4307 48.8567 72.8847 109.7274 63.419 191.3229 72.0798 89.4323 94.7716 82.0199 68.3553 8.522 63.1776 71.2457 86.2303 94.2645 68.8787 12.77 1257.8894 819.6925 819.6925 785.7403 119.5594 273.3998 175.9468 198.8271 349.7355 1265.4413 313.1122 442.1783 252.4943 118.112 300.3643 191.0464 271.2687 1278.6229;
	3.1922 43.1337 88.1287 109.9084 14.595 31.27 26.5399 17.7782 26.773 28.2503 52.2202 77.9023 117.2815 65.414 198.0917 74.6299 92.5964 98.1245 88.9815 69.5399 8.8466 72.9633 71.463 83.7368 97.6777 73.097 13.4765 1255.7866 833.4496 833.4496 796.1634 118.4643 296.6049 178.9958 205.0818 355.6052 1256.2711 338.3491 440.0535 261.6366 117.4081 346.8882 190.9666 268.0055 1269.3572;
	3.57 48.2389 89.5914 113.532 14.8175 32.8077 26.4312 17.7652 27.4673 28.974 53.5579 79.8979 120.2859 65.6551 198.492 74.7807 92.7835 98.3228 88.1861 73.0185 8.8104 76.5513 72.042 85.5563 98.5951 72.4779 13.5244 1268.081 825.3783 825.3783 792.8661 119.0634 293.9538 187.9497 205.8376 352.1614 1280.2938 342.3804 441.071 264.0941 117.8111 363.9469 196.2588 269.7799 1293.6302;
	3.616 48.8605 91.8819 112.0203 14.4505 32.3516 23.0921 17.5391 27.5103 28.8718 53.3691 79.6162 119.8617 64.6247 193.3121 72.8292 90.3622 95.7569 90.4963 70.4645 7.6974 75.4871 73.8995 86.2371 99.3255 69.9509 13.1595 1257.613 808.9077 808.9077 796.8601 118.2806 301.6544 181.3757 202.6072 345.1339 1270.8392 347.1137 461.3877 266.0504 121.0225 358.887 203.5978 272.0173 1284.0771;
	3.7495 50.6635 92.2364 114.8306 14.9242 33.1562 24.8257 17.9389 27.3324 29.3503 54.2536 80.9357 121.8482 65.6247 183.1755 69.0103 85.6239 90.7358 87.5795 70.7285 8.2752 77.3644 72.3935 87.4007 102.8549 71.1632 13.2058 1253.1722 821.4499 821.4499 767.5745 117.3225 291.9317 182.0554 205.7424 350.4853 1267.1262 334.879 464.1765 275.5041 117.3998 367.8124 205.309 276.5075 1280.3254;
	3.8339 51.8044 91.3798 111.0171 14.4814 32.1966 22.6629 17.4404 27.3533 28.537 52.7502 78.6929 118.4718 64.1551 192.9336 72.6866 90.1852 95.5694 87.9374 68.7584 7.5543 75.1254 69.4115 84.8377 99.6069 60.7506 12.5509 1258.8125 783.1815 783.1815 709.957 112.8888 293.1247 176.9844 201.1348 334.1574 1249.3894 323.2504 458.4426 266.8042 115.6411 357.1676 202.9055 264.0424 1262.4039;
	3.7911 51.2256 93.6813 109.1794 14.2532 29.6709 17.5836 13.9377 26.6781 28.7686 53.1782 79.3315 119.4331 63.4446 197.3639 74.3557 92.2562 97.764 89.6119 70.0343 5.8612 69.2321 71.2173 86.524 102.2458 73.4474 10.2181 1270.8799 717.8953 717.8953 640.5082 105.8266 298.7064 180.2686 198.9075 306.302 1265.2421 284.506 445.6022 273.8726 116.6087 329.1492 184.7098 253.057 1278.4217;
