function loadprofile = ex_load_profilesh1
%EX_LOAD_PROFILE  Example load profile data file for stochastic unit commitment.
% 2022.03.12
% Andres F. Ramirez

%% define constants
[CT_LABEL, CT_PROB, CT_TABLE, CT_TBUS, CT_TGEN, CT_TBRCH, CT_TAREABUS, ...
    CT_TAREAGEN, CT_TAREABRCH, CT_ROW, CT_COL, CT_CHGTYPE, CT_REP, ...
    CT_REL, CT_ADD, CT_NEWVAL, CT_TLOAD, CT_TAREALOAD, CT_LOAD_ALL_PQ, ...
    CT_LOAD_FIX_PQ, CT_LOAD_DIS_PQ, CT_LOAD_ALL_P, CT_LOAD_FIX_P, ...
    CT_LOAD_DIS_P, CT_TGENCOST, CT_TAREAGENCOST, CT_MODCOST_F, ...
    CT_MODCOST_X] = idx_ct;

loadprofile = struct( ...
    'type', 'mpcData', ...
    'table', CT_TAREALOAD, ...
    'rows', [1:11], ...
    'col', CT_LOAD_ALL_P, ...
    'chgtype', 1, ...
    'values', [] );
loadprofile.values(:,1,:) = [
	1500.0212 924.8079 1516.7221 551.7754 720.7986 1164.3844 842.7 228.4 461.6083 4393.7177 1724.7367;
	1462.0577 928.4787 1523.9548 549.3485 713.9 1152.4764 830.2802 217.871 454.1672 4298.8224 1679.4967;
	1470.241 916.6333 1511.4939 549.2422 718.7852 1172.4901 860.9392 233.6 468.2744 4348.7029 1746.2885;
	1488.4489 944.4263 1538.8785 559.0177 752.4342 1197.3436 872.7012 232.8482 474.4457 4356.5671 1744.7755;
	1552.1979 1006.6 1657.2221 565.2079 811.8 1278.7144 950.4918 270.0853 502.0585 4540.5588 1943.0444;
	1647.2816 1061.9182 1730.5308 586.0 873.5515 1304.1566 976.6425 285.6 512.3693 4727.945 1962.6;
	1733.6637 1119.3067 1772.2378 586.4 904.5381 1382.6252 1045.1402 296.8011 568.8113 4956.6919 2074.7757;
	1791.9389 1166.9362 1788.9799 594.9021 924.3516 1425.7938 1074.4069 309.3926 595.8258 5164.3298 2122.3126;
	1817.691 1197.5452 1797.2157 592.3 922.894 1419.4084 1113.1901 317.4 619.4118 5260.4187 2158.6233;
	1799.986 1166.6494 1798.8 594.5936 932.1725 1429.2602 1123.8826 319.262 630.7469 5325.4237 2120.2122;
	1799.1788 1157.7324 1779.6516 596.1 875.3839 1392.0762 1102.9324 308.0517 615.6945 5317.1452 2150.6731;
	1778.2221 1133.7146 1755.0618 574.8531 878.0654 1362.077 1141.8607 314.481 612.0556 5258.8586 2051.6005;
	1736.5 1094.8 1714.5307 571.9 869.0861 1353.4457 1132.4403 298.9 591.0009 5145.8643 2003.1267;
	1736.933 1087.0758 1703.4318 560.2101 841.8107 1280.5823 1053.3314 297.606 579.2946 5093.4375 1909.1193;
	1731.3586 1074.4953 1693.8328 556.1 837.8645 1269.7493 1067.7965 300.6364 600.3712 5090.5173 1975.9236;
	1767.301 1096.4533 1742.3905 569.8915 889.7601 1335.3764 1172.3 304.3811 595.7 5132.1803 2105.9462;
	1796.0874 1131.2714 1802.8812 583.8268 897.2856 1370.1213 1205.6706 314.7073 608.5 5221.8246 2255.5477;
	1899.7295 1218.3099 1914.3533 592.5 944.7856 1435.0724 1270.39 339.2301 647.4748 5453.8906 2380.4686;
	1912.0549 1277.728 1945.4491 590.5896 969.0 1414.2238 1291.108 361.8136 646.3 5370.0857 2355.1397;
	1891.7598 1212.7041 1876.2851 591.8463 905.6496 1389.1 1236.9836 350.0729 646.6662 5351.3 2345.6663;
	1827.1241 1161.3825 1779.4105 558.6845 871.038 1301.0527 1170.8528 338.0 615.9988 5248.6994 2287.3517;
	1733.8772 1086.7488 1688.723 551.4469 839.4147 1259.7904 1105.9552 322.3142 586.4871 5004.7113 2103.8828;
	1685.6154 1143.1847 1642.8865 565.4361 840.7969 1280.6375 1093.9887 292.0229 560.7054 5045.3879 2096.573;
	1619.5977 1106.5307 1620.2891 563.62 834.7643 1227.7666 1043.1398 304.2 560.5 4896.7021 2019.5352;
];
