function solarprofile = ex_solar_profilesh1
%EX_WIND_PROFILE_D  Example wind_load_nyiso profile data for deterministic unit commitment.
% 2022.03.12
% Andres F. Ramirez


%% define constants
[GEN_BUS, PG, QG, QMAX, QMIN, VG, MBASE, GEN_STATUS, PMAX, PMIN, ...
    MU_PMAX, MU_PMIN, MU_QMAX, MU_QMIN, PC1, PC2, QC1MIN, QC1MAX, ...
    QC2MIN, QC2MAX, RAMP_AGC, RAMP_10, RAMP_30, RAMP_Q, APF] = idx_gen;
[CT_LABEL, CT_PROB, CT_TABLE, CT_TBUS, CT_TGEN, CT_TBRCH, CT_TAREABUS, ...
    CT_TAREAGEN, CT_TAREABRCH, CT_ROW, CT_COL, CT_CHGTYPE, CT_REP, ...
    CT_REL, CT_ADD, CT_NEWVAL, CT_TLOAD, CT_TAREALOAD, CT_LOAD_ALL_PQ, ...
    CT_LOAD_FIX_PQ, CT_LOAD_DIS_PQ, CT_LOAD_ALL_P, CT_LOAD_FIX_P, ...
    CT_LOAD_DIS_P, CT_TGENCOST, CT_TAREAGENCOST, CT_MODCOST_F, ...
    CT_MODCOST_X] = idx_ct;

solarprofile = struct( ...
    'type', 'mpcData', ...
    'table', CT_TGEN, ...
    'rows', [1:12], ...
    'col', PMAX, ...
    'chgtype', 1, ...
    'values', [] );
solarprofile.values(:,1,:) = [
	0.0 0.0 0.0 0.0 0.0 0.0 0.0 0.0 0.0 0.0 0.0 0.0;
	0.0 0.0 0.0 0.0 0.0 0.0 0.0 0.0 0.0 0.0 0.0 0.0;
	0.0 0.0 0.0 0.0 0.0 0.0 0.0 0.0 0.0 0.0 0.0 0.0;
	0.0 0.0 0.0 0.0 0.0 0.0 0.0 0.0 0.0 0.0 0.0 0.0;
	0.0 0.0 0.0 0.0 0.0 0.0 0.0 0.0 0.0 0.0 0.0 0.0;
	1.0295 0.8311 0.7177 0.0 0.0 10.2843 1.2855 4.5716 2.0046 0.0 0.0 0.0;
	5.899 3.805 5.4864 1.8869 3.1678 234.6924 29.3366 32.8826 116.5453 17.5702 11.4093 31.8197;
	12.4667 13.3291 10.8414 3.8686 3.8354 391.2854 48.9107 44.2951 221.8053 60.2177 30.6268 109.0547;
	19.7078 16.6083 13.7525 6.5081 3.9389 429.685 53.7106 52.9522 246.6379 169.346 102.6576 306.6865;
	23.9231 16.2951 13.6414 2.9684 2.0931 394.6309 49.3289 57.5822 173.5435 149.1373 136.528 270.0885;
	25.6144 16.5032 13.8 2.6371 3.5929 423.6786 52.9598 61.3122 182.3446 138.2122 159.3657 250.3031;
	25.6874 16.5214 13.8 2.2357 5.1746 426.9102 53.3638 60.0794 190.1375 95.9891 160.2929 173.8369;
	24.6931 15.9262 13.4455 0.9705 3.65 300.2009 37.5251 53.31 105.6157 23.5675 91.0309 42.6808;
	21.7637 15.8008 13.0114 0.3253 2.0032 120.6178 15.0772 39.5742 44.2827 21.594 46.6931 39.1069;
	15.818 12.5314 8.1233 0.0 0.8645 44.9382 5.6173 18.8054 14.7428 27.8977 29.5435 50.5229;
	8.3055 7.1064 3.9771 0.0 0.6614 28.9511 3.6189 4.5945 2.7939 39.3776 19.7045 71.313;
	1.5905 1.4833 0.8738 0.3161 1.0864 69.3446 8.6681 11.2331 32.0809 18.2252 9.4185 33.006;
	0.0 0.0 0.0 0.0 0.0 0.0 0.0 0.0 0.0 0.0 0.0 0.0;
	0.0 0.0 0.0 0.0 0.0 0.0 0.0 0.0 0.0 0.0 0.0 0.0;
	0.0 0.0 0.0 0.0 0.0 0.0 0.0 0.0 0.0 0.0 0.0 0.0;
	0.0 0.0 0.0 0.0 0.0 0.0 0.0 0.0 0.0 0.0 0.0 0.0;
	0.0 0.0 0.0 0.0 0.0 0.0 0.0 0.0 0.0 0.0 0.0 0.0;
	0.0 0.0 0.0 0.0 0.0 0.0 0.0 0.0 0.0 0.0 0.0 0.0;
	0.0 0.0 0.0 0.0 0.0 0.0 0.0 0.0 0.0 0.0 0.0 0.0;
];
