function solarprofile = ex_solar_profilesh1
%EX_WIND_PROFILE_D  Example wind_load_nyiso profile data for deterministic unit commitment.
% 2022.03.12
% Andres F. Ramirez


%% define constants
[GEN_BUS, PG, QG, QMAX, QMIN, VG, MBASE, GEN_STATUS, PMAX, PMIN, ...
    MU_PMAX, MU_PMIN, MU_QMAX, MU_QMIN, PC1, PC2, QC1MIN, QC1MAX, ...
    QC2MIN, QC2MAX, RAMP_AGC, RAMP_10, RAMP_30, RAMP_Q, APF] = idx_gen;
[CT_LABEL, CT_PROB, CT_TABLE, CT_TBUS, CT_TGEN, CT_TBRCH, CT_TAREABUS, ...
    CT_TAREAGEN, CT_TAREABRCH, CT_ROW, CT_COL, CT_CHGTYPE, CT_REP, ...
    CT_REL, CT_ADD, CT_NEWVAL, CT_TLOAD, CT_TAREALOAD, CT_LOAD_ALL_PQ, ...
    CT_LOAD_FIX_PQ, CT_LOAD_DIS_PQ, CT_LOAD_ALL_P, CT_LOAD_FIX_P, ...
    CT_LOAD_DIS_P, CT_TGENCOST, CT_TAREAGENCOST, CT_MODCOST_F, ...
    CT_MODCOST_X] = idx_ct;

solarprofile = struct( ...
    'type', 'mpcData', ...
    'table', CT_TGEN, ...
    'rows', [1:12], ...
    'col', PMAX, ...
    'chgtype', 1, ...
    'values', [] );
solarprofile.values(:,1,:) = [
	0.0 0.0 0.0 0.0 0.0 0.0 0.0 0.0 0.0 0.0 0.0 0.0;
	0.0 0.0 0.0 0.0 0.0 0.0 0.0 0.0 0.0 0.0 0.0 0.0;
	0.0 0.0 0.0 0.0 0.0 0.0 0.0 0.0 0.0 0.0 0.0 0.0;
	0.0 0.0 0.0 0.0 0.0 0.0 0.0 0.0 0.0 0.0 0.0 0.0;
	0.0 0.0 0.0 0.0 0.0 0.0 0.0 0.0 0.0 0.0 0.0 0.0;
	1.0493 0.8594 0.7699 0.0 0.0 9.4835 1.1854 4.1882 1.0719 0.0 0.0 0.0;
	9.6202 7.2545 6.0692 3.0291 1.724 243.7804 30.4725 50.5864 102.0884 24.3891 6.601 44.1688;
	16.278 13.329 11.0311 4.4996 3.4142 368.3417 46.0427 50.7288 163.0829 166.5043 48.8042 301.5404;
	21.17 16.6083 13.8 6.7054 4.7735 400.831 50.1039 53.5286 188.1712 301.913 120.3131 546.7663;
	25.4151 16.4782 13.8961 5.8573 3.701 369.7368 46.2171 51.6919 189.5494 297.0806 117.5111 538.0148;
	26.1447 16.8137 14.2148 4.8981 3.6816 374.2949 46.7869 54.3048 210.238 279.2946 123.0439 505.8042;
	26.1368 16.7129 14.1491 3.9126 2.9493 385.2325 48.1541 56.6513 228.0263 251.3451 136.3698 455.1876;
	24.8395 15.9262 13.4455 4.8145 0.6469 345.3423 43.1678 64.6839 187.9854 172.3883 108.8191 312.1962;
	22.0483 14.8119 12.5729 4.3662 0.8456 320.2637 40.033 65.7971 150.2298 148.7861 98.2562 269.4526;
	17.9757 12.0145 8.6931 3.39 0.9454 277.5255 34.6907 64.2753 114.3181 111.3015 70.8699 201.5676;
	10.4309 7.224 5.4743 1.5899 2.8694 171.1045 21.3881 41.9959 128.0692 52.3456 42.0232 94.7982;
	1.6111 1.257 0.8544 0.7597 1.2629 83.5988 10.4499 11.6647 48.1405 17.0701 14.1972 30.914;
	0.0 0.0 0.0 0.0 0.0 0.0 0.0 0.0 0.0 0.0 0.0 0.0;
	0.0 0.0 0.0 0.0 0.0 0.0 0.0 0.0 0.0 0.0 0.0 0.0;
	0.0 0.0 0.0 0.0 0.0 0.0 0.0 0.0 0.0 0.0 0.0 0.0;
	0.0 0.0 0.0 0.0 0.0 0.0 0.0 0.0 0.0 0.0 0.0 0.0;
	0.0 0.0 0.0 0.0 0.0 0.0 0.0 0.0 0.0 0.0 0.0 0.0;
	0.0 0.0 0.0 0.0 0.0 0.0 0.0 0.0 0.0 0.0 0.0 0.0;
	0.0 0.0 0.0 0.0 0.0 0.0 0.0 0.0 0.0 0.0 0.0 0.0;
];
