function solarprofile = ex_solar_profilesh1
%EX_WIND_PROFILE_D  Example wind_load_nyiso profile data for deterministic unit commitment.
% 2022.03.12
% Andres F. Ramirez


%% define constants
[GEN_BUS, PG, QG, QMAX, QMIN, VG, MBASE, GEN_STATUS, PMAX, PMIN, ...
    MU_PMAX, MU_PMIN, MU_QMAX, MU_QMIN, PC1, PC2, QC1MIN, QC1MAX, ...
    QC2MIN, QC2MAX, RAMP_AGC, RAMP_10, RAMP_30, RAMP_Q, APF] = idx_gen;
[CT_LABEL, CT_PROB, CT_TABLE, CT_TBUS, CT_TGEN, CT_TBRCH, CT_TAREABUS, ...
    CT_TAREAGEN, CT_TAREABRCH, CT_ROW, CT_COL, CT_CHGTYPE, CT_REP, ...
    CT_REL, CT_ADD, CT_NEWVAL, CT_TLOAD, CT_TAREALOAD, CT_LOAD_ALL_PQ, ...
    CT_LOAD_FIX_PQ, CT_LOAD_DIS_PQ, CT_LOAD_ALL_P, CT_LOAD_FIX_P, ...
    CT_LOAD_DIS_P, CT_TGENCOST, CT_TAREAGENCOST, CT_MODCOST_F, ...
    CT_MODCOST_X] = idx_ct;

solarprofile = struct( ...
    'type', 'mpcData', ...
    'table', CT_TGEN, ...
    'rows', [1:12], ...
    'col', PMAX, ...
    'chgtype', 1, ...
    'values', [] );
solarprofile.values(:,1,:) = [
	0.0 0.0 0.0 0.0 0.0 0.0 0.0 0.0 0.0 0.0 0.0 0.0;
	0.0 0.0 0.0 0.0 0.0 0.0 0.0 0.0 0.0 0.0 0.0 0.0;
	0.0 0.0 0.0 0.0 0.0 0.0 0.0 0.0 0.0 0.0 0.0 0.0;
	0.0 0.0 0.0 0.0 0.0 0.0 0.0 0.0 0.0 0.0 0.0 0.0;
	0.0 0.0 0.0 0.0 0.0 0.0 0.0 0.0 0.0 0.0 0.0 0.0;
	1.0111 0.8228 0.6949 0.0 0.0 9.4835 1.1854 4.1899 0.4191 0.0 0.0 0.0;
	1.1027 3.3043 2.6903 1.8568 4.2019 202.9051 25.3631 32.2989 170.1793 38.9698 22.6405 70.5746;
	11.5697 13.5111 10.9334 2.468 6.9421 310.899 38.8624 54.893 190.3438 41.092 13.2672 74.4179;
	22.5643 16.6083 13.8 5.9094 8.0554 352.9218 44.1152 63.1381 201.0229 85.2158 18.6048 154.3262;
	24.3584 16.3497 11.9104 7.8131 7.5389 359.7869 44.9734 56.3741 216.8107 194.3576 95.1234 351.9828;
	20.5873 15.5025 11.5176 7.3737 7.597 351.4068 43.9258 46.7645 241.7293 235.5839 116.0696 426.6438;
	17.825 13.1245 12.9287 6.4697 6.9916 346.0336 43.2542 41.0216 247.0277 249.1699 95.4282 451.2482;
	14.6031 12.3925 13.3929 6.4928 5.5691 336.2955 42.0369 57.8115 214.251 197.2773 44.4493 357.2703;
	16.3505 11.773 13.0598 6.4613 5.7315 333.0042 41.6255 60.9854 195.9129 159.8095 32.8974 289.416;
	14.8966 10.5995 10.3473 7.509 6.2107 306.1992 38.2749 57.6611 165.8976 101.3914 30.4683 183.6204;
	8.977 6.694 5.8413 6.5555 7.0575 160.2112 20.0264 29.5344 153.0028 9.9189 21.0081 17.9632;
	1.6445 1.2297 1.2594 0.8383 1.2987 62.2911 7.7864 11.3725 34.0164 0.0 3.3529 0.0;
	0.0 0.0 0.0 0.0 0.0 0.0 0.0 0.0 0.0 0.0 0.0 0.0;
	0.0 0.0 0.0 0.0 0.0 0.0 0.0 0.0 0.0 0.0 0.0 0.0;
	0.0 0.0 0.0 0.0 0.0 0.0 0.0 0.0 0.0 0.0 0.0 0.0;
	0.0 0.0 0.0 0.0 0.0 0.0 0.0 0.0 0.0 0.0 0.0 0.0;
	0.0 0.0 0.0 0.0 0.0 0.0 0.0 0.0 0.0 0.0 0.0 0.0;
	0.0 0.0 0.0 0.0 0.0 0.0 0.0 0.0 0.0 0.0 0.0 0.0;
	0.0 0.0 0.0 0.0 0.0 0.0 0.0 0.0 0.0 0.0 0.0 0.0;
];
