function solarprofile = ex_solar_profilesh1
%EX_WIND_PROFILE_D  Example wind_load_nyiso profile data for deterministic unit commitment.
% 2022.03.12
% Andres F. Ramirez


%% define constants
[GEN_BUS, PG, QG, QMAX, QMIN, VG, MBASE, GEN_STATUS, PMAX, PMIN, ...
    MU_PMAX, MU_PMIN, MU_QMAX, MU_QMIN, PC1, PC2, QC1MIN, QC1MAX, ...
    QC2MIN, QC2MAX, RAMP_AGC, RAMP_10, RAMP_30, RAMP_Q, APF] = idx_gen;
[CT_LABEL, CT_PROB, CT_TABLE, CT_TBUS, CT_TGEN, CT_TBRCH, CT_TAREABUS, ...
    CT_TAREAGEN, CT_TAREABRCH, CT_ROW, CT_COL, CT_CHGTYPE, CT_REP, ...
    CT_REL, CT_ADD, CT_NEWVAL, CT_TLOAD, CT_TAREALOAD, CT_LOAD_ALL_PQ, ...
    CT_LOAD_FIX_PQ, CT_LOAD_DIS_PQ, CT_LOAD_ALL_P, CT_LOAD_FIX_P, ...
    CT_LOAD_DIS_P, CT_TGENCOST, CT_TAREAGENCOST, CT_MODCOST_F, ...
    CT_MODCOST_X] = idx_ct;

solarprofile = struct( ...
    'type', 'mpcData', ...
    'table', CT_TGEN, ...
    'rows', [1:12], ...
    'col', PMAX, ...
    'chgtype', 1, ...
    'values', [] );
solarprofile.values(:,1,:) = [
	0.0 0.0 0.0 0.0 0.0 0.0 0.0 0.0 0.0 0.0 0.0 0.0;
	0.0 0.0 0.0 0.0 0.0 0.0 0.0 0.0 0.0 0.0 0.0 0.0;
	0.0 0.0 0.0 0.0 0.0 0.0 0.0 0.0 0.0 0.0 0.0 0.0;
	0.0 0.0 0.0 0.0 0.0 0.0 0.0 0.0 0.0 0.0 0.0 0.0;
	0.0 0.0 0.0 0.0 0.0 0.0 0.0 0.0 0.0 0.0 0.0 0.0;
	1.0111 0.8207 0.6949 0.0 0.0 9.5585 1.1948 4.247 2.5311 0.0 0.0 0.0;
	5.4441 7.3589 2.5866 1.6984 0.2324 81.2097 10.1512 34.8997 100.978 68.02 35.2088 123.1846;
	15.9725 14.0984 8.5915 4.655 1.9098 313.1908 39.1488 52.2185 212.6104 310.3267 134.5806 562.0035;
	22.8529 16.6083 13.6989 6.6244 4.2149 385.6776 48.2097 58.3848 244.7693 352.2108 162.8883 637.8558;
	24.786 16.049 13.6231 1.1661 3.684 378.8282 47.3535 50.838 168.842 249.3403 133.8069 451.5567;
	25.4121 16.457 13.7775 0.9898 2.5714 369.1853 46.1482 28.0026 129.2498 198.036 120.5021 358.6444;
	25.5695 16.5066 13.8 1.4109 2.6778 356.9483 44.6185 15.326 109.71 125.5849 95.4494 227.4351;
	22.8202 14.9256 12.4591 5.2399 4.6662 226.866 28.3582 25.0456 40.147 98.9143 92.2051 179.1344;
	17.2104 10.7515 8.9744 5.0305 5.2497 164.5206 20.5651 41.0945 30.3322 118.8172 87.8584 215.1786;
	9.918 7.3131 3.026 3.956 4.6348 120.5366 15.0671 41.9498 23.9676 96.3587 67.6418 174.5062;
	2.8284 3.7049 0.8404 2.387 3.3497 110.5387 13.8173 16.1777 24.2639 40.2767 39.7192 72.9413;
	1.212 0.9831 0.7551 0.9521 1.1647 76.7499 9.5937 11.3266 38.5623 12.8269 8.5891 23.2295;
	0.0 0.0 0.0 0.0 0.0 0.0 0.0 0.0 0.0 0.0 0.0 0.0;
	0.0 0.0 0.0 0.0 0.0 0.0 0.0 0.0 0.0 0.0 0.0 0.0;
	0.0 0.0 0.0 0.0 0.0 0.0 0.0 0.0 0.0 0.0 0.0 0.0;
	0.0 0.0 0.0 0.0 0.0 0.0 0.0 0.0 0.0 0.0 0.0 0.0;
	0.0 0.0 0.0 0.0 0.0 0.0 0.0 0.0 0.0 0.0 0.0 0.0;
	0.0 0.0 0.0 0.0 0.0 0.0 0.0 0.0 0.0 0.0 0.0 0.0;
	0.0 0.0 0.0 0.0 0.0 0.0 0.0 0.0 0.0 0.0 0.0 0.0;
];
