function windprofile = ex_wind_profilesh1
%EX_WIND_PROFILE_D  Example wind_load_nyiso profile data for deterministic unit commitment.
% 2022.03.12
% Andres F. Ramirez


%% define constants
[GEN_BUS, PG, QG, QMAX, QMIN, VG, MBASE, GEN_STATUS, PMAX, PMIN, ...
    MU_PMAX, MU_PMIN, MU_QMAX, MU_QMIN, PC1, PC2, QC1MIN, QC1MAX, ...
    QC2MIN, QC2MAX, RAMP_AGC, RAMP_10, RAMP_30, RAMP_Q, APF] = idx_gen;
[CT_LABEL, CT_PROB, CT_TABLE, CT_TBUS, CT_TGEN, CT_TBRCH, CT_TAREABUS, ...
    CT_TAREAGEN, CT_TAREABRCH, CT_ROW, CT_COL, CT_CHGTYPE, CT_REP, ...
    CT_REL, CT_ADD, CT_NEWVAL, CT_TLOAD, CT_TAREALOAD, CT_LOAD_ALL_PQ, ...
    CT_LOAD_FIX_PQ, CT_LOAD_DIS_PQ, CT_LOAD_ALL_P, CT_LOAD_FIX_P, ...
    CT_LOAD_DIS_P, CT_TGENCOST, CT_TAREAGENCOST, CT_MODCOST_F, ...
    CT_MODCOST_X] = idx_ct;

windprofile = struct( ...
    'type', 'mpcData', ...
    'table', CT_TGEN, ...
    'rows', [1:45], ...
    'col', PMAX, ...
    'chgtype', 1, ...
    'values', [] );
windprofile.values(:,1,:) = [
	3.6734 49.6351 92.3787 118.5874 15.0782 32.8883 28.7237 19.1614 25.9644 26.9441 49.8057 74.3003 111.8586 68.2619 195.0034 73.4664 91.1528 96.5947 87.6796 73.1528 9.5746 76.7393 73.9099 89.9036 106.3786 76.23 14.1252 1341.4431 781.2408 781.2408 620.7623 118.6028 292.2654 188.2954 214.0104 333.3294 1279.9592 238.6663 470.3514 284.9426 118.2648 364.8404 195.0948 283.9735 1293.2922;
	3.6702 49.593 89.907 116.8025 14.6425 32.6793 25.5298 19.0728 25.0981 27.9916 51.742 77.1889 116.2075 68.0309 191.38 72.1013 89.459 94.7999 87.1681 73.5019 8.5099 76.2517 72.3121 89.6255 105.3323 74.3883 13.7415 1349.4053 799.9861 799.9861 665.3787 115.0206 290.5603 189.194 213.286 341.3274 1321.2805 240.164 461.8749 282.1401 114.9711 362.5225 181.5388 271.8962 1335.0438;
	3.8032 51.3898 92.1634 117.8172 15.1583 33.5668 22.0862 19.0748 26.7858 28.97 53.5505 79.8868 120.2692 67.5004 197.669 74.4707 92.3988 97.9151 88.3923 72.6756 7.3621 78.3226 71.2645 89.5217 104.771 75.8877 13.7236 1320.6505 790.2641 790.2641 698.8165 106.4495 294.6411 187.0673 211.6229 337.1793 1284.8175 236.4088 451.5823 280.6366 117.5654 372.3682 190.466 275.5806 1298.201;
	3.5606 48.1112 92.1219 117.5284 14.6209 32.8585 22.6901 18.9885 25.775 29.4077 54.3597 81.094 122.0866 66.5712 195.9112 73.8084 91.5771 97.0444 84.7049 70.5514 7.5634 76.6698 71.2934 89.2994 103.992 75.3896 13.686 1287.9103 778.8783 778.8783 670.4987 107.385 282.3497 181.5995 208.7097 332.3214 1257.2184 253.3464 447.6448 278.55 116.8224 364.5104 153.4131 279.1848 1270.3145;
	3.7324 50.4327 93.6244 118.2465 15.0751 33.1092 30.5327 18.9316 27.0418 30.5083 56.3941 84.1289 126.6556 67.1907 198.3895 74.7421 92.7355 98.272 84.6533 71.5018 10.1776 77.2547 73.597 87.8855 103.9018 75.7464 13.6447 1268.8093 813.7051 813.7051 717.7377 111.0461 282.1776 184.0457 210.652 347.1808 1274.3946 258.9435 478.3165 278.3083 113.4363 367.291 186.3656 277.4435 1287.6696;
	3.8076 51.4489 92.8471 120.2189 15.3412 34.2734 30.0833 18.9894 27.8464 31.2233 57.7157 86.1005 129.6239 67.6064 203.423 76.6384 95.0884 100.7653 87.7093 72.0121 10.0278 79.9713 74.8352 89.374 104.9031 75.7623 13.5574 1322.5659 823.728 823.728 739.8163 113.0967 292.3644 185.3594 211.9552 351.4573 1292.2605 254.4004 473.0951 280.9904 118.3718 380.2063 181.7059 279.5897 1305.7215;
	3.8295 51.7452 93.8159 120.7529 15.4048 34.6977 32.2181 19.0218 28.2042 30.9467 57.2045 85.3379 128.4757 67.0914 201.1865 75.7958 94.043 99.6575 90.2955 72.2415 10.7394 80.9613 72.4392 89.8855 105.8141 76.1095 13.9059 1322.5301 838.0435 838.0435 767.312 115.11 300.985 185.9499 210.3405 357.5652 1321.0226 301.1989 478.1924 283.4307 121.5216 384.9134 170.2574 273.5489 1334.7832;
	3.7121 50.1591 88.2896 119.3306 14.7331 33.0686 30.5215 17.7701 27.2158 30.193 55.8112 83.2594 125.3465 67.3862 200.8025 75.6512 93.8635 99.4673 86.7995 71.3674 10.1738 77.16 70.9258 88.8054 101.5196 74.3521 12.9044 1330.3184 847.1919 847.1919 749.1758 115.1218 289.3318 183.7 211.2649 361.4685 1320.3428 295.2053 476.7119 271.9275 115.4771 366.8405 163.3606 264.7361 1334.0964;
	3.7952 51.2821 92.7469 119.0246 14.9472 33.1274 32.2336 18.4004 26.6744 30.9976 57.2986 85.4783 128.687 67.9422 198.8497 74.9155 92.9507 98.5 90.5258 71.0695 10.7445 77.2972 73.0441 89.8901 104.7334 72.9643 13.0671 1313.5588 843.9951 843.9951 785.8633 120.0384 301.7525 182.933 213.0081 360.1046 1335.562 309.2443 475.7706 280.5359 121.3089 367.493 198.7663 265.7198 1349.4741;
	3.8112 51.4981 94.3292 119.935 15.1328 33.5479 26.5098 19.0011 26.9297 30.7045 56.7568 84.67 127.4702 67.2291 196.2904 73.9513 91.7543 97.2322 89.1136 72.5122 8.8366 78.2784 73.0611 90.1224 106.1535 75.2493 13.6523 1294.905 836.1943 836.1943 766.9458 121.5733 297.0454 186.6465 210.7724 356.7762 1288.3895 321.6495 468.7752 284.3398 122.0242 372.1578 198.8664 276.2985 1301.8102;
	3.7636 50.8539 91.6622 114.6677 14.4354 33.2588 29.3866 18.3428 26.3929 29.3454 54.2446 80.9223 121.828 66.1592 193.7175 72.9819 90.5516 95.9577 88.8343 72.9432 9.7955 77.6039 65.5335 88.2618 103.1501 72.3429 13.4762 1315.554 837.3382 837.3382 801.356 120.9019 296.1144 187.756 207.4181 357.2643 1333.2915 326.8799 473.3553 276.2949 122.3204 368.9512 203.633 266.7379 1347.1799;
	3.7225 50.2989 93.0215 119.5055 14.9631 33.6384 27.9063 18.9668 27.5873 29.0444 53.6881 80.092 120.5781 65.5271 191.3312 72.0829 89.4362 94.7757 88.2229 71.6824 9.3021 78.4896 72.4905 89.9636 106.3285 73.7803 13.7836 1262.8269 817.5949 817.5949 764.8073 117.9516 294.0762 184.5108 205.4363 348.8405 1277.1706 310.2655 469.3132 284.8086 122.844 373.162 194.8953 274.4822 1290.4744;
	3.62 48.9147 88.7604 115.1765 15.1609 33.7728 29.3783 18.1904 27.0926 29.2092 53.9929 80.5467 121.2626 67.234 191.4616 72.1321 89.4972 94.8403 87.8517 69.0728 9.7928 78.8032 70.0309 88.8 104.6931 74.1302 13.3786 1280.4856 835.5924 835.5924 769.0068 114.924 292.8389 177.7935 210.7878 356.5194 1338.4117 320.8183 475.4483 280.428 120.9781 374.6531 200.6443 270.3623 1352.3535;
	3.6027 48.681 87.6046 113.6766 14.7758 32.8027 26.443 18.1494 26.5308 27.0152 49.9371 74.4964 112.1539 65.3924 187.0376 70.4653 87.4292 92.6488 84.3402 69.6292 8.8143 76.5397 70.4125 88.0706 103.0286 73.5165 13.64 1245.9701 785.1308 785.1308 681.8791 111.8969 281.134 179.2258 205.0141 334.9891 1258.7476 274.1023 459.3863 275.9694 117.507 363.8915 195.0286 265.3671 1271.8595;
	3.558 48.0763 89.7536 113.5542 14.7789 32.1157 22.7346 18.0847 26.3899 27.4052 50.6581 75.5719 113.7731 65.5912 180.6284 68.0507 84.4333 89.4741 84.4601 68.3448 7.5782 74.9366 71.9683 88.1856 102.0589 73.157 13.3708 1263.9622 779.6621 779.6621 702.8856 115.7155 281.5338 175.9196 205.6374 332.6558 1255.424 271.8564 455.9603 273.3721 122.1713 356.2702 197.4444 270.5255 1268.5014;
	3.6381 49.158 88.267 111.3066 14.5269 31.7348 23.213 18.77 26.4135 27.67 51.1476 76.3021 114.8724 64.6197 182.6821 68.8244 85.3933 90.4914 87.4832 69.321 7.7377 74.0479 69.0381 87.0257 102.9008 72.2516 13.5639 1250.468 761.307 761.307 666.7437 113.2069 291.6108 178.4325 202.5916 324.8243 1205.5804 279.9326 458.7375 275.6272 122.5902 352.0447 200.3437 275.3721 1218.1386;
	3.7306 50.4082 92.7127 112.3409 14.8397 30.6444 22.5926 18.1331 27.4859 28.7945 53.2262 79.403 119.5408 65.4554 200.5243 75.5464 93.7335 99.3295 89.8172 70.5223 7.5309 71.5037 69.3918 88.5156 103.7665 62.0864 12.7165 1217.6315 762.4472 762.4472 633.1405 113.4464 299.3906 181.5245 205.2116 325.3108 1202.4614 282.8244 469.6753 277.9459 119.6898 339.9491 198.0403 259.2768 1214.987;
	3.739 50.5218 92.8332 108.0333 15.1064 28.7225 19.0523 14.1236 26.2782 28.5423 52.76 78.7076 118.4939 66.7215 190.553 71.7897 89.0725 94.3902 85.6621 70.1551 6.3508 67.0192 71.1479 87.3138 104.5747 71.8414 10.1964 1149.3856 719.4154 719.4154 568.8913 104.2473 285.5402 180.5795 209.1809 306.9506 1182.6702 255.9118 464.3686 280.1108 115.2705 318.6282 184.6643 246.2438 1194.9897;
