function loadprofile = ex_load_profilesh1
%EX_LOAD_PROFILE  Example load profile data file for stochastic unit commitment.
% 2022.03.12
% Andres F. Ramirez

%% define constants
[CT_LABEL, CT_PROB, CT_TABLE, CT_TBUS, CT_TGEN, CT_TBRCH, CT_TAREABUS, ...
    CT_TAREAGEN, CT_TAREABRCH, CT_ROW, CT_COL, CT_CHGTYPE, CT_REP, ...
    CT_REL, CT_ADD, CT_NEWVAL, CT_TLOAD, CT_TAREALOAD, CT_LOAD_ALL_PQ, ...
    CT_LOAD_FIX_PQ, CT_LOAD_DIS_PQ, CT_LOAD_ALL_P, CT_LOAD_FIX_P, ...
    CT_LOAD_DIS_P, CT_TGENCOST, CT_TAREAGENCOST, CT_MODCOST_F, ...
    CT_MODCOST_X] = idx_ct;

loadprofile = struct( ...
    'type', 'mpcData', ...
    'table', CT_TAREALOAD, ...
    'rows', [1:11], ...
    'col', CT_LOAD_ALL_P, ...
    'chgtype', 1, ...
    'values', [] );
loadprofile.values(:,1,:) = [
	1472.9875 858.3479 1514.0381 536.2 720.7156 1033.8667 812.0547 219.5614 468.688 4451.9787 1632.1202;
	1457.6501 875.2128 1527.2111 520.7015 721.7304 1044.845 806.89 223.9 473.6339 4371.0917 1619.951;
	1456.133 870.9306 1491.1435 496.024 707.2234 1040.8965 799.6 214.3 461.1107 4356.0216 1621.4798;
	1525.8 898.5 1554.015 498.6192 755.267 1086.9611 812.3215 233.8 467.5281 4456.3194 1670.6898;
	1568.3994 930.2541 1628.2096 515.564 815.3191 1166.1861 873.644 243.9633 492.9892 4575.6584 1767.6247;
	1592.9178 986.7731 1748.875 513.2649 862.86 1238.3046 917.3689 262.3175 530.291 4811.2162 1836.0428;
	1674.5625 1026.0776 1821.8031 502.9036 899.4 1308.1251 985.1647 299.2 577.0307 5093.0967 1968.9819;
	1671.1288 1028.3797 1885.8128 538.8899 927.8539 1320.5868 998.3 312.3987 596.0404 5247.6098 2029.9;
	1682.7745 1059.644 1945.9928 549.5042 922.4062 1337.1739 1003.2249 319.9508 608.3 5328.1713 2068.3875;
	1651.0146 1054.6484 1935.2982 512.5341 966.203 1362.7774 1027.1067 312.1225 622.7 5383.7752 2086.6;
	1628.2777 1071.5895 1920.8393 552.4471 968.4498 1392.6766 1059.0138 316.5062 616.5477 5482.7476 2136.3046;
	1603.5943 1024.1117 1891.2614 548.799 963.8621 1360.9667 1032.0498 303.3922 616.8784 5428.6367 2037.3975;
	1497.7471 1011.8057 1829.0162 551.0369 911.4538 1333.4928 1041.9505 307.2 603.3 5445.7127 1983.17;
	1455.1703 1010.9756 1869.4058 559.4424 916.4713 1319.7364 1057.3837 309.9775 593.4836 5514.5801 2058.1475;
	1598.3629 1034.3 1867.2632 573.3842 949.2206 1317.3802 1142.0097 315.0153 620.5855 5391.6357 2098.4008;
	1643.9382 1065.6006 1912.4 593.0337 967.2509 1365.8604 1144.8879 322.6934 662.1513 5388.3582 2103.6694;
	1635.171 1038.3761 1843.286 592.0552 934.486 1366.8 1136.3871 324.2409 645.0094 5441.6768 2129.0;
	1691.5329 1092.4396 1900.442 609.9609 957.9655 1413.9668 1178.9205 337.9583 669.9703 5492.1985 2271.4313;
	1741.4697 1090.8539 1911.3337 609.6 955.9428 1400.5846 1120.8252 337.2447 660.5 5463.3089 2263.4396;
	1724.0386 1042.2777 1845.0649 594.8917 919.0 1384.3537 1111.8444 330.7467 647.4953 5290.4702 2169.6087;
	1635.6 979.1269 1744.0531 582.1 871.9556 1324.5149 1073.0769 308.7342 609.2766 5117.8882 2040.0889;
	1605.2471 925.6254 1643.1934 562.0304 828.3988 1248.576 988.9468 299.1039 577.5615 4860.0453 1925.6;
	1573.2698 910.0633 1587.4557 564.3 821.8176 1152.2294 936.6883 250.7 546.2507 4708.4757 1780.3454;
	1511.2782 892.3218 1583.1351 570.6665 808.0 1121.0 941.4541 261.5899 536.5137 4618.5673 1759.9101;
];
