function loadprofile = ex_load_profilesh1
%EX_LOAD_PROFILE  Example load profile data file for stochastic unit commitment.
% 2022.03.12
% Andres F. Ramirez

%% define constants
[CT_LABEL, CT_PROB, CT_TABLE, CT_TBUS, CT_TGEN, CT_TBRCH, CT_TAREABUS, ...
    CT_TAREAGEN, CT_TAREABRCH, CT_ROW, CT_COL, CT_CHGTYPE, CT_REP, ...
    CT_REL, CT_ADD, CT_NEWVAL, CT_TLOAD, CT_TAREALOAD, CT_LOAD_ALL_PQ, ...
    CT_LOAD_FIX_PQ, CT_LOAD_DIS_PQ, CT_LOAD_ALL_P, CT_LOAD_FIX_P, ...
    CT_LOAD_DIS_P, CT_TGENCOST, CT_TAREAGENCOST, CT_MODCOST_F, ...
    CT_MODCOST_X] = idx_ct;

loadprofile = struct( ...
    'type', 'mpcData', ...
    'table', CT_TAREALOAD, ...
    'rows', [1:11], ...
    'col', CT_LOAD_ALL_P, ...
    'chgtype', 1, ...
    'values', [] );
loadprofile.values(:,1,:) = [
	1480.3945 859.8689 1429.335 560.0133 624.7717 1039.2312 769.4344 261.4678 469.0053 4241.3665 1617.1405;
	1504.2572 882.4905 1468.1397 558.1438 645.4 1035.2345 771.4668 263.3038 475.871 4231.2392 1586.5201;
	1489.954 881.7355 1478.7 561.6226 677.5735 1049.9618 777.3 265.9223 470.8393 4169.9439 1607.2;
	1538.6 901.9691 1500.0677 570.2 663.3274 1071.7819 789.9552 272.8066 463.1211 4232.9171 1648.9156;
	1579.3185 951.2943 1612.6212 584.9137 717.5486 1153.5937 866.7 296.8515 508.3791 4475.4378 1781.6658;
	1604.2978 990.8784 1712.383 600.5407 780.8483 1182.1963 919.5875 307.2 547.9 4691.3959 1852.8892;
	1698.3 1036.8582 1756.6033 608.0 831.4 1253.6 968.817 329.1042 593.4868 5072.8426 1985.583;
	1694.9261 1042.438 1758.3528 618.3142 853.8723 1285.1 947.4681 328.9103 614.3778 5248.7 1942.7676;
	1705.7804 1081.9679 1817.5095 616.9 851.9594 1273.6763 974.5318 329.8619 619.5176 5401.0 1958.2588;
	1708.2988 1082.7804 1785.7395 603.4265 855.6626 1235.5385 952.1734 321.3856 629.9657 5372.2344 1977.0002;
	1715.5023 1070.3821 1724.0694 589.7916 824.9894 1226.3748 942.7832 323.8 626.8 5351.7464 1926.5223;
	1649.976 1023.1151 1659.7337 589.8022 804.4928 1177.9847 938.2524 318.8938 641.0678 5303.981 1955.5252;
	1624.5745 1016.0261 1609.7017 579.907 790.4842 1135.6312 895.9827 299.2341 600.9514 5187.2179 1868.6888;
	1666.6921 1027.5677 1505.0841 568.4677 760.8237 1154.7247 896.1426 291.2057 613.6929 5043.9928 1707.8543;
	1648.7039 998.1937 1496.4936 587.594 802.0986 1218.4919 865.4077 279.6863 595.1672 4931.4541 1754.0919;
	1674.0457 1017.8891 1515.4658 590.1431 802.4904 1288.6146 968.0936 273.0231 616.8968 5094.3884 1935.771;
	1755.4792 1057.6618 1535.5489 589.0873 839.7016 1308.5988 941.3335 295.397 617.3 4995.9586 2082.2974;
	1812.9054 1101.3986 1687.5599 609.4881 897.9515 1404.5258 1060.1819 317.3 665.3228 5100.7914 2232.297;
	1872.0073 1113.3665 1742.4369 596.7 879.4666 1385.7154 1084.2 316.8085 666.2592 5121.4163 2234.7223;
	1871.2508 1076.6475 1706.1555 587.5 839.2266 1337.271 1046.0536 323.9037 637.8471 5020.4793 2187.6422;
	1834.821 1024.3652 1660.8876 586.2437 802.8659 1296.8961 990.474 296.8053 627.7951 4738.5184 2102.5;
	1749.0859 968.6 1545.5007 564.3 715.4778 1219.1501 951.3032 288.9 589.0 4638.0088 1967.9176;
	1622.8388 915.4 1525.392 575.5 711.2691 1155.6489 891.7883 271.7831 519.035 4392.2019 1757.4856;
	1545.5955 910.3102 1498.76 590.4481 695.7054 1130.1667 855.0219 251.1353 513.2119 4551.5321 1741.8;
];
