function windprofile = ex_wind_profilesh1
%EX_WIND_PROFILE_D  Example wind_load_nyiso profile data for deterministic unit commitment.
% 2022.03.12
% Andres F. Ramirez


%% define constants
[GEN_BUS, PG, QG, QMAX, QMIN, VG, MBASE, GEN_STATUS, PMAX, PMIN, ...
    MU_PMAX, MU_PMIN, MU_QMAX, MU_QMIN, PC1, PC2, QC1MIN, QC1MAX, ...
    QC2MIN, QC2MAX, RAMP_AGC, RAMP_10, RAMP_30, RAMP_Q, APF] = idx_gen;
[CT_LABEL, CT_PROB, CT_TABLE, CT_TBUS, CT_TGEN, CT_TBRCH, CT_TAREABUS, ...
    CT_TAREAGEN, CT_TAREABRCH, CT_ROW, CT_COL, CT_CHGTYPE, CT_REP, ...
    CT_REL, CT_ADD, CT_NEWVAL, CT_TLOAD, CT_TAREALOAD, CT_LOAD_ALL_PQ, ...
    CT_LOAD_FIX_PQ, CT_LOAD_DIS_PQ, CT_LOAD_ALL_P, CT_LOAD_FIX_P, ...
    CT_LOAD_DIS_P, CT_TGENCOST, CT_TAREAGENCOST, CT_MODCOST_F, ...
    CT_MODCOST_X] = idx_ct;

windprofile = struct( ...
    'type', 'mpcData', ...
    'table', CT_TGEN, ...
    'rows', [1:45], ...
    'col', PMAX, ...
    'chgtype', 1, ...
    'values', [] );
windprofile.values(:,1,:) = [
	3.6152 48.8497 92.5564 112.9263 14.0984 32.153 29.2958 18.1809 26.4491 27.9101 51.5915 76.9643 115.8694 69.4026 191.6812 72.2148 89.5998 94.9491 77.3824 71.9944 9.7653 75.0236 73.4158 83.0281 100.345 72.4712 13.0187 1301.4748 782.3321 782.3321 535.4285 112.0184 257.9413 185.3138 217.5865 333.795 1277.8581 212.2663 466.7341 268.7813 112.4961 356.6836 192.1555 273.8628 1291.1691;
	3.5249 47.629 88.6383 110.8876 12.809 31.0036 25.4439 18.0789 26.032 27.8478 51.4763 76.7925 115.6107 68.2399 180.4894 67.9983 84.3683 89.4052 77.6884 71.047 8.4813 72.3416 73.2491 84.4253 97.5221 70.1271 12.8457 1302.5849 778.1397 778.1397 561.6852 101.0074 258.9615 182.8752 213.9414 332.0063 1231.0941 200.1362 454.5664 261.22 110.0677 343.9328 177.224 257.0351 1243.918;
	3.632 49.0757 92.8301 115.1448 14.42 33.6273 20.8009 18.8482 26.2954 29.5509 54.6244 81.4889 122.6811 68.0821 193.3153 72.8304 90.3637 95.7585 83.3555 72.6591 6.9336 78.4636 75.4394 87.0863 100.6606 74.3222 13.38 1316.263 766.2366 766.2366 570.5968 95.4778 277.8518 187.0246 213.4467 326.9276 1289.7569 208.7363 429.4005 269.6265 117.2907 373.0386 187.7962 262.2037 1303.1919;
	3.748 50.6442 94.7831 119.2461 14.6275 33.5728 22.8333 18.8655 26.1926 30.9094 57.1356 85.2351 128.321 68.6104 200.9626 75.7115 93.9383 99.5466 87.5326 73.8582 7.6111 78.3366 75.5148 89.1835 102.3466 71.2363 13.4678 1303.9616 773.2681 773.2681 620.2067 100.1741 291.7753 190.1111 215.103 329.9277 1279.5436 244.5516 446.6564 274.1426 118.9995 372.4347 157.8716 273.4273 1292.8722;
	3.9002 52.7008 94.8702 118.9368 15.2486 34.6718 29.7682 18.923 26.4897 31.1401 57.5621 85.8713 129.2788 68.4689 203.7753 76.7711 95.2531 100.9398 88.7911 74.0083 9.9227 80.9009 75.7666 89.4558 104.3548 72.866 13.7939 1286.218 790.3405 790.3405 655.8279 111.8585 295.9703 190.4975 214.6592 337.2119 1277.0214 248.7637 454.1156 279.5217 122.2592 384.626 193.5549 272.7212 1290.3237;
	3.7144 50.1897 91.7965 114.5363 14.7173 32.8019 26.2291 18.5347 24.9817 31.0334 57.3648 85.5771 128.8358 66.3667 203.8303 76.7919 95.2788 100.9671 89.8899 73.7296 8.743 76.5377 75.3084 87.3741 102.2421 70.0533 13.1947 1242.7701 770.3791 770.3791 659.2609 111.8213 299.633 189.7802 208.0686 328.6951 1205.1848 241.4423 437.2968 273.8627 115.85 363.882 176.1307 270.1082 1217.7388;
	3.7516 50.6918 94.0381 115.268 15.1939 33.971 28.2844 18.9051 26.2844 31.2757 57.8127 86.2452 129.8417 68.611 204.5605 77.067 95.6201 101.3288 90.2892 73.9914 9.4281 79.2657 75.843 88.5165 104.1046 69.97 13.3279 1240.8373 785.8022 785.8022 665.6171 109.1725 300.964 190.4541 215.1049 335.2756 1236.6502 278.674 446.5198 278.8516 115.8884 376.8517 162.066 262.376 1249.532;
	3.8262 51.7006 94.1509 118.2791 15.0681 34.324 28.3938 19.111 26.1471 31.1441 57.5695 85.8823 129.2953 68.8916 204.3843 77.0006 95.5378 101.2415 90.1531 73.9312 9.4646 80.0892 75.8815 89.5084 105.4116 72.3095 13.6636 1286.824 786.8448 786.8448 660.7841 112.2751 300.5102 190.2992 215.9846 335.7205 1280.3851 280.6738 438.1611 282.3524 117.7187 380.7671 174.5055 267.1059 1293.7225;
	3.6549 49.3864 91.3064 113.2363 14.9269 34.1148 29.6285 18.9362 26.6665 31.1336 57.55 85.8533 129.2517 66.7283 201.8702 76.0534 94.3626 99.9962 91.7511 72.5687 9.8762 79.6012 75.8432 86.4438 103.1759 69.5487 13.2501 1283.5935 786.6777 786.6777 696.1516 119.3431 305.8371 186.7921 209.2023 335.6492 1277.8099 294.246 442.4259 276.3639 120.9857 378.4468 201.9034 253.2262 1291.1204;
	3.6669 49.5484 94.611 117.7311 15.3036 34.1348 25.3282 19.0242 28.1739 30.7131 56.7727 84.6937 127.5058 68.5664 199.9566 75.3325 93.4681 99.0483 90.6557 72.3323 8.4427 79.6478 75.8265 87.4667 104.2416 71.8203 13.6772 1244.9365 792.4544 792.4544 670.5006 120.2201 302.1855 186.1836 214.965 338.1139 1254.0917 311.5924 469.0077 279.2186 123.0018 378.6685 208.4742 267.0611 1267.1552;
	3.7795 51.07 92.8115 118.5711 15.3777 34.2769 27.7853 19.0275 28.4523 31.1823 57.6401 85.9877 129.454 69.6667 199.8041 75.275 93.3968 98.9727 91.9673 73.1929 9.2618 79.9794 75.6931 87.6855 102.9056 73.4202 13.7861 1245.5346 826.0843 826.0843 724.5117 119.6807 306.5578 188.3986 218.4146 352.4626 1277.1137 315.7525 477.4043 275.64 120.9499 380.2449 208.2459 260.8933 1290.4169;
	3.7716 50.9625 92.4878 115.9793 15.3263 34.1006 26.9552 19.004 28.4312 30.9978 57.299 85.4788 128.6879 69.1632 202.3283 76.226 94.5767 100.2231 91.6206 70.7734 8.9851 79.5682 75.7721 87.7952 102.3836 73.7624 13.8153 1229.0609 782.6607 782.6607 689.0301 118.1302 305.4021 182.171 216.8359 333.9352 1236.5045 313.5176 479.4292 274.2419 122.0664 378.2899 204.5299 256.8563 1249.3848;
	3.6744 49.649 91.8641 115.4063 15.3481 32.7358 27.069 18.8804 28.3274 31.026 57.3512 85.5567 128.8051 68.9403 194.6531 73.3344 90.989 96.4212 92.3646 68.0297 9.023 76.3836 75.6338 86.8008 102.5668 75.3011 13.6618 1241.877 801.942 801.942 691.45 115.9635 307.8822 175.1087 216.1373 342.1619 1240.3731 304.8956 477.9468 274.7325 122.1461 363.1493 203.6979 259.3218 1253.2936;
	3.5687 48.2209 88.1051 112.9869 14.7685 31.6021 25.388 18.1134 27.3265 30.9321 57.1775 85.2975 128.415 65.7505 197.3919 74.3663 92.2693 97.7779 89.9648 69.9579 8.4627 73.7383 75.7543 84.2388 97.7506 73.4113 13.62 1239.9165 769.9186 769.9186 621.0253 114.5848 299.8825 180.0718 206.1366 328.4986 1219.8697 283.7135 457.8989 261.8318 119.2406 350.5731 190.6186 249.7156 1232.5767;
	3.5858 48.4526 90.7811 115.9496 14.5506 31.888 23.7147 17.8348 27.501 30.8029 56.9386 84.9412 127.8786 68.2535 192.4156 72.4915 89.9431 95.3129 89.2965 68.5279 7.9049 74.4054 75.8426 86.4707 98.9247 70.4876 13.2997 1232.5655 787.2197 787.2197 662.3077 117.1337 297.6549 176.3911 213.9841 335.8804 1239.8506 315.5897 475.674 264.9769 118.2418 353.7444 199.2022 259.5422 1252.7657;
	3.5927 48.5458 87.7365 113.0495 14.9497 31.5309 25.8967 17.5175 27.868 30.4013 56.1964 83.834 126.2116 67.4982 184.3931 69.469 86.193 91.3389 85.9349 68.0904 8.6322 73.5722 75.2403 85.451 97.4963 68.4207 12.597 1216.6695 783.3652 783.3652 690.8428 113.0134 286.4497 175.2648 211.616 334.2358 1189.6312 292.9558 479.5789 261.1509 113.4663 349.7832 200.3752 261.8212 1202.0232;
	3.6048 48.7089 90.2251 109.4851 15.1786 31.1768 23.791 15.2224 27.2554 30.7148 56.7758 84.6983 127.5128 69.1179 196.5584 74.0522 91.8796 97.365 87.4383 67.54 7.9303 72.7458 74.9498 81.8729 94.7778 41.367 10.4547 1234.3406 746.175 746.175 606.8056 111.1571 291.461 173.8482 216.694 318.368 1210.5213 287.2265 477.5426 253.8691 108.9694 345.8544 195.2368 245.1793 1223.1309;
	3.7242 50.322 89.9971 111.6915 14.8183 30.2913 21.0039 12.8484 27.7214 30.7783 56.8932 84.8735 127.7766 69.5577 192.3449 72.4648 89.9101 95.2778 87.74 66.9369 7.0013 70.6796 75.1995 81.6379 96.4974 65.8252 9.6638 1207.8785 726.9265 726.9265 617.3918 111.0935 292.4668 172.2957 218.0728 310.1553 1219.3041 277.3969 478.3867 258.4753 113.9894 336.0309 189.1381 240.6094 1232.0051;
