function loadprofile = ex_load_profilesh1
%EX_LOAD_PROFILE  Example load profile data file for stochastic unit commitment.
% 2022.03.12
% Andres F. Ramirez

%% define constants
[CT_LABEL, CT_PROB, CT_TABLE, CT_TBUS, CT_TGEN, CT_TBRCH, CT_TAREABUS, ...
    CT_TAREAGEN, CT_TAREABRCH, CT_ROW, CT_COL, CT_CHGTYPE, CT_REP, ...
    CT_REL, CT_ADD, CT_NEWVAL, CT_TLOAD, CT_TAREALOAD, CT_LOAD_ALL_PQ, ...
    CT_LOAD_FIX_PQ, CT_LOAD_DIS_PQ, CT_LOAD_ALL_P, CT_LOAD_FIX_P, ...
    CT_LOAD_DIS_P, CT_TGENCOST, CT_TAREAGENCOST, CT_MODCOST_F, ...
    CT_MODCOST_X] = idx_ct;

loadprofile = struct( ...
    'type', 'mpcData', ...
    'table', CT_TAREALOAD, ...
    'rows', [1:11], ...
    'col', CT_LOAD_ALL_P, ...
    'chgtype', 1, ...
    'values', [] );
loadprofile.values(:,1,:) = [
	1461.6082 844.2111 1505.3305 562.4 672.5343 1090.1 798.3008 244.9 492.9 4339.3952 1709.859;
	1463.8377 856.2828 1538.0225 560.0 702.253 1116.2515 809.9 258.7 485.3015 4298.2543 1688.5345;
	1447.1606 863.3877 1543.4721 575.2373 717.1872 1135.7522 833.5 261.5659 505.0855 4347.7883 1763.8467;
	1482.8991 893.2 1559.3 581.1 691.4037 1136.7 835.7 259.9 507.6286 4379.7277 1774.3788;
	1586.493 962.8599 1679.8771 575.7472 776.5152 1197.8178 895.575 281.1 535.4178 4508.8796 1845.1902;
	1600.5557 1001.413 1737.7765 572.4158 852.0357 1263.8488 954.3077 292.9798 562.7 4735.1143 1955.4215;
	1586.2072 1006.3647 1769.9797 571.6 877.4521 1308.1933 987.7552 293.9889 581.8327 4957.879 2021.3075;
	1648.0791 1042.1 1843.6402 572.4362 889.3407 1346.7262 1016.2005 302.0 596.017 5155.5819 2049.319;
	1690.5211 1078.3109 1872.588 564.547 901.6389 1311.2734 991.3081 309.6997 599.6 5174.3234 1999.9207;
	1678.3359 1070.3964 1908.6284 566.9844 925.7584 1296.3547 997.7945 316.6659 603.2035 5216.5692 2043.804;
	1682.5311 1055.951 1869.9873 553.1703 930.3775 1249.082 955.0244 331.8734 609.4765 5347.0777 2057.9834;
	1643.9195 992.8571 1808.9368 539.1121 879.7857 1195.4101 934.3573 310.4897 594.9 5277.5 2027.2503;
	1647.7749 986.4932 1761.1476 508.6118 851.4482 1187.8114 917.6772 298.4786 586.1406 5188.359 2011.505;
	1652.8781 986.157 1738.2494 492.4984 854.894 1159.1928 895.8 262.0545 583.4016 5176.8537 1992.6979;
	1654.7819 986.501 1752.0285 524.8805 868.6431 1186.0667 879.1598 256.9264 577.9071 5124.8012 1992.9572;
	1664.8265 1028.8 1791.7 535.5618 897.5636 1264.8787 958.998 254.4 600.0 5298.2446 2107.8059;
	1681.9014 1051.2408 1849.7505 545.8841 976.5282 1337.6173 1013.3921 265.6557 594.6856 5364.0696 2240.4977;
	1769.5583 1106.5673 1966.8659 572.6772 1023.9184 1429.6657 1096.0359 277.544 618.249 5449.2399 2290.9327;
	1791.1202 1122.0 1917.8972 578.8 1000.9415 1431.8736 1089.5191 265.8299 628.1567 5397.6978 2284.8132;
	1801.3085 1089.6 1870.3037 573.2014 920.6913 1380.121 1065.0818 276.3 597.7948 5283.6852 2203.8;
	1689.6533 1024.2312 1794.6577 545.5167 880.0831 1294.4367 1004.8 260.9117 589.4106 5101.611 2091.8964;
	1625.5 963.0 1661.0 540.7052 830.7 1223.723 938.894 226.373 544.7096 4721.6209 1932.2322;
	1615.5865 944.9 1673.2774 579.0784 817.5048 1191.7711 898.7 217.5751 477.2556 4681.7461 1907.1;
	1571.5 916.5653 1668.5355 585.5529 793.5871 1189.2005 906.0758 228.4465 510.3 4637.3057 1961.0537;
];
