function windprofile = ex_wind_profilesh1
%EX_WIND_PROFILE_D  Example wind_load_nyiso profile data for deterministic unit commitment.
% 2022.03.12
% Andres F. Ramirez


%% define constants
[GEN_BUS, PG, QG, QMAX, QMIN, VG, MBASE, GEN_STATUS, PMAX, PMIN, ...
    MU_PMAX, MU_PMIN, MU_QMAX, MU_QMIN, PC1, PC2, QC1MIN, QC1MAX, ...
    QC2MIN, QC2MAX, RAMP_AGC, RAMP_10, RAMP_30, RAMP_Q, APF] = idx_gen;
[CT_LABEL, CT_PROB, CT_TABLE, CT_TBUS, CT_TGEN, CT_TBRCH, CT_TAREABUS, ...
    CT_TAREAGEN, CT_TAREABRCH, CT_ROW, CT_COL, CT_CHGTYPE, CT_REP, ...
    CT_REL, CT_ADD, CT_NEWVAL, CT_TLOAD, CT_TAREALOAD, CT_LOAD_ALL_PQ, ...
    CT_LOAD_FIX_PQ, CT_LOAD_DIS_PQ, CT_LOAD_ALL_P, CT_LOAD_FIX_P, ...
    CT_LOAD_DIS_P, CT_TGENCOST, CT_TAREAGENCOST, CT_MODCOST_F, ...
    CT_MODCOST_X] = idx_ct;

windprofile = struct( ...
    'type', 'mpcData', ...
    'table', CT_TGEN, ...
    'rows', [1:45], ...
    'col', PMAX, ...
    'chgtype', 1, ...
    'values', [] );
windprofile.values(:,1,:) = [
	3.8442 51.9431 93.1267 119.5643 14.6544 34.5854 30.4055 19.1326 28.3422 30.0324 55.5144 82.8165 124.6798 68.2087 188.9474 71.1849 88.3219 93.5949 87.063 70.1587 10.1352 80.6994 75.7342 88.1905 105.9082 75.5959 14.1387 1313.7776 815.6318 815.6318 601.0525 110.1409 290.2099 180.5886 213.8435 348.0029 1286.6186 222.5511 462.8187 283.6826 119.4279 383.6679 200.8686 284.2581 1300.0209;
	3.8287 51.7348 90.1159 117.3234 14.9376 33.8872 26.7617 18.6839 27.1559 30.2838 55.9791 83.5099 125.7237 66.5711 167.0336 62.9289 78.0785 82.7399 83.4206 68.6059 8.9206 79.07 75.077 86.8545 103.2293 73.6687 13.7394 1282.5268 780.2685 780.2685 612.3062 102.6405 278.0686 176.5917 208.7094 332.9146 1236.0336 218.1825 449.6106 276.5072 119.5984 375.9215 192.0057 275.8623 1248.9089;
	3.8617 52.1803 87.3008 114.4063 14.8488 34.6206 23.3156 18.4642 28.1251 30.1213 55.6789 83.0619 125.0492 66.742 187.5606 70.6624 87.6737 92.9079 85.086 69.9763 7.7719 80.7814 73.5426 87.5 101.4624 75.7284 13.7793 1326.0146 766.3896 766.3896 623.6867 98.2838 283.62 180.1192 209.2451 326.9929 1271.7753 216.4684 428.5709 271.7743 120.708 384.0579 188.882 275.1982 1285.0229;
	3.8794 52.4188 89.0121 118.0549 15.0668 34.4257 25.6145 18.4614 28.1698 30.6269 56.6134 84.4561 127.1482 69.0496 191.4577 72.1306 89.4953 94.8383 86.3428 69.7584 8.5382 80.3267 72.8753 88.9781 103.1605 74.282 13.8421 1307.72 793.3655 793.3655 651.509 99.5956 287.8093 179.5583 216.4798 338.5026 1300.9645 236.0606 446.0412 276.3228 118.3989 381.8959 164.5322 273.5456 1314.5162;
	3.8624 52.1892 90.3894 118.9411 14.6917 34.3243 32.258 18.8241 28.3979 31.0415 57.3797 85.5992 128.8692 69.7771 194.8352 73.403 91.0741 96.5114 87.0677 71.3346 10.7527 80.09 74.0774 87.1518 103.035 75.9789 14.0001 1279.2251 792.6939 792.6939 647.9768 101.3599 290.2258 183.6155 218.7605 338.2161 1250.8525 225.0493 471.858 275.9867 122.7041 380.7707 197.3506 275.5452 1263.8822;
	3.8837 52.4769 90.975 116.1964 14.3931 33.9247 29.2708 18.7347 27.2518 30.9575 57.2244 85.3676 128.5204 69.2865 203.0215 76.4872 94.9007 100.5664 88.2025 71.8213 9.7569 79.1576 73.6357 87.6549 102.5092 75.5859 13.7575 1261.9745 786.6842 786.6842 681.801 108.1398 294.0085 184.8681 217.2227 335.6519 1185.7342 235.9087 453.2926 274.5782 121.4181 376.338 186.639 281.981 1198.0856;
	3.751 50.6848 90.4073 115.3381 14.4962 33.0481 30.3666 18.0485 26.0923 29.8389 55.1567 82.283 123.8766 68.0838 200.5644 75.5615 93.7522 99.3494 86.324 71.8727 10.1222 77.1123 72.2075 86.5978 101.1039 74.0752 13.4031 1208.432 760.3623 760.3623 704.7381 108.9438 287.7467 185.0006 213.452 324.4212 1166.811 282.1164 454.1492 270.8141 117.8456 366.6141 162.6404 270.2793 1178.9653;
	3.7089 50.115 88.4777 114.2089 14.5867 33.8525 29.7528 17.9039 26.1284 29.2012 53.978 80.5245 121.2292 69.0746 199.418 75.1296 93.2163 98.7815 89.1252 70.0407 9.9176 78.9892 72.5297 86.7906 99.5598 71.042 13.2979 1270.5938 806.1061 806.1061 730.1073 114.0176 297.084 180.2849 216.5582 343.9386 1235.8632 298.52 451.564 266.6781 117.6604 375.5374 172.0475 265.5587 1248.7368;
	3.8696 52.2867 93.3587 118.5502 15.2533 34.6097 30.8892 18.623 27.2581 30.6676 56.6885 84.5681 127.3169 68.1984 201.4867 75.909 94.1833 99.8062 89.8436 70.1203 10.2964 80.756 74.1712 88.1101 104.2874 73.1047 13.6528 1332.6547 796.8976 796.8976 729.5851 115.9356 299.4785 180.4898 213.8112 340.0096 1274.1305 289.8927 455.8679 279.3412 122.0853 383.9371 202.5378 270.7044 1287.4027;
	3.89 52.562 91.1798 115.2368 15.1666 34.3598 26.2218 18.3848 26.9685 29.4981 54.5267 81.3431 122.4616 65.9581 194.425 73.2485 90.8824 96.3082 87.6045 68.5143 8.7406 80.1729 72.2861 87.9448 102.5053 71.2355 13.5629 1326.2724 800.1411 800.1411 728.1957 121.004 292.0151 176.356 206.7877 341.3935 1273.0759 319.8208 442.5065 274.5677 121.1955 381.1651 209.8347 263.3444 1286.3371;
	3.8794 52.4188 91.9079 116.3703 15.3218 34.3922 27.5132 18.7191 26.8832 30.8488 57.0235 85.0679 128.0692 63.3215 191.2208 72.0413 89.3846 94.721 88.8331 71.16 9.1711 80.2484 70.2359 88.9424 105.1626 70.3345 13.7594 1315.101 806.0067 806.0067 724.3045 123.0158 296.1103 183.166 198.5214 343.8962 1311.3471 321.4402 447.1513 281.6854 122.9373 381.5236 211.6366 267.0938 1325.007;
	3.826 51.6971 89.5402 113.854 15.3849 34.1903 24.4262 17.4923 26.4811 30.9058 57.1289 85.225 128.3058 63.637 188.4747 71.0068 88.101 93.3607 88.168 68.4606 8.1421 79.7774 72.7418 88.0455 102.1775 62.1528 13.337 1251.7729 788.4663 788.4663 731.3346 119.7501 293.8934 176.2178 199.5104 336.4123 1267.4842 309.1856 447.7112 273.6897 119.8845 379.2845 209.8394 264.6251 1280.6871;
	3.7751 51.0098 91.2533 114.8772 15.3852 34.3064 26.5006 18.2619 26.7969 30.6098 56.5817 84.4088 127.077 62.1584 187.2901 70.5604 87.5472 92.7739 88.9097 68.7336 8.8335 80.0482 70.4499 86.9906 104.3107 72.1981 13.4866 1278.5119 770.3706 770.3706 686.3316 117.2442 296.3658 176.9203 194.8748 328.6914 1261.4964 314.2843 439.3885 279.4038 122.5982 380.5718 209.9594 268.3912 1274.6369;
	3.678 49.6978 90.3376 114.887 15.0096 33.6861 24.888 17.5193 27.313 30.8268 56.983 85.0074 127.9781 65.0694 176.6269 66.5432 82.5628 87.4919 85.2997 70.5381 8.296 78.6009 72.5124 86.0071 100.4883 70.1333 13.1809 1236.2437 749.6821 749.6821 648.5121 116.5421 284.3322 181.5652 204.0014 319.8643 1213.0691 291.9002 441.9653 269.1651 117.1654 373.6913 203.5529 268.113 1225.7052;
	3.6286 49.0299 91.1008 114.8501 15.1065 32.6719 22.2224 18.1037 27.5722 30.3383 56.08 83.6603 125.9501 65.8573 186.7922 70.3729 87.3145 92.5273 88.8566 69.8406 7.4075 76.2344 73.4612 87.8144 102.0387 70.8342 13.5624 1256.0807 763.5468 763.5468 691.1406 117.1309 296.1887 179.7699 206.4716 325.78 1258.4458 303.0648 439.5949 273.3181 117.617 362.44 200.1127 268.3781 1271.5546;
	3.5874 48.4743 87.7407 112.0174 14.7414 31.7034 22.9178 18.3725 27.066 30.5544 56.4794 84.2562 126.8472 64.6108 172.3778 64.9423 80.5766 85.3871 90.0453 68.5624 7.6393 73.9746 72.5842 88.0446 102.1785 70.789 13.4828 1217.6564 758.5972 758.5972 681.2082 113.4585 300.1509 176.4797 202.5635 323.6681 1172.0776 290.1839 436.0839 273.6925 117.7601 351.6962 195.7022 272.0555 1184.2868;
	3.6264 49.0011 88.943 108.4302 15.0221 28.9245 20.609 17.4518 26.1102 29.9224 55.3111 82.5133 124.2234 64.8831 186.4329 70.2375 87.1465 92.3493 92.1814 67.4276 6.8697 67.4905 69.3917 87.0509 100.6077 52.2304 12.2459 1188.5437 738.4407 738.4407 646.6833 115.2449 307.2714 173.5589 203.4173 315.068 1154.4419 317.6382 427.8902 269.485 114.4118 320.8693 186.1343 254.6289 1166.4673;
	3.4851 47.0915 88.7989 106.3696 14.8258 26.1563 17.4329 13.4588 25.9189 29.8959 55.2621 82.4401 124.1132 64.1669 181.55 68.3979 84.8641 89.9306 89.9446 63.9595 5.811 61.0314 71.0303 88.2773 103.2065 70.7516 10.4474 1225.0552 715.0208 715.0208 623.211 113.7224 299.8152 164.632 201.1718 305.0755 1210.2085 274.2739 434.404 276.4459 114.1373 290.1607 174.8041 237.4635 1222.8149;
