function solarprofile = ex_solar_profilesh1
%EX_WIND_PROFILE_D  Example wind_load_nyiso profile data for deterministic unit commitment.
% 2022.03.12
% Andres F. Ramirez


%% define constants
[GEN_BUS, PG, QG, QMAX, QMIN, VG, MBASE, GEN_STATUS, PMAX, PMIN, ...
    MU_PMAX, MU_PMIN, MU_QMAX, MU_QMIN, PC1, PC2, QC1MIN, QC1MAX, ...
    QC2MIN, QC2MAX, RAMP_AGC, RAMP_10, RAMP_30, RAMP_Q, APF] = idx_gen;
[CT_LABEL, CT_PROB, CT_TABLE, CT_TBUS, CT_TGEN, CT_TBRCH, CT_TAREABUS, ...
    CT_TAREAGEN, CT_TAREABRCH, CT_ROW, CT_COL, CT_CHGTYPE, CT_REP, ...
    CT_REL, CT_ADD, CT_NEWVAL, CT_TLOAD, CT_TAREALOAD, CT_LOAD_ALL_PQ, ...
    CT_LOAD_FIX_PQ, CT_LOAD_DIS_PQ, CT_LOAD_ALL_P, CT_LOAD_FIX_P, ...
    CT_LOAD_DIS_P, CT_TGENCOST, CT_TAREAGENCOST, CT_MODCOST_F, ...
    CT_MODCOST_X] = idx_ct;

solarprofile = struct( ...
    'type', 'mpcData', ...
    'table', CT_TGEN, ...
    'rows', [1:12], ...
    'col', PMAX, ...
    'chgtype', 1, ...
    'values', [] );
solarprofile.values(:,1,:) = [
	0.0 0.0 0.0 0.0 0.0 0.0 0.0 0.0 0.0 0.0 0.0 0.0;
	0.0 0.0 0.0 0.0 0.0 0.0 0.0 0.0 0.0 0.0 0.0 0.0;
	0.0 0.0 0.0 0.0 0.0 0.0 0.0 0.0 0.0 0.0 0.0 0.0;
	0.0 0.0 0.0 0.0 0.0 0.0 0.0 0.0 0.0 0.0 0.0 0.0;
	0.0 0.0 0.0 0.0 0.0 0.0 0.0 0.0 0.0 0.0 0.0 0.0;
	1.0216 0.8518 0.7066 0.0 0.0 11.7265 1.4658 4.7466 2.6764 0.0 0.0 0.0;
	9.9151 9.1273 5.8809 7.3948 3.6658 144.7238 18.0905 56.5398 104.6592 66.6249 29.8022 120.6581;
	23.5092 16.6284 12.7735 11.2315 6.5312 341.6834 42.7104 53.0588 192.8526 295.6392 170.8821 535.4044;
	26.4812 16.9709 13.9539 11.5754 7.6819 399.6329 49.9541 57.8919 235.2148 346.6114 203.0871 627.7153;
	26.3649 16.8262 14.2284 9.7726 5.1146 372.0953 46.5119 58.8027 239.9841 256.9767 146.2931 465.3863;
	26.097 16.8749 14.2588 8.795 4.3087 325.4767 40.6846 49.9512 181.9379 234.6961 128.3646 425.0361;
	25.6619 16.6387 14.1029 7.4302 3.6478 296.493 37.0616 31.8677 167.6862 219.2769 114.4198 397.1117;
	20.6337 15.8244 13.4455 6.1613 2.7229 327.6358 40.9545 43.1926 241.3568 140.2953 119.1443 254.0756;
	16.3558 12.7594 12.3481 4.8027 2.5361 326.4461 40.8058 55.0535 275.5796 155.1366 144.4818 280.9533;
	11.817 9.8822 8.005 4.5139 1.8607 291.3305 36.4163 57.5609 283.6973 156.1854 157.4276 282.8527;
	7.5744 7.0531 5.2012 6.1844 1.7993 101.5969 12.6996 39.5176 266.1039 146.1645 68.6349 264.7049;
	1.3872 1.477 0.913 1.6123 1.0558 63.3716 7.9215 11.3207 50.0056 61.2451 13.4782 110.9153;
	0.0 0.0 0.0 0.0 0.0 0.0 0.0 0.0 0.0 0.0 0.0 0.0;
	0.0 0.0 0.0 0.0 0.0 0.0 0.0 0.0 0.0 0.0 0.0 0.0;
	0.0 0.0 0.0 0.0 0.0 0.0 0.0 0.0 0.0 0.0 0.0 0.0;
	0.0 0.0 0.0 0.0 0.0 0.0 0.0 0.0 0.0 0.0 0.0 0.0;
	0.0 0.0 0.0 0.0 0.0 0.0 0.0 0.0 0.0 0.0 0.0 0.0;
	0.0 0.0 0.0 0.0 0.0 0.0 0.0 0.0 0.0 0.0 0.0 0.0;
	0.0 0.0 0.0 0.0 0.0 0.0 0.0 0.0 0.0 0.0 0.0 0.0;
];
