function windprofile = ex_wind_profilesh1
%EX_WIND_PROFILE_D  Example wind_load_nyiso profile data for deterministic unit commitment.
% 2022.03.12
% Andres F. Ramirez


%% define constants
[GEN_BUS, PG, QG, QMAX, QMIN, VG, MBASE, GEN_STATUS, PMAX, PMIN, ...
    MU_PMAX, MU_PMIN, MU_QMAX, MU_QMIN, PC1, PC2, QC1MIN, QC1MAX, ...
    QC2MIN, QC2MAX, RAMP_AGC, RAMP_10, RAMP_30, RAMP_Q, APF] = idx_gen;
[CT_LABEL, CT_PROB, CT_TABLE, CT_TBUS, CT_TGEN, CT_TBRCH, CT_TAREABUS, ...
    CT_TAREAGEN, CT_TAREABRCH, CT_ROW, CT_COL, CT_CHGTYPE, CT_REP, ...
    CT_REL, CT_ADD, CT_NEWVAL, CT_TLOAD, CT_TAREALOAD, CT_LOAD_ALL_PQ, ...
    CT_LOAD_FIX_PQ, CT_LOAD_DIS_PQ, CT_LOAD_ALL_P, CT_LOAD_FIX_P, ...
    CT_LOAD_DIS_P, CT_TGENCOST, CT_TAREAGENCOST, CT_MODCOST_F, ...
    CT_MODCOST_X] = idx_ct;

windprofile = struct( ...
    'type', 'mpcData', ...
    'table', CT_TGEN, ...
    'rows', [1:45], ...
    'col', PMAX, ...
    'chgtype', 1, ...
    'values', [] );
windprofile.values(:,1,:) = [
	3.6502 49.3216 91.2741 114.3722 14.8545 31.2617 28.5728 18.4922 26.5415 29.2716 54.1081 80.7186 121.5214 65.3022 191.397 72.1077 89.467 94.8083 82.8638 69.5218 9.5243 72.944 73.7023 83.6907 100.746 72.7022 13.4779 1299.3718 756.2528 756.2528 553.5175 116.8992 276.2126 178.9493 204.7313 322.6679 1261.6654 231.4656 436.9403 269.8553 120.2563 346.7968 194.6232 282.0913 1274.8078;
	3.8484 52.0008 93.0593 115.6102 15.3874 32.2239 26.1494 18.424 27.1717 30.1505 55.7328 83.1423 125.1703 65.8154 191.0243 71.9673 89.2928 94.6237 85.2016 71.4806 8.7165 75.189 74.6665 87.368 102.1527 73.2813 13.3369 1296.5661 781.6818 781.6818 614.5047 108.6656 284.0054 183.9911 206.3402 333.5176 1284.6336 225.3174 445.5883 273.6232 121.1658 357.4701 186.8942 280.8197 1298.0153;
	3.7347 50.4636 92.3652 114.6303 15.2311 32.6216 21.596 17.8643 27.9145 30.6537 56.6629 84.5299 127.2593 65.9723 200.8169 75.6566 93.8702 99.4744 89.582 73.6915 7.1987 76.1172 75.2219 86.6286 101.1303 74.696 13.3194 1279.3508 774.7111 774.7111 687.2902 104.3448 298.6068 189.682 206.8321 330.5434 1302.5153 231.5113 422.6297 270.8848 122.6568 361.8827 181.6108 265.6741 1316.0832;
	3.6224 48.9466 89.7054 111.3849 14.8324 31.6501 24.3859 17.4251 27.4777 30.5077 56.393 84.1273 126.6531 68.0718 199.1149 75.0154 93.0747 98.6314 87.3892 72.3219 8.1286 73.8502 74.8472 86.1182 99.3858 71.058 12.8346 1305.3964 801.8987 801.8987 711.6622 111.3602 291.2974 186.1567 213.4142 342.1434 1310.1881 254.4376 441.1401 266.212 119.7493 351.1051 148.502 265.3499 1323.8359;
	3.6142 48.8359 87.8855 109.6787 14.543 32.0025 30.371 16.5641 27.8439 30.9667 57.2415 85.3931 128.5588 67.9539 202.4276 76.2634 94.6232 100.2723 89.4761 73.6437 10.1237 74.6724 75.2252 83.2573 97.9866 71.0532 12.6201 1236.3464 792.2062 792.2062 711.4309 110.734 298.2536 189.559 213.0446 338.008 1245.0826 231.2386 461.5828 262.4642 117.9383 355.014 172.105 262.8649 1258.0522;
	3.6152 48.8489 86.8046 109.6937 14.6617 31.9968 29.2756 16.7109 27.8781 30.5974 56.5588 84.3745 127.0254 67.5636 200.195 75.4223 93.5795 99.1664 90.1406 71.3165 9.7585 74.6593 74.3891 83.2628 94.8257 69.2664 12.304 1281.5984 780.0419 780.0419 736.2908 111.979 300.4688 183.5689 211.8211 332.8179 1229.7737 248.9851 445.8269 253.9975 115.3703 354.9516 156.3054 267.8967 1242.5839;
	3.6694 49.5823 86.9589 111.9439 14.6528 32.2238 30.0884 16.8979 27.7084 30.5933 56.5513 84.3634 127.0086 65.3285 197.1528 74.2762 92.1575 97.6594 90.5164 71.7113 10.0295 75.1888 74.7656 83.5051 96.3888 69.8878 12.7514 1292.3314 775.0109 775.0109 740.3598 113.8767 301.7212 184.5852 204.8137 330.6713 1290.8054 287.73 446.7744 258.1843 115.9208 357.4691 149.2204 263.6436 1304.2513;
	3.6352 49.1199 88.2482 116.1767 14.7697 32.8141 29.2118 17.4811 26.3698 29.7015 54.9028 81.9042 123.3064 66.7619 198.6121 74.826 92.8396 98.3823 91.0475 69.8209 9.7373 76.5662 72.5707 87.4451 98.5808 72.7042 12.8028 1287.9002 776.7861 776.7861 697.3461 115.3511 303.4917 179.7192 209.3075 331.4287 1285.5706 284.6794 453.4866 264.0558 116.6614 364.0174 159.5507 271.4983 1298.9619;
	3.6981 49.9696 89.7332 116.3538 15.2429 33.214 31.6718 17.2767 27.6573 31.0405 57.3778 85.5964 128.8649 65.1465 202.1333 76.1525 94.4856 100.1265 92.4245 71.5668 10.5573 77.4993 74.9357 87.2676 98.522 71.2289 12.0923 1306.4122 794.5219 794.5219 712.5657 118.3263 308.0817 184.2131 204.2429 338.996 1300.4132 304.814 470.14 263.8983 120.0707 368.4538 199.7403 267.9478 1313.9591;
	3.7115 50.1506 92.7606 118.1423 15.1647 33.2355 27.9986 18.1914 27.8287 30.6019 56.5671 84.3869 127.0441 65.5826 202.7767 76.3949 94.7863 100.4452 91.3754 72.4853 9.3329 77.5494 74.9518 88.5027 102.8678 71.6484 12.8939 1284.4352 803.0749 803.0749 705.4479 119.2574 304.5848 186.5773 205.6103 342.6453 1282.3485 311.3941 475.0663 275.5387 119.9456 368.692 200.5895 272.0332 1295.7063;
	3.8134 51.5279 93.7642 116.3417 14.8294 33.0412 30.1975 17.7776 28.0134 31.128 57.5397 85.8379 129.2285 59.4993 194.5942 73.3122 90.9615 96.392 88.9942 72.0348 10.0658 77.0962 74.8949 87.021 102.161 69.6465 13.0137 1282.3584 819.9898 819.9898 762.1269 119.2875 296.6472 185.4177 186.5385 349.8623 1332.7393 321.7494 476.3642 273.6455 120.1866 366.5376 200.8246 270.9288 1346.622;
	3.7253 50.3373 90.0426 117.7766 14.8265 33.935 29.4847 17.9627 27.6864 30.212 55.8463 83.3118 125.4254 63.5952 189.4481 71.3735 88.556 93.8429 89.4822 68.4484 9.8282 79.1817 74.5103 87.7217 101.7242 66.4423 13.1735 1284.979 804.113 804.113 745.7279 118.8812 298.2739 176.1863 199.3795 343.0882 1305.9484 315.9695 470.928 272.4756 122.7925 376.4523 206.6456 264.4727 1319.5521;
	3.693 49.9005 90.9439 113.407 14.6403 33.7913 29.9126 18.0821 28.3857 30.0549 55.5561 82.8787 124.7735 64.0473 188.7792 71.1215 88.2433 93.5116 89.8205 67.9676 9.9709 78.8463 74.4688 87.5784 102.4379 71.2544 13.1915 1325.4541 817.034 817.034 735.4122 118.6686 299.4017 174.9488 200.797 348.6012 1330.6869 322.2431 463.2651 274.3871 121.964 374.8578 205.5011 264.7069 1344.5482;
	3.8623 52.1877 92.2568 116.0913 14.3505 33.6989 29.7095 18.4869 28.3019 30.0238 55.4986 82.7929 124.6443 64.5451 198.5737 74.8115 92.8217 98.3633 90.6721 72.395 9.9032 78.6307 74.2483 87.1243 102.9715 73.7815 13.6185 1344.3246 798.3122 798.3122 750.3027 118.8958 302.2402 186.3448 202.3576 340.6132 1316.844 319.2932 473.4613 275.8165 121.418 373.833 204.1488 278.3858 1330.5611;
	3.8264 51.7029 92.1714 116.848 14.4332 34.292 24.697 18.4845 28.1796 29.2147 54.0029 80.5617 121.2851 65.5107 197.8964 74.5563 92.505 98.0277 92.1527 72.3023 8.2323 80.0146 74.9782 88.5746 104.238 73.51 13.7954 1337.3751 782.0036 782.0036 744.3832 120.1521 307.1756 186.1063 205.3849 333.6549 1277.9166 318.1499 473.0988 279.2089 122.6721 380.4124 202.9486 278.1807 1291.2282;
	3.8541 52.0777 90.9981 114.7841 14.4958 32.9591 26.0103 18.0616 27.6253 29.0053 53.6159 79.9844 120.4161 68.5443 196.7986 74.1427 91.9919 97.484 90.6745 72.9654 8.6701 76.9046 72.9505 88.3561 104.1177 71.8545 13.4001 1320.7083 808.6379 808.6379 751.2799 117.3205 302.2482 187.8132 214.8957 345.0188 1260.8312 321.7275 469.8141 278.8868 118.4219 365.6265 202.9806 277.0294 1273.9648;
	3.7108 50.1409 92.9692 111.1803 14.0738 31.2337 22.7115 16.9148 27.527 28.812 53.2585 79.4513 119.6135 65.3478 199.6761 75.2268 93.337 98.9093 92.3412 70.0609 7.5705 72.8787 73.3551 84.1118 98.9318 54.8033 12.1575 1252.0064 761.5395 761.5395 650.1046 109.7358 307.8041 180.3368 204.8741 324.9235 1185.3345 317.6308 461.0122 264.9959 115.0118 346.4863 186.9286 260.4388 1197.6817;
	3.6438 49.2363 93.2154 109.6939 14.45 29.544 19.1617 13.2619 28.1236 29.645 54.7984 81.7484 123.0718 65.6775 199.2827 75.0786 93.1531 98.7145 92.5051 70.7653 6.3872 68.936 75.0641 85.0579 98.7433 68.7109 10.0376 1200.9542 754.3911 754.3911 622.0783 103.3203 308.3505 182.1502 205.9079 321.8736 1218.629 292.6652 462.5159 264.4911 119.7142 327.7414 172.6295 246.7526 1231.3231;
