function windprofile = ex_wind_profilesh1
%EX_WIND_PROFILE_D  Example wind_load_nyiso profile data for deterministic unit commitment.
% 2022.03.12
% Andres F. Ramirez


%% define constants
[GEN_BUS, PG, QG, QMAX, QMIN, VG, MBASE, GEN_STATUS, PMAX, PMIN, ...
    MU_PMAX, MU_PMIN, MU_QMAX, MU_QMIN, PC1, PC2, QC1MIN, QC1MAX, ...
    QC2MIN, QC2MAX, RAMP_AGC, RAMP_10, RAMP_30, RAMP_Q, APF] = idx_gen;
[CT_LABEL, CT_PROB, CT_TABLE, CT_TBUS, CT_TGEN, CT_TBRCH, CT_TAREABUS, ...
    CT_TAREAGEN, CT_TAREABRCH, CT_ROW, CT_COL, CT_CHGTYPE, CT_REP, ...
    CT_REL, CT_ADD, CT_NEWVAL, CT_TLOAD, CT_TAREALOAD, CT_LOAD_ALL_PQ, ...
    CT_LOAD_FIX_PQ, CT_LOAD_DIS_PQ, CT_LOAD_ALL_P, CT_LOAD_FIX_P, ...
    CT_LOAD_DIS_P, CT_TGENCOST, CT_TAREAGENCOST, CT_MODCOST_F, ...
    CT_MODCOST_X] = idx_ct;

windprofile = struct( ...
    'type', 'mpcData', ...
    'table', CT_TGEN, ...
    'rows', [1:45], ...
    'col', PMAX, ...
    'chgtype', 1, ...
    'values', [] );
windprofile.values(:,1,:) = [
	3.5441 47.888 91.9904 116.2207 14.3971 32.6731 27.9265 18.1979 27.4123 27.2773 50.4216 75.2192 113.2421 66.9344 177.4299 66.8457 82.9382 87.8897 83.0489 68.0069 9.3088 76.2373 72.643 84.2061 102.3352 73.997 13.1038 1251.1613 764.7966 764.7966 599.1404 112.1583 276.8296 175.0499 209.8484 326.3132 1254.3694 224.0819 445.386 274.1122 112.618 362.4539 146.1133 274.2428 1267.4357;
	3.2914 44.4737 89.477 110.9127 14.3747 31.4881 24.34 18.0231 26.9202 28.4432 52.5769 78.4344 118.0825 66.5197 160.5941 60.5029 75.0684 79.5501 76.8661 68.1152 8.1133 73.4723 70.8926 84.387 97.6413 71.6646 13.0681 1252.0365 754.2975 754.2975 618.8951 111.3796 256.2205 175.3287 208.5483 321.8336 1211.2225 218.9885 450.6443 261.5391 112.1283 349.3085 169.5 265.9161 1223.8394;
	3.2538 43.9661 86.7128 97.2349 14.2818 31.5968 19.5691 17.3331 26.1502 28.1203 51.9799 77.5438 116.7418 64.6121 172.6427 65.0421 80.7004 85.5183 84.6904 68.0528 6.523 73.7258 70.387 84.3499 96.7406 74.0387 12.4825 1231.4431 698.6762 698.6762 604.4854 94.3731 282.3012 175.1681 202.5677 298.1019 1186.5991 220.8369 404.2484 259.1267 112.0815 350.5137 167.0846 258.5123 1198.9595;
	2.5492 34.4448 86.4877 98.6702 14.0557 25.7831 20.6273 17.0219 25.8582 28.3581 52.4195 78.1995 117.729 64.7439 184.7847 69.6166 86.3761 91.5329 87.0318 69.3613 6.8758 60.1606 67.0757 84.5526 96.4549 71.0143 12.5674 1257.5296 709.4445 709.4445 618.1584 97.8473 290.106 178.5362 202.9808 302.6963 1180.9206 233.805 416.4343 258.3613 110.784 286.0206 136.6079 264.1032 1193.2219;
	3.2506 43.9227 86.3009 94.466 13.9818 28.2827 29.0812 15.588 25.7795 25.0688 46.3393 69.1291 104.0734 63.8402 171.4788 64.6036 80.1564 84.9418 84.3573 70.3521 9.6937 65.993 63.8978 80.1182 90.869 70.0282 12.282 1226.9462 635.2989 635.2989 587.7844 103.1068 281.191 181.0866 200.1476 271.0609 1134.0328 234.1314 451.4339 243.399 112.0252 313.7495 180.9059 264.5579 1145.8456;
	3.4923 47.1887 86.0784 75.6146 14.3576 30.7704 27.4003 16.5326 26.1362 26.6756 49.3094 73.56 110.7441 62.8494 191.8775 72.2887 89.6916 95.0463 85.5537 69.9712 9.1334 71.7975 71.6015 80.3248 93.0893 69.2151 12.312 1242.9621 670.95 670.95 626.1052 112.4661 285.1789 180.106 197.0414 286.272 1095.3161 232.3933 456.372 249.3464 110.8671 341.3458 164.3411 268.2969 1106.7256;
	3.076 41.564 86.3605 95.6694 14.2535 31.1851 29.7897 15.3225 26.5479 27.4023 50.6528 75.564 113.7612 63.8347 193.4507 72.8814 90.427 95.8256 85.8246 71.3114 9.9299 72.7652 71.44 74.4242 94.9157 67.2092 12.5071 1199.4773 708.1699 708.1699 644.5742 108.3124 286.0818 183.5558 200.1305 302.1525 1130.0819 271.5236 467.1548 254.2384 110.2548 345.9464 142.2695 256.1698 1141.8536;
	3.6547 49.3835 87.968 109.93 14.4867 32.4573 29.2533 17.1704 27.2485 28.5195 52.7178 78.6446 118.399 66.5524 195.6443 73.7079 91.4523 96.9122 86.1786 69.8791 9.7511 75.7338 71.5407 85.0242 97.0864 69.782 12.6709 1258.3468 749.1959 749.1959 671.4483 110.4753 287.2621 179.8691 208.6506 319.6569 1209.4936 274.2906 473.6201 260.0527 106.1995 360.06 173.1231 262.0147 1222.0925;
	3.643 49.2246 87.1735 112.1005 14.9266 32.4442 31.2263 16.3682 27.1967 29.7317 54.9587 81.9875 123.4317 66.8459 194.2444 73.1804 90.798 96.2187 88.0796 69.9398 10.4088 75.7031 70.5764 84.4651 98.1583 69.279 12.0987 1282.1984 775.3575 775.3575 755.769 118.4942 293.5985 180.0252 209.571 330.8192 1255.5408 298.2425 458.4115 262.9241 112.7239 359.9142 203.0392 253.2689 1268.6193;
	3.6083 48.7556 90.979 114.1785 15.1345 32.7373 26.1812 16.8988 27.6817 29.5715 54.6625 81.5457 122.7666 66.1893 194.5867 73.3094 90.958 96.3883 85.7587 69.4936 8.7271 76.3871 71.6585 86.438 98.7308 69.559 12.1707 1253.2131 804.972 804.972 743.6034 118.0169 285.8622 178.8768 207.5123 343.4547 1253.36 291.2223 471.5647 264.4574 114.4393 363.1661 207.0126 264.734 1266.4158;
	3.7084 50.1086 90.5119 111.906 14.824 32.5198 27.7151 17.4062 28.1778 30.7125 56.7716 84.6921 127.5035 64.4793 188.9527 71.1868 88.3244 93.5975 83.9508 70.7027 9.2384 75.8795 71.3609 83.7854 96.8866 69.8215 12.9689 1249.0127 787.2526 787.2526 716.7024 116.9494 279.8359 181.989 202.1514 335.8945 1248.9751 281.1986 466.9421 259.5178 115.6688 360.7529 205.3237 263.0635 1261.9853;
	3.6728 49.6281 90.3479 112.1258 14.6772 33.2855 26.2767 17.8308 28.1049 29.6431 54.7948 81.743 123.0636 65.8356 189.1525 71.2621 88.4178 93.6965 84.9383 68.8183 8.7589 77.6661 72.5673 85.4614 97.5291 68.7882 13.3001 1241.9635 793.5926 793.5926 775.3049 120.499 283.1275 177.1386 206.4036 338.5995 1233.0647 313.5849 463.9917 261.2387 118.138 369.2469 207.0595 261.3888 1245.9092;
	3.5813 48.3918 88.0637 110.5244 14.6419 32.0591 25.4528 17.4871 27.2733 30.3436 56.0897 83.6748 125.972 65.8613 189.4323 71.3675 88.5486 93.8351 86.7186 68.725 8.4843 74.8045 73.3456 81.5304 96.78 71.4164 12.9354 1235.1721 776.7167 776.7167 752.6956 116.4007 289.062 176.8984 206.4841 331.3991 1217.3394 314.3862 435.5487 259.2323 118.4778 355.6419 199.8431 261.8851 1230.02;
	3.62 48.9147 89.5883 113.5413 14.3088 32.0908 26.9743 17.3848 28.1439 30.2079 55.8389 83.3006 125.4086 67.2726 188.8481 71.1474 88.2755 93.5457 77.4962 70.8845 8.9914 74.8785 73.3837 84.8872 96.7169 71.0046 13.0468 1223.0147 820.6078 820.6078 779.0821 115.0963 258.3205 182.457 210.9088 350.126 1230.6841 312.0066 455.6916 259.0631 118.347 355.9938 199.4827 264.5505 1243.5037;
	3.1162 42.1062 89.363 115.0923 13.9468 31.6234 22.3754 17.5862 26.5566 28.8653 53.3571 79.5983 119.8347 68.2545 186.8579 70.3976 87.3452 92.5598 85.3948 69.215 7.4585 73.788 72.8927 87.3164 98.1829 71.3196 13.0963 1217.3764 799.0836 799.0836 789.2749 116.8422 284.6493 178.1595 213.9872 340.9423 1211.9094 317.9349 437.2348 262.99 119.57 350.8092 191.8163 263.1683 1224.5335;
	3.1864 43.0558 87.1882 112.2177 13.1287 30.4092 23.3509 17.4957 26.2075 28.7914 53.2205 79.3945 119.5279 68.2762 184.1413 69.3742 86.0754 91.2142 84.5405 68.9605 7.7836 70.9548 71.0966 87.6371 97.8597 69.8891 12.6106 1172.9946 796.8392 796.8392 750.866 115.4388 281.8018 177.5045 214.0552 339.9847 1135.5961 321.7771 440.1192 262.1242 120.9081 337.3396 189.8571 261.368 1147.4252;
	3.3506 45.2737 86.3764 102.0798 12.8119 27.455 20.1168 14.7627 26.2075 28.7058 53.0623 79.1585 119.1727 66.8026 191.7653 72.2465 89.6391 94.9907 85.1391 68.4608 6.7056 64.0616 69.592 82.6693 93.0475 54.2939 10.9626 1076.605 731.7323 731.7323 628.1396 111.8015 283.7971 176.2184 209.435 312.2058 1109.5385 300.3055 447.8091 249.2343 115.6162 304.5673 177.2616 246.2328 1121.0962;
	3.6301 49.0507 86.9902 102.4849 14.0861 26.3723 17.9149 12.2914 26.4521 28.9386 53.4926 79.8004 120.1391 65.3007 188.5285 71.027 88.1261 93.3874 81.9554 68.3791 5.9716 61.5353 71.0192 84.6178 96.4158 69.3662 8.3716 1097.6475 669.6032 669.6032 567.8815 110.6462 273.1845 176.0079 204.7264 285.6974 1114.8136 260.0011 454.2388 258.2566 115.1364 292.5565 168.5681 240.6095 1126.4262;
