function loadprofile = ex_load_profilesh1
%EX_LOAD_PROFILE  Example load profile data file for stochastic unit commitment.
% 2022.03.12
% Andres F. Ramirez

%% define constants
[CT_LABEL, CT_PROB, CT_TABLE, CT_TBUS, CT_TGEN, CT_TBRCH, CT_TAREABUS, ...
    CT_TAREAGEN, CT_TAREABRCH, CT_ROW, CT_COL, CT_CHGTYPE, CT_REP, ...
    CT_REL, CT_ADD, CT_NEWVAL, CT_TLOAD, CT_TAREALOAD, CT_LOAD_ALL_PQ, ...
    CT_LOAD_FIX_PQ, CT_LOAD_DIS_PQ, CT_LOAD_ALL_P, CT_LOAD_FIX_P, ...
    CT_LOAD_DIS_P, CT_TGENCOST, CT_TAREAGENCOST, CT_MODCOST_F, ...
    CT_MODCOST_X] = idx_ct;

loadprofile = struct( ...
    'type', 'mpcData', ...
    'table', CT_TAREALOAD, ...
    'rows', [1:11], ...
    'col', CT_LOAD_ALL_P, ...
    'chgtype', 1, ...
    'values', [] );
loadprofile.values(:,1,:) = [
	1519.616 863.8387 1546.0 542.9268 714.6943 1125.8407 857.9709 257.1251 505.6113 4587.6471 1790.0047;
	1516.6 867.5589 1564.847 529.5296 744.3726 1124.613 843.9 241.234 496.9635 4483.0781 1721.7535;
	1531.9509 866.9 1524.5 519.8 740.2673 1128.5389 852.7279 251.5973 501.1526 4441.6842 1767.6918;
	1578.8422 893.1006 1610.0401 534.85 769.1434 1156.0962 875.8983 257.7 508.9259 4513.5413 1816.2368;
	1626.4225 962.816 1724.1039 540.7573 865.575 1212.0856 902.6354 270.8 526.1384 4606.781 1876.4671;
	1655.2415 989.3 1784.5046 563.7314 945.5731 1258.3185 955.0 298.1178 549.5 4747.9855 1917.091;
	1714.6273 1032.9 1840.3327 570.182 972.1757 1293.6 1022.5988 313.8718 582.6187 5083.7435 2065.277;
	1765.6928 1058.0072 1848.372 570.8488 977.6 1322.7485 1056.7421 322.6 598.3094 5293.5821 2088.5;
	1795.6734 1069.4753 1829.1675 546.2941 954.6 1335.0295 1043.8721 316.4859 614.6228 5357.0804 1983.6982;
	1814.1 1053.2571 1895.3404 556.0711 995.9299 1391.2544 1100.5236 328.5539 622.7 5336.6 2041.4291;
	1760.9504 1027.1 1848.4967 558.1966 975.4174 1426.8741 1106.8269 338.6 631.5321 5402.7355 2030.5189;
	1715.5534 970.741 1804.5582 563.8 962.2 1333.1022 1042.1 298.5085 625.9318 5289.5668 1934.5653;
	1717.2822 984.5309 1818.9514 547.9167 971.155 1405.9569 1073.6051 301.2 626.3085 5331.2736 1973.6421;
	1698.1782 969.4293 1815.9165 559.5725 968.7274 1391.537 1041.4929 313.6323 618.9103 5349.0818 1928.4651;
	1706.2398 1011.157 1839.8513 569.7 990.5742 1397.5971 1052.2324 301.7198 623.8152 5315.7305 1958.8399;
	1669.4 1002.3138 1837.0413 550.6435 968.6765 1392.1631 1079.5449 297.4 609.5232 5317.1383 2036.8173;
	1688.4518 1013.8131 1849.0026 564.8296 1010.2 1402.2429 1102.6754 306.037 624.1 5351.0921 2138.3619;
	1724.988 1042.4311 1925.3238 572.9637 1008.3 1430.8346 1138.116 315.5517 644.654 5445.9824 2244.1646;
	1745.5643 1079.6337 1908.6774 554.7757 994.0 1410.1589 1178.869 308.9901 665.3582 5508.2523 2261.3983;
	1717.1245 1034.7907 1844.0458 572.9533 920.8521 1348.5677 1108.0953 305.3379 639.8439 5381.6822 2157.481;
	1619.7111 927.1095 1739.368 550.9906 855.5 1275.375 1073.1145 304.6443 640.2703 5251.1463 2068.9578;
	1554.6019 871.9892 1633.5191 555.9987 825.2 1212.719 984.7818 282.5 595.9 4964.0396 1955.8948;
	1505.8419 887.9327 1633.9 579.6954 824.177 1185.3461 958.95 259.6 573.5938 4882.6342 1866.627;
	1464.6482 851.1409 1598.6 581.3387 777.616 1163.751 910.0354 243.6 546.1557 4655.0177 1762.4873;
];
