function windprofile = ex_wind_profilesh1
%EX_WIND_PROFILE_D  Example wind_load_nyiso profile data for deterministic unit commitment.
% 2022.03.12
% Andres F. Ramirez


%% define constants
[GEN_BUS, PG, QG, QMAX, QMIN, VG, MBASE, GEN_STATUS, PMAX, PMIN, ...
    MU_PMAX, MU_PMIN, MU_QMAX, MU_QMIN, PC1, PC2, QC1MIN, QC1MAX, ...
    QC2MIN, QC2MAX, RAMP_AGC, RAMP_10, RAMP_30, RAMP_Q, APF] = idx_gen;
[CT_LABEL, CT_PROB, CT_TABLE, CT_TBUS, CT_TGEN, CT_TBRCH, CT_TAREABUS, ...
    CT_TAREAGEN, CT_TAREABRCH, CT_ROW, CT_COL, CT_CHGTYPE, CT_REP, ...
    CT_REL, CT_ADD, CT_NEWVAL, CT_TLOAD, CT_TAREALOAD, CT_LOAD_ALL_PQ, ...
    CT_LOAD_FIX_PQ, CT_LOAD_DIS_PQ, CT_LOAD_ALL_P, CT_LOAD_FIX_P, ...
    CT_LOAD_DIS_P, CT_TGENCOST, CT_TAREAGENCOST, CT_MODCOST_F, ...
    CT_MODCOST_X] = idx_ct;

windprofile = struct( ...
    'type', 'mpcData', ...
    'table', CT_TGEN, ...
    'rows', [1:45], ...
    'col', PMAX, ...
    'chgtype', 1, ...
    'values', [] );
windprofile.values(:,1,:) = [
	3.7313 50.4183 93.0154 120.2 14.8895 33.9252 31.8113 18.5262 28.1609 28.9914 53.5902 79.946 120.3583 66.5499 204.2682 76.9568 95.4835 101.184 85.641 73.2517 10.6038 79.1587 75.4538 84.5831 102.9794 73.8314 13.1747 1316.1077 821.2581 821.2581 608.9974 116.491 285.47 188.55 208.6428 350.4035 1308.8069 251.184 464.8591 275.8377 119.7482 376.343 211.3071 274.2763 1322.4403;
	3.6299 49.0478 93.9713 120.0314 14.6698 32.9596 27.4804 18.381 27.1067 28.4619 52.6114 78.4859 118.16 64.4664 194.3465 73.2189 90.8457 96.2693 83.8534 73.2643 9.1601 76.9058 74.6523 87.0807 101.9264 73.7013 13.2161 1292.951 768.6521 768.6521 580.1165 105.9459 279.5112 188.5825 202.1107 327.9582 1228.047 230.81 455.7265 273.0171 119.5082 365.6322 192.2702 271.7195 1240.8391;
	3.5559 48.0481 92.0707 118.4638 14.1658 33.0478 23.1973 18.3598 26.0357 29.3669 54.2843 80.9815 121.9172 63.6792 198.5907 74.8179 92.8296 98.3717 85.1785 71.6484 7.7324 77.1115 74.4269 87.2092 102.2531 75.506 13.1942 1289.4228 768.6008 768.6008 597.1314 95.5921 283.9285 184.4233 199.643 327.9363 1273.3783 234.444 429.3227 273.8922 117.8401 366.6101 194.0824 261.2693 1286.6427;
	3.5692 48.2277 89.3376 116.7585 14.5547 32.9882 23.7627 17.8628 24.8451 28.6141 52.8927 78.9055 118.7918 63.4598 200.7534 75.6327 93.8406 99.443 85.7854 71.561 7.9209 76.9724 72.3667 87.8734 102.3014 72.7773 13.1134 1277.3085 761.3473 761.3473 577.697 97.4935 285.9512 184.1982 198.955 324.8415 1239.935 245.2543 409.717 274.0216 119.1764 365.9488 160.5942 271.7956 1252.851;
	3.6868 49.8172 91.0778 117.8176 14.6223 33.5628 30.4635 17.6534 25.8473 29.3993 54.3441 81.0708 122.0516 63.3718 196.8779 74.1726 92.029 97.5232 84.0843 71.5729 10.1545 78.3131 73.8666 86.6474 103.8711 73.9959 13.3186 1286.7931 750.237 750.237 613.0569 101.9986 280.281 184.2288 198.6791 320.1011 1212.8255 237.725 442.4441 278.2262 120.8978 372.3229 195.2879 272.9179 1225.4591;
	3.8231 51.6583 91.5798 118.3251 14.558 34.1934 29.4142 17.9654 25.8637 30.5085 56.3946 84.1296 126.6566 63.5909 197.2864 74.3265 92.2199 97.7256 82.5133 70.7475 9.8047 79.7846 73.9457 87.5139 103.624 70.5179 13.4075 1233.5896 740.145 740.145 610.8129 91.0458 275.0444 182.1043 199.3661 315.7952 1131.8691 220.9218 438.1221 277.5643 117.3507 379.3186 182.4681 275.6888 1143.6594;
	3.776 51.0216 88.1444 115.8651 14.8896 34.3232 31.2213 18.378 26.1921 29.9357 55.3356 82.5499 124.2784 64.3498 194.9528 73.4473 91.1291 96.5696 84.7249 71.9733 10.4071 80.0875 72.7726 86.7239 103.1118 70.4193 13.9017 1233.9654 747.3146 747.3146 669.4424 100.1788 282.4164 185.2595 201.7454 318.8542 1195.8789 271.0944 458.8232 276.1923 120.6186 380.759 164.878 265.1786 1208.3359;
	3.9155 52.9065 92.7334 119.4729 15.3245 35.0488 30.5293 18.6535 26.0581 28.8015 53.2392 79.4224 119.57 66.7776 199.4703 75.1493 93.2408 98.8074 85.4137 72.2798 10.1764 81.7805 71.6658 89.6288 106.0536 71.4636 14.0119 1308.1217 776.2873 776.2873 693.0715 108.527 284.7122 186.0484 209.3569 331.2159 1280.9464 292.6714 455.4204 284.0721 122.1378 388.808 189.5616 275.2303 1294.2896;
	3.8554 52.0949 92.0216 118.0188 14.9629 34.6399 31.6987 18.7322 26.3099 26.8806 49.6884 74.1253 111.5953 68.1839 196.9732 74.2085 92.0735 97.5705 89.2233 71.173 10.5662 80.8265 70.1944 89.4503 106.405 73.1258 13.6631 1323.1305 756.6499 756.6499 705.4802 117.0416 297.4109 183.1996 213.7658 322.8373 1272.0743 311.4691 452.6947 285.0134 120.613 384.272 205.048 276.4616 1285.325;
	3.8147 51.5455 93.1781 118.405 14.936 34.2916 26.7413 18.5319 26.8838 22.5716 41.7233 62.243 93.7065 68.4976 193.2531 72.807 90.3346 95.7277 83.0782 68.575 8.9138 80.0138 70.9044 88.3445 106.062 73.3232 13.6375 1343.6809 793.5468 793.5468 701.6007 116.1429 276.9273 176.5122 214.7491 338.58 1297.2616 323.4382 441.9144 284.0947 120.0458 380.4085 207.7549 277.2856 1310.7747;
	3.859 52.1439 93.367 119.2467 14.9403 34.8333 29.0048 18.5447 26.6815 27.6623 51.1334 76.281 114.8406 67.5238 193.5717 72.927 90.4835 95.8855 75.6627 70.981 9.6683 81.2776 68.5388 87.9482 106.2265 73.7814 13.7201 1336.6423 786.3529 786.3529 722.6351 116.0637 252.209 182.7052 211.6961 335.5106 1319.2755 314.3337 450.1706 284.5353 119.6898 386.4171 215.978 276.8049 1333.018;
	3.7691 50.9292 93.3355 119.6543 15.057 34.7213 26.6029 18.1809 26.4568 27.8363 51.4549 76.7607 115.5628 67.6359 194.3451 73.2184 90.845 96.2686 79.3739 69.7888 8.8676 81.0163 72.6283 88.2098 105.5318 71.7724 13.2955 1305.3819 769.4462 769.4462 753.8256 115.3266 264.5798 179.6365 212.0477 328.297 1274.5831 333.3099 445.6179 282.6744 122.8298 385.1747 214.3792 272.7002 1287.86;
	3.7189 50.2507 90.9799 113.0612 15.0024 34.3517 27.1286 18.6447 26.9851 28.5275 52.7327 78.6669 118.4326 68.4288 195.1793 73.5327 91.235 96.6818 86.6643 70.0068 9.0429 80.1539 70.8151 84.2151 104.6312 74.6228 13.7804 1319.2616 796.0678 796.0678 749.0753 115.419 288.8809 180.1977 214.5336 339.6556 1297.0947 339.1331 444.2358 280.262 122.6035 381.0745 210.973 276.3959 1310.6061;
	3.5841 48.4287 87.6754 110.5023 14.7618 33.7983 24.6905 18.4893 26.5295 26.8087 49.5554 73.9269 111.2965 66.8055 189.8332 71.5186 88.736 94.0337 77.2785 69.9043 8.2302 78.8628 67.2299 85.0699 101.7959 72.9152 13.632 1296.9846 768.8938 768.8938 733.898 111.8354 257.5952 179.9338 209.4444 328.0613 1276.5997 317.3227 449.5336 272.6677 122.523 374.9363 201.5002 278.2947 1289.8976;
	3.5723 48.2692 87.7411 108.9858 14.7118 34.1649 21.4431 17.7933 26.3264 28.592 52.852 78.8447 118.7003 66.5961 194.3346 73.2144 90.8402 96.2634 81.5519 69.6398 7.1477 79.7182 73.9837 86.6888 102.246 70.6157 13.0866 1255.022 758.2422 758.2422 746.3758 115.9312 271.8396 179.2531 208.7877 323.5167 1235.6876 335.4328 443.7613 273.8731 122.3398 379.003 201.0161 277.8895 1248.5593;
	3.7456 50.6115 87.2878 110.5678 14.9314 33.535 23.9153 17.711 27.2757 28.8228 53.2785 79.481 119.6583 64.9927 188.8798 71.1594 88.2903 93.5614 83.9726 69.7801 7.9718 78.2484 71.7527 86.6316 100.503 69.4591 12.8921 1234.1842 781.2279 781.2279 735.5732 113.1577 279.9086 179.6143 203.761 333.3239 1182.1868 324.0887 445.0536 269.2044 122.8836 372.0152 203.3559 276.6567 1194.5012;
	3.742 50.5623 86.6745 103.7374 14.6361 32.2346 22.5187 17.2564 26.9329 27.8396 51.461 76.7697 115.5763 64.866 190.9626 71.944 89.2639 94.5931 78.89 67.7177 7.5062 75.214 70.0613 82.6996 99.0869 53.0386 12.0826 1216.8141 750.1715 750.1715 644.9619 105.5003 262.9668 174.3056 203.3637 320.0732 1166.0668 317.4189 446.8669 265.4112 118.6622 357.5889 199.1808 256.5209 1178.2133;
	3.6192 48.9027 87.2304 101.6587 14.2773 29.3007 18.5704 12.7026 26.5225 28.55 52.7743 78.7288 118.5258 64.7071 188.6049 71.0558 88.1618 93.4252 84.5194 67.2182 6.1901 68.3684 73.7578 84.7703 100.8287 70.0381 9.6363 1200.2769 722.3573 722.3573 620.9668 103.5343 281.7314 173.0197 202.8655 308.2058 1190.8691 296.1471 436.16 270.0768 120.6341 325.0428 176.6907 243.1042 1203.274;
