function windprofile = ex_wind_profilesh1
%EX_WIND_PROFILE_D  Example wind_load_nyiso profile data for deterministic unit commitment.
% 2022.03.12
% Andres F. Ramirez


%% define constants
[GEN_BUS, PG, QG, QMAX, QMIN, VG, MBASE, GEN_STATUS, PMAX, PMIN, ...
    MU_PMAX, MU_PMIN, MU_QMAX, MU_QMIN, PC1, PC2, QC1MIN, QC1MAX, ...
    QC2MIN, QC2MAX, RAMP_AGC, RAMP_10, RAMP_30, RAMP_Q, APF] = idx_gen;
[CT_LABEL, CT_PROB, CT_TABLE, CT_TBUS, CT_TGEN, CT_TBRCH, CT_TAREABUS, ...
    CT_TAREAGEN, CT_TAREABRCH, CT_ROW, CT_COL, CT_CHGTYPE, CT_REP, ...
    CT_REL, CT_ADD, CT_NEWVAL, CT_TLOAD, CT_TAREALOAD, CT_LOAD_ALL_PQ, ...
    CT_LOAD_FIX_PQ, CT_LOAD_DIS_PQ, CT_LOAD_ALL_P, CT_LOAD_FIX_P, ...
    CT_LOAD_DIS_P, CT_TGENCOST, CT_TAREAGENCOST, CT_MODCOST_F, ...
    CT_MODCOST_X] = idx_ct;

windprofile = struct( ...
    'type', 'mpcData', ...
    'table', CT_TGEN, ...
    'rows', [1:45], ...
    'col', PMAX, ...
    'chgtype', 1, ...
    'values', [] );
windprofile.values(:,1,:) = [
	3.72 50.2648 90.8881 117.5442 14.4396 32.0619 26.8753 18.2237 26.1936 23.1616 42.8138 63.8697 96.1555 66.2699 189.998 71.5806 88.813 94.1153 88.3781 69.2866 8.9584 74.8112 70.7686 82.8921 101.7356 71.5835 13.3383 1346.9663 818.2124 818.2124 610.6106 111.1816 294.5937 178.344 207.765 349.104 1308.0638 230.3844 445.654 272.5062 116.2927 355.6739 194.1088 272.6595 1321.6894;
	3.6857 49.8013 87.8481 114.5946 13.9999 31.6979 23.6741 18.2174 25.7383 24.8933 46.0149 68.6452 103.3449 66.7918 172.1511 64.8569 80.4706 85.2749 85.3312 68.7257 7.8914 73.9618 69.806 84.169 98.648 71.3343 13.2617 1336.8389 824.4381 824.4381 650.1505 106.8864 284.4373 176.9002 209.4012 351.7603 1308.7807 228.7891 447.1682 264.2356 112.2103 351.6356 174.7257 267.9097 1322.4138;
	3.6489 49.3044 88.0221 113.6995 13.9775 31.6509 19.8836 17.9517 25.8982 27.8511 51.4823 76.8014 115.6241 64.8467 182.5124 68.7605 85.314 90.4073 85.7072 67.558 6.6279 73.8522 70.607 85.2731 98.8485 74.1347 13.6344 1326.813 791.7135 791.7135 662.1919 98.8819 285.6906 173.8944 203.3032 337.7978 1305.7045 232.0121 419.751 264.7727 112.3575 351.1143 172.4546 262.385 1319.3056;
	3.7999 51.3447 89.9237 116.3653 14.1564 31.8992 22.3003 18.7287 26.264 30.1205 55.6774 83.0597 125.0459 63.9404 190.7415 71.8608 89.1606 94.4836 88.6988 69.4168 7.4334 74.4315 73.3763 87.7049 102.137 74.9268 14.0441 1305.43 807.5728 807.5728 693.2788 104.7026 295.6626 178.6791 200.4617 344.5644 1293.827 259.8301 446.5698 273.5813 113.2625 353.8687 149.3938 271.3198 1307.3044;
	3.8197 51.6119 93.9037 117.5037 14.1423 31.8593 29.0622 18.4361 25.87 30.5314 56.4368 84.1926 126.7515 63.9569 194.7198 73.3595 91.0202 96.4542 88.6518 72.0199 9.6874 74.3383 73.8712 87.7519 104.8797 74.2147 13.6703 1241.7853 790.3548 790.3548 704.1035 110.2985 295.5061 185.3794 200.5136 337.218 1254.4727 251.4285 454.0538 280.9277 112.8229 353.4255 174.1384 267.0892 1267.5401;
	3.8529 52.0606 93.7132 117.4537 14.1882 32.777 27.8452 17.9744 25.5179 29.585 54.6874 81.5829 122.8226 65.4465 197.8663 74.545 92.491 98.0128 88.0845 70.4859 9.2817 76.4797 71.7382 87.3693 101.425 73.3797 13.1489 1240.1969 781.3201 781.3201 732.1218 112.9793 293.6151 181.4308 205.1837 333.3633 1206.6111 254.9746 448.7064 271.6742 114.8851 363.6065 168.9158 264.9472 1219.18;
	3.8138 51.5326 93.8539 117.205 14.2241 33.6577 29.7872 17.546 25.8162 29.4302 54.4012 81.1559 122.1798 65.94 197.6433 74.461 92.3868 97.9024 90.7079 72.1985 9.9291 78.5346 71.7271 85.9337 100.5685 72.2563 13.1533 1234.4983 764.5069 764.5069 733.2458 109.8764 302.3595 185.8392 206.7307 326.1896 1241.4224 304.3065 468.5774 269.3799 115.977 373.3757 162.1673 266.2348 1254.3539;
	3.8616 52.1789 93.0949 117.7656 14.5155 34.7722 29.6942 18.1674 27.1699 30.4432 56.2738 83.9494 126.3854 69.1535 201.2367 75.8148 94.0665 99.6824 91.907 71.794 9.8981 81.1352 73.7278 86.8891 100.458 73.1408 13.2292 1268.6227 810.0322 810.0322 751.9392 112.0246 306.3568 184.7979 216.8056 345.6138 1294.4 318.8812 477.3529 269.0839 117.7161 385.7398 176.8849 267.8296 1307.8834;
	3.8268 51.7083 93.6097 119.8702 15.1707 34.844 29.938 18.8443 26.9509 31.1475 57.5756 85.8915 129.3092 66.6537 195.9442 73.8208 91.5925 97.0607 92.7447 72.7237 9.9793 81.3026 75.4451 88.9104 105.1704 75.5984 13.2875 1278.4447 772.4903 772.4903 731.075 113.729 309.1489 187.1911 208.9684 329.5959 1263.5436 302.3803 476.7593 281.7064 120.1307 386.5356 203.194 272.2493 1276.7056;
	3.8345 51.8131 94.8217 120.2707 15.2706 34.5679 26.5656 18.549 28.3123 31.0614 57.4166 85.6543 128.9521 69.2583 192.4232 72.4943 89.9467 95.3166 91.8247 70.0719 8.8552 80.6583 74.5771 88.8051 104.858 76.298 13.2143 1264.9214 811.3196 811.3196 763.8498 117.4608 306.0823 180.3653 217.1343 346.163 1252.192 329.7445 480.0577 280.8696 118.9132 383.4727 208.7972 274.7733 1265.2357;
	3.8489 52.0068 95.3793 120.9855 15.2119 33.8288 28.4355 18.9611 28.016 31.3211 57.8966 86.3703 130.03 69.4912 196.5833 74.0616 91.8913 97.3773 92.3262 72.3968 9.4785 78.9338 75.0617 89.9396 106.5846 76.2141 13.5319 1293.221 830.4345 830.4345 817.7039 117.3968 307.7539 186.3497 217.8642 354.3187 1309.8355 345.479 480.1394 285.4943 117.9914 375.274 209.6968 275.5239 1323.4796;
	3.8735 52.34 95.3781 121.0521 15.156 34.2258 26.4588 19.0666 27.7833 31.2052 57.6824 86.0508 129.549 68.9222 194.8108 73.3939 91.0627 96.4993 90.0301 70.5703 8.8196 79.8602 75.2305 89.9964 106.1649 76.3953 13.6791 1273.3866 828.7677 828.7677 817.5333 120.9219 300.1003 181.6481 216.0804 353.6075 1319.4912 356.0378 480.1295 284.3704 121.43 379.6783 209.7286 273.7377 1333.2359;
	3.8176 51.5837 94.9251 120.8084 14.956 33.5303 25.254 19.0756 27.3614 30.9912 57.2867 85.4605 128.6603 67.3784 191.0696 71.9844 89.314 94.6461 91.5315 70.1079 8.418 78.2375 75.1091 88.7531 106.1996 76.6544 13.9528 1290.1949 842.2908 842.2908 826.4229 120.6067 305.1052 180.458 211.2405 359.3774 1341.7478 360.5286 479.0313 284.4633 120.4689 371.9632 208.9497 278.5552 1355.7243;
	3.6817 49.7483 95.2513 120.6964 15.2198 33.3789 26.1721 19.0161 27.5288 31.0133 57.3275 85.5214 128.752 67.2947 190.0862 71.6139 88.8542 94.159 91.429 72.0802 8.724 77.8841 75.0529 89.1383 106.068 76.4856 13.8913 1254.8904 820.8801 820.8801 823.1845 119.2468 304.7634 185.5345 210.9779 350.2422 1307.5375 350.8137 478.3992 284.1108 116.8598 370.2832 202.2953 272.0893 1321.1577;
	3.7355 50.4752 95.0241 120.5823 15.0438 33.7849 23.9068 18.6 27.6262 30.3584 56.117 83.7155 126.0332 65.9764 189.3131 71.3226 88.4929 93.776 88.9558 70.5036 7.9689 78.8313 75.3492 89.423 105.7149 75.1538 13.8081 1243.8457 821.6795 821.6795 823.7448 119.4504 296.5193 181.4764 206.8449 350.5832 1283.9203 351.552 477.8235 283.1649 121.5672 374.7867 200.5842 266.8384 1297.2945;
	3.6962 49.9437 94.0771 118.5922 15.3455 34.0375 25.6118 18.2375 28.2173 30.9425 57.1967 85.3262 128.4581 69.4874 173.3198 65.2972 81.0169 85.8537 90.4439 69.3001 8.5373 79.4208 74.2539 88.2894 102.4504 73.7641 13.3738 1234.5968 843.2147 843.2147 798.0557 121.08 301.4797 178.3786 217.8524 359.7716 1265.9598 346.9165 477.6754 274.4208 121.0382 377.5893 202.723 267.8535 1279.1469;
	3.7855 51.1503 94.7309 115.9006 14.9878 33.0247 22.5791 18.3542 27.1414 30.7043 56.7564 84.6694 127.4693 68.0035 187.5985 70.6766 87.6914 92.9267 90.1362 67.8948 7.5264 77.0576 72.2186 85.9284 102.852 64.929 13.1291 1206.5115 791.9491 791.9491 696.6464 119.8529 300.454 174.7615 213.2 337.8983 1222.433 321.382 473.1465 275.4963 118.9675 366.3538 192.5969 259.0326 1235.1667;
	3.7847 51.1395 91.9083 110.1196 15.27 31.2685 18.6145 13.3189 26.7379 28.8011 53.2384 79.4212 119.5682 66.9509 174.4245 65.7134 81.5333 86.401 84.5639 67.0302 6.2048 72.9599 71.4801 86.649 100.4178 72.0267 10.0945 1209.8147 737.6702 737.6702 660.8612 115.3877 281.8797 172.5359 209.9003 314.7393 1223.5656 302.4169 448.263 268.9761 120.3931 346.8721 180.5859 233.5434 1236.311;
