function loadprofile = ex_load_profilesh1
%EX_LOAD_PROFILE  Example load profile data file for stochastic unit commitment.
% 2022.03.12
% Andres F. Ramirez

%% define constants
[CT_LABEL, CT_PROB, CT_TABLE, CT_TBUS, CT_TGEN, CT_TBRCH, CT_TAREABUS, ...
    CT_TAREAGEN, CT_TAREABRCH, CT_ROW, CT_COL, CT_CHGTYPE, CT_REP, ...
    CT_REL, CT_ADD, CT_NEWVAL, CT_TLOAD, CT_TAREALOAD, CT_LOAD_ALL_PQ, ...
    CT_LOAD_FIX_PQ, CT_LOAD_DIS_PQ, CT_LOAD_ALL_P, CT_LOAD_FIX_P, ...
    CT_LOAD_DIS_P, CT_TGENCOST, CT_TAREAGENCOST, CT_MODCOST_F, ...
    CT_MODCOST_X] = idx_ct;

loadprofile = struct( ...
    'type', 'mpcData', ...
    'table', CT_TAREALOAD, ...
    'rows', [1:11], ...
    'col', CT_LOAD_ALL_P, ...
    'chgtype', 1, ...
    'values', [] );
loadprofile.values(:,1,:) = [
	1553.7448 868.9506 1448.8525 564.4883 708.0626 1059.2317 789.5645 229.0 477.9917 4367.622 1567.816;
	1549.8623 871.4753 1450.8454 560.8327 711.1497 1082.9689 798.6 218.1624 467.4 4301.4177 1586.2564;
	1521.8945 869.7109 1468.4 560.8544 729.3195 1056.0703 795.0928 216.321 458.0241 4268.8558 1611.7135;
	1570.5926 903.8324 1537.5247 562.4806 769.1782 1076.5 833.4 234.9044 466.4739 4348.0396 1649.5834;
	1626.4232 959.443 1639.3188 577.0739 827.033 1142.5127 886.0256 253.0573 510.241 4549.8098 1751.8995;
	1672.2247 993.6424 1712.8 577.5529 877.3 1202.549 929.6512 284.8238 548.2206 4754.2103 1893.1375;
	1690.4639 1024.8353 1761.4115 588.0 905.3 1240.8 979.1866 300.5 565.885 4993.8975 1951.809;
	1721.7796 1049.4314 1748.4585 610.4517 947.7 1227.1129 1019.5076 308.9192 601.4211 5199.7784 2000.2857;
	1729.6051 1062.9991 1749.866 607.9036 938.9732 1222.0424 1031.3 304.8361 636.8 5243.0429 1971.2163;
	1696.0708 1041.4793 1761.7045 616.6 935.2049 1181.1425 1023.2473 303.6016 652.6252 5263.3228 2021.7376;
	1670.6895 1047.6725 1785.1842 617.2214 924.9289 1202.8 1033.2587 305.9735 645.2 5222.7777 1881.2499;
	1637.7678 1016.2 1755.1595 602.9084 914.9728 1177.5174 1008.689 296.2129 632.2185 5095.9752 1825.5849;
	1627.7159 1034.566 1728.3092 599.8387 899.6 1164.7955 1009.1137 282.5 632.5 5090.4684 1788.1643;
	1638.6469 1037.8606 1721.9245 589.1 898.9229 1143.7976 1004.609 277.6201 621.6045 5154.8332 1845.0667;
	1651.8255 1080.6057 1759.6787 592.5461 923.9524 1200.2802 1028.3595 268.8736 611.2798 5106.563 1938.6846;
	1689.2 1094.1718 1772.8214 591.5867 931.9 1233.2765 1033.1817 273.2393 655.5661 5157.4614 2031.2575;
	1709.3895 1087.6818 1817.4 594.9819 988.6017 1299.1191 1047.1003 288.4058 631.9491 4902.1373 1948.7145;
	1760.4313 1120.5 1882.1461 599.6967 1017.4828 1351.4453 1101.314 301.2289 658.0656 5060.29 2104.4449;
	1829.9524 1156.2791 1919.8416 610.0 1003.4817 1346.3093 1097.5 315.2271 659.2861 5203.0385 2169.9146;
	1741.6812 1085.3024 1789.7192 593.6697 952.1107 1272.2877 1036.8784 296.1189 619.724 4993.9568 1966.1146;
	1654.1724 1028.1241 1718.1861 570.5392 900.2438 1230.8237 1010.4072 293.1158 615.0051 5091.5209 1958.9413;
	1652.3 980.2 1628.6633 548.6 864.751 1188.009 955.682 280.0783 592.4638 4906.5929 1862.1017;
	1640.0249 935.4769 1608.927 580.7085 815.7467 1116.4359 893.8722 252.8465 550.0 4803.3658 1758.1988;
	1579.002 925.3031 1580.0239 584.006 789.3 1096.7768 872.7733 224.1005 527.5469 4679.1765 1681.4961;
];
