function loadprofile = ex_load_profilesh1
%EX_LOAD_PROFILE  Example load profile data file for stochastic unit commitment.
% 2022.03.12
% Andres F. Ramirez

%% define constants
[CT_LABEL, CT_PROB, CT_TABLE, CT_TBUS, CT_TGEN, CT_TBRCH, CT_TAREABUS, ...
    CT_TAREAGEN, CT_TAREABRCH, CT_ROW, CT_COL, CT_CHGTYPE, CT_REP, ...
    CT_REL, CT_ADD, CT_NEWVAL, CT_TLOAD, CT_TAREALOAD, CT_LOAD_ALL_PQ, ...
    CT_LOAD_FIX_PQ, CT_LOAD_DIS_PQ, CT_LOAD_ALL_P, CT_LOAD_FIX_P, ...
    CT_LOAD_DIS_P, CT_TGENCOST, CT_TAREAGENCOST, CT_MODCOST_F, ...
    CT_MODCOST_X] = idx_ct;

loadprofile = struct( ...
    'type', 'mpcData', ...
    'table', CT_TAREALOAD, ...
    'rows', [1:11], ...
    'col', CT_LOAD_ALL_P, ...
    'chgtype', 1, ...
    'values', [] );
loadprofile.values(:,1,:) = [
	1488.7419 881.1543 1509.5929 552.7954 733.5194 1051.3117 716.6131 230.2 443.5692 4339.8444 1657.3889;
	1461.9219 858.5903 1466.5479 543.7 702.2801 1017.5338 708.0322 219.2496 422.1991 4223.5723 1610.0886;
	1470.6445 877.8924 1499.0202 552.7961 736.8873 1040.6091 723.9351 217.1 432.8642 4204.3904 1614.8488;
	1536.7017 910.6942 1551.3832 564.9 767.6551 1049.4104 772.3935 235.2973 438.4982 4302.4872 1635.8791;
	1621.807 979.599 1644.8598 573.9 806.7621 1121.8379 770.8155 244.4 469.3979 4426.1548 1728.0226;
	1661.1968 1027.6 1742.5806 592.9835 883.016 1203.5133 880.747 269.6295 505.1271 4684.6006 1859.8862;
	1706.0201 1067.4 1811.9973 594.3624 916.2848 1258.9998 902.8992 287.186 509.966 4925.0842 1934.6127;
	1772.1251 1133.6137 1863.8997 591.9145 971.344 1329.8718 963.9282 303.1526 540.2899 5274.0292 1958.4496;
	1816.8165 1163.2906 1902.5554 595.3812 979.2679 1353.0053 981.9492 308.8345 560.4386 5490.4242 2068.8246;
	1825.7491 1179.3477 1929.0131 579.3 1023.2612 1377.2768 969.407 325.193 580.752 5636.0893 2086.6119;
	1821.8432 1186.3141 1923.1115 576.9054 984.2974 1361.3966 939.8227 324.9 544.9939 5570.6392 2032.2819;
	1820.9888 1150.743 1877.0741 567.2281 973.678 1334.1 902.4924 306.6 505.5731 5472.5989 1936.4216;
	1847.6991 1135.1887 1826.5 562.7634 926.9811 1259.9357 873.5245 297.6896 489.781 5347.6526 1983.0257;
	1752.976 1097.04 1811.1709 561.3342 979.5852 1280.6233 913.5579 295.6295 535.264 5358.6363 1971.2482;
	1755.5396 1091.8246 1845.5522 553.5078 974.5572 1295.2873 947.5 310.9376 552.7135 5416.1833 2044.6833;
	1751.141 1106.6857 1853.5 562.6 968.7 1313.4661 967.3782 319.4282 582.5336 5387.0189 2083.7809;
	1723.6339 1143.0071 1893.6935 555.962 997.7088 1328.2635 982.7854 323.5 600.1793 5435.118 2154.4742;
	1798.1499 1195.273 1961.5763 558.2773 1024.2002 1374.2388 1053.1909 348.2 628.5173 5497.1839 2265.6045;
	1829.6423 1182.2337 1965.7 589.4433 1012.6443 1367.8027 1091.5408 342.2201 651.5 5453.4477 2305.2787;
	1796.2217 1147.8875 1935.5 581.7802 977.9 1316.6234 1059.3338 338.7246 653.1 5472.0132 2306.2149;
	1764.8128 1081.0404 1835.3015 551.7 924.7209 1241.9479 989.6849 315.3 618.3392 5271.3443 2186.4325;
	1655.299 1010.6433 1742.7175 536.6494 864.9739 1167.1167 938.9092 288.3974 580.5 4998.0 2031.7054;
	1603.4099 961.4 1776.5207 560.8032 821.076 1165.6455 889.2128 273.2531 503.4567 4737.8661 1777.0706;
	1571.4121 929.1383 1713.8061 568.1587 826.1079 1143.5598 849.3625 262.6107 474.1197 4616.0675 1752.0546;
];
