function windprofile = ex_wind_profilesh1
%EX_WIND_PROFILE_D  Example wind_load_nyiso profile data for deterministic unit commitment.
% 2022.03.12
% Andres F. Ramirez


%% define constants
[GEN_BUS, PG, QG, QMAX, QMIN, VG, MBASE, GEN_STATUS, PMAX, PMIN, ...
    MU_PMAX, MU_PMIN, MU_QMAX, MU_QMIN, PC1, PC2, QC1MIN, QC1MAX, ...
    QC2MIN, QC2MAX, RAMP_AGC, RAMP_10, RAMP_30, RAMP_Q, APF] = idx_gen;
[CT_LABEL, CT_PROB, CT_TABLE, CT_TBUS, CT_TGEN, CT_TBRCH, CT_TAREABUS, ...
    CT_TAREAGEN, CT_TAREABRCH, CT_ROW, CT_COL, CT_CHGTYPE, CT_REP, ...
    CT_REL, CT_ADD, CT_NEWVAL, CT_TLOAD, CT_TAREALOAD, CT_LOAD_ALL_PQ, ...
    CT_LOAD_FIX_PQ, CT_LOAD_DIS_PQ, CT_LOAD_ALL_P, CT_LOAD_FIX_P, ...
    CT_LOAD_DIS_P, CT_TGENCOST, CT_TAREAGENCOST, CT_MODCOST_F, ...
    CT_MODCOST_X] = idx_ct;

windprofile = struct( ...
    'type', 'mpcData', ...
    'table', CT_TGEN, ...
    'rows', [1:45], ...
    'col', PMAX, ...
    'chgtype', 1, ...
    'values', [] );
windprofile.values(:,1,:) = [
	3.6063 48.7288 89.1322 109.7441 14.3837 31.8462 26.2453 17.9667 26.0398 28.4374 52.5661 78.4182 118.0582 67.2424 190.2045 71.6584 88.9095 94.2176 82.7813 71.5933 8.7484 74.3079 74.1546 84.5307 103.2631 71.3715 13.6006 1227.3558 697.8675 697.8675 538.5372 111.0585 275.9376 184.2814 210.814 297.7568 1194.2152 227.4274 438.8617 276.5977 115.9638 353.281 194.5662 284.015 1206.6549;
	3.6281 49.0233 87.8035 109.6788 14.7619 31.8192 22.7574 18.0289 24.5059 28.7788 53.1973 79.3599 119.4758 66.4729 178.8794 67.3918 83.6157 88.6077 79.4887 70.3782 7.5858 74.2448 72.1431 85.2525 101.1307 71.5969 13.6754 1241.705 689.315 689.315 574.8128 110.0567 264.9622 181.1537 208.4015 294.1077 1159.9169 220.0747 451.0807 270.8858 112.4092 352.9809 188.8738 278.5557 1171.9994;
	3.6872 49.8215 89.0847 111.4508 15.1053 33.5669 21.5332 18.2587 26.7851 29.588 54.693 81.5912 122.835 67.7816 189.1531 71.2623 88.4181 93.6968 86.2486 71.5346 7.1777 78.3228 71.703 85.8885 101.8183 75.1567 13.9585 1244.0241 775.65 775.65 650.525 106.9579 287.4952 184.1302 212.5044 330.944 1261.2615 225.1671 433.9767 272.7277 116.1284 372.369 199.4741 271.5507 1274.3996;
	3.7513 50.6878 90.6232 114.8106 15.0281 33.9333 22.0515 18.9055 27.2546 30.3887 56.173 83.799 126.159 67.2157 192.4596 72.508 89.9637 95.3346 86.6626 71.1103 7.3505 79.1777 71.3391 87.9718 104.4809 75.5699 14.0954 1247.6539 786.8207 786.8207 643.4283 109.7805 288.8753 183.0382 210.7304 335.7102 1265.2307 233.649 453.0263 279.8595 120.2052 376.4332 164.9831 278.6168 1278.4102;
	3.8355 51.8264 89.256 111.2628 15.075 33.7303 29.7511 18.7258 27.6718 30.7265 56.7974 84.7306 127.5614 65.6756 194.7223 73.3605 91.0213 96.4555 83.7248 71.3973 9.917 78.704 73.0073 85.2858 103.277 75.7934 13.9967 1229.2325 768.1782 768.1782 617.9375 108.7301 279.0827 183.7767 205.9019 327.756 1226.5436 228.1926 470.8803 276.6349 114.7346 374.1812 198.6539 276.5844 1239.3201;
	3.8277 51.7202 87.7081 112.2584 14.9177 33.5987 29.0417 18.8335 27.7723 30.4127 56.2174 83.8652 126.2587 66.5529 199.2318 75.0594 93.1293 98.6892 85.2822 70.7152 9.6806 78.3971 72.1779 84.5634 101.7671 73.7544 13.8875 1229.0256 768.3497 768.3497 671.2015 112.9782 284.2741 182.021 208.6522 327.8292 1174.0136 220.9538 465.3892 272.5904 115.8302 372.722 185.4089 273.2129 1186.2429;
	3.7392 50.5244 87.4221 112.7178 14.5614 33.7848 29.8855 18.9157 27.3463 29.7469 54.9868 82.0295 123.4949 64.7036 202.6328 76.3407 94.719 100.3739 89.8503 71.7714 9.9618 78.8312 71.1856 84.3967 101.7567 73.6608 13.9091 1224.2107 765.009 765.009 714.1703 109.8905 299.5009 184.7397 202.8547 326.4038 1221.8477 254.871 464.5417 272.5627 115.5784 374.7861 170.0042 261.4043 1234.5753;
	3.8908 52.5739 90.3442 113.8039 15.0091 34.3232 29.859 18.5053 28.0236 29.4011 54.3476 81.0759 122.0593 68.5465 203.5928 76.7024 95.1678 100.8495 89.1406 69.5979 9.953 80.0875 70.0404 86.7366 102.2791 70.8853 13.68 1279.0659 784.9893 784.9893 738.5851 115.2291 297.1355 179.1452 214.9026 334.9288 1301.0458 288.4561 471.6217 273.9618 117.9625 380.759 178.8833 268.1509 1314.5984;
	3.8854 52.5003 95.1077 117.2965 15.184 34.783 31.5425 18.8411 28.4212 30.9004 57.1189 85.2101 128.2834 66.8813 203.5508 76.6866 95.1482 100.8287 90.273 70.1975 10.5142 81.1603 73.0928 88.7667 105.2536 70.8423 13.8886 1295.4879 801.7107 801.7107 765.8717 118.4478 300.9099 180.6886 209.682 342.0632 1298.5707 318.2956 470.5804 281.9293 122.8424 385.8594 207.7939 276.4836 1312.0975;
	3.8759 52.3716 95.3295 120.3677 15.1343 34.7049 28.1691 19.0945 28.4924 31.1477 57.5761 85.8923 129.3103 68.7378 203.4184 76.6367 95.0863 100.7631 88.2365 71.0047 9.3897 80.9782 75.5261 89.4068 106.554 73.3386 14.0331 1278.5006 811.1382 811.1382 765.2745 118.4061 294.1216 182.7663 215.5022 346.0856 1263.1956 326.3276 477.9581 285.4125 123.1527 384.9934 211.3476 279.5345 1276.3539;
	3.8697 52.2879 95.1421 118.9279 15.3222 34.0 27.6756 19.0843 28.1428 31.2156 57.7015 86.0793 129.5919 65.266 204.4864 77.0391 95.5855 101.2921 89.9656 72.9302 9.2252 79.3333 74.9758 89.2946 106.5111 73.0497 14.0591 1291.6093 812.0952 812.0952 768.5481 117.1345 299.8853 187.7226 204.6179 346.4939 1280.7333 317.6615 451.9217 285.2976 121.0905 377.173 211.1369 276.7656 1294.0742;
	3.8687 52.2743 95.0532 120.5734 15.3841 34.3323 26.2776 19.1073 28.0931 29.2906 54.1432 80.7711 121.6004 65.7817 204.5548 77.0648 95.6175 101.326 89.3812 69.8959 8.7592 80.1087 73.3367 89.6193 106.3529 74.3374 14.0499 1289.7183 778.9694 778.9694 748.8392 119.0172 297.9374 179.9122 206.2344 332.3603 1255.3159 317.3367 446.8803 284.8738 123.3858 380.8597 210.3469 278.642 1268.3921;
	3.6569 49.4128 93.4585 113.9707 15.3617 33.0003 24.8624 18.8171 27.0673 27.4969 50.8275 75.8247 114.1537 65.4472 199.3675 75.1106 93.1927 98.7565 87.8526 69.1818 8.2875 77.0007 71.8068 86.1968 103.9699 75.3102 13.728 1280.1154 797.7526 797.7526 747.1286 119.4245 292.8419 178.0741 205.1859 340.3744 1246.1886 327.3017 435.9198 278.4907 119.2966 366.0834 204.9881 267.9836 1259.1697;
	3.7542 50.7274 94.9627 119.3272 15.1667 32.96 25.34 19.0239 26.9441 28.553 52.7798 78.737 118.5381 65.8048 195.4653 73.6404 91.3687 96.8235 85.3601 70.8835 8.4467 76.9067 73.0295 88.1391 104.6434 75.8994 14.1296 1249.6683 780.8465 780.8465 684.6839 117.6277 284.5336 182.4544 206.307 333.1612 1221.4373 283.6247 437.2934 280.2948 115.6907 365.6363 202.8181 271.1569 1234.1606;
	3.7039 50.0483 94.8701 118.8678 14.8944 33.7144 20.355 19.0568 26.1218 26.8189 49.5743 73.9551 111.339 64.4324 193.3021 72.8254 90.3575 95.7519 84.1379 69.6533 6.785 78.667 74.2652 88.6497 104.183 75.8327 14.1243 1222.3356 760.6957 760.6957 661.0492 117.494 280.4596 179.2879 202.0042 324.5635 1172.443 275.4781 433.491 279.0615 117.1823 374.0055 201.0385 274.1804 1184.656;
	3.7109 50.1418 93.724 116.7165 14.6518 33.394 21.9871 18.9184 26.2502 27.8572 51.4937 76.8184 115.6497 64.218 198.1303 74.6444 92.6144 98.1436 88.092 71.7661 7.329 77.9193 73.7472 88.7202 104.1178 74.4112 14.1021 1178.8103 731.2851 731.2851 629.7222 117.4237 293.64 184.7261 201.332 312.015 1101.1433 291.0101 435.2798 278.8869 117.4172 370.4505 197.9449 271.6514 1112.6136;
	3.8129 51.5204 93.8386 113.9618 14.3795 31.8611 20.0285 18.5287 26.2636 28.9176 53.4537 79.7424 120.0517 64.8245 194.7078 73.355 91.0146 96.4483 87.2025 68.2476 6.6762 74.3427 75.0358 86.9433 104.3333 61.9087 13.614 1160.631 742.7099 742.7099 661.411 115.2965 290.6749 175.6695 203.2336 316.8896 1166.0548 329.8875 447.071 279.4641 115.3039 353.4462 183.3989 255.2728 1178.2012;
	3.7149 50.196 94.1042 109.9153 14.4629 29.1549 17.1293 14.3271 26.0681 28.126 51.9905 77.5596 116.7655 64.4669 194.3039 73.2029 90.8258 96.2482 85.8982 67.83 5.7098 68.0282 74.2892 87.2239 104.5424 72.1119 10.8857 1150.6537 702.3476 702.3476 594.6912 114.1419 286.3272 174.5947 202.1124 299.6683 1154.0678 288.7399 443.1244 280.0243 117.0421 323.4255 161.8415 239.28 1166.0893;
