function solarprofile = ex_solar_profilesh1
%EX_WIND_PROFILE_D  Example wind_load_nyiso profile data for deterministic unit commitment.
% 2022.03.12
% Andres F. Ramirez


%% define constants
[GEN_BUS, PG, QG, QMAX, QMIN, VG, MBASE, GEN_STATUS, PMAX, PMIN, ...
    MU_PMAX, MU_PMIN, MU_QMAX, MU_QMIN, PC1, PC2, QC1MIN, QC1MAX, ...
    QC2MIN, QC2MAX, RAMP_AGC, RAMP_10, RAMP_30, RAMP_Q, APF] = idx_gen;
[CT_LABEL, CT_PROB, CT_TABLE, CT_TBUS, CT_TGEN, CT_TBRCH, CT_TAREABUS, ...
    CT_TAREAGEN, CT_TAREABRCH, CT_ROW, CT_COL, CT_CHGTYPE, CT_REP, ...
    CT_REL, CT_ADD, CT_NEWVAL, CT_TLOAD, CT_TAREALOAD, CT_LOAD_ALL_PQ, ...
    CT_LOAD_FIX_PQ, CT_LOAD_DIS_PQ, CT_LOAD_ALL_P, CT_LOAD_FIX_P, ...
    CT_LOAD_DIS_P, CT_TGENCOST, CT_TAREAGENCOST, CT_MODCOST_F, ...
    CT_MODCOST_X] = idx_ct;

solarprofile = struct( ...
    'type', 'mpcData', ...
    'table', CT_TGEN, ...
    'rows', [1:12], ...
    'col', PMAX, ...
    'chgtype', 1, ...
    'values', [] );
solarprofile.values(:,1,:) = [
	0.0 0.0 0.0 0.0 0.0 0.0 0.0 0.0 0.0 0.0 0.0 0.0;
	0.0 0.0 0.0 0.0 0.0 0.0 0.0 0.0 0.0 0.0 0.0 0.0;
	0.0 0.0 0.0 0.0 0.0 0.0 0.0 0.0 0.0 0.0 0.0 0.0;
	0.0 0.0 0.0 0.0 0.0 0.0 0.0 0.0 0.0 0.0 0.0 0.0;
	0.0 0.0 0.0 0.0 0.0 0.0 0.0 0.0 0.0 0.0 0.0 0.0;
	1.0111 0.829 0.6949 0.0 0.0 14.9552 1.8694 4.5439 0.4191 0.0 0.0 0.0;
	7.9919 7.3297 4.6446 1.7857 6.0871 275.7711 34.4714 36.5961 104.8208 191.2639 45.63 346.3801;
	16.9871 14.2981 8.6389 4.8117 8.8317 271.6422 33.9553 61.6505 129.7786 339.1838 174.8613 614.264;
	20.4399 16.6083 12.1489 6.9918 8.8504 253.2334 31.6542 65.2363 131.3809 346.6576 196.7719 627.799;
	14.9496 15.6213 6.5815 3.1423 5.5099 145.6523 18.2065 45.3968 95.3398 218.3001 142.3605 395.3428;
	15.2029 11.4058 5.1709 3.5834 6.0818 184.3571 23.0446 30.2963 130.4481 221.1727 153.3864 400.5451;
	19.948 9.0611 7.076 4.7437 6.1095 248.3568 31.0446 25.8454 143.6531 213.7383 155.4871 387.0813;
	21.521 12.7122 12.2115 4.8572 3.6591 290.2958 36.287 33.9602 54.0332 137.2447 65.6101 248.5509;
	18.0319 12.7547 11.7824 3.4366 3.0792 267.2844 33.4106 40.9721 40.9458 123.6833 28.5182 223.9912;
	12.3655 11.5968 7.778 1.5351 2.8541 239.092 29.8865 41.2542 35.1994 88.6482 15.9808 160.5425;
	6.2195 6.8466 3.4532 0.7698 4.6115 184.765 23.0956 36.066 68.4878 38.1763 11.2661 69.1374;
	1.4608 1.0959 0.8073 0.885 1.638 73.2037 9.1505 16.4422 39.7599 13.5631 10.2308 24.5629;
	0.0 0.0 0.0 0.0 0.0 0.0 0.0 0.0 0.0 0.0 0.0 0.0;
	0.0 0.0 0.0 0.0 0.0 0.0 0.0 0.0 0.0 0.0 0.0 0.0;
	0.0 0.0 0.0 0.0 0.0 0.0 0.0 0.0 0.0 0.0 0.0 0.0;
	0.0 0.0 0.0 0.0 0.0 0.0 0.0 0.0 0.0 0.0 0.0 0.0;
	0.0 0.0 0.0 0.0 0.0 0.0 0.0 0.0 0.0 0.0 0.0 0.0;
	0.0 0.0 0.0 0.0 0.0 0.0 0.0 0.0 0.0 0.0 0.0 0.0;
	0.0 0.0 0.0 0.0 0.0 0.0 0.0 0.0 0.0 0.0 0.0 0.0;
];
