function solarprofile = ex_solar_profilesh1
%EX_WIND_PROFILE_D  Example wind_load_nyiso profile data for deterministic unit commitment.
% 2022.03.12
% Andres F. Ramirez


%% define constants
[GEN_BUS, PG, QG, QMAX, QMIN, VG, MBASE, GEN_STATUS, PMAX, PMIN, ...
    MU_PMAX, MU_PMIN, MU_QMAX, MU_QMIN, PC1, PC2, QC1MIN, QC1MAX, ...
    QC2MIN, QC2MAX, RAMP_AGC, RAMP_10, RAMP_30, RAMP_Q, APF] = idx_gen;
[CT_LABEL, CT_PROB, CT_TABLE, CT_TBUS, CT_TGEN, CT_TBRCH, CT_TAREABUS, ...
    CT_TAREAGEN, CT_TAREABRCH, CT_ROW, CT_COL, CT_CHGTYPE, CT_REP, ...
    CT_REL, CT_ADD, CT_NEWVAL, CT_TLOAD, CT_TAREALOAD, CT_LOAD_ALL_PQ, ...
    CT_LOAD_FIX_PQ, CT_LOAD_DIS_PQ, CT_LOAD_ALL_P, CT_LOAD_FIX_P, ...
    CT_LOAD_DIS_P, CT_TGENCOST, CT_TAREAGENCOST, CT_MODCOST_F, ...
    CT_MODCOST_X] = idx_ct;

solarprofile = struct( ...
    'type', 'mpcData', ...
    'table', CT_TGEN, ...
    'rows', [1:12], ...
    'col', PMAX, ...
    'chgtype', 1, ...
    'values', [] );
solarprofile.values(:,1,:) = [
	0.0 0.0 0.0 0.0 0.0 0.0 0.0 0.0 0.0 0.0 0.0 0.0;
	0.0 0.0 0.0 0.0 0.0 0.0 0.0 0.0 0.0 0.0 0.0 0.0;
	0.0 0.0 0.0 0.0 0.0 0.0 0.0 0.0 0.0 0.0 0.0 0.0;
	0.0 0.0 0.0 0.0 0.0 0.0 0.0 0.0 0.0 0.0 0.0 0.0;
	0.0 0.0 0.0 0.0 0.0 0.0 0.0 0.0 0.0 0.0 0.0 0.0;
	1.0111 0.8207 0.6949 0.0 0.0 9.4835 1.1854 4.6382 2.0889 0.0 0.0 0.0;
	2.7682 1.8051 1.2619 1.7559 5.6187 15.1745 1.8968 17.1811 41.5394 38.0075 20.6327 68.8318;
	6.6823 5.1035 6.4109 2.4724 7.8372 82.3913 10.2989 43.3206 26.0554 137.5005 54.6081 249.0143;
	11.4348 10.3055 12.4466 4.9341 7.8008 198.262 24.7828 53.9194 50.716 262.7833 109.9032 475.9021;
	14.9488 12.9052 11.2223 4.4616 7.1164 242.9664 30.3708 57.0901 173.9193 251.8134 133.1254 456.0356;
	20.9246 16.1388 13.2338 5.3026 8.0588 205.082 25.6353 57.6612 170.1558 332.7065 196.229 602.5336;
	25.2262 16.5214 13.8 5.2784 8.2369 203.4987 25.4373 58.1593 137.6031 338.3871 206.7886 612.8211;
	23.8692 15.9262 13.3887 3.0718 6.5526 239.9552 29.9944 65.4734 129.4784 141.9772 90.0902 257.1215;
	20.8565 15.2378 12.5675 2.359 6.0839 297.4121 37.1765 68.227 141.5099 57.819 29.2 104.7105;
	15.4289 12.1234 9.999 1.9401 6.3383 302.0081 37.751 70.6826 155.11 44.8915 20.7592 81.2987;
	8.6688 6.9287 6.2748 2.2474 7.3233 260.1039 32.513 76.4134 165.1629 50.3242 42.0113 91.1374;
	1.7203 1.5044 1.3904 0.8745 1.5126 84.6306 10.5788 18.3445 33.4437 43.327 27.419 78.4654;
	0.0 0.0 0.0 0.0 0.0 0.0 0.0 0.0 0.0 0.0 0.0 0.0;
	0.0 0.0 0.0 0.0 0.0 0.0 0.0 0.0 0.0 0.0 0.0 0.0;
	0.0 0.0 0.0 0.0 0.0 0.0 0.0 0.0 0.0 0.0 0.0 0.0;
	0.0 0.0 0.0 0.0 0.0 0.0 0.0 0.0 0.0 0.0 0.0 0.0;
	0.0 0.0 0.0 0.0 0.0 0.0 0.0 0.0 0.0 0.0 0.0 0.0;
	0.0 0.0 0.0 0.0 0.0 0.0 0.0 0.0 0.0 0.0 0.0 0.0;
	0.0 0.0 0.0 0.0 0.0 0.0 0.0 0.0 0.0 0.0 0.0 0.0;
];
