function windprofile = ex_wind_profilesh1
%EX_WIND_PROFILE_D  Example wind_load_nyiso profile data for deterministic unit commitment.
% 2022.03.12
% Andres F. Ramirez


%% define constants
[GEN_BUS, PG, QG, QMAX, QMIN, VG, MBASE, GEN_STATUS, PMAX, PMIN, ...
    MU_PMAX, MU_PMIN, MU_QMAX, MU_QMIN, PC1, PC2, QC1MIN, QC1MAX, ...
    QC2MIN, QC2MAX, RAMP_AGC, RAMP_10, RAMP_30, RAMP_Q, APF] = idx_gen;
[CT_LABEL, CT_PROB, CT_TABLE, CT_TBUS, CT_TGEN, CT_TBRCH, CT_TAREABUS, ...
    CT_TAREAGEN, CT_TAREABRCH, CT_ROW, CT_COL, CT_CHGTYPE, CT_REP, ...
    CT_REL, CT_ADD, CT_NEWVAL, CT_TLOAD, CT_TAREALOAD, CT_LOAD_ALL_PQ, ...
    CT_LOAD_FIX_PQ, CT_LOAD_DIS_PQ, CT_LOAD_ALL_P, CT_LOAD_FIX_P, ...
    CT_LOAD_DIS_P, CT_TGENCOST, CT_TAREAGENCOST, CT_MODCOST_F, ...
    CT_MODCOST_X] = idx_ct;

windprofile = struct( ...
    'type', 'mpcData', ...
    'table', CT_TGEN, ...
    'rows', [1:45], ...
    'col', PMAX, ...
    'chgtype', 1, ...
    'values', [] );
windprofile.values(:,1,:) = [
	3.6508 49.3302 92.7145 112.0056 15.3454 30.9197 29.7244 18.1989 28.0112 29.1381 53.8613 80.3504 120.9671 68.8914 196.892 74.1779 92.0356 97.5302 90.342 72.0175 9.9081 72.1459 74.2465 84.434 104.218 72.5186 13.566 1270.0038 772.7581 772.7581 604.0178 110.0344 301.1399 185.3732 215.9839 329.7101 1247.7581 233.3613 460.1142 279.1555 119.423 343.0024 194.1669 274.6888 1260.7556;
	3.6507 49.3288 92.4548 112.9232 15.2913 30.7663 27.5309 18.2449 28.1247 29.0928 53.7775 80.2255 120.7791 69.0754 182.3511 68.6997 85.2386 90.3274 87.1689 70.3342 9.177 71.788 73.4428 86.932 102.8224 72.0105 13.5181 1296.6045 769.8856 769.8856 636.1392 101.0227 290.5632 181.0403 216.5607 328.4845 1232.243 233.3669 460.715 275.4172 116.623 341.3006 171.6062 268.4835 1245.0788;
	3.7462 50.6187 92.4019 113.2461 15.1159 32.3063 22.4538 17.9715 27.8055 28.402 52.5007 78.3208 117.9115 66.806 190.5823 71.8008 89.0861 94.4047 90.1833 70.3799 7.4846 75.3814 70.6083 88.805 102.5701 73.5227 13.4767 1256.1322 767.544 767.544 663.6528 88.8136 300.611 181.1581 209.4459 327.4854 1221.7266 236.5084 434.2618 274.7413 115.2727 358.3848 180.7132 265.4843 1234.453;
	3.6536 49.3677 86.8441 109.6469 15.2501 31.4877 23.1027 17.8955 27.8952 29.506 54.5415 81.3651 122.4947 66.2534 198.3635 74.7323 92.7234 98.2591 92.0049 72.1704 7.7009 73.4712 72.4245 88.4354 101.8205 71.2039 13.6347 1274.2011 760.3499 760.3499 676.5573 97.3095 306.683 185.7668 207.7133 324.416 1223.1977 269.6853 435.3153 272.7335 114.0963 349.3032 148.5015 262.1361 1235.9393;
	3.8132 51.5244 92.6988 112.0466 15.3978 31.8822 30.6168 18.5776 28.332 30.487 56.3548 84.0702 126.5673 67.089 202.5574 76.3123 94.6838 100.3366 90.8814 73.585 10.2056 74.3919 74.1592 89.8839 104.8896 74.1476 13.6212 1261.4837 763.5571 763.5571 692.1729 81.9453 302.9378 189.4081 210.3332 325.7844 1213.9685 251.3205 458.0421 280.9543 114.3955 353.6801 185.9692 266.5733 1226.614;
	3.8802 52.4299 93.3801 112.3552 15.3975 32.7397 30.6552 19.04 28.2464 29.889 55.2494 82.4212 124.0846 66.4282 203.8648 76.8049 95.2949 100.9842 91.2596 72.5845 10.2184 76.3927 72.9021 89.7584 105.328 75.6201 13.8892 1312.8185 815.329 815.329 771.3964 110.2227 304.1988 186.8326 208.2614 347.8737 1241.1151 269.1311 455.1475 282.1286 115.4211 363.1929 178.2168 272.8144 1254.0434;
	3.8211 51.6321 92.6361 114.7555 14.5592 31.7367 31.8513 18.9687 28.0997 29.1606 53.9029 80.4125 121.0606 66.5276 195.0587 73.4872 91.1786 96.6221 88.4544 71.9417 10.6171 74.0524 71.6738 89.3549 105.4675 75.1924 13.8357 1293.9054 805.0158 805.0158 755.8189 107.7377 294.848 185.1782 208.573 343.4734 1268.7004 308.5083 463.8521 282.5023 114.9534 352.0661 155.2417 261.0987 1281.916;
	3.8793 52.4179 93.4679 117.6408 15.0939 32.0131 30.0762 18.9879 28.0157 29.0742 53.7431 80.1742 120.7018 67.7133 194.7297 73.3633 91.0248 96.4591 89.0438 70.0473 10.0254 74.6973 71.6264 89.7652 106.2312 74.1781 13.9197 1317.3725 805.0656 805.0656 731.5736 110.0768 296.8125 180.3018 212.2905 343.4947 1256.7035 310.2957 462.1221 284.5479 114.9806 355.1322 153.8654 265.5607 1269.7942;
	3.8568 52.1138 94.1477 118.7123 14.9085 32.3139 31.1044 18.8123 27.3338 29.0982 53.7876 80.2405 120.8016 67.9094 176.7075 66.5735 82.6005 87.5319 90.0098 69.5586 10.3681 75.3991 71.6106 89.701 105.92 74.2586 13.5515 1317.6515 794.6036 794.6036 698.1755 113.8877 300.0327 179.0439 212.9053 339.0309 1275.6094 320.3618 452.9954 283.7142 119.984 358.4689 191.3976 264.9387 1288.897;
	3.8664 52.243 94.5174 118.7059 14.9552 32.5646 25.6304 18.6536 26.4551 28.1121 51.9648 77.5213 116.7079 68.2372 190.0452 71.5984 88.8351 94.1386 88.1521 69.9852 8.5435 75.9841 72.4669 89.8409 104.112 72.7511 13.4867 1296.997 817.1473 817.1473 722.5105 117.3348 293.8403 180.1422 213.9328 348.6495 1271.2465 326.1133 442.3202 278.8715 116.792 361.2503 202.2754 262.8326 1284.4887;
	3.9009 52.7099 92.0842 113.9881 14.7977 32.1997 26.8725 17.4725 26.4236 29.6492 54.8062 81.76 123.0893 65.7254 190.4586 71.7542 89.0283 94.3434 90.1998 72.2322 8.9575 75.1326 71.203 86.338 99.0051 70.0626 12.8538 1311.0305 841.403 841.403 777.8091 117.8045 300.6659 185.9258 206.0579 358.9986 1336.4973 337.0378 443.2899 265.1921 115.2185 357.2019 206.5146 265.2973 1350.4192;
	3.902 52.7246 94.1918 115.3647 14.7441 33.929 25.0861 17.2338 26.596 30.3137 56.0344 83.5923 125.8477 66.4125 189.9353 71.557 88.7837 94.0842 88.419 70.4818 8.362 79.1677 74.1001 87.3475 100.5516 66.5871 12.8537 1334.451 834.3675 834.3675 749.1507 117.8249 294.7299 181.4203 208.2122 355.9968 1341.6941 326.6433 452.7048 269.3346 118.5601 376.3859 204.8445 273.2618 1355.6701;
	3.7878 51.1812 91.0774 110.4464 14.8495 32.4588 26.2651 17.0893 26.3493 29.7239 54.9442 81.966 123.3993 67.6238 193.5824 72.9311 90.4885 95.8908 89.5566 71.182 8.755 75.7372 71.4886 82.7851 99.2618 66.2746 12.8996 1312.029 818.1272 818.1272 756.7826 113.988 298.522 183.2225 212.0098 349.0676 1291.5058 338.8309 451.1471 265.8799 120.6406 360.0762 204.1391 266.36 1304.959;
	3.8625 52.1903 92.6141 115.8062 14.3046 33.4704 26.4541 17.4229 26.6913 28.9006 53.4224 79.6957 119.9814 65.6549 188.9167 71.1733 88.3076 93.5797 84.5493 71.9144 8.818 78.0977 71.6302 84.8416 99.3879 69.5172 13.2191 1314.7305 813.1028 813.1028 771.188 117.0558 281.8311 185.1078 205.8371 346.9239 1308.8268 341.9232 436.6596 266.2175 120.5893 371.2985 200.6898 264.3345 1322.4604;
	3.7342 50.4566 90.8819 112.2023 13.9389 32.3393 24.0489 17.5957 27.2203 28.5954 52.8582 78.854 118.7143 66.7331 189.1103 71.2462 88.3981 93.6756 84.1184 70.0114 8.0163 75.4584 72.9557 86.7885 99.7208 69.6751 13.1198 1298.6004 800.7019 800.7019 781.5657 115.7318 280.3947 180.2094 209.2173 341.6328 1289.6197 341.5112 435.6282 267.1093 120.876 358.751 198.9834 268.1649 1303.0532;
	3.5835 48.4208 88.0867 109.7634 14.3537 31.8233 25.6824 17.5098 27.9378 29.7128 54.9236 81.9352 123.353 67.0641 184.4322 69.4838 86.2113 91.3583 84.0337 69.9612 8.5608 74.2544 74.1485 86.0666 98.5615 69.1894 13.0639 1240.6282 771.9879 771.9879 740.2165 112.6164 280.1124 180.0804 210.255 329.3815 1196.5627 325.1241 442.9416 264.0039 121.1213 353.0266 184.9961 262.0567 1209.0269;
	3.6626 49.4892 91.475 109.1282 14.0486 30.3785 22.9539 17.1794 27.8522 28.5336 52.7439 78.6835 118.4576 68.6396 194.7079 73.3551 91.0146 96.4484 86.5045 72.0981 7.6513 70.8832 70.8726 83.4108 100.2208 55.9984 12.0883 1149.9632 745.2993 745.2993 667.7259 105.8965 288.3484 185.5808 215.1943 317.9944 1142.0099 323.5167 444.5065 268.4486 116.7374 336.9989 178.9425 244.1092 1153.9058;
	3.6522 49.3488 91.0897 107.6182 14.5606 28.9236 18.6553 13.2222 27.79 28.6982 53.0482 79.1375 119.1411 67.4177 190.9616 71.9437 89.2634 94.5926 86.5213 69.6747 6.2184 67.4884 73.6613 84.3118 101.5634 68.5505 9.9647 1164.9283 712.3453 712.3453 645.178 106.7979 288.4044 179.3428 211.3636 303.934 1189.8811 293.8209 443.4615 272.0449 115.4759 320.859 162.9782 234.7694 1202.2757;
