function windprofile = ex_wind_profilesh1
%EX_WIND_PROFILE_D  Example wind_load_nyiso profile data for deterministic unit commitment.
% 2022.03.12
% Andres F. Ramirez


%% define constants
[GEN_BUS, PG, QG, QMAX, QMIN, VG, MBASE, GEN_STATUS, PMAX, PMIN, ...
    MU_PMAX, MU_PMIN, MU_QMAX, MU_QMIN, PC1, PC2, QC1MIN, QC1MAX, ...
    QC2MIN, QC2MAX, RAMP_AGC, RAMP_10, RAMP_30, RAMP_Q, APF] = idx_gen;
[CT_LABEL, CT_PROB, CT_TABLE, CT_TBUS, CT_TGEN, CT_TBRCH, CT_TAREABUS, ...
    CT_TAREAGEN, CT_TAREABRCH, CT_ROW, CT_COL, CT_CHGTYPE, CT_REP, ...
    CT_REL, CT_ADD, CT_NEWVAL, CT_TLOAD, CT_TAREALOAD, CT_LOAD_ALL_PQ, ...
    CT_LOAD_FIX_PQ, CT_LOAD_DIS_PQ, CT_LOAD_ALL_P, CT_LOAD_FIX_P, ...
    CT_LOAD_DIS_P, CT_TGENCOST, CT_TAREAGENCOST, CT_MODCOST_F, ...
    CT_MODCOST_X] = idx_ct;

windprofile = struct( ...
    'type', 'mpcData', ...
    'table', CT_TGEN, ...
    'rows', [1:45], ...
    'col', PMAX, ...
    'chgtype', 1, ...
    'values', [] );
windprofile.values(:,1,:) = [
	3.7479 50.643 88.9582 114.4717 14.8293 33.6598 28.6609 17.9851 28.4102 30.1458 55.7241 83.1293 125.1507 69.7285 193.5678 72.9255 90.4817 95.8836 80.8546 73.4954 9.5536 78.5395 75.5096 84.1939 102.6325 72.8507 13.0174 1336.623 787.4449 787.4449 556.1456 115.9104 269.5153 189.1773 218.6083 335.9765 1258.2364 231.102 469.7781 274.9085 115.4556 373.3994 197.1322 271.9655 1271.343;
	3.7109 50.1419 88.9487 111.9301 14.3745 32.4893 25.5289 18.3714 27.7541 30.5301 56.4344 84.1891 126.7462 68.3429 187.1656 70.5136 87.489 92.7123 83.3067 73.7353 8.5096 75.8084 75.658 85.9552 102.9759 72.8442 13.2726 1295.9401 762.2313 762.2313 591.174 104.9614 277.6891 189.7949 214.2642 325.2187 1219.2531 218.7795 464.9374 275.8282 115.1405 360.4146 180.7927 265.8899 1231.9537;
	3.6462 49.2675 84.3945 93.3537 14.1262 32.1409 21.0455 17.6433 27.4279 30.7742 56.8856 84.8622 127.7596 66.7626 192.3171 72.4543 89.8971 95.264 81.4616 71.912 7.0152 74.9954 75.5322 84.73 97.6781 72.8249 13.0148 1264.8855 727.5648 727.5648 575.6175 98.4616 271.5386 185.1016 209.3098 310.4277 1207.7189 212.3719 433.3466 261.6378 112.7873 356.5497 181.5528 252.3449 1220.2994;
	3.6584 49.4327 86.2983 109.3998 14.4375 31.7365 22.7954 17.6455 27.4997 31.2464 57.7586 86.1644 129.7201 67.415 198.8236 74.9056 92.9385 98.487 85.5885 73.3646 7.5985 74.0519 75.4494 86.2759 98.9953 71.3623 12.842 1282.6929 765.6961 765.6961 567.376 103.4558 285.2951 188.8406 211.3551 326.697 1241.6135 230.1638 438.7767 265.1661 108.5477 352.0638 154.1436 262.9496 1254.547;
	3.7064 50.0816 87.138 109.8288 14.1902 32.2299 30.1107 17.8806 27.4224 31.3973 58.0374 86.5803 130.3462 68.3222 199.8253 75.283 93.4067 98.9832 86.2208 73.4733 10.0369 75.203 75.59 83.7922 101.6676 71.9526 13.039 1257.433 773.132 773.132 615.4303 107.5861 287.4028 189.1204 214.1995 329.8697 1215.6664 237.4061 467.532 272.324 98.2233 357.5367 185.6417 265.5461 1228.3296;
	3.7297 50.3964 86.8175 110.7967 14.2285 32.0219 29.1195 18.1392 27.4037 31.3667 57.9808 86.496 130.2192 65.3732 198.2067 74.6732 92.6501 98.1814 84.5628 72.5515 9.7065 74.7177 75.4737 85.9466 103.5318 71.6114 13.0607 1279.7438 741.5861 741.5861 595.7449 111.3627 281.876 186.7478 204.9537 316.4101 1127.8523 248.1819 445.3401 277.3172 111.1072 355.2293 175.466 271.7193 1139.6007;
	3.5789 48.3587 86.2621 110.1271 14.085 31.5139 30.5688 17.5113 27.0204 31.2915 57.8419 86.2887 129.9071 64.7373 192.5788 72.5529 90.0194 95.3937 83.4784 72.1446 10.1896 73.5323 75.4751 83.9613 99.2821 69.7866 12.8212 1249.4966 755.9574 755.9574 637.4282 105.4656 278.2612 185.7005 202.9601 322.5418 1168.6704 269.6502 450.6628 265.9341 110.7472 349.5937 153.0637 259.4465 1180.8441;
	3.6278 49.0201 87.1175 113.997 14.26 32.6133 30.2313 18.7303 26.5964 31.1921 57.6581 86.0146 129.4944 60.1995 196.5362 74.0439 91.8693 97.354 87.0231 70.8087 10.0771 76.0977 74.9334 87.0492 103.529 71.8257 13.1366 1294.8675 766.9303 766.9303 641.2403 111.0704 290.077 182.2619 188.7336 327.2236 1205.2752 278.2554 442.4608 277.3097 113.7464 361.79 159.5363 267.842 1217.8301;
	3.7861 51.1587 90.925 116.8634 14.9777 34.5721 31.7694 18.8367 27.6765 31.3584 57.9655 86.4732 130.1849 66.0042 196.1712 73.9064 91.6987 97.1732 87.8024 71.685 10.5898 80.6683 75.5946 86.8115 105.9537 74.1338 13.2128 1293.6011 750.2716 750.2716 649.1135 114.0409 292.6745 184.5174 206.9321 320.1159 1227.552 274.6999 454.1569 283.8045 117.9559 383.5203 206.133 276.1275 1240.339;
	3.7879 51.1831 90.7358 116.9953 15.1908 33.9348 26.2234 18.6924 26.9846 30.8792 57.0796 85.1516 128.1953 65.0611 194.6637 73.3384 90.994 96.4265 88.3616 71.2759 8.7411 79.1813 74.3106 88.6959 105.8749 71.2564 13.1646 1314.3716 792.5511 792.5511 703.2716 117.4233 294.5385 183.4643 203.9753 338.1551 1239.7737 299.4595 456.5196 283.5934 116.1181 376.4506 210.151 272.3002 1252.688;
	3.8282 51.7275 89.4163 118.2396 14.8271 33.7733 28.8522 18.1174 27.5767 31.2351 57.7376 86.1332 129.6731 65.8489 188.8458 71.1466 88.2744 93.5446 88.288 72.1261 9.6174 78.8043 74.9763 86.3933 104.342 70.114 13.1785 1321.178 826.3373 826.3373 759.7979 118.2712 294.2934 185.6527 206.4453 352.5706 1288.3201 322.6846 461.9751 279.4876 117.3707 374.6583 212.1647 265.3186 1301.7401;
	3.7178 50.235 91.0719 118.2833 15.002 33.9165 27.0576 17.494 26.5617 30.3909 56.1771 83.8051 126.1682 67.717 189.1391 71.257 88.4115 93.6898 83.8983 69.9607 9.0192 79.1386 74.854 87.0694 104.5452 68.4092 12.8491 1316.1909 814.8444 814.8444 778.5131 118.3764 279.6611 180.0791 212.302 347.6669 1311.8677 317.8797 459.5546 280.0318 119.9467 376.2473 209.1923 263.4638 1325.533;
	3.8188 51.6008 91.6412 115.7977 14.9869 33.7671 27.5696 17.7046 27.103 30.9002 57.1186 85.2097 128.2827 66.8677 193.6244 72.9468 90.5081 95.9116 88.8766 69.3076 9.1899 78.7898 75.333 83.6414 103.4986 70.8897 13.1827 1303.5906 835.7013 835.7013 769.2244 116.0091 296.2552 178.3979 209.6392 356.5659 1284.3943 314.387 457.7129 277.2285 118.8224 374.5893 215.561 267.4909 1297.7734;
	3.8983 52.6752 93.8853 119.0811 14.6643 34.3384 27.6101 18.0844 27.4744 30.263 55.9406 83.4524 125.6371 66.8763 188.8422 71.1452 88.2728 93.5428 89.3914 69.9575 9.2034 80.1229 73.9964 86.0394 103.7406 71.4505 13.4878 1313.4305 822.3718 822.3718 767.2578 118.6271 297.9712 180.0709 209.6662 350.8786 1285.774 314.4473 458.527 277.8765 114.3435 380.9271 211.3448 278.9085 1299.1675;
	3.8724 52.3251 93.7421 119.011 14.6881 34.7218 23.8661 17.8282 28.0778 29.9379 55.3398 82.5561 124.2878 66.9959 190.6516 71.8269 89.1185 94.439 90.1678 69.0195 7.9554 81.0176 74.9821 88.3278 103.4119 69.5002 13.3836 1292.1051 817.852 817.852 748.339 120.2477 300.5594 177.6563 210.0411 348.9502 1263.83 316.2106 466.5788 276.9961 114.8535 385.1807 213.9859 281.5956 1276.9949;
	3.8563 52.1077 92.924 119.7229 14.5829 33.4605 24.7958 17.7141 27.7352 30.673 56.6985 84.583 127.3393 67.4596 187.8498 70.7713 87.8089 93.0512 90.5455 70.471 8.2653 78.0744 74.804 86.6421 103.5693 66.7548 13.0111 1297.0196 824.6191 824.6191 732.4738 121.5759 301.8185 181.3926 211.495 351.8375 1245.5247 318.1911 464.1367 277.4179 114.1403 371.188 211.4668 279.9507 1258.4989;
	3.8514 52.0415 88.6551 110.1601 14.3474 30.1637 22.5207 16.0115 28.0344 29.846 55.1698 82.3025 123.906 65.2248 190.7978 71.882 89.1869 94.5115 85.2695 69.8947 7.5069 70.3819 73.8845 82.2056 101.3482 50.5477 11.3727 1306.5595 753.157 753.157 632.3528 115.8151 284.2317 179.9092 204.4885 321.347 1210.5146 317.6575 462.7765 271.4683 107.7887 334.6158 196.1565 260.6485 1223.1241;
	3.914 52.8869 92.4441 108.9286 14.3784 28.634 19.6051 11.3685 28.2023 28.9464 53.5069 79.8218 120.1712 64.2188 188.8107 71.1333 88.258 93.5272 80.2839 67.5689 6.535 66.8128 73.1566 82.1088 101.1044 68.5657 8.5167 1299.3099 719.5829 719.5829 629.292 111.9001 267.6129 173.9226 201.3346 307.022 1207.0313 301.424 457.8925 270.8152 112.5439 317.6469 184.578 254.2752 1219.6045;
