function solarprofile = ex_solar_profilesh1
%EX_WIND_PROFILE_D  Example wind_load_nyiso profile data for deterministic unit commitment.
% 2022.03.12
% Andres F. Ramirez


%% define constants
[GEN_BUS, PG, QG, QMAX, QMIN, VG, MBASE, GEN_STATUS, PMAX, PMIN, ...
    MU_PMAX, MU_PMIN, MU_QMAX, MU_QMIN, PC1, PC2, QC1MIN, QC1MAX, ...
    QC2MIN, QC2MAX, RAMP_AGC, RAMP_10, RAMP_30, RAMP_Q, APF] = idx_gen;
[CT_LABEL, CT_PROB, CT_TABLE, CT_TBUS, CT_TGEN, CT_TBRCH, CT_TAREABUS, ...
    CT_TAREAGEN, CT_TAREABRCH, CT_ROW, CT_COL, CT_CHGTYPE, CT_REP, ...
    CT_REL, CT_ADD, CT_NEWVAL, CT_TLOAD, CT_TAREALOAD, CT_LOAD_ALL_PQ, ...
    CT_LOAD_FIX_PQ, CT_LOAD_DIS_PQ, CT_LOAD_ALL_P, CT_LOAD_FIX_P, ...
    CT_LOAD_DIS_P, CT_TGENCOST, CT_TAREAGENCOST, CT_MODCOST_F, ...
    CT_MODCOST_X] = idx_ct;

solarprofile = struct( ...
    'type', 'mpcData', ...
    'table', CT_TGEN, ...
    'rows', [1:12], ...
    'col', PMAX, ...
    'chgtype', 1, ...
    'values', [] );
solarprofile.values(:,1,:) = [
	0.0 0.0 0.0 0.0 0.0 0.0 0.0 0.0 0.0 0.0 0.0 0.0;
	0.0 0.0 0.0 0.0 0.0 0.0 0.0 0.0 0.0 0.0 0.0 0.0;
	0.0 0.0 0.0 0.0 0.0 0.0 0.0 0.0 0.0 0.0 0.0 0.0;
	0.0 0.0 0.0 0.0 0.0 0.0 0.0 0.0 0.0 0.0 0.0 0.0;
	0.0 0.0 0.0 0.0 0.0 0.0 0.0 0.0 0.0 0.0 0.0 0.0;
	1.0283 0.8323 0.7166 0.0 0.0 13.6122 1.7015 4.4631 3.834 0.0 0.0 0.0;
	2.7811 3.6166 2.9162 1.8724 3.4581 130.9089 16.3636 19.5899 106.9725 6.5139 5.0758 11.7967;
	10.175 12.3051 8.6486 5.8394 4.6478 285.4144 35.6768 48.8018 151.714 7.7154 22.3827 13.9727;
	19.651 16.6083 13.8 7.8979 4.2157 320.986 40.1233 57.1061 168.7171 9.2273 49.8036 16.7108;
	25.1082 16.3661 13.8 3.3702 2.2402 135.7024 16.9628 60.3832 101.2922 24.9129 21.5902 45.1174;
	25.6144 16.6369 13.8 2.0975 3.5822 81.4845 10.1856 64.5007 71.3814 74.6442 27.1987 135.1811;
	25.6265 16.7915 13.8 2.4371 4.4307 89.0926 11.1366 69.3723 66.805 98.6868 33.1817 178.7224;
	24.5163 16.137 13.4455 4.8325 1.7393 316.414 39.5518 77.695 70.9275 43.288 37.0846 78.3948;
	21.7151 15.9552 12.2428 4.5897 1.5704 341.7656 42.7207 77.6245 70.171 32.1481 29.5118 58.2205;
	15.4558 12.1661 5.4733 3.621 1.2416 333.9797 41.7475 75.5972 61.1631 21.2128 20.0589 38.4166;
	4.1833 4.2885 0.7738 2.0695 2.4503 262.1988 32.7748 65.9759 74.6294 16.9023 11.0755 30.6102;
	1.346 1.1435 0.7698 0.8832 1.2421 90.5273 11.3159 18.238 42.6322 9.9464 5.0546 18.0129;
	0.0 0.0 0.0 0.0 0.0 0.0 0.0 0.0 0.0 0.0 0.0 0.0;
	0.0 0.0 0.0 0.0 0.0 0.0 0.0 0.0 0.0 0.0 0.0 0.0;
	0.0 0.0 0.0 0.0 0.0 0.0 0.0 0.0 0.0 0.0 0.0 0.0;
	0.0 0.0 0.0 0.0 0.0 0.0 0.0 0.0 0.0 0.0 0.0 0.0;
	0.0 0.0 0.0 0.0 0.0 0.0 0.0 0.0 0.0 0.0 0.0 0.0;
	0.0 0.0 0.0 0.0 0.0 0.0 0.0 0.0 0.0 0.0 0.0 0.0;
	0.0 0.0 0.0 0.0 0.0 0.0 0.0 0.0 0.0 0.0 0.0 0.0;
];
