function loadprofile = ex_load_profilesh1
%EX_LOAD_PROFILE  Example load profile data file for stochastic unit commitment.
% 2022.03.12
% Andres F. Ramirez

%% define constants
[CT_LABEL, CT_PROB, CT_TABLE, CT_TBUS, CT_TGEN, CT_TBRCH, CT_TAREABUS, ...
    CT_TAREAGEN, CT_TAREABRCH, CT_ROW, CT_COL, CT_CHGTYPE, CT_REP, ...
    CT_REL, CT_ADD, CT_NEWVAL, CT_TLOAD, CT_TAREALOAD, CT_LOAD_ALL_PQ, ...
    CT_LOAD_FIX_PQ, CT_LOAD_DIS_PQ, CT_LOAD_ALL_P, CT_LOAD_FIX_P, ...
    CT_LOAD_DIS_P, CT_TGENCOST, CT_TAREAGENCOST, CT_MODCOST_F, ...
    CT_MODCOST_X] = idx_ct;

loadprofile = struct( ...
    'type', 'mpcData', ...
    'table', CT_TAREALOAD, ...
    'rows', [1:11], ...
    'col', CT_LOAD_ALL_P, ...
    'chgtype', 1, ...
    'values', [] );
loadprofile.values(:,1,:) = [
	1520.9088 887.6208 1484.8054 517.8697 758.0558 1070.5456 857.4529 232.4282 495.9061 4381.9641 1698.6843;
	1479.6265 858.5827 1441.475 506.2317 705.3295 1067.9394 825.0127 231.2 492.3447 4268.6052 1664.82;
	1478.4258 879.4 1482.0929 516.6593 719.8713 1059.5207 838.2 236.2588 491.4226 4274.1304 1664.1725;
	1488.1843 887.994 1483.1786 532.5 731.9377 1091.344 855.7358 239.9 503.2031 4328.2175 1710.9978;
	1561.4377 944.0 1550.5613 552.7 802.2418 1134.8322 928.2684 273.0483 532.6 4564.542 1831.6692;
	1613.6293 1003.7389 1667.0427 566.0998 884.0289 1211.7583 975.4828 289.2033 567.0 4773.2341 1939.0781;
	1693.4 1048.8515 1724.2054 558.9482 896.2569 1269.2204 1022.7057 307.1794 599.4804 5084.9802 2086.0747;
	1788.9265 1080.1345 1820.2553 558.1677 961.1048 1315.8948 1070.8256 302.9709 626.9 5294.618 2161.1506;
	1807.0 1083.9305 1824.661 556.1 936.9877 1297.3687 1069.5516 297.9 613.2719 5433.4505 2129.0515;
	1816.0825 1081.4168 1848.6571 556.1096 924.7689 1298.5 1102.1876 313.1958 620.8818 5585.2391 2162.6003;
	1794.8 1055.2 1775.105 565.6 866.2627 1217.093 1061.7311 309.8258 617.6025 5531.5964 2081.9065;
	1812.0447 1065.8537 1756.4712 550.1 849.0893 1157.8295 1042.7604 302.8656 603.7919 5593.7689 2086.6907;
	1751.2928 1040.0 1711.522 543.8801 869.3 1181.0272 1028.9215 298.5043 589.1 5396.7581 2058.4879;
	1733.6726 1024.039 1682.1694 550.7618 874.8574 1182.3792 999.5791 288.4218 571.517 5239.2793 1922.4427;
	1709.1962 1039.0863 1643.8722 555.648 858.3004 1210.9383 999.8036 293.1421 573.6795 5239.949 1978.4419;
	1724.1293 1060.6059 1730.8822 572.7827 898.8767 1270.3461 1047.1253 275.0432 585.6705 5336.2087 2091.2813;
	1731.8148 1070.6669 1785.7094 574.1998 917.6714 1359.3105 1079.4803 263.8373 615.433 5359.987 2159.8974;
	1750.6529 1130.7649 1834.3242 595.8859 946.6704 1408.8788 1169.2061 314.4058 656.3046 5771.4151 2371.642;
	1787.7635 1125.3 1759.4612 590.3416 926.6149 1376.4 1105.4903 291.5043 643.4 5562.8972 2230.5084;
	1737.0759 1053.0664 1643.793 577.2469 886.6664 1340.078 1086.4871 305.8057 631.228 5460.7851 2155.5108;
	1664.012 1010.563 1643.7804 553.0944 857.7364 1304.4916 1050.3381 299.8885 613.9126 5319.9 2094.4411;
	1602.7633 963.2 1579.0831 548.2 806.5169 1216.4648 978.3183 281.1716 587.7 5114.3176 1951.5678;
	1507.5 941.1042 1605.5704 548.0032 815.7422 1182.5166 950.1636 261.0 552.7 5000.3054 1846.9616;
	1528.4381 938.1325 1618.8873 564.1005 810.1788 1168.8206 925.9204 257.5597 532.8 5038.3296 1762.1439;
];
