function windprofile = ex_wind_profilesh1
%EX_WIND_PROFILE_D  Example wind_load_nyiso profile data for deterministic unit commitment.
% 2022.03.12
% Andres F. Ramirez


%% define constants
[GEN_BUS, PG, QG, QMAX, QMIN, VG, MBASE, GEN_STATUS, PMAX, PMIN, ...
    MU_PMAX, MU_PMIN, MU_QMAX, MU_QMIN, PC1, PC2, QC1MIN, QC1MAX, ...
    QC2MIN, QC2MAX, RAMP_AGC, RAMP_10, RAMP_30, RAMP_Q, APF] = idx_gen;
[CT_LABEL, CT_PROB, CT_TABLE, CT_TBUS, CT_TGEN, CT_TBRCH, CT_TAREABUS, ...
    CT_TAREAGEN, CT_TAREABRCH, CT_ROW, CT_COL, CT_CHGTYPE, CT_REP, ...
    CT_REL, CT_ADD, CT_NEWVAL, CT_TLOAD, CT_TAREALOAD, CT_LOAD_ALL_PQ, ...
    CT_LOAD_FIX_PQ, CT_LOAD_DIS_PQ, CT_LOAD_ALL_P, CT_LOAD_FIX_P, ...
    CT_LOAD_DIS_P, CT_TGENCOST, CT_TAREAGENCOST, CT_MODCOST_F, ...
    CT_MODCOST_X] = idx_ct;

windprofile = struct( ...
    'type', 'mpcData', ...
    'table', CT_TGEN, ...
    'rows', [1:45], ...
    'col', PMAX, ...
    'chgtype', 1, ...
    'values', [] );
windprofile.values(:,1,:) = [
	3.6413 49.2022 88.2198 113.9754 14.2417 31.7165 27.718 18.0491 27.0754 29.8288 55.1381 82.2552 123.8348 69.5596 199.6868 75.2309 93.342 98.9146 87.0755 71.9941 9.2393 74.0051 75.8431 84.0177 102.5062 72.4944 13.1012 1294.9856 791.8683 791.8683 581.2008 114.4037 290.2517 185.3131 218.0787 337.8638 1267.1488 221.8075 455.577 274.5702 120.8359 351.8415 192.1486 277.4567 1280.3482;
	3.5854 48.4466 86.3584 109.9635 14.116 30.4438 23.5808 17.4673 26.6206 30.1402 55.7138 83.114 125.1276 68.674 188.4837 71.0101 88.1051 93.3652 84.9792 73.0162 7.8603 71.0355 75.6785 84.4841 98.1105 69.2964 12.7957 1247.0402 762.7485 762.7485 595.9944 108.7655 283.2639 187.9439 215.3024 325.4394 1187.7198 216.1278 439.875 262.7959 120.3507 337.7229 169.3425 262.4512 1200.0919;
	3.6141 48.835 87.5678 112.5584 14.0991 32.2458 21.0262 17.4891 27.3616 30.2377 55.894 83.3828 125.5324 69.6501 199.7399 75.2508 93.3668 98.9409 89.0511 73.2838 7.0087 75.2403 75.2855 86.1057 99.533 73.7562 13.0398 1249.2769 784.0413 784.0413 661.7076 104.4909 296.8372 188.6328 218.3625 334.5243 1252.7805 233.446 414.8029 266.6062 119.5632 357.7137 180.3798 267.3174 1265.8303;
	3.7394 50.5278 87.7585 111.7568 14.1643 32.5543 23.8025 17.3361 27.7567 31.1984 57.6697 86.0318 129.5205 69.4988 198.8621 74.9201 92.9565 98.5061 88.5684 72.8642 7.9342 75.96 75.754 86.126 98.3027 71.0442 12.8933 1276.9256 798.6132 798.6132 691.2628 107.2305 295.2281 187.5525 217.888 340.7416 1272.3201 255.0383 444.8632 263.3107 121.5573 361.1358 152.4483 276.6065 1285.5735;
	3.6999 49.9939 89.6323 111.4702 14.0546 32.5347 30.1453 17.3714 27.8439 31.3512 57.9522 86.4533 130.155 69.264 197.0559 74.2397 92.1122 97.6114 85.9065 72.9595 10.0484 75.9143 75.7945 84.3526 100.5495 72.6666 12.8094 1237.1023 799.0898 799.0898 722.2289 108.4748 286.355 187.798 217.152 340.945 1244.5826 242.6689 466.9879 269.3289 120.5774 360.9184 184.5674 267.4191 1257.547;
	3.8583 52.1337 91.9578 115.4837 14.2607 33.6746 29.3017 17.5796 28.3096 31.3461 57.9428 86.4392 130.1337 68.2246 196.1958 73.9156 91.7101 97.1854 85.8576 72.4918 9.7672 78.574 75.5954 86.8888 99.7704 71.1789 12.9633 1245.8732 786.4846 786.4846 710.8868 108.6129 286.1919 186.5941 213.8935 335.5668 1209.585 237.4475 469.8166 267.2423 119.91 373.563 177.6351 277.0897 1222.1848;
	3.8001 51.3471 92.3543 115.1179 14.5874 33.7942 30.7791 18.5244 28.3514 31.3487 57.9476 86.4465 130.1447 67.8676 194.847 73.4075 91.0797 96.5172 86.8888 73.0671 10.2597 78.8531 75.7015 88.3697 101.5896 72.5543 13.6728 1251.205 790.0339 790.0339 720.1431 110.7155 289.6292 188.0749 212.7741 337.0811 1233.8314 287.6494 473.3658 272.1149 121.9486 374.8902 161.3009 269.2766 1246.6838;
	3.8223 51.648 90.3107 115.9157 14.9815 33.9639 30.1568 18.4549 27.6595 31.2045 57.6811 86.0489 129.5461 69.483 200.2721 75.4513 93.6155 99.2045 89.4947 72.8831 10.0523 79.2492 74.5424 88.5865 100.74 74.2065 13.3724 1299.8104 808.6635 808.6635 725.337 116.4419 298.3158 187.6012 217.8385 345.0297 1294.7401 303.8175 468.8321 269.8394 121.4419 376.7732 180.3131 270.4731 1308.227;
	3.7835 51.123 92.0296 115.6502 14.984 33.3703 31.4968 18.489 27.433 31.1959 57.6651 86.025 129.5102 67.8689 196.9407 74.1963 92.0583 97.5544 91.5735 72.2602 10.4989 77.864 74.5143 88.343 101.8275 74.4315 13.1278 1311.8133 825.32 825.32 771.0271 119.3408 305.2448 185.998 212.7783 352.1365 1309.0097 312.7779 466.7357 272.7523 122.106 370.1878 203.0342 271.2265 1322.6453;
	3.6884 49.8387 93.5997 118.7366 15.0438 33.2682 24.588 18.7772 27.4772 30.7882 56.9115 84.9007 127.8176 67.6502 191.143 72.012 89.3482 94.6825 87.7576 70.6707 8.196 77.6259 75.0784 88.5247 104.3374 76.3331 13.3145 1264.451 825.9694 825.9694 748.6777 121.2442 292.5254 181.9065 212.0926 352.4136 1247.7881 317.0807 463.0472 279.4752 123.2053 369.0557 206.263 273.1327 1260.7859;
	3.7732 50.9842 91.4107 117.0172 14.5754 33.316 25.8084 18.332 26.8707 30.6892 56.7285 84.6277 127.4066 65.8081 192.7242 72.6077 90.0874 95.4657 92.2072 71.9673 8.6028 77.7374 74.3372 87.0758 103.3482 74.2008 13.2464 1278.6646 835.9291 835.9291 806.0112 117.1233 307.3572 185.2441 206.3173 356.6631 1268.1115 328.8282 445.5198 276.8256 121.4409 369.5858 203.3471 265.539 1281.321;
	3.7008 50.0062 92.379 119.9586 14.6567 33.1626 24.7472 18.6205 27.3953 28.9811 53.5711 79.9176 120.3155 66.4112 198.0821 74.6263 92.5919 98.1198 91.6493 70.0259 8.2491 77.3794 73.0768 88.5758 103.5864 70.5323 13.22 1303.7033 828.993 828.993 810.836 122.2488 305.4978 180.2469 208.2081 353.7037 1287.3112 344.2588 436.8313 277.4637 122.6485 367.8836 200.8138 264.3603 1300.7207;
	3.7777 51.0447 91.3295 115.881 15.0218 33.2612 26.855 18.4449 27.7564 29.6301 54.7707 81.7071 123.0096 68.4909 201.5754 75.9423 94.2248 99.8501 92.7292 70.3282 8.9517 77.6094 73.4892 88.1043 103.9335 72.154 13.2135 1265.5766 851.0444 851.0444 824.5789 122.6364 309.0975 181.0251 214.7281 363.1123 1280.6945 357.374 440.4745 278.3932 120.7774 368.9771 203.9325 274.2389 1294.0351;
	3.8449 51.9531 93.0957 119.1344 14.4323 33.3531 26.7448 18.2868 27.3875 28.6307 52.9235 78.9514 118.8609 67.146 198.3654 74.733 92.7243 98.2601 89.9031 72.8267 8.9149 77.8238 74.5082 89.3583 102.9016 71.5035 13.5164 1263.9192 830.3731 830.3731 806.5012 123.0333 299.6771 187.4561 210.5117 354.2925 1255.6776 342.7887 444.3488 275.6292 122.6548 369.9967 200.412 278.0017 1268.7575;
	3.9013 52.7157 94.2253 118.0703 14.6442 34.5116 24.348 18.7098 27.6821 29.1781 53.9352 80.4608 121.1332 68.487 203.2959 76.5906 95.029 100.7024 92.2622 73.259 8.116 80.527 75.7995 88.9485 103.5229 71.985 13.6281 1306.1697 839.4714 839.4714 812.8906 120.2953 307.5407 188.5689 214.7159 358.1745 1285.3321 340.7002 448.5065 277.2936 123.6694 382.8485 206.4726 276.8002 1298.721;
	3.9139 52.8852 95.2558 120.1989 15.2419 35.0599 26.579 19.1314 28.2984 29.5803 54.6787 81.5699 122.803 69.1045 191.697 72.2207 89.6072 94.9569 91.4759 71.867 8.8597 81.8064 74.7682 89.483 105.9449 72.5237 13.875 1301.0453 845.3577 845.3577 797.0345 119.1145 304.9198 184.9858 216.6518 360.6859 1263.8955 345.7372 466.2641 283.781 123.9547 388.9312 213.6472 281.2553 1277.0611;
	3.9018 52.7223 92.9689 113.3894 15.0069 33.7091 23.0966 18.5372 27.379 29.0229 53.6484 80.0329 120.4891 66.8521 195.8052 73.7685 91.5276 96.9919 86.0629 69.4329 7.6989 78.6546 75.0372 87.2891 102.6692 60.5593 13.3399 1260.3778 804.2985 804.2985 746.9131 116.3589 286.8763 178.7204 209.5905 343.1674 1219.8047 345.8989 460.6167 275.0069 120.181 373.9462 205.9996 255.7273 1232.511;
	3.6804 49.73 89.8338 103.0307 14.3641 30.3895 19.0384 12.0797 26.6732 29.0395 53.6791 80.0786 120.5579 65.5234 185.8822 70.03 86.8891 92.0765 72.2286 66.596 6.3461 70.9088 74.973 84.1907 98.2293 66.4105 9.1984 1192.5615 736.3081 736.3081 664.1574 114.5695 240.7621 171.4184 205.4246 314.1581 1204.7894 307.1898 444.8375 263.1143 115.0389 337.1207 180.9646 226.164 1217.3393;
