function windprofile = ex_wind_profilesh1
%EX_WIND_PROFILE_D  Example wind_load_nyiso profile data for deterministic unit commitment.
% 2022.03.12
% Andres F. Ramirez


%% define constants
[GEN_BUS, PG, QG, QMAX, QMIN, VG, MBASE, GEN_STATUS, PMAX, PMIN, ...
    MU_PMAX, MU_PMIN, MU_QMAX, MU_QMIN, PC1, PC2, QC1MIN, QC1MAX, ...
    QC2MIN, QC2MAX, RAMP_AGC, RAMP_10, RAMP_30, RAMP_Q, APF] = idx_gen;
[CT_LABEL, CT_PROB, CT_TABLE, CT_TBUS, CT_TGEN, CT_TBRCH, CT_TAREABUS, ...
    CT_TAREAGEN, CT_TAREABRCH, CT_ROW, CT_COL, CT_CHGTYPE, CT_REP, ...
    CT_REL, CT_ADD, CT_NEWVAL, CT_TLOAD, CT_TAREALOAD, CT_LOAD_ALL_PQ, ...
    CT_LOAD_FIX_PQ, CT_LOAD_DIS_PQ, CT_LOAD_ALL_P, CT_LOAD_FIX_P, ...
    CT_LOAD_DIS_P, CT_TGENCOST, CT_TAREAGENCOST, CT_MODCOST_F, ...
    CT_MODCOST_X] = idx_ct;

windprofile = struct( ...
    'type', 'mpcData', ...
    'table', CT_TGEN, ...
    'rows', [1:45], ...
    'col', PMAX, ...
    'chgtype', 1, ...
    'values', [] );
windprofile.values(:,1,:) = [
	3.709 50.1173 87.5149 110.5731 13.9811 31.8524 28.5118 17.9883 26.6385 28.3733 52.4476 78.2415 117.7921 67.0044 187.7841 70.7466 87.7782 93.0186 85.5386 69.0925 9.5039 74.3223 73.1124 83.901 100.805 71.4736 12.8341 1220.3343 755.0627 755.0627 585.5685 110.298 285.1286 177.8442 210.0677 322.1601 1170.0905 216.2383 451.5348 270.0134 113.5456 353.3494 189.0933 268.6905 1182.2789;
	3.7471 50.6309 89.3473 111.0396 14.3036 32.6818 23.9324 17.8421 26.1349 29.3258 54.2082 80.868 121.7463 64.9791 187.2098 70.5302 87.5097 92.7342 85.4356 69.4481 7.9775 76.2576 72.891 85.6141 98.7152 70.0084 12.8186 1250.485 757.3932 757.3932 640.226 108.3641 284.7855 178.7596 203.7184 323.1544 1202.8064 222.6869 436.3338 264.4156 114.7808 362.5502 186.1156 262.7773 1215.3356;
	3.8585 52.1368 89.1599 113.9263 14.6651 33.5674 21.5736 18.15 26.9469 30.245 55.9075 83.4029 125.5627 63.2785 191.9169 72.3036 89.71 95.0658 87.36 69.7073 7.1912 78.3238 73.0778 86.4456 99.8806 73.5876 13.3424 1243.5312 731.6817 731.6817 627.2344 101.1636 291.2 179.4267 198.3866 312.1842 1224.6041 222.1827 419.857 267.5374 120.4517 372.3738 191.7018 264.7371 1237.3604;
	3.8789 52.4121 89.1082 116.0943 14.9813 33.2051 23.2991 18.2252 27.7579 30.2763 55.9653 83.4891 125.6925 64.3055 197.9105 74.5616 92.5117 98.0348 87.934 69.255 7.7664 77.4786 72.2642 87.8134 102.3411 71.2299 13.7327 1287.3198 752.9751 752.9751 618.9984 102.5623 293.1133 178.2625 201.6063 321.2694 1271.9404 239.4994 442.6306 274.1281 121.3323 368.3554 159.6503 273.7875 1285.1897;
	3.9118 52.857 89.5183 116.4337 15.1825 33.1131 29.9163 18.2046 28.1329 30.4334 56.2557 83.9225 126.3448 64.4479 192.8999 72.6739 90.1695 95.5527 82.528 70.0675 9.9721 77.264 73.2975 85.8549 102.1098 72.0974 13.4784 1264.3335 770.0743 770.0743 636.4222 109.086 275.0935 180.3538 202.0528 328.565 1266.2125 232.1426 461.4822 273.5084 121.527 367.3352 194.9269 263.3893 1279.4023;
	3.8833 52.472 87.2666 114.5246 14.9384 32.8336 29.7049 17.7987 28.0338 30.5392 56.4513 84.2143 126.7841 64.378 197.0246 74.2279 92.0976 97.5959 83.5296 68.4266 9.9016 76.6118 71.7722 83.9841 100.155 70.2937 13.0953 1287.9294 786.2389 786.2389 717.5243 116.2861 278.4319 176.1303 201.8339 335.4619 1226.7047 248.1108 440.9065 268.2722 119.5631 364.2344 180.9523 260.3721 1239.4828;
	3.853 52.0625 87.1583 114.1676 15.0804 32.4855 29.9731 17.7388 28.0252 30.2905 55.9914 83.5282 125.7513 65.5263 192.4992 72.523 89.9822 95.3543 85.0257 69.6677 9.991 75.7995 72.5411 83.3245 98.6233 70.5286 13.1459 1239.8239 749.9795 749.9795 697.716 108.2322 283.419 179.3248 205.4339 319.9913 1207.5436 277.4801 452.3539 264.1695 118.5908 360.3725 163.2784 259.053 1220.1222;
	3.8871 52.5227 86.7877 116.757 14.8399 32.7713 29.8742 17.2748 27.2666 30.8333 56.995 85.0253 128.0051 66.86 191.0597 71.9806 89.3093 94.6412 83.2394 67.3857 9.9581 76.4664 73.4738 85.5289 97.835 68.6915 12.7445 1256.7721 757.8393 757.8393 715.312 112.3169 277.4646 173.4509 209.6152 323.3448 1222.0305 290.3994 448.8429 262.058 118.9626 363.5429 179.9244 267.4935 1234.76;
	3.7381 50.5101 86.4432 113.3972 14.8217 32.1397 31.7049 14.847 28.079 30.8219 56.9738 84.9937 127.9576 66.6391 193.9868 73.0834 90.6776 96.0911 89.0759 69.4728 10.5683 74.9926 72.7298 84.8546 96.9857 67.6979 10.8868 1277.8383 788.1271 788.1271 746.5414 116.5216 296.9196 178.8231 208.9227 336.2676 1258.3376 311.2596 470.9327 259.7831 115.3533 356.5364 203.1945 260.6601 1271.4452;
	3.6866 49.8143 79.0252 111.7976 14.8132 31.9216 26.6887 14.2737 27.7452 29.9532 55.368 82.5982 124.3511 66.2299 193.572 72.9271 90.4837 95.8857 86.3885 71.622 8.8962 74.4838 72.8703 85.2982 96.7581 65.1088 8.2383 1253.2121 812.8966 812.8966 716.8267 117.8882 287.9617 184.3552 207.6395 346.8359 1244.4224 312.9329 466.3285 259.1735 113.4406 354.1174 204.0075 261.8704 1257.3852;
	3.7274 50.3655 79.5466 110.1551 14.3311 31.3656 29.4938 15.2058 28.0897 30.5392 56.4512 84.2141 126.7838 66.4172 191.7532 72.2419 89.6335 94.9847 86.3033 72.5669 9.8313 73.1864 72.2638 83.4115 95.2751 60.2111 11.8554 1239.574 808.5781 808.5781 721.7611 118.6752 287.6778 186.7874 208.2268 344.9933 1239.3814 297.8083 476.3154 255.2011 114.6761 347.9488 203.4921 260.7356 1252.2916;
	3.6415 49.2052 84.5511 111.2434 14.6879 32.5588 26.9649 15.8178 27.9821 29.504 54.5377 81.3595 122.4863 66.4118 191.7904 72.2559 89.6508 95.0031 86.6394 70.8813 8.9883 75.9706 72.791 85.3867 97.4736 63.9159 12.2664 1242.0478 790.9472 790.9472 720.3854 115.3442 288.7981 182.4486 208.2099 337.4708 1225.9211 294.1597 462.6183 261.09 116.0375 361.1859 201.9283 265.4326 1238.6911;
	3.6431 49.2259 83.799 110.5438 14.7772 32.7873 26.7992 17.0368 27.3369 29.7568 55.005 82.0567 123.5359 65.2583 191.6998 72.2218 89.6085 94.9583 89.6505 71.742 8.9331 76.5038 72.5791 81.5597 97.2597 69.0517 12.9789 1255.8695 793.5853 793.5853 734.9691 114.8257 298.835 184.6641 204.5937 338.5964 1242.4921 315.928 444.3489 260.5171 115.1636 363.7209 202.0187 263.0213 1255.4348;
	3.5689 48.2236 80.8043 110.2436 14.3555 31.9179 25.4243 15.5382 27.2096 28.7037 53.0584 79.1527 119.164 64.7178 190.0277 71.5918 88.8269 94.13 87.3044 70.9987 8.4748 74.4752 72.5092 83.7078 94.0907 68.0375 12.7412 1238.8084 754.4352 754.4352 643.6414 110.0885 291.0147 182.7509 202.899 321.8923 1215.7038 291.6823 437.8555 252.0287 111.8589 354.0764 187.3439 260.7144 1228.3673;
	3.5558 48.0471 84.1474 110.236 14.255 31.8838 20.6998 16.3587 26.5082 28.3501 52.4047 78.1775 117.6958 65.7693 191.5225 72.155 89.5256 94.8704 86.7433 71.2227 6.8999 74.3956 72.6659 71.268 80.4653 66.2694 12.7635 1231.3362 768.434 768.434 668.4933 111.9885 289.1443 183.3274 206.1956 327.8652 1212.8703 273.0117 439.0153 215.5322 104.1149 353.6981 186.5002 237.0205 1225.5044;
	3.3284 44.9735 82.8453 109.086 14.3353 30.5032 22.2933 14.4796 26.2311 28.3546 52.413 78.1898 117.7144 65.2771 194.1679 73.1516 90.7622 96.1809 88.5206 69.8766 7.4311 71.174 70.3141 84.7009 95.8304 59.8282 9.6347 1224.3106 767.3848 767.3848 726.4284 110.2123 295.0686 179.8626 204.6525 327.4175 1174.8439 282.5896 440.2093 256.6885 100.3453 338.3817 183.633 257.4769 1187.0819;
	3.3762 45.6202 85.5948 101.2953 14.198 24.9983 19.7923 16.2489 26.2131 28.5542 52.7821 78.7405 118.5434 65.2253 193.9248 73.06 90.6486 96.0604 86.8935 68.1823 6.5974 58.3294 68.8101 82.9099 96.2208 54.2023 11.4317 1140.7969 719.1545 719.1545 624.7729 106.8039 289.6451 175.5013 204.4902 306.8392 1122.4505 249.5911 435.5629 257.7342 108.9635 277.3145 149.5367 254.2366 1134.1427;
	3.5209 47.5744 86.9387 100.7965 14.0131 24.497 18.5587 11.1696 26.217 28.8485 53.3259 79.5518 119.7648 66.2654 198.8007 74.897 92.9278 98.4757 89.0139 68.4018 6.1862 57.1596 70.9493 84.5348 96.5558 67.6828 9.7167 1096.3393 660.059 660.059 603.5842 101.4898 296.713 176.0664 207.7509 281.6252 1093.4282 241.5579 446.8557 258.6315 113.2272 271.753 149.7758 234.6884 1104.8181;
