function windprofile = ex_wind_profilesh1
%EX_WIND_PROFILE_D  Example wind_load_nyiso profile data for deterministic unit commitment.
% 2022.03.12
% Andres F. Ramirez


%% define constants
[GEN_BUS, PG, QG, QMAX, QMIN, VG, MBASE, GEN_STATUS, PMAX, PMIN, ...
    MU_PMAX, MU_PMIN, MU_QMAX, MU_QMIN, PC1, PC2, QC1MIN, QC1MAX, ...
    QC2MIN, QC2MAX, RAMP_AGC, RAMP_10, RAMP_30, RAMP_Q, APF] = idx_gen;
[CT_LABEL, CT_PROB, CT_TABLE, CT_TBUS, CT_TGEN, CT_TBRCH, CT_TAREABUS, ...
    CT_TAREAGEN, CT_TAREABRCH, CT_ROW, CT_COL, CT_CHGTYPE, CT_REP, ...
    CT_REL, CT_ADD, CT_NEWVAL, CT_TLOAD, CT_TAREALOAD, CT_LOAD_ALL_PQ, ...
    CT_LOAD_FIX_PQ, CT_LOAD_DIS_PQ, CT_LOAD_ALL_P, CT_LOAD_FIX_P, ...
    CT_LOAD_DIS_P, CT_TGENCOST, CT_TAREAGENCOST, CT_MODCOST_F, ...
    CT_MODCOST_X] = idx_ct;

windprofile = struct( ...
    'type', 'mpcData', ...
    'table', CT_TGEN, ...
    'rows', [1:45], ...
    'col', PMAX, ...
    'chgtype', 1, ...
    'values', [] );
windprofile.values(:,1,:) = [
	3.8094 51.4729 93.8954 117.2082 15.2749 33.2641 29.7043 18.3743 27.1305 30.0835 55.6089 82.9575 124.892 68.0626 193.2469 72.8047 90.3317 95.7246 86.1281 70.0321 9.9014 77.6162 75.7281 87.5989 104.1503 71.4598 13.3498 1234.3164 777.5421 777.5421 573.491 108.1045 287.0937 180.2628 213.3855 331.7513 1217.4841 212.0933 464.027 278.974 119.2062 369.0097 202.7993 283.7115 1230.1662;
	3.8769 52.386 95.2029 119.0724 15.3101 33.7485 27.4527 18.9535 27.6068 30.8074 56.9469 84.9536 127.8972 69.5393 178.0791 67.0903 83.2416 88.2113 85.5137 69.3342 9.1509 78.7465 75.4649 89.8877 105.3164 73.5118 13.6157 1241.3818 767.5058 767.5058 601.6094 93.9172 285.0455 178.4663 218.0151 327.4692 1184.6829 204.6127 467.789 282.0974 120.7752 374.3831 195.9387 284.0179 1197.0234;
	3.8239 51.6696 93.6661 114.3721 15.1041 33.5186 22.4534 17.8818 26.8304 30.6796 56.7108 84.6013 127.3668 67.2003 189.9519 71.5633 88.7915 94.0924 88.601 69.106 7.4845 78.21 74.0067 88.2941 101.0435 74.3044 13.0531 1248.2413 760.4431 760.4431 606.6188 97.2603 295.3367 177.879 210.6819 324.4557 1204.7118 225.4667 427.5008 270.6522 117.9405 371.8327 200.5515 276.6601 1217.2608;
	3.6913 49.8777 91.7342 111.1233 15.0475 32.2939 23.2411 17.3834 26.6361 30.9091 57.135 85.2342 128.3196 65.475 200.6861 75.6073 93.8091 99.4096 90.2642 70.7428 7.747 75.3524 72.4039 89.1883 101.3298 71.0136 12.935 1251.373 748.2594 748.2594 624.36 102.1205 300.8807 182.0921 205.2728 319.2573 1202.0469 238.5404 437.7251 271.4192 115.9746 358.247 159.499 279.3648 1214.5682;
	3.7556 50.747 92.6004 111.6697 14.8603 32.0065 30.3796 17.0541 27.5268 30.9705 57.2486 85.4036 128.5746 65.1734 204.0328 76.8682 95.3735 101.0674 92.2095 72.8945 10.1265 74.6818 74.8667 86.8127 101.7349 70.9611 12.674 1232.5986 759.4702 759.4702 679.4123 101.8943 307.365 187.6307 204.3273 324.0406 1173.1539 228.7569 463.1124 272.5042 114.4075 355.0584 188.3787 265.7096 1185.3742;
	3.5867 48.4639 93.3179 114.7385 14.8122 32.1413 29.1197 17.2739 26.8972 30.3199 56.0459 83.6094 125.8735 67.0174 203.262 76.5778 95.0132 100.6856 92.1868 72.2625 9.7066 74.9965 73.397 86.9057 99.9601 69.6575 12.8651 1235.4866 743.4741 743.4741 747.281 109.3648 307.2894 186.004 210.1087 317.2156 1110.5546 245.7033 457.4409 267.7504 112.6405 356.5547 171.7404 274.6456 1122.1228;
	3.6223 48.9453 94.168 114.6808 14.7103 31.9563 30.5005 17.358 26.0077 30.1738 55.7758 83.2065 125.2669 66.953 202.9539 76.4617 94.8691 100.533 90.2621 72.9677 10.1668 74.5646 72.8436 86.8428 99.7777 69.9696 12.9695 1248.713 733.7619 733.7619 726.812 108.5791 300.8737 187.8189 209.9068 313.0717 1176.29 283.5751 452.0937 267.2616 116.2842 354.5016 161.0197 271.0478 1188.543;
	3.7117 50.1531 92.9235 116.1308 14.6388 32.3936 30.4639 17.4822 26.4512 30.4529 56.2917 83.9762 126.4257 68.1711 203.8493 76.799 95.2877 100.9765 90.3627 71.9463 10.1546 75.5851 73.1382 87.6711 99.2178 71.4372 12.7802 1281.583 787.3162 787.3162 732.9551 112.004 301.2091 185.1901 213.7255 335.9216 1239.7799 290.4683 471.7988 265.7619 117.2614 359.3531 178.31 269.084 1252.6942;
	3.7847 51.1393 92.921 113.6941 14.8909 33.4945 31.8962 17.705 26.8394 30.5529 56.4767 84.2521 126.841 67.3768 200.5919 75.5718 93.7651 99.363 91.1393 72.7311 10.6321 78.1538 73.329 84.7677 98.6391 70.6598 12.8588 1320.3551 809.928 809.928 775.7702 118.4301 303.7975 187.21 211.2353 345.5693 1303.7171 323.0295 467.6125 264.212 118.0692 371.5657 203.1552 268.4833 1317.2975;
	3.848 51.9955 95.2893 120.3035 15.2316 34.3579 26.2552 18.2603 27.2514 30.1868 55.7999 83.2424 125.321 67.9154 199.9833 75.3426 93.4806 99.0615 92.1489 69.991 8.7517 80.1684 72.112 87.7129 103.4583 72.9407 13.192 1327.6556 836.8749 836.8749 785.7366 121.7428 307.1629 180.1571 212.9241 357.0666 1302.1429 341.5673 464.8061 277.1206 120.2305 381.1434 211.8513 274.473 1315.7069;
	3.8654 52.2297 95.3878 120.6987 15.0215 34.4537 27.4259 18.7159 27.4071 30.6918 56.7332 84.6348 127.4173 66.5202 194.7366 73.3659 91.028 96.4625 89.7838 71.1631 9.142 80.392 72.6083 87.7609 103.4531 73.5372 13.9661 1346.9687 838.9484 838.9484 816.4376 120.2752 299.2793 183.174 208.5497 357.9513 1346.388 342.1004 463.9988 277.1066 122.7312 382.2068 209.9357 280.2431 1360.4129;
	3.7334 50.4459 94.7472 120.5271 14.9545 33.4591 26.1385 18.4411 27.1839 29.5659 54.652 81.5301 122.7431 66.6098 200.4393 75.5143 93.6937 99.2874 91.1809 69.332 8.7128 78.0712 71.4161 87.7398 102.6543 67.4493 13.7823 1317.6786 808.0536 808.0536 800.3519 120.79 303.9364 178.4606 208.8307 344.7695 1295.4362 332.9017 470.489 274.967 123.9773 371.173 200.666 272.2872 1308.9303;
	3.6427 49.2215 93.5774 119.1599 14.7148 33.217 24.7139 17.5886 25.9423 30.7988 56.9311 84.93 127.8616 65.8203 203.4611 76.6528 95.1062 100.7842 90.7186 68.8132 8.238 77.5063 72.366 83.2347 99.97 69.8458 13.3321 1316.7832 801.6884 801.6884 754.8392 121.8744 302.3953 177.1252 206.3556 342.0537 1276.7149 329.7297 455.3977 267.7769 121.902 368.4869 193.0427 269.5876 1290.014;
	3.672 49.617 91.1191 118.7299 14.3043 32.5032 24.2904 17.6385 26.2936 29.6193 54.7509 81.6775 122.9651 68.3452 202.3755 76.2438 94.5988 100.2465 87.5001 70.524 8.0968 75.8407 73.384 85.7623 98.572 71.1089 13.6521 1282.8123 792.2793 792.2793 753.6823 121.0839 291.667 181.5288 214.2713 338.0392 1250.9859 338.4461 461.5384 264.0321 120.2564 360.5684 196.0944 273.7292 1264.017;
	3.8029 51.386 93.9074 120.3401 14.4706 33.042 21.8061 17.9501 27.0373 30.6679 56.6892 84.5691 127.3183 68.988 205.5143 77.4263 96.066 101.8013 89.4082 70.7615 7.2687 77.0979 75.2904 88.6755 99.3433 72.3593 13.8419 1260.8035 781.6011 781.6011 756.8734 122.51 298.0274 182.1403 216.2868 333.4831 1204.6545 334.8634 477.0487 266.0983 120.4843 366.5454 202.3511 276.617 1217.203;
	3.8985 52.6768 94.037 118.8032 15.2097 33.2198 24.535 17.7915 28.3498 30.6489 56.654 84.5166 127.2392 68.7823 203.1544 76.5372 94.9629 100.6323 91.6231 71.7968 8.1783 77.5128 73.9239 88.5154 99.5698 70.318 13.695 1237.5128 781.1785 781.1785 743.8235 122.1735 305.4104 184.8052 215.6417 333.3028 1144.956 319.3319 478.0261 266.7049 117.3742 368.5182 198.7494 278.3759 1156.8826;
	3.8796 52.4219 93.4818 116.9033 15.3537 32.7634 23.0792 17.7145 28.4025 31.0638 57.4209 85.6607 128.9618 68.833 202.0583 76.1243 94.4505 100.0893 90.4121 71.4363 7.6931 76.4479 74.4813 83.9938 100.4473 56.1814 12.8266 1242.6291 785.6635 785.6635 675.7158 114.1019 301.3737 183.8772 215.8007 335.2164 1194.1893 320.4036 478.8392 269.0552 116.9564 363.4554 189.7397 259.5135 1206.6288;
	3.7531 50.713 94.0311 114.4583 15.2693 31.8007 19.4368 12.9979 28.4153 30.5233 56.4219 84.1703 126.718 67.1232 199.9175 75.3177 93.4498 99.0289 87.8167 71.3127 6.4789 74.2017 75.2375 82.6502 98.0749 69.6665 9.9832 1168.8834 741.8424 741.8424 633.1647 110.2155 292.7222 183.559 210.4403 316.5194 1171.143 292.4005 469.6404 262.7008 116.5364 352.7759 178.8942 233.6967 1183.3424;
