function loadprofile = ex_load_profilesh1
%EX_LOAD_PROFILE  Example load profile data file for stochastic unit commitment.
% 2022.03.12
% Andres F. Ramirez

%% define constants
[CT_LABEL, CT_PROB, CT_TABLE, CT_TBUS, CT_TGEN, CT_TBRCH, CT_TAREABUS, ...
    CT_TAREAGEN, CT_TAREABRCH, CT_ROW, CT_COL, CT_CHGTYPE, CT_REP, ...
    CT_REL, CT_ADD, CT_NEWVAL, CT_TLOAD, CT_TAREALOAD, CT_LOAD_ALL_PQ, ...
    CT_LOAD_FIX_PQ, CT_LOAD_DIS_PQ, CT_LOAD_ALL_P, CT_LOAD_FIX_P, ...
    CT_LOAD_DIS_P, CT_TGENCOST, CT_TAREAGENCOST, CT_MODCOST_F, ...
    CT_MODCOST_X] = idx_ct;

loadprofile = struct( ...
    'type', 'mpcData', ...
    'table', CT_TAREALOAD, ...
    'rows', [1:11], ...
    'col', CT_LOAD_ALL_P, ...
    'chgtype', 1, ...
    'values', [] );
loadprofile.values(:,1,:) = [
	1536.2176 891.97 1518.9381 574.0914 701.4993 1014.4553 746.3179 187.0898 382.0188 3922.8464 1575.0983;
	1516.5473 882.338 1484.5599 580.1606 664.3254 1002.1747 756.541 188.3662 372.4685 3999.9258 1609.3327;
	1495.2225 893.4 1514.9329 570.8923 663.707 1012.5437 768.2155 196.0525 386.8249 3942.2567 1612.8;
	1539.8478 925.3057 1590.8173 582.688 727.2344 1075.6393 791.2729 213.2234 430.3864 4113.8921 1673.2242;
	1650.5279 997.8475 1692.3039 592.1 821.1085 1155.4676 870.4117 237.9161 489.9303 4426.6507 1834.5809;
	1758.0369 1062.0701 1802.9594 602.5748 872.2074 1231.6953 922.9614 246.2924 534.7452 4714.5612 1963.9746;
	1811.1186 1085.1075 1856.7349 610.1549 928.0966 1302.6029 968.5 254.0 555.0408 4824.8886 2055.8;
	1842.5553 1090.2285 1883.6511 607.3699 942.6652 1331.7555 991.717 231.7343 573.4302 4923.9 2099.1994;
	1864.7 1109.6071 1899.242 602.6382 945.9057 1343.7864 994.8104 243.7112 584.6399 5185.6127 2176.8;
	1803.5503 1085.3 1841.8162 600.4111 948.6313 1314.4251 953.4674 249.944 585.7659 5197.9062 2142.7713;
	1820.0733 1098.8784 1884.7887 591.4458 962.0796 1342.3721 997.3795 229.5735 603.2 5193.6343 2114.2494;
	1813.7614 1090.9123 1885.5513 588.2307 945.8086 1309.9294 1017.3178 239.3726 600.3253 5224.7274 2108.8624;
	1766.258 1054.6479 1843.9835 605.9531 924.345 1272.6 991.7764 220.4465 590.9437 5174.2682 2089.7508;
	1742.1828 1018.7042 1822.3616 580.8706 913.7536 1275.0277 988.2472 209.4365 580.9684 5243.9111 2111.4798;
	1734.2 1020.4008 1868.9055 586.8 921.873 1310.1527 977.8283 239.2548 568.1636 5181.8073 2057.4344;
	1774.807 1060.1714 1870.5368 602.0176 907.5976 1333.3422 995.9972 212.2034 570.5997 5278.1138 2125.9357;
	1705.3183 1056.4 1880.4241 612.2239 934.6341 1355.9324 1048.7989 245.1717 573.7475 5311.1402 2122.1532;
	1767.5 1087.8 1940.4616 623.3117 982.9434 1415.322 1105.1635 262.4724 588.4192 5302.9762 2236.4192;
	1790.61 1081.8938 1887.7567 609.9 955.9408 1367.3282 1053.2021 210.2706 525.9373 4878.2158 2028.2401;
	1755.7 1042.4983 1831.9139 597.609 901.9499 1264.3226 1028.9457 207.0112 531.2382 4862.3815 1942.8441;
	1724.1283 1010.5286 1751.0854 582.3604 830.5108 1206.7019 987.84 235.2651 556.8506 4964.8528 1906.5153;
	1639.7493 946.544 1641.8244 558.2194 753.4441 1145.9287 904.2678 178.7016 530.1091 4650.0224 1768.9174;
	1550.0 919.5609 1643.7645 577.6 762.3523 1035.2816 853.6675 170.3555 461.6124 4516.9528 1680.4796;
	1570.8857 918.9458 1648.8602 586.9043 779.7875 1061.7507 858.1098 179.6428 463.7604 4436.1054 1699.4712;
];
