function solarprofile = ex_solar_profilesh1
%EX_WIND_PROFILE_D  Example wind_load_nyiso profile data for deterministic unit commitment.
% 2022.03.12
% Andres F. Ramirez


%% define constants
[GEN_BUS, PG, QG, QMAX, QMIN, VG, MBASE, GEN_STATUS, PMAX, PMIN, ...
    MU_PMAX, MU_PMIN, MU_QMAX, MU_QMIN, PC1, PC2, QC1MIN, QC1MAX, ...
    QC2MIN, QC2MAX, RAMP_AGC, RAMP_10, RAMP_30, RAMP_Q, APF] = idx_gen;
[CT_LABEL, CT_PROB, CT_TABLE, CT_TBUS, CT_TGEN, CT_TBRCH, CT_TAREABUS, ...
    CT_TAREAGEN, CT_TAREABRCH, CT_ROW, CT_COL, CT_CHGTYPE, CT_REP, ...
    CT_REL, CT_ADD, CT_NEWVAL, CT_TLOAD, CT_TAREALOAD, CT_LOAD_ALL_PQ, ...
    CT_LOAD_FIX_PQ, CT_LOAD_DIS_PQ, CT_LOAD_ALL_P, CT_LOAD_FIX_P, ...
    CT_LOAD_DIS_P, CT_TGENCOST, CT_TAREAGENCOST, CT_MODCOST_F, ...
    CT_MODCOST_X] = idx_ct;

solarprofile = struct( ...
    'type', 'mpcData', ...
    'table', CT_TGEN, ...
    'rows', [1:12], ...
    'col', PMAX, ...
    'chgtype', 1, ...
    'values', [] );
solarprofile.values(:,1,:) = [
	0.0 0.0 0.0 0.0 0.0 0.0 0.0 0.0 0.0 0.0 0.0 0.0;
	0.0 0.0 0.0 0.0 0.0 0.0 0.0 0.0 0.0 0.0 0.0 0.0;
	0.0 0.0 0.0 0.0 0.0 0.0 0.0 0.0 0.0 0.0 0.0 0.0;
	0.0 0.0 0.0 0.0 0.0 0.0 0.0 0.0 0.0 0.0 0.0 0.0;
	0.0 0.0 0.0 0.0 0.0 0.0 0.0 0.0 0.0 0.0 0.0 0.0;
	1.0111 0.8269 0.6949 0.0 0.0 9.4835 1.1854 4.1882 0.4191 0.0 0.0 0.0;
	9.5322 7.4657 5.7913 2.0105 0.344 235.5272 29.4409 13.8903 106.6597 64.1997 14.3204 116.266;
	18.0535 14.5164 11.4981 3.352 1.4312 289.874 36.2342 13.2898 159.2528 178.7013 39.0476 323.6291;
	23.1754 16.6083 13.8 5.1464 2.521 297.7818 37.2227 15.3478 155.7049 269.6554 105.419 488.3475;
	25.2049 16.3972 13.8 2.4044 0.4702 253.7464 31.7183 54.5153 66.8424 194.5279 129.4374 352.2911;
	25.755 16.6509 13.8064 2.4365 0.6064 190.9197 23.865 60.0407 67.8515 190.91 156.3702 345.7392;
	25.6927 16.5832 13.8 2.5009 0.5704 217.5516 27.1939 63.9582 106.6373 187.7164 172.6162 339.9555;
	22.6947 15.9262 13.4455 2.6535 0.1841 338.3654 42.2957 67.661 147.5819 153.4468 121.0879 277.8931;
	17.0553 14.2031 13.1447 3.0342 0.8615 358.6932 44.8367 68.8909 156.8037 151.0119 92.6791 273.4834;
	10.9889 10.676 10.4099 3.4614 1.2266 361.1146 45.1393 70.0549 148.9302 120.4374 61.294 218.1129;
	4.7055 6.3348 5.6266 7.7266 4.0559 252.2235 31.5279 64.3518 169.39 74.0398 36.9947 134.0866;
	1.1867 1.0406 0.8163 1.8205 2.2132 64.702 8.0877 14.0718 41.6847 16.1038 13.1751 29.1641;
	0.0 0.0 0.0 0.0 0.0 0.0 0.0 0.0 0.0 0.0 0.0 0.0;
	0.0 0.0 0.0 0.0 0.0 0.0 0.0 0.0 0.0 0.0 0.0 0.0;
	0.0 0.0 0.0 0.0 0.0 0.0 0.0 0.0 0.0 0.0 0.0 0.0;
	0.0 0.0 0.0 0.0 0.0 0.0 0.0 0.0 0.0 0.0 0.0 0.0;
	0.0 0.0 0.0 0.0 0.0 0.0 0.0 0.0 0.0 0.0 0.0 0.0;
	0.0 0.0 0.0 0.0 0.0 0.0 0.0 0.0 0.0 0.0 0.0 0.0;
	0.0 0.0 0.0 0.0 0.0 0.0 0.0 0.0 0.0 0.0 0.0 0.0;
];
