function windprofile = ex_wind_profilesh1
%EX_WIND_PROFILE_D  Example wind_load_nyiso profile data for deterministic unit commitment.
% 2022.03.12
% Andres F. Ramirez


%% define constants
[GEN_BUS, PG, QG, QMAX, QMIN, VG, MBASE, GEN_STATUS, PMAX, PMIN, ...
    MU_PMAX, MU_PMIN, MU_QMAX, MU_QMIN, PC1, PC2, QC1MIN, QC1MAX, ...
    QC2MIN, QC2MAX, RAMP_AGC, RAMP_10, RAMP_30, RAMP_Q, APF] = idx_gen;
[CT_LABEL, CT_PROB, CT_TABLE, CT_TBUS, CT_TGEN, CT_TBRCH, CT_TAREABUS, ...
    CT_TAREAGEN, CT_TAREABRCH, CT_ROW, CT_COL, CT_CHGTYPE, CT_REP, ...
    CT_REL, CT_ADD, CT_NEWVAL, CT_TLOAD, CT_TAREALOAD, CT_LOAD_ALL_PQ, ...
    CT_LOAD_FIX_PQ, CT_LOAD_DIS_PQ, CT_LOAD_ALL_P, CT_LOAD_FIX_P, ...
    CT_LOAD_DIS_P, CT_TGENCOST, CT_TAREAGENCOST, CT_MODCOST_F, ...
    CT_MODCOST_X] = idx_ct;

windprofile = struct( ...
    'type', 'mpcData', ...
    'table', CT_TGEN, ...
    'rows', [1:45], ...
    'col', PMAX, ...
    'chgtype', 1, ...
    'values', [] );
windprofile.values(:,1,:) = [
	3.5879 48.4803 90.7372 113.1232 14.6791 31.5854 28.2513 18.1481 26.0275 27.584 50.9887 76.0651 114.5156 67.9671 187.7674 70.7403 87.7703 93.0103 87.2825 69.9079 9.4171 73.6992 72.6494 84.8458 102.8951 73.7628 13.028 1328.8631 772.7698 772.7698 601.0717 115.4703 290.9417 179.9432 213.086 329.7151 1276.0861 221.5499 436.6254 275.6118 117.0346 350.387 197.432 275.3856 1289.3787;
	3.6507 49.3293 90.7014 111.2918 14.4788 30.3422 24.8325 18.2174 26.1927 28.5529 52.7795 78.7367 118.5376 68.8338 176.5454 66.5124 82.5247 87.4515 85.3241 69.0572 8.2775 70.7984 72.5532 86.9748 101.9775 73.8251 12.827 1314.5735 771.5698 771.5698 625.9519 107.946 284.4138 177.7535 215.8033 329.2031 1253.6233 220.3818 437.6907 273.1539 116.5679 336.5956 176.5098 271.8158 1266.6819;
	3.6056 48.7193 88.7899 110.7103 14.64 31.8136 21.5194 17.6657 27.2814 29.3973 54.3405 81.0653 122.0434 67.5035 184.9619 69.6833 86.4589 91.6207 82.4126 68.2555 7.1731 74.2317 73.1173 85.9028 97.6481 75.3745 12.3541 1263.548 747.6832 747.6832 625.6163 97.6967 274.7088 175.69 211.6326 319.0115 1265.1576 222.2191 382.582 261.5575 114.0008 352.9189 181.3548 261.3973 1278.3363;
	3.5951 48.5776 91.4589 112.2724 14.6447 31.4664 22.9351 17.7484 27.7586 29.7825 55.0525 82.1275 123.6425 68.411 190.2044 71.6584 88.9095 94.2175 87.9391 68.8997 7.645 73.4217 73.0054 86.6401 98.5961 71.8145 12.7927 1303.7559 781.6105 781.6105 667.3339 103.4247 293.1304 177.348 214.4778 333.4872 1289.2382 253.338 429.1376 264.0966 115.48 349.0677 152.4524 262.5293 1302.6678;
	3.7489 50.6554 93.8826 114.6469 15.1136 32.8519 29.9046 18.4856 27.844 30.3742 56.1462 83.7592 126.0989 66.0835 191.9139 72.3024 89.7086 95.0643 84.9092 71.7193 9.9682 76.6545 74.8979 85.899 101.1451 74.4155 13.1852 1295.1817 767.5157 767.5157 687.6055 103.964 283.0306 184.6056 207.1808 327.4734 1284.254 246.8937 446.0441 270.9244 117.0244 364.4373 186.9765 270.1326 1297.6316;
	3.6406 49.1923 91.0784 111.6449 14.9775 32.325 29.2407 17.4929 27.3766 29.7406 54.975 82.0118 123.4684 65.689 198.081 74.6259 92.5914 98.1192 86.4019 69.9138 9.7469 75.425 73.5332 84.4955 96.7531 70.9991 12.8059 1308.7537 765.0625 765.0625 717.4165 107.7238 288.0064 179.9583 205.9439 326.4267 1259.5597 252.2743 445.1931 259.1601 116.1992 358.5921 179.5719 268.3015 1272.6801;
	3.5908 48.5199 91.4519 110.3561 14.7766 32.1944 31.117 17.6759 27.0273 30.5742 56.516 84.3108 126.9294 64.924 195.533 73.6659 91.4003 96.8571 89.9413 70.9834 10.3723 75.1202 74.5704 84.8039 98.3017 71.9246 12.9531 1289.4493 747.1947 747.1947 707.5104 105.588 299.8043 182.7115 203.5456 318.8031 1236.6445 275.9151 462.2098 263.3082 113.4318 357.1427 159.5183 265.4589 1249.5262;
	3.7295 50.3937 91.4431 113.4507 14.9849 33.3509 30.8243 17.7291 27.4798 30.0526 55.5517 82.8723 124.7637 68.0266 199.4072 75.1255 93.2113 98.7761 87.0258 69.4394 10.2748 77.8187 73.6599 86.1289 99.5574 70.9455 12.8115 1327.7389 802.9423 802.9423 738.215 105.032 290.086 178.7373 213.2727 342.5887 1308.8222 289.5567 469.6715 266.6717 116.167 369.9725 177.8474 262.8066 1322.4558;
	3.9077 52.802 94.8006 117.6243 15.2708 34.83 32.0692 18.3366 27.0537 30.3075 56.023 83.5753 125.8222 68.3809 196.6154 74.0737 91.9063 97.3932 89.517 69.446 10.6897 81.27 73.0796 87.308 105.1584 72.4061 13.0965 1348.0934 818.9217 818.9217 754.6931 110.9672 298.3901 178.7541 214.3833 349.4066 1331.4549 312.2538 475.899 281.6742 122.0343 386.3806 213.1045 271.9982 1345.3242;
	3.7626 50.8416 93.6309 114.7443 15.0092 33.9501 27.3695 17.8933 26.6317 28.2987 52.3098 78.0359 117.4826 66.2818 189.8068 71.5086 88.7236 94.0206 77.672 68.9938 9.1232 79.217 72.425 88.8876 104.9705 71.6621 13.1518 1294.3444 791.6742 791.6742 706.736 112.162 258.9067 177.5903 207.8025 337.781 1266.9269 312.7018 456.4872 281.1709 119.9885 376.6201 206.5621 271.4435 1280.1241;
	3.8091 51.4691 94.7835 116.4329 14.6449 33.4918 28.8465 18.2254 26.8765 29.719 54.9351 81.9524 123.3789 66.0798 188.1643 70.8898 87.9559 93.207 83.6346 70.7232 9.6155 78.1475 72.7638 87.9155 105.8166 72.7226 13.3255 1286.6191 801.665 801.665 715.491 109.8364 278.7819 182.0418 207.169 342.0438 1296.9486 305.449 466.8336 283.4373 120.0978 371.5354 211.3407 273.5811 1310.4585;
	3.8305 51.759 93.427 117.1167 14.741 34.544 26.6375 17.5821 26.179 28.7983 53.2332 79.4135 119.5565 65.5883 176.8265 66.6184 82.6561 87.5908 57.7523 67.8231 8.8792 80.6026 73.3848 87.5948 103.901 65.4571 12.9788 1291.2995 803.836 803.836 760.4522 115.935 192.5076 174.5769 205.6282 342.97 1314.7787 314.3322 458.4438 278.3063 120.1722 383.2077 216.0127 266.9145 1328.4743;
	3.7701 50.9417 91.0741 112.7437 14.9924 33.5389 27.6544 17.5927 26.463 29.477 54.4878 81.2851 122.3743 65.2211 190.3442 71.7111 88.9748 94.2868 86.232 68.3505 9.2181 78.2574 72.3695 84.5426 103.9773 69.6865 12.9429 1323.2257 822.0354 822.0354 773.6728 116.0316 287.44 175.9344 204.477 350.7351 1334.1159 327.2998 455.8942 278.5106 119.6538 372.0579 211.9638 263.0832 1348.0129;
	3.6787 49.7077 88.1909 111.4045 14.4421 33.9053 27.233 17.3947 26.286 26.9848 49.881 74.4126 112.0278 66.565 188.1145 70.8711 87.9326 93.1823 84.5013 70.8689 9.0777 79.1123 70.784 84.7656 100.8237 69.3844 12.8493 1275.6534 812.9138 812.9138 764.9108 114.6058 281.6708 182.4168 208.6903 346.8432 1296.4309 316.8426 454.7877 270.0634 114.0749 376.1227 204.1624 265.3567 1309.9354;
	3.7495 50.6646 91.2794 110.4016 14.2821 33.4652 23.446 17.4572 26.4344 28.8737 53.3726 79.6215 119.8697 64.8687 185.2534 69.7931 86.5952 91.7651 85.1851 69.1335 7.8153 78.0854 73.418 85.8808 101.5921 70.4184 13.0309 1266.8263 822.5677 822.5677 765.5412 117.2538 283.9505 177.9498 203.372 350.9622 1298.3267 318.0604 440.9389 272.1217 114.0712 371.2405 205.701 269.77 1311.851;
	3.8369 51.8446 91.3415 110.6256 15.1741 33.6756 26.3883 17.3859 26.9077 29.4849 54.5025 81.307 122.4072 68.3727 172.3777 64.9423 80.5766 85.3871 84.639 68.802 8.7961 78.5765 70.6295 86.7158 101.6214 69.9308 12.3941 1264.3872 814.6449 814.6449 756.1169 116.5849 282.1299 177.0965 214.3577 347.5818 1251.5704 323.9321 468.4519 272.2003 116.2407 373.575 206.0266 276.6934 1264.6076;
	3.8988 52.6809 92.3099 106.5314 14.757 31.4277 23.0692 17.2685 26.1113 28.5338 52.7443 78.6841 118.4585 67.8275 185.5731 69.9136 86.7446 91.9234 84.047 67.334 7.6897 73.3313 69.0332 83.3601 100.1338 60.1547 11.6188 1221.878 785.5444 785.5444 656.2968 115.1911 280.1566 173.318 212.6485 335.1656 1231.9495 318.6795 454.2502 268.2156 113.9883 348.638 198.1785 265.7951 1244.7823;
	3.7707 50.9503 88.549 98.4613 14.1297 24.5796 18.8463 12.5795 26.1997 28.5235 52.7252 78.6556 118.4155 67.4622 178.3204 67.1812 83.3544 88.3308 73.9923 65.2055 6.2821 57.3524 69.864 81.4711 98.003 70.5735 8.7129 1186.1722 723.7377 723.7377 613.311 111.1498 246.6409 167.8391 211.5031 308.7948 1222.4001 283.7555 449.3726 262.508 112.965 272.6697 169.509 240.7517 1235.1334;
