function windprofile = ex_wind_profilesh1
%EX_WIND_PROFILE_D  Example wind_load_nyiso profile data for deterministic unit commitment.
% 2022.03.12
% Andres F. Ramirez


%% define constants
[GEN_BUS, PG, QG, QMAX, QMIN, VG, MBASE, GEN_STATUS, PMAX, PMIN, ...
    MU_PMAX, MU_PMIN, MU_QMAX, MU_QMIN, PC1, PC2, QC1MIN, QC1MAX, ...
    QC2MIN, QC2MAX, RAMP_AGC, RAMP_10, RAMP_30, RAMP_Q, APF] = idx_gen;
[CT_LABEL, CT_PROB, CT_TABLE, CT_TBUS, CT_TGEN, CT_TBRCH, CT_TAREABUS, ...
    CT_TAREAGEN, CT_TAREABRCH, CT_ROW, CT_COL, CT_CHGTYPE, CT_REP, ...
    CT_REL, CT_ADD, CT_NEWVAL, CT_TLOAD, CT_TAREALOAD, CT_LOAD_ALL_PQ, ...
    CT_LOAD_FIX_PQ, CT_LOAD_DIS_PQ, CT_LOAD_ALL_P, CT_LOAD_FIX_P, ...
    CT_LOAD_DIS_P, CT_TGENCOST, CT_TAREAGENCOST, CT_MODCOST_F, ...
    CT_MODCOST_X] = idx_ct;

windprofile = struct( ...
    'type', 'mpcData', ...
    'table', CT_TGEN, ...
    'rows', [1:45], ...
    'col', PMAX, ...
    'chgtype', 1, ...
    'values', [] );
windprofile.values(:,1,:) = [
	3.8132 51.5253 94.4182 120.6022 14.1043 32.7148 28.7833 19.123 25.9704 29.2601 54.0869 80.687 121.4738 68.6752 188.2979 70.9401 88.0183 93.2731 87.2399 69.9252 9.5944 76.3345 75.5244 89.8063 106.4135 73.5732 13.8574 1313.1157 740.5461 740.5461 575.521 113.539 290.7997 179.9877 215.3059 315.9663 1265.6085 239.416 468.5799 285.0361 118.379 362.916 191.7036 272.6819 1278.7919;
	3.7693 50.9314 93.4012 120.4204 14.1181 33.0529 26.9148 19.1734 26.6834 28.9982 53.6028 79.9648 120.3866 65.6737 172.8758 65.1299 80.8094 85.6338 87.6142 69.8281 8.9716 77.1234 73.8701 89.7557 106.096 74.1252 13.8393 1318.528 771.9546 771.9546 634.9196 108.0329 292.0473 179.7376 205.8961 329.3673 1245.5366 228.2482 460.5612 284.1858 117.7268 366.6667 179.27 263.6668 1258.5109;
	3.8406 51.8955 94.2803 120.7942 14.3734 33.8436 23.3422 19.1846 27.3903 29.8207 55.1231 82.2328 123.801 63.8191 186.0633 70.0983 86.9738 92.1663 89.2613 69.8576 7.7807 78.9683 73.2241 89.4668 105.7973 76.3171 14.1313 1309.5409 759.174 759.174 648.8398 98.0344 297.5378 179.8136 200.0814 323.9142 1265.1795 225.8899 437.725 283.3858 121.3669 375.4379 182.1883 263.1566 1278.3584;
	3.9077 52.8019 94.9958 120.9163 14.6884 33.8362 25.3622 19.1238 27.4419 30.6471 56.6507 84.5117 127.2319 66.9552 193.6287 72.9485 90.5102 95.9137 91.7114 71.1202 8.4541 78.951 73.6409 89.7379 106.5155 75.9388 14.0983 1338.3652 767.9169 767.9169 671.0879 109.8503 305.7046 183.0636 209.9135 327.6445 1296.7694 257.7623 461.9882 285.3093 123.0173 375.3558 156.3338 274.8829 1310.2774;
	3.8604 52.162 90.7064 117.704 14.6855 33.528 30.6836 18.5989 26.419 30.6564 56.6679 84.5373 127.2704 66.2123 195.4868 73.6485 91.3787 96.8342 89.258 71.2334 10.2279 78.2321 74.1445 84.6836 103.2078 73.9831 13.6786 1338.1672 757.245 757.245 708.07 112.3884 297.5266 183.3549 207.5845 323.0912 1299.562 249.3146 466.3109 276.4494 120.2577 371.9376 185.0213 260.1004 1313.0991;
	3.9028 52.7354 92.227 119.5722 15.1401 34.5878 29.808 18.617 27.3306 29.8427 55.1637 82.2934 123.8923 65.617 197.1784 74.2858 92.1694 97.6721 89.8345 71.2955 9.936 80.7049 73.5139 87.7792 104.2711 73.9194 13.6968 1340.3036 763.476 763.476 724.3771 116.8736 299.4484 183.5149 205.7181 325.7498 1273.6957 251.4168 461.0203 279.2977 122.3985 383.6941 177.6658 263.7403 1286.9634;
	3.7593 50.7958 87.206 117.6967 14.7305 33.5418 31.3928 18.0651 26.7981 30.3647 56.1286 83.7329 126.0594 67.7126 196.9603 74.2036 92.0675 97.5641 89.7373 71.8567 10.4643 78.2641 72.9175 84.5731 100.0973 73.7198 13.1882 1318.3537 782.3259 782.3259 738.7264 114.2416 299.1245 184.9594 212.2881 333.7924 1292.7752 292.8509 453.6348 268.1177 113.3595 372.09 164.6163 251.0227 1306.2416;
	3.8702 52.2954 87.5989 118.5639 15.0462 34.1519 31.0318 17.5201 28.0842 30.545 56.462 84.2302 126.8081 68.1863 200.7739 75.6404 93.8501 99.4531 91.6383 70.2586 10.3439 79.6878 72.3282 85.9389 98.8788 70.8966 12.7822 1321.0815 777.2043 777.2043 730.1851 115.8945 305.461 180.8458 213.7732 331.6072 1290.5807 299.6781 471.3456 264.8539 114.3937 378.8588 176.122 259.2859 1304.0243;
	3.9222 52.9979 89.6296 118.7714 15.3056 34.4256 32.3665 17.8201 28.4017 30.8623 57.0485 85.1052 128.1253 69.0004 197.4419 74.3851 92.2926 97.8026 92.5293 71.6802 10.7888 80.3263 72.8879 85.9215 100.3144 69.3691 13.0719 1357.7 799.2441 799.2441 771.1075 122.8958 308.4309 184.5051 216.3255 341.0108 1338.8425 326.8084 478.5938 268.6994 119.4087 381.8942 207.5443 261.7486 1352.7887;
	3.9192 52.9569 90.3831 118.3759 15.3655 34.7798 28.5647 17.7352 27.907 30.1113 55.6603 83.0342 125.0075 69.3313 193.1408 72.7647 90.2821 95.6721 89.1742 69.9858 9.5216 81.1528 72.7834 88.0963 100.34 66.5579 13.1517 1358.8534 834.3354 834.3354 792.6081 123.8664 297.2472 180.1437 217.3631 355.9831 1321.5083 343.7276 479.0382 268.7679 119.0962 385.8238 211.917 257.6353 1335.274;
	3.8668 52.2494 88.3318 114.3029 15.2817 34.1364 29.5964 17.3685 27.8138 30.9594 57.228 85.3729 128.5284 69.8853 195.6251 73.7006 91.4433 96.9027 90.7226 71.7756 9.8655 79.6517 72.7043 87.5804 98.9992 66.447 12.6351 1317.3463 824.8569 824.8569 811.5256 123.8191 302.4085 184.7505 219.1 351.9389 1327.6768 341.9206 478.9978 265.1763 116.1509 378.6867 213.882 264.6516 1341.5068;
	3.8115 51.502 89.9521 115.7514 15.0491 33.573 25.7678 17.625 27.2485 30.0335 55.5165 82.8197 124.6846 69.7308 196.6285 74.0787 91.9124 97.3997 91.9805 70.6124 8.5893 78.3369 73.6427 88.4959 101.4823 67.1087 13.0302 1289.2051 742.4445 742.4445 755.0112 123.1637 306.6017 181.7566 218.6155 316.7763 1268.9804 327.8988 473.7334 271.8277 117.4615 372.4361 210.0017 264.3031 1282.199;
	3.8264 51.7035 89.2396 112.8943 14.8017 32.5149 27.45 17.7545 26.6265 30.8672 57.0575 85.1186 128.1456 69.1476 198.2529 74.6906 92.6717 98.2044 92.4462 70.7511 9.15 75.868 73.6645 84.653 100.296 71.5081 13.2971 1285.1724 793.1008 793.1008 777.4048 123.324 308.1541 182.1134 216.7871 338.3897 1288.772 330.3326 469.8775 268.6499 118.5009 360.6983 205.4496 265.4006 1302.1967;
	3.7655 50.8798 88.1429 114.6952 14.2833 32.7987 25.962 18.3307 26.4618 30.2086 55.8401 83.3024 125.4114 69.0568 190.4721 71.7592 89.0346 94.3501 89.0769 70.8405 8.654 76.5303 73.1366 88.7547 101.9771 74.1008 13.7787 1326.5151 766.9552 766.9552 721.8338 120.4078 296.9229 182.3437 216.5025 327.2342 1294.7145 310.9014 462.9307 273.153 118.3814 363.8471 198.8242 268.6093 1308.2011;
	3.6601 49.4558 90.0988 118.1358 14.0508 33.6613 22.3115 19.0274 26.5548 29.3684 54.287 80.9856 121.9233 68.3281 197.1792 74.2861 92.1698 97.6725 89.9834 71.7937 7.4372 78.543 74.0767 89.5436 103.091 73.2761 14.1215 1338.4711 768.387 768.387 737.686 122.9493 299.9448 184.7973 214.218 327.8451 1289.9898 324.4281 465.8352 276.1367 117.8002 373.4159 198.0367 263.6931 1303.4272;
	3.6963 49.9446 88.9711 118.4543 14.6198 34.1582 23.1418 18.5111 26.9982 29.0873 53.7674 80.2104 120.7563 69.6157 182.4361 68.7317 85.2783 90.3695 85.8712 70.9224 7.7139 79.7026 71.4878 87.0141 101.1275 71.44 13.7371 1364.8968 761.339 761.339 744.2374 122.6323 286.2374 182.5543 218.2545 324.838 1292.4351 331.4517 468.6514 270.8773 122.0997 378.9288 197.1361 268.1812 1305.898;
	3.5823 48.4049 87.3246 112.0638 14.4669 31.9714 20.2545 17.0867 26.7947 29.5497 54.6221 81.4855 122.676 68.9732 186.9056 70.4156 87.3675 92.5835 87.8415 70.5635 6.7515 74.5998 70.5289 83.6646 99.0927 50.521 12.2569 1350.6735 707.2739 707.2739 654.6928 118.7635 292.8052 181.6306 216.2404 301.7702 1212.4504 313.4243 448.9367 265.4269 117.9594 354.6689 182.3935 245.253 1225.0801;
	3.6016 48.6656 87.6457 106.7103 14.7097 30.5472 19.1896 12.1929 27.6374 29.2712 54.1074 80.7176 121.5199 69.8522 194.1323 73.1382 90.7456 96.1632 92.3048 71.6893 6.3965 71.2768 71.2853 83.7392 98.7518 66.6469 9.7882 1317.7872 724.3104 724.3104 645.1421 119.6521 307.6826 184.5285 218.996 309.0391 1301.9137 297.8084 455.1789 264.5137 117.0356 338.8702 166.0783 196.3896 1315.4753;
