function solarprofile = ex_solar_profilesh1
%EX_WIND_PROFILE_D  Example wind_load_nyiso profile data for deterministic unit commitment.
% 2022.03.12
% Andres F. Ramirez


%% define constants
[GEN_BUS, PG, QG, QMAX, QMIN, VG, MBASE, GEN_STATUS, PMAX, PMIN, ...
    MU_PMAX, MU_PMIN, MU_QMAX, MU_QMIN, PC1, PC2, QC1MIN, QC1MAX, ...
    QC2MIN, QC2MAX, RAMP_AGC, RAMP_10, RAMP_30, RAMP_Q, APF] = idx_gen;
[CT_LABEL, CT_PROB, CT_TABLE, CT_TBUS, CT_TGEN, CT_TBRCH, CT_TAREABUS, ...
    CT_TAREAGEN, CT_TAREABRCH, CT_ROW, CT_COL, CT_CHGTYPE, CT_REP, ...
    CT_REL, CT_ADD, CT_NEWVAL, CT_TLOAD, CT_TAREALOAD, CT_LOAD_ALL_PQ, ...
    CT_LOAD_FIX_PQ, CT_LOAD_DIS_PQ, CT_LOAD_ALL_P, CT_LOAD_FIX_P, ...
    CT_LOAD_DIS_P, CT_TGENCOST, CT_TAREAGENCOST, CT_MODCOST_F, ...
    CT_MODCOST_X] = idx_ct;

solarprofile = struct( ...
    'type', 'mpcData', ...
    'table', CT_TGEN, ...
    'rows', [1:12], ...
    'col', PMAX, ...
    'chgtype', 1, ...
    'values', [] );
solarprofile.values(:,1,:) = [
	0.0 0.0 0.0 0.0 0.0 0.0 0.0 0.0 0.0 0.0 0.0 0.0;
	0.0 0.0 0.0 0.0 0.0 0.0 0.0 0.0 0.0 0.0 0.0 0.0;
	0.0 0.0 0.0 0.0 0.0 0.0 0.0 0.0 0.0 0.0 0.0 0.0;
	0.0 0.0 0.0 0.0 0.0 0.0 0.0 0.0 0.0 0.0 0.0 0.0;
	0.0 0.0 0.0 0.0 0.0 0.0 0.0 0.0 0.0 0.0 0.0 0.0;
	1.0373 0.8435 0.7199 0.0 0.0 9.4835 1.1854 4.7283 0.4191 0.0 0.0 0.0;
	8.1258 4.4915 5.9661 1.3663 1.914 37.4555 4.6819 14.9032 24.2143 41.5772 3.509 75.2965;
	17.2265 12.5047 12.506 5.8967 5.3255 118.3694 14.7962 46.0619 106.5186 184.0323 64.6903 333.2836;
	23.5759 16.6083 13.8784 9.2112 7.644 297.3945 37.1743 58.5526 185.5887 299.8646 128.0981 543.0566;
	26.6255 16.6541 13.9893 5.8301 7.1023 369.3515 46.1689 67.157 216.5519 212.4617 117.4928 384.7694;
	26.7285 16.7944 14.097 4.6585 5.8081 377.6026 47.2003 64.3475 221.5039 149.7998 98.9814 271.2883;
	26.0399 16.5702 13.9589 4.5399 4.5256 386.5525 48.3191 62.9099 225.4795 97.635 73.7053 176.8175;
	20.6144 15.7011 13.4247 7.2472 3.6299 372.7025 46.5878 70.5247 206.4957 116.1703 30.0205 210.3851;
	15.2238 12.1313 10.954 7.6494 4.1732 352.8451 44.1056 70.5453 189.333 148.033 29.2287 268.0887;
	10.4019 7.4946 4.8317 7.1719 4.1167 301.4387 37.6798 65.8115 135.648 118.5708 32.3637 214.7325;
	5.7585 3.3237 1.9322 3.2314 3.9614 96.5719 12.0715 30.0176 81.3332 52.1144 42.835 94.3794;
	1.254 1.0051 0.7956 0.837 1.064 62.2554 7.7819 11.3401 33.008 13.3618 13.7585 24.1983;
	0.0 0.0 0.0 0.0 0.0 0.0 0.0 0.0 0.0 0.0 0.0 0.0;
	0.0 0.0 0.0 0.0 0.0 0.0 0.0 0.0 0.0 0.0 0.0 0.0;
	0.0 0.0 0.0 0.0 0.0 0.0 0.0 0.0 0.0 0.0 0.0 0.0;
	0.0 0.0 0.0 0.0 0.0 0.0 0.0 0.0 0.0 0.0 0.0 0.0;
	0.0 0.0 0.0 0.0 0.0 0.0 0.0 0.0 0.0 0.0 0.0 0.0;
	0.0 0.0 0.0 0.0 0.0 0.0 0.0 0.0 0.0 0.0 0.0 0.0;
	0.0 0.0 0.0 0.0 0.0 0.0 0.0 0.0 0.0 0.0 0.0 0.0;
];
