function windprofile = ex_wind_profilesh1
%EX_WIND_PROFILE_D  Example wind_load_nyiso profile data for deterministic unit commitment.
% 2022.03.12
% Andres F. Ramirez


%% define constants
[GEN_BUS, PG, QG, QMAX, QMIN, VG, MBASE, GEN_STATUS, PMAX, PMIN, ...
    MU_PMAX, MU_PMIN, MU_QMAX, MU_QMIN, PC1, PC2, QC1MIN, QC1MAX, ...
    QC2MIN, QC2MAX, RAMP_AGC, RAMP_10, RAMP_30, RAMP_Q, APF] = idx_gen;
[CT_LABEL, CT_PROB, CT_TABLE, CT_TBUS, CT_TGEN, CT_TBRCH, CT_TAREABUS, ...
    CT_TAREAGEN, CT_TAREABRCH, CT_ROW, CT_COL, CT_CHGTYPE, CT_REP, ...
    CT_REL, CT_ADD, CT_NEWVAL, CT_TLOAD, CT_TAREALOAD, CT_LOAD_ALL_PQ, ...
    CT_LOAD_FIX_PQ, CT_LOAD_DIS_PQ, CT_LOAD_ALL_P, CT_LOAD_FIX_P, ...
    CT_LOAD_DIS_P, CT_TGENCOST, CT_TAREAGENCOST, CT_MODCOST_F, ...
    CT_MODCOST_X] = idx_ct;

windprofile = struct( ...
    'type', 'mpcData', ...
    'table', CT_TGEN, ...
    'rows', [1:45], ...
    'col', PMAX, ...
    'chgtype', 1, ...
    'values', [] );
windprofile.values(:,1,:) = [
	3.6991 49.9831 94.5744 117.7031 14.4025 34.3932 29.4367 18.8255 27.4642 29.89 55.2512 82.4239 124.0888 69.775 200.6831 75.6062 93.8077 99.4082 86.7402 72.1727 9.8122 80.2509 75.1761 86.4057 102.5483 73.4031 13.5305 1286.0371 813.0971 813.0971 619.6835 117.2134 289.134 185.7727 218.7541 346.9214 1309.9002 246.0575 479.5148 274.6828 115.0458 381.5356 211.9478 285.9199 1323.545;
	3.8792 52.416 94.7904 118.0941 15.015 34.8201 27.224 18.5899 27.4604 30.6836 56.7182 84.6125 127.3836 69.7077 191.3735 72.0989 89.456 94.7967 86.3756 72.883 9.0747 81.247 75.4702 87.2565 99.7207 73.3891 13.1748 1351.3106 822.807 822.807 660.1078 111.7686 287.9188 187.601 218.543 351.0643 1336.1442 241.6687 478.8341 267.1091 115.2456 386.2713 206.0491 286.1311 1350.0624;
	3.8506 52.0294 94.7559 118.2167 14.7656 35.0522 22.6055 18.1765 28.0038 31.0237 57.3468 85.5501 128.7952 69.6066 197.6303 74.4561 92.3807 97.8959 89.6845 73.1807 7.5352 81.7886 74.5078 87.9732 98.8996 74.4316 13.3031 1335.6315 813.8092 813.8092 692.0986 103.3043 298.9482 188.3673 218.2261 347.2253 1309.9234 237.9237 458.518 264.9095 116.0169 388.8462 207.9997 276.8344 1323.5685;
	3.8237 51.6663 94.5116 117.553 14.4982 34.2476 24.0016 18.2098 27.7831 30.4651 56.3142 84.0098 126.4762 69.5976 200.9734 75.7156 93.9434 99.5519 89.8113 73.5858 8.0005 79.9111 73.8032 87.1438 98.1333 73.2186 13.0623 1356.8079 813.691 813.691 696.5825 109.7702 299.3709 189.41 218.198 347.1748 1333.3113 257.1711 467.0358 262.8571 115.0019 379.9202 167.8185 272.7048 1347.2;
	3.6796 49.7197 90.9472 112.8766 13.988 32.5073 30.2453 17.0585 27.3163 31.0049 57.312 85.4982 128.7171 69.7823 202.4408 76.2684 94.6293 100.2788 88.8532 73.6546 10.0818 75.8503 74.7653 82.6031 80.6891 70.9966 12.6775 1287.8488 785.7645 785.7645 694.9372 110.8055 296.1774 189.5871 218.7771 335.2595 1251.8518 237.7933 479.4224 216.1314 115.3988 360.614 190.4055 262.7817 1264.8919;
	3.6527 49.3557 92.4658 112.9708 14.0444 32.7959 28.975 16.4477 27.0968 29.8793 55.2314 82.3944 124.0443 68.968 203.8232 76.7892 95.2755 100.9636 88.9802 73.4189 9.6583 76.5238 73.0545 83.3376 91.4943 66.2734 12.3252 1290.3179 765.712 765.712 722.4293 115.2574 296.6006 188.9805 216.2239 326.7038 1223.2571 249.1791 475.04 245.074 113.5857 363.816 177.5561 265.6156 1235.9994;
	3.6387 49.1667 92.3998 115.269 14.0923 33.638 30.6144 16.5198 26.6894 29.4346 54.4093 81.168 122.198 67.2483 201.9197 76.0721 94.3857 100.0207 86.5173 73.1561 10.2048 78.4886 71.4739 84.8112 96.5743 65.3873 12.4608 1238.824 747.2665 747.2665 710.5438 111.7559 288.3911 188.3041 210.8325 318.8337 1212.1647 283.4919 477.8542 258.6812 111.4305 373.1571 164.8803 256.0891 1224.7914;
	3.6335 49.096 93.4724 120.0825 14.3438 33.1764 29.728 17.422 26.4373 29.2964 54.154 80.7871 121.6245 68.4465 203.886 76.8129 95.3049 100.9947 88.4549 72.964 9.9093 77.4117 73.2027 87.2929 98.6953 68.6487 12.8293 1284.6406 766.7791 766.7791 692.8035 109.5933 294.8498 187.8096 214.5892 327.1591 1262.236 286.2013 478.5621 264.3623 114.397 368.0372 180.3157 268.8212 1275.3843;
	3.8204 51.622 95.3892 120.6245 14.7549 33.9696 31.706 17.6643 27.1536 30.4705 56.3242 84.0246 126.4986 68.503 203.2643 76.5786 95.0142 100.6867 89.9541 72.8689 10.5687 79.2625 74.855 89.5701 104.0687 68.4274 12.9149 1295.4436 789.0531 789.0531 725.568 114.8187 299.8472 187.5647 214.7662 336.6626 1281.4947 295.3683 478.4051 278.7554 120.1913 376.8366 206.022 280.3233 1294.8436;
	3.8113 51.4988 95.1989 120.1498 14.5606 33.6124 26.1126 17.3452 25.9735 30.446 56.279 83.9572 126.3971 67.4285 200.0033 75.3501 93.4899 99.0714 87.7116 71.4919 8.7042 78.4289 75.2986 89.5706 103.118 68.1557 12.9372 1317.4184 827.3378 827.3378 765.4076 116.3653 292.3718 184.0205 211.3975 352.9975 1312.4884 318.6369 479.2506 276.209 118.5482 372.8734 208.7803 275.443 1326.1601;
	3.7477 50.64 93.5753 118.5064 14.3154 32.3156 27.9081 17.7517 25.5951 30.4977 56.3745 84.0997 126.6117 66.0864 197.8966 74.5564 92.5052 98.0279 87.2727 72.1361 9.3027 75.4031 72.819 86.4066 100.8451 69.3499 13.2649 1304.1287 824.0525 824.0525 784.9831 118.4191 290.9089 185.6784 207.1896 351.5957 1331.452 315.154 475.5304 270.1207 115.8555 358.4879 203.0727 265.4627 1345.3213;
	3.7664 50.8926 91.6071 119.2327 14.6091 32.3888 27.6759 17.0683 26.6958 29.8993 55.2684 82.4496 124.1274 69.2664 192.4067 72.4881 89.939 95.3084 86.655 68.0507 9.2253 75.5739 73.0839 86.8683 101.0233 64.53 13.1804 1324.0566 813.8785 813.8785 779.9965 118.1287 288.85 175.1626 217.1595 347.2548 1313.0781 318.8883 479.3989 270.5982 119.1855 359.3 204.9499 265.8328 1326.756;
	3.8358 51.8302 91.3296 115.5915 14.723 32.3931 27.9309 17.3708 26.702 30.8438 57.0143 85.0541 128.0484 68.6091 191.6858 72.2165 89.602 94.9514 87.8571 68.0438 9.3103 75.584 73.7254 83.5632 99.7442 70.1443 13.1576 1323.0048 833.3611 833.3611 752.6818 114.8997 292.8571 175.1449 215.0988 355.5674 1341.0185 333.4242 476.3572 267.1719 118.6988 359.3479 205.4481 264.6382 1354.9874;
	3.6725 49.6231 89.762 113.0583 14.2123 29.5721 26.6498 17.3338 26.7907 29.9851 55.427 82.6862 124.4837 65.838 189.0262 71.2145 88.3588 93.6339 86.6184 70.0726 8.8833 69.0016 72.6309 84.5081 97.0802 70.0797 13.0861 1320.9167 797.849 797.849 771.7794 118.0141 288.728 180.3671 206.4109 340.4156 1334.0763 334.7899 467.779 260.0362 115.1386 328.0533 200.3206 266.5495 1347.9729;
	3.8625 52.1911 90.8661 112.4665 14.0655 31.8854 22.2806 17.1055 26.556 29.803 55.0904 82.184 123.7276 64.1649 190.9879 71.9536 89.2757 94.6056 84.6324 69.6303 7.4269 74.3993 74.4502 86.31 96.8422 68.6925 12.9166 1313.8366 789.2246 789.2246 740.5162 120.3106 282.1081 179.2285 201.1656 336.7358 1298.4136 326.5829 453.1386 259.3988 114.8879 353.7155 202.5244 267.0701 1311.9387;
	3.7438 50.5872 88.5402 109.885 14.6518 31.7587 22.3703 16.9362 26.6968 29.3747 54.2987 81.003 121.9496 64.5482 192.5139 72.5285 89.989 95.3615 84.9634 72.3092 7.4568 74.1036 72.7107 85.8286 97.5914 65.414 12.3165 1263.4363 791.2769 791.2769 727.5694 117.3394 283.2113 186.1242 202.3673 337.6115 1243.9761 325.1382 446.2315 261.4054 114.9127 352.3098 198.3676 269.2426 1256.9342;
	3.7951 51.2796 91.0757 107.7324 14.7978 30.4969 20.6088 16.0485 26.3726 29.778 55.0442 82.1152 123.6239 62.6241 192.0848 72.3668 89.7885 95.149 85.9392 70.842 6.8696 71.1594 74.1147 83.7596 97.7393 50.7971 11.4682 1196.6669 744.4176 744.4176 605.1872 114.1548 286.4641 182.3474 196.3351 317.6182 1185.2324 311.931 439.5253 261.8017 113.7266 338.3119 196.5056 259.702 1197.5785;
	3.724 50.3197 91.6545 108.4657 14.7633 29.5369 16.9812 11.3639 26.1234 29.7804 55.0487 82.1218 123.6339 63.3829 187.88 70.7827 87.823 93.0661 83.1917 69.7576 5.6604 68.9195 74.1617 85.9336 98.2706 67.2959 9.2389 1222.589 723.0567 723.0567 595.2194 112.1549 277.3058 179.5561 198.7141 308.5042 1229.139 293.0197 436.1942 263.2249 115.6403 327.6629 182.3306 234.2628 1241.9425;
