function windprofile = ex_wind_profilesh1
%EX_WIND_PROFILE_D  Example wind_load_nyiso profile data for deterministic unit commitment.
% 2022.03.12
% Andres F. Ramirez


%% define constants
[GEN_BUS, PG, QG, QMAX, QMIN, VG, MBASE, GEN_STATUS, PMAX, PMIN, ...
    MU_PMAX, MU_PMIN, MU_QMAX, MU_QMIN, PC1, PC2, QC1MIN, QC1MAX, ...
    QC2MIN, QC2MAX, RAMP_AGC, RAMP_10, RAMP_30, RAMP_Q, APF] = idx_gen;
[CT_LABEL, CT_PROB, CT_TABLE, CT_TBUS, CT_TGEN, CT_TBRCH, CT_TAREABUS, ...
    CT_TAREAGEN, CT_TAREABRCH, CT_ROW, CT_COL, CT_CHGTYPE, CT_REP, ...
    CT_REL, CT_ADD, CT_NEWVAL, CT_TLOAD, CT_TAREALOAD, CT_LOAD_ALL_PQ, ...
    CT_LOAD_FIX_PQ, CT_LOAD_DIS_PQ, CT_LOAD_ALL_P, CT_LOAD_FIX_P, ...
    CT_LOAD_DIS_P, CT_TGENCOST, CT_TAREAGENCOST, CT_MODCOST_F, ...
    CT_MODCOST_X] = idx_ct;

windprofile = struct( ...
    'type', 'mpcData', ...
    'table', CT_TGEN, ...
    'rows', [1:45], ...
    'col', PMAX, ...
    'chgtype', 1, ...
    'values', [] );
windprofile.values(:,1,:) = [
	3.7393 50.5264 87.74 111.2103 14.0091 31.9412 30.2952 17.4982 26.8793 29.324 54.205 80.8632 121.7391 66.5406 197.5155 74.4128 92.327 97.8391 88.6824 71.4739 10.0984 74.5295 73.4202 70.1499 90.5372 70.5541 12.8799 1319.5453 775.2203 775.2203 593.5158 107.6024 295.6078 183.9739 208.6138 330.7607 1221.2495 230.4065 467.6416 242.5104 118.832 354.3347 194.2885 274.5228 1233.9708;
	3.8346 51.814 88.3468 112.7345 14.5619 32.6734 27.6676 17.6775 27.3566 30.6668 56.6872 84.5661 127.3138 64.5239 196.1002 73.8796 91.6654 97.138 90.5218 71.6272 9.2225 76.2379 74.7901 83.2506 96.3816 70.2074 12.9167 1333.5508 779.0084 779.0084 638.376 97.9354 301.7392 184.3685 202.2912 332.3769 1239.4562 235.7319 472.8171 258.1649 116.4838 362.4567 189.8658 274.3262 1252.3672;
	3.8269 51.7098 87.2684 109.8743 14.4146 33.403 23.6791 17.3034 28.0716 31.304 57.865 86.3232 129.9591 64.6719 199.8097 75.2771 93.3994 98.9755 92.4468 73.1627 7.893 77.9403 75.5905 71.2637 74.579 72.4917 12.3758 1328.4274 757.933 757.933 678.6365 95.9253 308.1561 188.321 202.7553 323.3847 1246.2718 240.0581 446.2216 199.7652 114.8442 370.5507 193.8305 260.7731 1259.2538;
	3.8591 52.1455 89.1051 111.6539 14.6408 32.9793 24.0889 17.085 27.8069 31.0641 57.4214 85.6615 128.9629 64.5579 200.8732 75.6778 93.8965 99.5023 92.6927 73.7281 8.0296 76.9518 75.0582 84.9311 95.7054 69.7504 12.8261 1331.2871 751.4938 751.4938 656.1726 100.9281 308.9758 189.7763 202.3977 320.6374 1262.185 255.8912 451.2847 256.3537 113.744 365.8508 159.4102 269.4707 1275.3328;
	3.9045 52.7582 89.1777 111.4138 14.4751 32.8573 29.7813 16.1666 27.2627 31.1335 57.5498 85.853 129.2513 66.7356 198.6711 74.8482 92.8672 98.4115 91.4045 73.7374 9.9271 76.6671 74.9401 82.5641 97.1254 70.9641 12.6199 1314.3851 736.7082 736.7082 653.5726 102.3896 304.6815 189.8001 209.2251 314.3288 1238.7407 246.8141 452.0781 260.1573 113.4724 364.4975 190.2905 264.7096 1251.6442;
	3.8912 52.5792 88.9456 113.1998 14.3785 33.5854 29.3469 17.2726 27.3046 30.9639 57.2363 85.3853 128.5471 65.7284 195.6813 73.7218 91.4697 96.9305 91.9461 72.2331 9.7823 78.366 74.7549 83.899 97.7326 70.1424 13.0609 1333.2803 748.5261 748.5261 702.4195 111.6335 306.4871 185.9282 206.0674 319.3711 1205.5373 250.2818 440.6415 261.7838 117.79 372.5744 176.6203 266.9095 1218.0949;
	3.8759 52.3717 89.0872 112.8179 14.4516 33.542 31.0699 17.7629 27.7491 30.2372 55.893 83.3814 125.5303 67.2864 193.1384 72.7638 90.281 95.6709 88.5186 71.6057 10.3566 78.2646 73.2585 82.9782 99.9756 69.3964 13.4182 1345.5043 742.7565 742.7565 731.9891 107.9879 295.0618 184.3134 210.9521 316.9094 1268.1891 283.4758 467.6617 267.7917 118.5002 372.0923 162.9794 264.8297 1281.3994;
	3.8938 52.6141 86.8138 110.8096 14.6039 33.856 29.0802 17.6432 27.3808 29.2277 54.0269 80.5975 121.3391 66.7618 196.1073 73.8823 91.6688 97.1415 88.8808 68.8168 9.6934 78.9973 72.6673 84.6506 98.4764 69.189 13.1274 1326.4154 710.617 710.617 730.8491 112.4484 296.2693 177.1346 209.3073 303.1966 1268.266 288.5558 445.8047 263.776 115.1628 375.5757 175.96 260.6923 1281.4771;
	3.867 52.2515 89.9227 114.8593 14.8447 33.391 30.8397 18.2486 27.0538 30.1436 55.72 83.1233 125.1417 68.7307 198.5901 74.8177 92.8293 98.3714 91.526 70.0186 10.2799 77.9123 73.5097 85.6041 101.7355 70.7207 13.3521 1324.4339 755.1574 755.1574 776.7267 118.7668 305.0865 180.2281 215.48 322.2005 1286.6773 310.829 452.1358 272.5058 116.3514 370.4175 204.2868 261.39 1300.0802;
	3.742 50.5624 88.9525 111.2206 14.7308 32.3211 23.8124 17.587 26.1591 28.9745 53.559 79.8995 120.2882 67.6029 193.3977 72.8614 90.4022 95.7993 85.7486 70.5246 7.9375 75.4159 72.0334 79.2046 97.4891 69.6769 12.9992 1297.2025 769.3998 769.3998 740.861 116.405 285.8288 181.5305 211.9442 328.2772 1256.22 292.9366 434.6546 261.1316 112.0239 358.5488 205.3344 263.3611 1269.3056;
	3.6319 49.0754 88.7376 110.4313 14.362 31.9085 26.3053 17.5134 26.4949 29.6234 54.7584 81.6887 122.9819 64.9011 192.3659 72.4727 89.9199 95.2882 89.1989 71.6885 8.7684 74.4531 70.6378 84.3227 98.2144 69.3429 12.9846 1276.6509 774.3571 774.3571 771.4928 116.2048 297.3298 184.5265 203.4737 330.3924 1292.9821 309.8135 435.935 263.0743 114.2382 353.9711 200.0553 264.9527 1306.4507;
	3.7473 50.6337 86.8056 111.4551 13.3877 31.9652 26.4159 17.1355 26.2881 28.6202 52.9039 78.9223 118.8171 67.512 192.9656 72.6987 90.2002 95.5853 89.2831 69.7718 8.8053 74.5856 71.3358 85.2302 97.2863 60.9173 12.8659 1283.8485 807.5366 807.5366 780.7654 118.7108 297.6102 179.5928 211.6591 344.5489 1305.0455 330.1348 446.0942 260.5884 116.9467 354.6012 200.2219 256.9405 1318.6397;
	3.8778 52.3972 88.6133 113.511 14.791 32.954 27.869 17.4588 26.6883 29.9041 55.2773 82.4629 124.1474 67.473 190.9892 71.9541 89.2763 94.6063 88.3323 70.0751 9.2897 76.8926 70.9378 81.8408 96.749 67.109 13.1313 1300.275 839.9722 839.9722 786.3584 114.2481 294.4409 180.3735 211.537 358.3881 1321.4505 340.5696 446.5727 259.1492 118.7741 365.5693 211.9609 263.4467 1335.2157;
	3.8792 52.4166 91.047 119.7041 14.6835 33.7985 28.8556 17.6944 27.7692 30.8246 56.9788 85.0011 127.9688 68.9747 195.6565 73.7124 91.458 96.9182 86.1519 73.1786 9.6185 78.8633 74.2535 84.4251 97.7682 69.6219 13.3082 1262.0824 833.1268 833.1268 774.8727 112.8866 287.173 188.3619 216.245 355.4674 1289.8338 331.4457 460.6454 261.8792 118.3874 374.9385 211.08 265.7562 1303.2696;
	3.8418 51.9116 92.1748 117.9707 14.824 33.4369 24.2269 17.53 27.245 29.7008 54.9015 81.9022 123.3033 66.8078 190.2424 71.6727 88.9273 94.2364 86.7 72.4776 8.0756 78.0193 74.1475 86.6952 99.7776 65.2783 13.2087 1243.5979 817.147 817.147 762.1163 112.307 288.9998 186.5575 209.4514 348.6494 1276.4707 320.8796 453.2134 267.2615 120.7522 370.9262 209.6294 261.6393 1289.7673;
	3.6013 48.6617 87.7379 115.0729 14.5091 31.715 24.7729 17.4901 25.8972 29.4022 54.3496 81.0788 122.0637 63.7101 184.1958 69.3947 86.1008 91.2412 84.8194 72.2539 8.2576 74.0016 71.126 86.2768 99.5695 66.3209 12.9848 1211.1174 783.5833 783.5833 737.0946 106.6062 282.7312 185.9817 199.7397 334.3289 1182.4292 313.8614 451.8688 266.704 117.1873 351.8248 197.9931 225.589 1194.7461;
	3.5592 48.0927 86.3709 107.95 13.9313 27.9304 22.1267 16.6983 25.4311 28.9606 53.5333 79.8611 120.2305 63.469 185.9006 70.037 86.8977 92.0856 85.6106 69.9236 7.3756 65.1709 68.7928 81.4852 97.4307 52.9377 11.9903 1107.2517 687.2625 687.2625 610.3494 96.0843 285.3686 179.9834 198.9839 293.232 1052.7052 303.8852 444.4633 260.9751 111.4873 309.8413 175.7276 212.7123 1063.6709;
	3.3589 45.3856 86.4748 100.0553 13.9776 21.5828 17.936 13.4227 23.9999 24.198 44.7296 66.7278 100.4583 63.4173 173.9001 65.5159 81.2882 86.1412 85.2802 68.2812 5.9787 50.3598 67.2635 81.5135 98.9556 69.0355 9.9016 1108.8294 635.5226 635.5226 615.3645 104.3084 284.2674 175.756 198.8217 271.1563 1042.632 292.9364 433.3382 265.0598 113.3502 239.425 159.5026 172.3602 1053.4927;
