function loadprofile = ex_load_profilesh1
%EX_LOAD_PROFILE  Example load profile data file for stochastic unit commitment.
% 2022.03.12
% Andres F. Ramirez

%% define constants
[CT_LABEL, CT_PROB, CT_TABLE, CT_TBUS, CT_TGEN, CT_TBRCH, CT_TAREABUS, ...
    CT_TAREAGEN, CT_TAREABRCH, CT_ROW, CT_COL, CT_CHGTYPE, CT_REP, ...
    CT_REL, CT_ADD, CT_NEWVAL, CT_TLOAD, CT_TAREALOAD, CT_LOAD_ALL_PQ, ...
    CT_LOAD_FIX_PQ, CT_LOAD_DIS_PQ, CT_LOAD_ALL_P, CT_LOAD_FIX_P, ...
    CT_LOAD_DIS_P, CT_TGENCOST, CT_TAREAGENCOST, CT_MODCOST_F, ...
    CT_MODCOST_X] = idx_ct;

loadprofile = struct( ...
    'type', 'mpcData', ...
    'table', CT_TAREALOAD, ...
    'rows', [1:11], ...
    'col', CT_LOAD_ALL_P, ...
    'chgtype', 1, ...
    'values', [] );
loadprofile.values(:,1,:) = [
	1463.6713 915.3649 1561.5391 548.2 802.834 1082.4842 894.9025 262.7699 525.0968 4524.0308 1689.6;
	1502.7851 916.0478 1524.1896 548.6 802.1676 1081.164 864.6186 260.2712 505.7 4387.9253 1640.9879;
	1489.6 912.8244 1549.7095 539.9829 812.2533 1089.0375 880.486 252.5726 507.116 4359.9958 1628.7;
	1551.486 950.0634 1597.9323 536.8347 827.3237 1132.7 886.7451 254.8812 518.8514 4431.0541 1665.8348;
	1587.2946 1001.5449 1679.1231 554.4418 907.5978 1218.7727 950.325 290.0921 535.4226 4684.4724 1817.8;
	1647.1974 1057.4721 1800.8 568.3 997.9562 1305.6654 1008.9296 325.6129 568.0 5045.5295 1930.6756;
	1695.246 1087.2891 1902.5402 564.974 1011.4023 1319.1372 1042.1834 315.6478 593.7459 5125.0151 1969.0;
	1741.1921 1165.2855 1996.0196 581.9002 1052.2785 1411.1617 1099.6378 371.6243 627.3126 5487.8714 2028.3964;
	1778.9253 1218.3923 2029.6526 590.4812 1050.3216 1443.4488 1110.9388 335.8813 668.7268 5714.2941 2083.8956;
	1778.6249 1230.6192 1963.3682 582.1855 1004.5956 1372.5704 1123.8019 344.2389 666.4934 5655.8772 2143.9145;
	1763.7922 1221.2529 1938.4804 584.8889 969.4 1379.3998 1137.3836 353.4755 660.1506 5733.1212 2154.7538;
	1764.6 1250.7257 1921.0098 577.9784 955.8632 1337.3159 1099.1909 347.042 635.0236 5606.3 2050.0651;
	1728.3167 1190.6602 1895.6533 570.0 951.1747 1325.7218 1095.3548 332.3644 643.577 5381.3493 1903.6226;
	1727.3145 1182.0 1848.5651 559.5613 940.0096 1294.8103 1079.5446 311.1375 636.5499 5369.9658 1808.9513;
	1758.1156 1152.5844 1882.5923 569.2367 963.1202 1313.7622 1127.4625 312.3099 624.9095 5386.9111 1949.8595;
	1807.2122 1137.2457 1915.0354 577.2423 964.5441 1371.7156 1219.3208 331.9551 681.2795 5669.0899 2058.2;
	1806.4 1156.8787 1926.4681 589.6643 944.2242 1403.4325 1205.7674 324.7448 695.5489 5593.9755 2142.8081;
	1833.1362 1205.6932 2017.71 611.0 1023.9506 1456.2649 1249.9555 353.7801 678.7741 5664.6807 2265.8846;
	1918.3933 1230.2945 2026.9728 610.0 1026.7565 1458.5582 1190.1268 348.2124 680.8218 5688.3215 2279.5218;
	1847.1115 1135.0837 1934.6281 594.8142 963.6575 1361.4816 1133.2817 332.7485 667.3207 5429.5025 2162.4308;
	1764.3304 1097.1244 1842.425 592.989 933.5665 1281.6211 1063.7632 320.1687 639.3632 5261.6057 2057.0;
	1650.6474 1002.8005 1717.3151 554.4 871.1 1227.7614 1027.3092 306.4938 614.1 5106.3417 1969.2561;
	1603.1641 997.3297 1667.0373 573.371 882.4 1207.3814 992.9657 265.7 585.4192 4880.149 1795.4979;
	1546.2614 970.0 1676.8571 573.8342 876.1229 1193.1215 947.3169 255.6735 556.5246 4681.9478 1729.8767;
];
