function loadprofile = ex_load_profilesh1
%EX_LOAD_PROFILE  Example load profile data file for stochastic unit commitment.
% 2022.03.12
% Andres F. Ramirez

%% define constants
[CT_LABEL, CT_PROB, CT_TABLE, CT_TBUS, CT_TGEN, CT_TBRCH, CT_TAREABUS, ...
    CT_TAREAGEN, CT_TAREABRCH, CT_ROW, CT_COL, CT_CHGTYPE, CT_REP, ...
    CT_REL, CT_ADD, CT_NEWVAL, CT_TLOAD, CT_TAREALOAD, CT_LOAD_ALL_PQ, ...
    CT_LOAD_FIX_PQ, CT_LOAD_DIS_PQ, CT_LOAD_ALL_P, CT_LOAD_FIX_P, ...
    CT_LOAD_DIS_P, CT_TGENCOST, CT_TAREAGENCOST, CT_MODCOST_F, ...
    CT_MODCOST_X] = idx_ct;

loadprofile = struct( ...
    'type', 'mpcData', ...
    'table', CT_TAREALOAD, ...
    'rows', [1:11], ...
    'col', CT_LOAD_ALL_P, ...
    'chgtype', 1, ...
    'values', [] );
loadprofile.values(:,1,:) = [
	1439.3356 832.7243 1479.0479 539.0089 660.869 1065.3495 784.3 193.3048 494.3 4272.4 1576.8666;
	1397.2332 786.7484 1419.9426 530.3292 629.3347 1025.257 728.8799 160.827 461.9819 3772.384 1373.6609;
	1390.5307 828.9124 1447.8246 531.6171 650.9583 1036.3263 723.9134 183.6158 462.0332 3925.6839 1409.1218;
	1414.1399 851.4248 1500.0375 535.6562 673.5794 1056.7078 732.4533 174.667 468.6706 4049.6606 1494.0113;
	1495.8767 928.1 1630.4083 569.4695 778.6286 1135.5579 803.3932 198.3 500.3447 4438.0227 1649.1787;
	1587.4134 993.2149 1759.5647 593.6564 821.7752 1225.9024 874.0857 255.6744 536.6672 4674.8276 1789.3689;
	1647.7564 1028.5 1835.4587 606.3102 862.1121 1267.5901 911.1424 263.8391 574.1 4917.011 1871.1993;
	1712.1779 1078.7829 1918.9333 621.2296 889.2 1333.6203 956.5846 268.2 617.5593 5174.8542 1975.6447;
	1751.8471 1101.9632 1932.4501 629.0708 923.3304 1345.7 977.7502 274.3064 626.7 5272.8 1900.975;
	1767.7736 1103.5 1927.9787 593.4 895.3201 1364.2669 976.8696 266.469 619.8 5289.5002 1831.2169;
	1721.339 1058.6181 1924.081 591.945 897.3 1364.1399 961.1568 261.867 619.1604 5264.534 1758.9219;
	1741.6 1009.9463 1882.8436 568.4257 864.7452 1378.5888 1001.8803 272.1124 609.5 5286.9129 1825.9385;
	1729.8595 1018.5149 1850.5514 578.2 841.9866 1301.8976 999.8447 267.963 618.1176 5147.3176 1825.056;
	1743.7527 1013.0268 1796.499 568.3 818.684 1232.7 967.2787 232.5525 600.5 5083.5162 1820.2501;
	1794.9469 1050.3068 1857.1638 577.4889 861.8518 1247.1394 981.4027 246.1541 622.6 5175.4971 1924.2627;
	1820.5544 1087.384 1910.7086 582.066 860.2518 1307.6 997.867 263.3713 614.1899 5168.6819 2013.4721;
	1852.616 1113.0012 1964.8093 572.9 885.7353 1314.8987 1042.8906 284.7857 623.3923 5225.9813 2078.6778;
	1864.324 1134.8216 2033.3606 574.0133 940.793 1392.4397 1110.6 289.5243 661.2162 5460.4617 2244.8;
	1877.4498 1148.9952 2039.3935 584.9281 931.0417 1399.1684 1127.9296 313.5828 676.4026 5514.1181 2270.1478;
	1826.0 1083.4996 1930.6899 583.1 918.9584 1378.9389 1125.2956 299.0552 673.1 5368.8203 2222.6093;
	1792.2338 1044.6512 1840.9017 571.169 851.8468 1315.9129 1093.2634 302.4062 646.618 5272.5005 2171.9423;
	1716.1163 979.142 1704.4 555.3265 757.8962 1231.4012 997.2457 267.0533 599.5824 4988.0319 2019.3045;
	1651.6859 956.9 1646.7204 570.7552 796.3836 1185.6957 932.947 257.5522 562.1528 4880.3421 1873.9234;
	1603.5315 955.8369 1665.7639 588.4242 790.2601 1176.2323 918.8 250.8185 533.554 4713.0588 1797.0303;
];
