function solarprofile = ex_solar_profilesh1
%EX_WIND_PROFILE_D  Example wind_load_nyiso profile data for deterministic unit commitment.
% 2022.03.12
% Andres F. Ramirez


%% define constants
[GEN_BUS, PG, QG, QMAX, QMIN, VG, MBASE, GEN_STATUS, PMAX, PMIN, ...
    MU_PMAX, MU_PMIN, MU_QMAX, MU_QMIN, PC1, PC2, QC1MIN, QC1MAX, ...
    QC2MIN, QC2MAX, RAMP_AGC, RAMP_10, RAMP_30, RAMP_Q, APF] = idx_gen;
[CT_LABEL, CT_PROB, CT_TABLE, CT_TBUS, CT_TGEN, CT_TBRCH, CT_TAREABUS, ...
    CT_TAREAGEN, CT_TAREABRCH, CT_ROW, CT_COL, CT_CHGTYPE, CT_REP, ...
    CT_REL, CT_ADD, CT_NEWVAL, CT_TLOAD, CT_TAREALOAD, CT_LOAD_ALL_PQ, ...
    CT_LOAD_FIX_PQ, CT_LOAD_DIS_PQ, CT_LOAD_ALL_P, CT_LOAD_FIX_P, ...
    CT_LOAD_DIS_P, CT_TGENCOST, CT_TAREAGENCOST, CT_MODCOST_F, ...
    CT_MODCOST_X] = idx_ct;

solarprofile = struct( ...
    'type', 'mpcData', ...
    'table', CT_TGEN, ...
    'rows', [1:12], ...
    'col', PMAX, ...
    'chgtype', 1, ...
    'values', [] );
solarprofile.values(:,1,:) = [
	0.0 0.0 0.0 0.0 0.0 0.0 0.0 0.0 0.0 0.0 0.0 0.0;
	0.0 0.0 0.0 0.0 0.0 0.0 0.0 0.0 0.0 0.0 0.0 0.0;
	0.0 0.0 0.0 0.0 0.0 0.0 0.0 0.0 0.0 0.0 0.0 0.0;
	0.0 0.0 0.0 0.0 0.0 0.0 0.0 0.0 0.0 0.0 0.0 0.0;
	0.0 0.0 0.0 0.0 0.0 0.0 0.0 0.0 0.0 0.0 0.0 0.0;
	1.0111 0.8207 0.6949 0.0 0.0 11.693 1.4616 4.6495 1.714 0.0 0.0 0.0;
	3.7126 3.3546 3.5204 3.4173 6.0834 171.8992 21.4874 45.7412 85.9345 47.4247 7.1805 85.8865;
	16.4666 13.6758 11.7328 7.3259 9.6472 346.8737 43.3592 72.4703 186.8556 127.2015 47.8663 230.3627;
	23.3039 16.6083 13.8137 9.741 10.2089 402.8992 50.3624 76.3213 220.9016 225.518 125.0407 408.4145;
	25.7031 16.4778 13.8152 10.0847 9.2026 410.4993 51.3124 74.6278 176.122 201.3564 156.9561 364.6577;
	26.5874 16.7882 13.969 10.6326 10.2536 409.4372 51.1797 71.3283 195.6741 223.595 161.0911 404.9319;
	26.8221 16.8798 14.0959 10.165 10.4955 408.194 51.0243 67.847 213.7376 228.835 157.3948 414.4216;
	25.4775 16.1686 13.509 7.7006 8.2583 381.4714 47.6839 70.0318 185.6667 177.9814 94.0409 322.3253;
	22.869 16.0279 13.2912 6.0374 6.8685 367.364 45.9205 69.029 143.0211 165.2815 86.3061 299.3257;
	16.4791 12.2695 9.8304 5.5676 5.9038 358.2087 44.7761 64.8413 105.8751 148.9604 77.1584 269.7682;
	7.1182 3.9622 3.3026 4.2527 5.0268 334.92 41.865 38.6016 127.8939 81.5466 99.6633 147.6813;
	1.2552 0.9656 0.7956 0.8832 1.2911 93.4543 11.6818 11.6647 51.4333 17.5773 27.1432 31.8326;
	0.0 0.0 0.0 0.0 0.0 0.0 0.0 0.0 0.0 0.0 0.0 0.0;
	0.0 0.0 0.0 0.0 0.0 0.0 0.0 0.0 0.0 0.0 0.0 0.0;
	0.0 0.0 0.0 0.0 0.0 0.0 0.0 0.0 0.0 0.0 0.0 0.0;
	0.0 0.0 0.0 0.0 0.0 0.0 0.0 0.0 0.0 0.0 0.0 0.0;
	0.0 0.0 0.0 0.0 0.0 0.0 0.0 0.0 0.0 0.0 0.0 0.0;
	0.0 0.0 0.0 0.0 0.0 0.0 0.0 0.0 0.0 0.0 0.0 0.0;
	0.0 0.0 0.0 0.0 0.0 0.0 0.0 0.0 0.0 0.0 0.0 0.0;
];
