function solarprofile = ex_solar_profilesh1
%EX_WIND_PROFILE_D  Example wind_load_nyiso profile data for deterministic unit commitment.
% 2022.03.12
% Andres F. Ramirez


%% define constants
[GEN_BUS, PG, QG, QMAX, QMIN, VG, MBASE, GEN_STATUS, PMAX, PMIN, ...
    MU_PMAX, MU_PMIN, MU_QMAX, MU_QMIN, PC1, PC2, QC1MIN, QC1MAX, ...
    QC2MIN, QC2MAX, RAMP_AGC, RAMP_10, RAMP_30, RAMP_Q, APF] = idx_gen;
[CT_LABEL, CT_PROB, CT_TABLE, CT_TBUS, CT_TGEN, CT_TBRCH, CT_TAREABUS, ...
    CT_TAREAGEN, CT_TAREABRCH, CT_ROW, CT_COL, CT_CHGTYPE, CT_REP, ...
    CT_REL, CT_ADD, CT_NEWVAL, CT_TLOAD, CT_TAREALOAD, CT_LOAD_ALL_PQ, ...
    CT_LOAD_FIX_PQ, CT_LOAD_DIS_PQ, CT_LOAD_ALL_P, CT_LOAD_FIX_P, ...
    CT_LOAD_DIS_P, CT_TGENCOST, CT_TAREAGENCOST, CT_MODCOST_F, ...
    CT_MODCOST_X] = idx_ct;

solarprofile = struct( ...
    'type', 'mpcData', ...
    'table', CT_TGEN, ...
    'rows', [1:12], ...
    'col', PMAX, ...
    'chgtype', 1, ...
    'values', [] );
solarprofile.values(:,1,:) = [
	0.0 0.0 0.0 0.0 0.0 0.0 0.0 0.0 0.0 0.0 0.0 0.0;
	0.0 0.0 0.0 0.0 0.0 0.0 0.0 0.0 0.0 0.0 0.0 0.0;
	0.0 0.0 0.0 0.0 0.0 0.0 0.0 0.0 0.0 0.0 0.0 0.0;
	0.0 0.0 0.0 0.0 0.0 0.0 0.0 0.0 0.0 0.0 0.0 0.0;
	0.0 0.0 0.0 0.0 0.0 0.0 0.0 0.0 0.0 0.0 0.0 0.0;
	1.0216 0.8375 0.6984 0.0 0.0 9.4835 1.1854 4.1882 0.6066 0.0 0.0 0.0;
	10.99 9.129 6.0588 0.7258 0.7418 165.4332 20.6792 12.1017 82.6897 23.9979 0.0 43.4604;
	18.98 14.3821 11.5371 1.4426 1.0879 323.6131 40.4516 43.6334 140.2732 80.6205 21.7704 146.0042;
	23.1732 16.5899 13.8 5.0596 2.2274 372.0259 46.5032 56.6606 173.5681 172.7079 75.4805 312.775;
	25.1989 15.4815 13.6749 6.1934 5.3812 360.5734 45.0717 61.418 163.5442 134.6288 65.1684 243.8135;
	25.7028 16.5136 13.8 7.4344 7.6073 359.4793 44.9349 61.6072 185.7312 182.3282 105.794 330.1975;
	26.0172 16.5423 13.8639 7.2425 8.2183 355.6125 44.4516 59.2079 198.4676 233.1506 152.4289 422.2371;
	24.7176 15.9262 13.5127 4.196 5.4979 265.8492 33.2312 53.2588 113.5012 203.265 138.7669 368.1141;
	21.5064 14.0912 13.2689 2.2451 4.1961 260.3815 32.5477 47.7208 63.4035 163.994 105.6189 296.9941;
	15.3524 6.8437 9.6799 1.3375 3.4155 284.7614 35.5952 43.9074 45.6676 100.4464 61.3528 181.9091;
	6.7704 2.2889 3.2471 1.5311 3.9177 300.3137 37.5392 28.8505 71.3463 16.8584 15.6447 30.5306;
	1.4831 1.1109 0.8678 0.9532 1.7043 93.1841 11.648 12.3361 45.5596 7.9305 11.8219 14.3623;
	0.0 0.0 0.0 0.0 0.0 0.0 0.0 0.0 0.0 0.0 0.0 0.0;
	0.0 0.0 0.0 0.0 0.0 0.0 0.0 0.0 0.0 0.0 0.0 0.0;
	0.0 0.0 0.0 0.0 0.0 0.0 0.0 0.0 0.0 0.0 0.0 0.0;
	0.0 0.0 0.0 0.0 0.0 0.0 0.0 0.0 0.0 0.0 0.0 0.0;
	0.0 0.0 0.0 0.0 0.0 0.0 0.0 0.0 0.0 0.0 0.0 0.0;
	0.0 0.0 0.0 0.0 0.0 0.0 0.0 0.0 0.0 0.0 0.0 0.0;
	0.0 0.0 0.0 0.0 0.0 0.0 0.0 0.0 0.0 0.0 0.0 0.0;
];
