function loadprofile = ex_load_profilesh1
%EX_LOAD_PROFILE  Example load profile data file for stochastic unit commitment.
% 2022.03.12
% Andres F. Ramirez

%% define constants
[CT_LABEL, CT_PROB, CT_TABLE, CT_TBUS, CT_TGEN, CT_TBRCH, CT_TAREABUS, ...
    CT_TAREAGEN, CT_TAREABRCH, CT_ROW, CT_COL, CT_CHGTYPE, CT_REP, ...
    CT_REL, CT_ADD, CT_NEWVAL, CT_TLOAD, CT_TAREALOAD, CT_LOAD_ALL_PQ, ...
    CT_LOAD_FIX_PQ, CT_LOAD_DIS_PQ, CT_LOAD_ALL_P, CT_LOAD_FIX_P, ...
    CT_LOAD_DIS_P, CT_TGENCOST, CT_TAREAGENCOST, CT_MODCOST_F, ...
    CT_MODCOST_X] = idx_ct;

loadprofile = struct( ...
    'type', 'mpcData', ...
    'table', CT_TAREALOAD, ...
    'rows', [1:11], ...
    'col', CT_LOAD_ALL_P, ...
    'chgtype', 1, ...
    'values', [] );
loadprofile.values(:,1,:) = [
	1600.5458 893.7 1513.8646 535.3904 700.8682 1096.2 888.8148 222.4864 544.2733 4461.0089 1755.0541;
	1602.1534 910.073 1527.5027 534.836 706.9255 1107.5454 876.6818 215.8763 526.229 4352.512 1703.2622;
	1584.4802 908.2172 1520.6123 532.7753 701.7065 1096.6176 861.301 216.3168 524.0135 4353.9058 1718.6951;
	1613.5109 956.7806 1609.8805 563.2 748.6012 1164.8399 903.6018 227.8956 523.2488 4429.8133 1777.9672;
	1698.4233 1014.3944 1681.5366 565.287 800.0 1194.3822 963.7212 234.6716 545.6188 4632.4958 1884.7212;
	1718.4599 1062.2794 1789.8664 569.0443 849.725 1253.062 1022.2871 255.9962 596.6757 4831.3 1958.032;
	1767.9514 1117.3956 1900.872 582.039 964.4189 1289.1765 1057.8976 278.8916 624.6812 5082.7513 2010.9382;
	1804.4302 1171.2605 1942.0951 578.1826 1027.5783 1332.0087 1142.7449 312.1653 642.1404 5321.8122 2079.8508;
	1823.7436 1215.7383 1973.2593 572.9554 1031.261 1363.7907 1199.7788 325.1 687.0764 5636.0908 2176.7874;
	1832.128 1218.6254 1946.0161 573.7 1035.6842 1388.3434 1233.466 333.874 702.2875 5671.5745 2212.1395;
	1789.155 1211.8502 1922.3311 568.5899 982.9827 1303.6027 1207.1968 308.9 677.4317 5496.8452 2071.0203;
	1764.6 1203.8554 1894.9803 566.8142 963.6423 1334.1 1246.4381 310.947 655.4414 5490.0854 2041.7316;
	1730.3 1165.8513 1880.1863 556.3369 976.0618 1275.4768 1217.6986 306.8867 641.3727 5353.6709 2048.3423;
	1719.0437 1196.0676 1906.9137 556.6 979.4096 1278.7092 1270.1321 316.9663 641.5941 5413.9591 2002.0072;
	1745.2789 1225.4373 1938.1671 571.0455 1008.7524 1278.1974 1244.2443 327.6743 650.4162 5444.0136 2071.7601;
	1713.7647 1138.0881 1906.8526 573.6 1001.2605 1278.8429 1229.6105 320.1 635.9525 5501.2861 2199.3209;
	1731.3995 1133.944 1925.5137 582.6 985.7372 1307.4211 1238.6321 314.9 650.2783 5616.3194 2395.5916;
	1789.1336 1176.2665 2042.1895 597.6895 1046.0652 1387.5438 1269.9929 320.9542 697.6986 5629.4932 2422.2599;
	1821.8824 1208.9942 2016.0642 600.1496 1055.4133 1398.3025 1250.4992 339.0819 669.3 5470.021 2319.1976;
	1811.8228 1138.1838 1951.9263 580.6203 1007.5619 1321.7015 1230.5455 331.6803 660.1403 5362.2543 2222.4035;
	1759.1606 1088.9736 1847.6324 578.4 958.6007 1274.9 1111.9729 303.4776 616.7 5145.2218 2096.6;
	1674.2 998.966 1690.441 583.2 880.8934 1188.4188 1035.744 291.7 598.1521 4943.9228 1983.0356;
	1603.1654 956.4818 1623.4326 590.3 863.0 1125.1866 968.0 282.8341 567.715 4731.5199 1833.9182;
	1547.4638 913.2079 1634.7359 590.6352 834.712 1113.0512 919.3429 279.2007 535.9339 4585.8891 1743.9325;
];
