function loadprofile = ex_load_profilesh1
%EX_LOAD_PROFILE  Example load profile data file for stochastic unit commitment.
% 2022.03.12
% Andres F. Ramirez

%% define constants
[CT_LABEL, CT_PROB, CT_TABLE, CT_TBUS, CT_TGEN, CT_TBRCH, CT_TAREABUS, ...
    CT_TAREAGEN, CT_TAREABRCH, CT_ROW, CT_COL, CT_CHGTYPE, CT_REP, ...
    CT_REL, CT_ADD, CT_NEWVAL, CT_TLOAD, CT_TAREALOAD, CT_LOAD_ALL_PQ, ...
    CT_LOAD_FIX_PQ, CT_LOAD_DIS_PQ, CT_LOAD_ALL_P, CT_LOAD_FIX_P, ...
    CT_LOAD_DIS_P, CT_TGENCOST, CT_TAREAGENCOST, CT_MODCOST_F, ...
    CT_MODCOST_X] = idx_ct;

loadprofile = struct( ...
    'type', 'mpcData', ...
    'table', CT_TAREALOAD, ...
    'rows', [1:11], ...
    'col', CT_LOAD_ALL_P, ...
    'chgtype', 1, ...
    'values', [] );
loadprofile.values(:,1,:) = [
	1443.226 883.8201 1475.1212 517.6981 752.9462 1163.5646 852.3185 252.5202 538.8586 4313.4964 1707.3806;
	1432.9956 869.8 1447.5393 513.9 730.1692 1136.7395 839.3 250.9977 524.458 4247.97 1663.3085;
	1429.3818 883.7 1501.9059 532.7795 755.1 1163.6588 850.7272 263.4 528.016 4213.2755 1688.0;
	1480.9496 923.7 1563.8782 547.3642 772.0 1200.3988 868.7913 270.321 528.3 4340.5158 1738.0235;
	1529.438 964.8431 1653.9094 540.8029 856.9073 1262.33 912.4508 288.3075 543.8553 4525.7 1839.9301;
	1589.9707 1015.4789 1742.2225 529.8175 912.4072 1303.9515 957.8075 299.2 568.4364 4555.548 1884.3;
	1679.2654 1061.334 1819.5385 523.6934 975.4654 1353.5376 1010.7633 315.5664 613.0093 4998.186 2032.0399;
	1739.2464 1098.9519 1878.4503 544.3965 991.861 1407.1448 1044.6693 314.3227 656.2414 5256.9921 2172.8911;
	1734.4812 1101.9084 1877.4163 525.9533 973.7257 1423.4584 1051.9245 313.5714 654.5304 5320.9416 2220.6749;
	1708.0316 1074.3177 1870.2301 537.9051 947.1062 1398.6284 994.6061 315.3223 647.7842 5156.2179 2099.903;
	1678.8087 1041.9 1843.9423 563.27 902.3 1380.5198 1005.8679 298.3037 655.1296 5218.985 2100.8;
	1646.5171 989.9 1797.8492 551.5409 898.6323 1340.0115 993.0142 287.5 665.8048 5150.372 2113.196;
	1609.2897 967.5494 1747.9512 533.3789 857.8959 1307.0808 969.5658 273.4213 623.8409 5157.7573 1984.9707;
	1507.8496 918.0648 1712.2009 539.9725 888.0874 1267.0981 960.7 288.1118 615.2234 5163.8574 1967.7328;
	1543.8866 922.2969 1750.2997 546.7906 894.3348 1286.9866 976.4189 299.5728 617.47 5175.7985 1980.2998;
	1550.4058 966.3486 1780.8294 574.0665 931.0034 1319.0085 986.0861 298.1146 604.7582 5170.3633 2067.3807;
	1557.5434 1002.0399 1845.0089 576.3314 918.8839 1306.4566 1023.9437 311.8 617.152 5299.1798 2144.3793;
	1658.0179 1056.2249 1937.9601 591.1 968.9 1383.2226 1074.1 292.4377 637.6462 5387.3826 2237.5387;
	1642.5601 1087.5263 1926.6639 571.4864 969.0 1391.1199 1081.9243 312.9 633.667 5346.554 2288.7153;
	1616.1954 1022.9903 1834.9255 576.9219 947.739 1327.7802 1043.2426 306.7 631.8045 5276.4902 2249.0108;
	1612.0554 981.633 1768.1257 567.3291 908.8124 1272.8 1011.9312 307.5616 599.6342 5156.7022 2207.8206;
	1557.761 935.3641 1737.5502 567.7409 875.3 1189.7287 949.2148 299.1167 567.4798 4968.7839 2039.7818;
	1506.3 917.0513 1685.8 591.4679 876.0343 1185.9691 947.494 297.9603 556.9 4884.8161 1914.8603;
	1476.2651 895.46 1628.5761 602.1743 873.9333 1171.7 907.4 273.1281 551.0406 4771.1714 1844.4727;
];
