function windprofile = ex_wind_profilesh1
%EX_WIND_PROFILE_D  Example wind_load_nyiso profile data for deterministic unit commitment.
% 2022.03.12
% Andres F. Ramirez


%% define constants
[GEN_BUS, PG, QG, QMAX, QMIN, VG, MBASE, GEN_STATUS, PMAX, PMIN, ...
    MU_PMAX, MU_PMIN, MU_QMAX, MU_QMIN, PC1, PC2, QC1MIN, QC1MAX, ...
    QC2MIN, QC2MAX, RAMP_AGC, RAMP_10, RAMP_30, RAMP_Q, APF] = idx_gen;
[CT_LABEL, CT_PROB, CT_TABLE, CT_TBUS, CT_TGEN, CT_TBRCH, CT_TAREABUS, ...
    CT_TAREAGEN, CT_TAREABRCH, CT_ROW, CT_COL, CT_CHGTYPE, CT_REP, ...
    CT_REL, CT_ADD, CT_NEWVAL, CT_TLOAD, CT_TAREALOAD, CT_LOAD_ALL_PQ, ...
    CT_LOAD_FIX_PQ, CT_LOAD_DIS_PQ, CT_LOAD_ALL_P, CT_LOAD_FIX_P, ...
    CT_LOAD_DIS_P, CT_TGENCOST, CT_TAREAGENCOST, CT_MODCOST_F, ...
    CT_MODCOST_X] = idx_ct;

windprofile = struct( ...
    'type', 'mpcData', ...
    'table', CT_TGEN, ...
    'rows', [1:45], ...
    'col', PMAX, ...
    'chgtype', 1, ...
    'values', [] );
windprofile.values(:,1,:) = [
	3.6655 49.5286 91.9129 115.8493 14.5412 31.5774 29.2193 18.7839 27.6633 28.8719 53.3692 79.6164 119.862 67.1206 187.7492 70.7334 87.7618 93.0014 77.5738 69.155 9.7398 73.6806 75.2439 84.3468 101.5598 74.2754 13.2342 1266.0654 752.613 752.613 553.1264 109.1278 258.5793 178.0051 210.4323 321.1149 1200.2574 221.1595 472.0982 272.0352 112.9753 350.2986 195.8643 280.1804 1212.7601;
	3.7929 51.2507 93.9489 118.8036 14.8301 31.617 25.8837 19.0693 27.8344 30.0616 55.5684 82.8971 124.8012 67.4487 183.613 69.1751 85.8284 90.9525 83.0655 69.7634 8.6279 73.7729 75.4635 86.4345 102.7261 74.7089 13.6808 1324.1803 763.3099 763.3099 584.7434 96.0523 276.885 179.5711 211.4609 325.6789 1212.8162 206.3699 472.8237 275.1593 112.4444 350.7375 195.3105 276.018 1225.4497;
	3.8034 51.3919 93.7199 118.8882 15.1835 32.6079 22.8478 18.9975 28.1264 30.3263 56.0576 83.627 125.8999 67.0683 193.1193 72.7566 90.272 95.6614 86.4656 70.8208 7.6159 76.085 74.9228 86.866 103.7462 76.5368 13.6553 1314.1874 764.894 764.894 643.8533 90.4804 288.2188 182.2928 210.2681 326.3548 1266.725 218.8209 452.6985 277.8915 113.1332 361.7299 203.5542 272.4106 1279.92;
	3.6915 49.8796 93.2126 119.0497 15.2823 32.0399 24.316 18.8371 28.4341 31.0026 57.3079 85.4921 128.7079 68.5986 197.8855 74.5522 92.5 98.0223 87.9237 70.6472 8.1053 74.7597 75.1635 87.307 102.3734 75.8069 13.6376 1335.9707 767.225 767.225 646.8123 99.6698 293.0791 181.846 215.0658 327.3494 1280.0929 242.3427 470.6051 274.2145 112.4348 355.429 163.9982 273.7874 1293.4272;
	3.8141 51.5363 94.73 117.9018 15.4076 32.1145 30.4013 18.9207 28.4309 31.0677 57.4282 85.6716 128.9781 68.3503 200.2943 75.4597 93.626 99.2156 88.0099 71.9256 10.1338 74.9338 75.4467 85.6127 103.0195 76.1614 13.4621 1256.3132 732.3457 732.3457 632.3661 104.4913 293.3665 185.1367 214.2875 312.4675 1212.1427 231.2655 479.0899 275.9451 112.567 356.2568 189.5327 275.0043 1224.7692;
	3.8583 52.1337 91.9474 115.7817 15.387 32.3641 30.6565 18.7984 28.4885 30.9582 57.2258 85.3697 128.5236 68.3302 197.5362 74.4206 92.3367 97.8493 85.7522 70.369 10.2188 75.5163 74.6676 85.2164 101.099 74.174 13.3529 1275.6027 750.2518 750.2518 701.7237 106.9304 285.8407 181.1301 214.2245 320.1074 1207.7483 235.4443 478.0576 270.8008 113.821 359.0263 178.551 276.666 1220.329;
	3.741 50.5488 91.8118 116.7962 15.3527 31.9828 31.1444 19.0951 28.4745 30.1932 55.8117 83.2601 125.3476 68.5071 196.6289 74.0788 91.9126 97.3999 86.5783 71.6123 10.3815 74.6266 74.1027 86.5965 103.8577 75.2774 13.8222 1240.1302 733.8566 733.8566 677.8732 105.7686 288.5945 184.3303 214.779 313.1121 1229.2347 261.1232 477.7997 278.1902 116.3348 354.7962 162.1252 270.7828 1242.0392;
	3.8408 51.8978 93.0133 119.3366 15.1856 32.2049 31.1167 19.1872 28.4379 29.8245 55.1301 82.2432 123.8167 69.5237 196.4536 74.0128 91.8307 97.3131 86.9327 68.0935 10.3722 75.1448 73.2396 88.4801 104.7035 76.2708 13.9153 1278.3662 784.4218 784.4218 720.3616 112.7243 289.7755 175.2729 217.9661 334.6866 1305.4091 288.7236 479.4967 280.4559 115.1364 357.2599 175.41 280.3763 1319.0071;
	3.8306 51.7592 90.7226 116.0452 14.9355 31.4805 32.1255 18.4033 28.3375 30.4708 56.3248 84.0256 126.5 68.606 197.4284 74.38 92.2863 97.7959 90.6149 70.211 10.7085 73.4546 73.3314 86.2398 100.0643 71.9052 13.0464 1309.4517 808.0547 808.0547 778.5953 117.5012 302.0498 180.7232 215.089 344.77 1320.6009 312.9981 479.6872 268.0294 114.6502 349.2239 199.3596 279.4813 1334.3572;
	3.7717 50.9638 90.4863 113.1413 15.0786 31.8433 27.168 18.0781 28.4447 29.949 55.3603 82.5867 124.3338 67.6527 195.8234 73.7753 91.536 97.0009 87.7255 69.9845 9.056 74.3009 72.9627 86.2369 97.7791 71.8034 12.6543 1301.9776 805.277 805.277 729.1509 116.776 292.4182 180.1402 212.1003 343.5849 1263.3444 313.1277 478.9919 261.9083 109.5124 353.2479 203.411 274.541 1276.5042;
	3.8533 52.0665 90.9843 112.4727 15.1683 32.1926 29.6292 17.8393 28.4996 31.0661 57.4252 85.6671 128.9714 66.4043 193.9669 73.0759 90.6682 96.0813 90.2011 72.0142 9.8764 75.1161 73.4673 85.3902 98.2582 71.7456 12.8188 1277.7346 793.7487 793.7487 686.7064 113.9504 300.6704 185.3646 208.1865 338.6661 1282.2925 293.5786 478.3952 263.1915 116.3306 357.1236 211.685 275.1419 1295.6497;
	3.8785 52.4072 91.818 113.0441 15.3212 33.3946 28.8781 17.8302 28.4918 30.944 57.1996 85.3305 128.4647 67.3603 193.3333 72.8372 90.3721 95.7674 88.9635 70.7252 9.626 77.9207 73.8142 88.8722 101.073 72.9119 12.9448 1288.8257 775.0315 775.0315 687.6769 114.6317 296.5449 182.0468 211.1837 330.6801 1258.7198 274.9894 479.503 270.7312 119.259 370.4575 211.0604 274.0751 1271.8314;
	3.847 51.9819 89.8413 109.7031 15.3723 32.9504 27.9135 17.4704 28.4475 30.8441 57.0148 85.0548 128.0496 65.2208 192.7828 72.6298 90.1147 95.4947 90.0093 71.2421 9.3045 76.8843 73.6205 86.1088 99.738 72.8503 12.6367 1278.511 798.7458 798.7458 734.3764 115.6992 300.0308 183.3773 204.4759 340.7982 1247.5242 330.1519 474.2266 267.1555 118.581 365.53 207.6311 273.4057 1260.5193;
	3.8811 52.4428 91.8476 114.7494 15.2479 33.1036 28.7403 17.5942 28.4635 31.0734 57.4386 85.6871 129.0015 64.9648 199.3244 75.0943 93.1726 98.7351 91.653 72.9629 9.5801 77.2417 74.0657 85.9987 101.3333 72.0758 12.9278 1304.855 788.0651 788.0651 735.5548 114.9937 305.5101 187.8066 203.6735 336.2411 1264.5127 323.5641 478.0851 271.4285 116.4538 367.2292 204.9145 269.9997 1277.6847;
	3.8242 51.6731 94.7026 118.0389 15.3559 33.1103 25.1585 18.4788 28.478 31.0738 57.4394 85.6882 129.0032 65.5217 200.333 75.4743 93.644 99.2347 92.0348 73.441 8.3862 77.2573 75.2124 89.9166 105.2815 74.4594 13.4171 1327.4485 800.7379 800.7379 768.6119 117.2848 306.7826 189.0374 205.4195 341.6482 1278.5019 323.5451 474.1787 282.0039 117.8079 367.3033 201.6146 278.8004 1291.8197;
	3.9175 52.9347 93.5209 114.6854 15.3408 33.1252 27.4947 17.9496 28.387 30.2117 55.8459 83.3111 125.4245 68.5219 194.9654 73.4521 91.135 96.5759 90.5489 73.1432 9.1649 77.2921 70.7255 88.5883 101.2254 71.7832 13.0309 1268.2523 811.031 811.031 751.3957 116.3543 301.8295 188.2708 214.8254 346.0399 1205.2428 312.0714 477.9604 271.1396 115.4436 367.4685 202.7504 280.7265 1217.7974;
	3.9167 52.9229 92.1184 113.0993 14.9234 32.1397 24.0734 18.0573 28.2299 30.514 56.4047 84.1448 126.6795 67.8117 196.2989 73.9545 91.7583 97.2364 90.9371 72.2219 8.0245 74.9927 72.5496 87.4193 100.8866 59.5096 12.315 1233.624 786.7427 786.7427 688.4836 114.4789 303.1235 185.8993 212.599 335.6769 1184.3601 318.8034 472.4133 270.232 112.058 356.5365 194.2322 265.191 1196.6972;
	3.9132 52.8755 92.0756 115.8769 15.0002 31.0686 19.8527 14.8032 28.2352 29.836 55.1515 82.2751 123.8648 66.8152 188.5777 71.0456 88.1491 93.4117 89.71 71.7335 6.6176 72.4935 74.0442 87.9421 103.835 74.9289 10.8947 1248.0055 732.4444 732.4444 616.6489 112.0536 299.0332 184.6423 209.4746 312.5096 1186.4202 289.7189 467.9801 278.1295 114.6494 344.6548 184.4319 257.2763 1198.7788;
