function loadprofile = ex_load_profilesh1
%EX_LOAD_PROFILE  Example load profile data file for stochastic unit commitment.
% 2022.03.12
% Andres F. Ramirez

%% define constants
[CT_LABEL, CT_PROB, CT_TABLE, CT_TBUS, CT_TGEN, CT_TBRCH, CT_TAREABUS, ...
    CT_TAREAGEN, CT_TAREABRCH, CT_ROW, CT_COL, CT_CHGTYPE, CT_REP, ...
    CT_REL, CT_ADD, CT_NEWVAL, CT_TLOAD, CT_TAREALOAD, CT_LOAD_ALL_PQ, ...
    CT_LOAD_FIX_PQ, CT_LOAD_DIS_PQ, CT_LOAD_ALL_P, CT_LOAD_FIX_P, ...
    CT_LOAD_DIS_P, CT_TGENCOST, CT_TAREAGENCOST, CT_MODCOST_F, ...
    CT_MODCOST_X] = idx_ct;

loadprofile = struct( ...
    'type', 'mpcData', ...
    'table', CT_TAREALOAD, ...
    'rows', [1:11], ...
    'col', CT_LOAD_ALL_P, ...
    'chgtype', 1, ...
    'values', [] );
loadprofile.values(:,1,:) = [
	1464.9277 889.873 1480.0514 555.5859 690.8 1032.5146 775.9222 253.294 459.9241 4377.8489 1550.035;
	1477.117 886.1509 1428.8096 566.8347 667.5446 1004.7698 754.9194 240.4 436.6744 4155.7936 1419.155;
	1465.3264 873.9007 1433.7833 568.5052 674.1744 1005.7409 720.3998 229.5 429.6382 3852.4801 1358.6642;
	1515.3245 889.6423 1457.9472 561.6893 698.3944 1040.2312 741.6572 247.1383 458.3906 4037.5189 1479.2512;
	1630.0 963.9682 1611.3928 592.1 782.969 1158.4464 834.0567 270.9488 518.364 4380.3766 1662.5416;
	1694.457 1020.5494 1719.6958 607.9384 849.7 1231.9553 909.0483 289.6 558.6 4697.9318 1800.3387;
	1738.1151 1051.1419 1792.4354 607.1672 893.8204 1292.4922 951.9054 298.8637 581.5796 4896.3114 1935.7335;
	1740.123 1071.6073 1821.7092 609.0197 917.0109 1318.5608 976.1326 288.5 595.9002 5175.4 1944.9163;
	1772.5105 1088.8414 1876.2527 599.2132 948.4407 1290.4334 984.6487 301.8 618.7 5281.2842 1889.6981;
	1794.8 1118.9868 1913.1 595.1513 933.8519 1292.611 973.2269 298.0516 640.6968 5327.203 1871.6781;
	1816.5 1092.7206 1886.271 583.2408 897.0614 1344.487 1058.0252 315.5384 675.118 5470.5854 2022.0377;
	1804.5308 1072.9 1808.7413 599.9114 873.2693 1289.5 1031.0457 323.2447 671.1072 5519.6623 1910.0497;
	1810.8618 1068.3 1826.7685 590.2 900.9927 1290.9737 1059.8842 328.791 702.1862 5483.6631 2015.4611;
	1745.5 1056.7 1815.1751 595.4744 896.7203 1257.3 1058.9075 341.66 703.6122 5334.6149 1998.2;
	1783.107 1039.2 1790.435 598.8 895.2885 1246.1574 1032.1491 344.1271 683.5 5299.2949 1980.4987;
	1832.488 1047.7616 1827.5203 618.1784 890.3922 1314.588 1097.0366 371.5866 736.6984 5336.8 2038.9679;
	1863.8163 1066.8964 1839.5681 613.3 926.5366 1362.2106 1169.6984 390.7012 757.4021 5405.858 2206.2689;
	1836.4899 1087.1701 1893.5152 611.6 950.8 1403.1771 1139.4325 412.3967 731.6722 5448.7531 2243.2073;
	1877.0579 1106.7562 1896.0278 607.8 909.262 1393.4514 1131.8736 386.7132 704.9194 5417.7776 2215.9154;
	1840.4511 1055.9476 1837.1 597.3722 883.8524 1340.1061 1100.0 388.6895 648.6599 5325.0596 2175.0723;
	1798.6351 1002.3688 1717.2018 579.3401 810.9833 1264.3945 1030.9481 352.1952 635.4131 5257.313 2098.2171;
	1713.8841 955.4 1628.3053 576.9841 772.9965 1194.0758 969.9528 319.3578 595.8958 4977.6911 1967.3466;
	1650.1149 910.4397 1555.6449 611.6446 793.5055 1132.7854 905.1 283.1587 546.7 4848.8891 1829.0544;
	1572.4089 879.1 1521.7241 616.5852 795.5648 1072.6544 875.0722 280.3239 524.3328 4658.8137 1703.5421;
];
