function solarprofile = ex_solar_profilesh1
%EX_WIND_PROFILE_D  Example wind_load_nyiso profile data for deterministic unit commitment.
% 2022.03.12
% Andres F. Ramirez


%% define constants
[GEN_BUS, PG, QG, QMAX, QMIN, VG, MBASE, GEN_STATUS, PMAX, PMIN, ...
    MU_PMAX, MU_PMIN, MU_QMAX, MU_QMIN, PC1, PC2, QC1MIN, QC1MAX, ...
    QC2MIN, QC2MAX, RAMP_AGC, RAMP_10, RAMP_30, RAMP_Q, APF] = idx_gen;
[CT_LABEL, CT_PROB, CT_TABLE, CT_TBUS, CT_TGEN, CT_TBRCH, CT_TAREABUS, ...
    CT_TAREAGEN, CT_TAREABRCH, CT_ROW, CT_COL, CT_CHGTYPE, CT_REP, ...
    CT_REL, CT_ADD, CT_NEWVAL, CT_TLOAD, CT_TAREALOAD, CT_LOAD_ALL_PQ, ...
    CT_LOAD_FIX_PQ, CT_LOAD_DIS_PQ, CT_LOAD_ALL_P, CT_LOAD_FIX_P, ...
    CT_LOAD_DIS_P, CT_TGENCOST, CT_TAREAGENCOST, CT_MODCOST_F, ...
    CT_MODCOST_X] = idx_ct;

solarprofile = struct( ...
    'type', 'mpcData', ...
    'table', CT_TGEN, ...
    'rows', [1:12], ...
    'col', PMAX, ...
    'chgtype', 1, ...
    'values', [] );
solarprofile.values(:,1,:) = [
	0.0 0.0 0.0 0.0 0.0 0.0 0.0 0.0 0.0 0.0 0.0 0.0;
	0.0 0.0 0.0 0.0 0.0 0.0 0.0 0.0 0.0 0.0 0.0 0.0;
	0.0 0.0 0.0 0.0 0.0 0.0 0.0 0.0 0.0 0.0 0.0 0.0;
	0.0 0.0 0.0 0.0 0.0 0.0 0.0 0.0 0.0 0.0 0.0 0.0;
	0.0 0.0 0.0 0.0 0.0 0.0 0.0 0.0 0.0 0.0 0.0 0.0;
	1.0216 0.8269 0.7082 0.0 0.0 9.4835 1.1854 4.1882 0.9111 0.0 0.0 0.0;
	15.5883 9.5688 7.5224 9.1235 4.3364 70.7673 8.8459 8.9879 81.3085 128.8434 42.1284 233.3362;
	14.6544 10.7094 8.387 9.1881 6.6809 118.4526 14.8066 39.0357 144.1777 273.9841 92.1419 496.1869;
	12.8815 10.7499 9.6843 8.7236 6.95 216.1321 27.0165 53.25 181.6697 298.9676 111.4127 541.4321;
	22.9934 13.8388 11.0651 5.5929 4.575 265.6539 33.2067 57.7291 195.0166 139.0446 43.3888 251.8106;
	25.6144 15.6578 12.1793 6.0977 6.5554 321.427 40.1784 63.3797 222.7594 220.2826 110.0137 398.9331;
	25.6372 16.3323 12.8137 5.6337 7.5172 362.0478 45.256 70.123 246.1156 267.1275 154.7436 483.7696;
	24.5737 15.9262 13.3904 2.5255 4.5733 385.0439 48.1305 78.1765 251.2015 209.3941 109.6784 379.2139;
	22.5621 16.1652 12.9945 1.6453 3.4864 381.8731 47.7341 77.9395 245.6158 145.3738 75.5345 263.2729;
	19.7474 15.3326 10.3476 1.6302 3.0427 355.2586 44.4073 75.0023 222.1302 44.6134 35.8761 80.7951;
	11.2525 8.2274 5.413 2.5771 4.3283 242.4813 30.3102 51.2539 210.1422 0.8372 19.8465 1.5163;
	1.2988 1.0561 0.7779 0.8858 1.7736 79.8506 9.9813 15.6533 48.6097 10.1621 10.9955 18.4037;
	0.0 0.0 0.0 0.0 0.0 0.0 0.0 0.0 0.0 0.0 0.0 0.0;
	0.0 0.0 0.0 0.0 0.0 0.0 0.0 0.0 0.0 0.0 0.0 0.0;
	0.0 0.0 0.0 0.0 0.0 0.0 0.0 0.0 0.0 0.0 0.0 0.0;
	0.0 0.0 0.0 0.0 0.0 0.0 0.0 0.0 0.0 0.0 0.0 0.0;
	0.0 0.0 0.0 0.0 0.0 0.0 0.0 0.0 0.0 0.0 0.0 0.0;
	0.0 0.0 0.0 0.0 0.0 0.0 0.0 0.0 0.0 0.0 0.0 0.0;
	0.0 0.0 0.0 0.0 0.0 0.0 0.0 0.0 0.0 0.0 0.0 0.0;
];
