function loadprofile = ex_load_profilesh1
%EX_LOAD_PROFILE  Example load profile data file for stochastic unit commitment.
% 2022.03.12
% Andres F. Ramirez

%% define constants
[CT_LABEL, CT_PROB, CT_TABLE, CT_TBUS, CT_TGEN, CT_TBRCH, CT_TAREABUS, ...
    CT_TAREAGEN, CT_TAREABRCH, CT_ROW, CT_COL, CT_CHGTYPE, CT_REP, ...
    CT_REL, CT_ADD, CT_NEWVAL, CT_TLOAD, CT_TAREALOAD, CT_LOAD_ALL_PQ, ...
    CT_LOAD_FIX_PQ, CT_LOAD_DIS_PQ, CT_LOAD_ALL_P, CT_LOAD_FIX_P, ...
    CT_LOAD_DIS_P, CT_TGENCOST, CT_TAREAGENCOST, CT_MODCOST_F, ...
    CT_MODCOST_X] = idx_ct;

loadprofile = struct( ...
    'type', 'mpcData', ...
    'table', CT_TAREALOAD, ...
    'rows', [1:11], ...
    'col', CT_LOAD_ALL_P, ...
    'chgtype', 1, ...
    'values', [] );
loadprofile.values(:,1,:) = [
	1518.4534 847.2393 1478.4722 531.7 699.564 1111.5621 815.9878 234.4618 506.9848 4376.6304 1675.7895;
	1518.5573 849.4 1478.8 535.4013 698.8308 1118.3 806.7367 222.8926 495.1536 4291.3498 1668.2567;
	1522.7 867.2864 1497.1442 540.1 721.0617 1117.7761 821.1 222.4 504.0996 4252.0558 1664.9179;
	1555.6062 879.695 1535.2848 527.6665 715.9236 1152.9431 836.4859 242.0143 510.7056 4359.1562 1723.6682;
	1630.5 940.4783 1628.2458 554.6825 793.2221 1240.9538 902.4119 259.6 570.9163 4592.9197 1884.6009;
	1712.0 989.2 1720.5662 558.5 852.6809 1300.963 973.5765 299.939 587.0072 4784.6524 1972.1536;
	1749.7 1022.8629 1814.3948 545.5333 928.9384 1357.5102 1038.216 307.8 623.9832 5090.8585 2042.625;
	1794.2728 1055.3 1842.6275 546.8003 944.6027 1385.9892 1065.893 315.5814 642.1987 5274.7812 2087.6786;
	1807.1273 1070.5547 1839.2346 526.3003 937.7563 1375.3148 1090.3329 320.726 657.2695 5442.6888 2143.4;
	1824.9256 1079.5839 1872.588 532.4009 962.0588 1405.7394 1128.3077 326.1 658.6278 5489.6222 2135.7332;
	1794.2343 1066.0 1848.6251 533.6895 965.3496 1373.9716 1119.0869 320.0 647.8215 5494.5426 2036.0184;
	1767.0164 1048.601 1840.7181 533.9574 939.7448 1373.3885 1099.7409 307.8429 666.6678 5535.9926 2050.1477;
	1758.9379 1032.4787 1786.2973 534.1076 907.7891 1366.4336 1052.1752 294.5736 635.1957 5423.1661 1966.6699;
	1738.8291 1021.7839 1787.1058 501.5799 912.4083 1326.2462 1059.3476 312.6857 635.8398 5513.1832 2018.9063;
	1746.3476 1025.998 1811.6475 535.3819 923.6 1355.4283 1067.4337 317.038 642.3928 5657.205 2057.6017;
	1794.2553 1053.7977 1858.6286 541.3064 960.3843 1395.9179 1097.0506 323.1686 648.3812 5605.6114 2166.728;
	1771.4215 1048.1565 1834.1928 557.4575 977.9411 1408.0163 1089.384 343.3218 661.1758 5614.2557 2206.9144;
	1788.3 1086.2074 1877.4181 571.5557 1017.6 1492.7 1178.9034 351.1071 663.6 5758.1293 2275.7477;
	1839.2 1103.76 1895.3227 572.0478 983.5201 1465.6942 1123.9436 336.9816 652.8168 5499.7189 2260.1171;
	1812.0959 1051.0397 1829.7783 556.6 925.9195 1377.2807 1116.7415 318.6419 622.178 5371.4668 2209.214;
	1750.742 990.6784 1758.6826 538.8572 838.4652 1310.2483 1091.8555 303.4577 613.5893 5241.1009 2068.0453;
	1628.494 936.5378 1652.3362 544.0993 768.398 1220.9151 1036.5363 287.6645 578.9 5027.0693 1948.7932;
	1605.4 901.9 1536.336 584.2905 746.0154 1144.5 961.6695 264.2754 559.1 4877.182 1842.0536;
	1598.0791 891.7946 1554.4727 585.4833 757.7332 1116.4541 931.7563 267.0612 549.1944 4657.8 1739.3238;
];
