function solarprofile = ex_solar_profilesh1
%EX_WIND_PROFILE_D  Example wind_load_nyiso profile data for deterministic unit commitment.
% 2022.03.12
% Andres F. Ramirez


%% define constants
[GEN_BUS, PG, QG, QMAX, QMIN, VG, MBASE, GEN_STATUS, PMAX, PMIN, ...
    MU_PMAX, MU_PMIN, MU_QMAX, MU_QMIN, PC1, PC2, QC1MIN, QC1MAX, ...
    QC2MIN, QC2MAX, RAMP_AGC, RAMP_10, RAMP_30, RAMP_Q, APF] = idx_gen;
[CT_LABEL, CT_PROB, CT_TABLE, CT_TBUS, CT_TGEN, CT_TBRCH, CT_TAREABUS, ...
    CT_TAREAGEN, CT_TAREABRCH, CT_ROW, CT_COL, CT_CHGTYPE, CT_REP, ...
    CT_REL, CT_ADD, CT_NEWVAL, CT_TLOAD, CT_TAREALOAD, CT_LOAD_ALL_PQ, ...
    CT_LOAD_FIX_PQ, CT_LOAD_DIS_PQ, CT_LOAD_ALL_P, CT_LOAD_FIX_P, ...
    CT_LOAD_DIS_P, CT_TGENCOST, CT_TAREAGENCOST, CT_MODCOST_F, ...
    CT_MODCOST_X] = idx_ct;

solarprofile = struct( ...
    'type', 'mpcData', ...
    'table', CT_TGEN, ...
    'rows', [1:12], ...
    'col', PMAX, ...
    'chgtype', 1, ...
    'values', [] );
solarprofile.values(:,1,:) = [
	0.0 0.0 0.0 0.0 0.0 0.0 0.0 0.0 0.0 0.0 0.0 0.0;
	0.0 0.0 0.0 0.0 0.0 0.0 0.0 0.0 0.0 0.0 0.0 0.0;
	0.0 0.0 0.0 0.0 0.0 0.0 0.0 0.0 0.0 0.0 0.0 0.0;
	0.0 0.0 0.0 0.0 0.0 0.0 0.0 0.0 0.0 0.0 0.0 0.0;
	0.0 0.0 0.0 0.0 0.0 0.0 0.0 0.0 0.0 0.0 0.0 0.0;
	1.019 0.8394 0.7197 0.0 0.0 14.8661 1.8583 4.7576 3.6368 0.0 0.0 0.0;
	12.043 13.9972 10.1257 3.2662 6.0082 71.805 8.9756 34.5988 73.3539 46.4782 29.8028 84.1722;
	19.0103 15.7895 12.2183 3.8253 4.2974 76.0507 9.5063 30.8879 50.8114 48.0242 43.5526 86.9722;
	23.3042 16.6083 13.8 5.93 3.0711 85.2837 10.6605 19.7156 28.5572 64.5479 49.3502 116.8966;
	25.2049 16.3661 13.8 5.508 2.41 76.2147 9.5268 12.8736 7.6304 47.4201 30.1512 85.8781;
	25.6433 16.5136 13.8 6.2905 5.3119 82.5236 10.3154 42.9086 19.2373 138.3963 51.5066 250.6366;
	25.6262 16.5214 13.8 5.5329 6.8269 204.1433 25.5179 56.8612 56.888 203.072 96.4456 367.7645;
	13.7979 14.7563 13.1706 1.8444 4.2548 335.5637 41.9455 60.5516 75.1476 148.3497 109.1579 268.6622;
	8.5134 7.7383 10.9463 1.1658 2.6278 318.3851 39.7981 51.7515 45.0786 117.0682 94.7543 212.0111;
	6.6115 6.2595 7.1611 1.3357 1.7396 251.2803 31.41 41.7818 26.456 83.0303 67.6354 150.3684;
	6.8561 5.0678 5.1701 2.9296 2.3065 136.4116 17.0515 37.5127 25.7574 40.6141 35.1009 73.5523;
	1.3427 1.0888 0.8268 0.9288 1.107 84.9969 10.6246 15.6972 41.4073 13.8955 10.8452 25.1649;
	0.0 0.0 0.0 0.0 0.0 0.0 0.0 0.0 0.0 0.0 0.0 0.0;
	0.0 0.0 0.0 0.0 0.0 0.0 0.0 0.0 0.0 0.0 0.0 0.0;
	0.0 0.0 0.0 0.0 0.0 0.0 0.0 0.0 0.0 0.0 0.0 0.0;
	0.0 0.0 0.0 0.0 0.0 0.0 0.0 0.0 0.0 0.0 0.0 0.0;
	0.0 0.0 0.0 0.0 0.0 0.0 0.0 0.0 0.0 0.0 0.0 0.0;
	0.0 0.0 0.0 0.0 0.0 0.0 0.0 0.0 0.0 0.0 0.0 0.0;
	0.0 0.0 0.0 0.0 0.0 0.0 0.0 0.0 0.0 0.0 0.0 0.0;
];
