function windprofile = ex_wind_profilesh1
%EX_WIND_PROFILE_D  Example wind_load_nyiso profile data for deterministic unit commitment.
% 2022.03.12
% Andres F. Ramirez


%% define constants
[GEN_BUS, PG, QG, QMAX, QMIN, VG, MBASE, GEN_STATUS, PMAX, PMIN, ...
    MU_PMAX, MU_PMIN, MU_QMAX, MU_QMIN, PC1, PC2, QC1MIN, QC1MAX, ...
    QC2MIN, QC2MAX, RAMP_AGC, RAMP_10, RAMP_30, RAMP_Q, APF] = idx_gen;
[CT_LABEL, CT_PROB, CT_TABLE, CT_TBUS, CT_TGEN, CT_TBRCH, CT_TAREABUS, ...
    CT_TAREAGEN, CT_TAREABRCH, CT_ROW, CT_COL, CT_CHGTYPE, CT_REP, ...
    CT_REL, CT_ADD, CT_NEWVAL, CT_TLOAD, CT_TAREALOAD, CT_LOAD_ALL_PQ, ...
    CT_LOAD_FIX_PQ, CT_LOAD_DIS_PQ, CT_LOAD_ALL_P, CT_LOAD_FIX_P, ...
    CT_LOAD_DIS_P, CT_TGENCOST, CT_TAREAGENCOST, CT_MODCOST_F, ...
    CT_MODCOST_X] = idx_ct;

windprofile = struct( ...
    'type', 'mpcData', ...
    'table', CT_TGEN, ...
    'rows', [1:45], ...
    'col', PMAX, ...
    'chgtype', 1, ...
    'values', [] );
windprofile.values(:,1,:) = [
	3.7077 50.0998 92.3671 113.486 15.2094 31.5035 28.7809 18.4588 27.4824 29.542 54.6079 81.4643 122.644 67.6229 197.8026 74.521 92.4612 97.9813 86.5582 70.8326 9.5936 73.5083 74.4875 87.0395 103.0737 71.7673 13.5345 1265.7968 755.5305 755.5305 567.301 110.8835 288.5272 182.3234 212.007 322.3597 1200.279 225.9893 450.7194 276.0901 119.5428 349.4793 196.1714 283.0983 1212.7819;
	3.6972 49.9576 91.509 114.7346 15.295 31.074 25.7559 18.5604 27.2867 29.229 54.0293 80.6011 121.3445 66.3042 182.0121 68.572 85.0801 90.1595 85.3629 69.3777 8.5853 72.5061 71.9794 86.6809 103.741 70.7834 13.5535 1264.7719 757.3333 757.3333 593.5679 104.9271 284.5431 178.5784 207.8727 323.1289 1171.2364 227.4424 450.7595 277.8776 119.4192 344.7147 193.0556 272.942 1183.4368;
	3.7165 50.2174 91.9354 113.0963 15.2108 32.6141 22.0598 18.7017 27.599 30.1495 55.7308 83.1394 125.1659 64.0551 191.4848 72.1408 89.508 94.8518 88.3162 70.2408 7.3533 76.0995 73.374 87.2841 102.5194 75.3287 13.8498 1266.4861 746.3113 746.3113 608.8024 101.4518 294.3872 180.8001 200.8215 318.4261 1224.7354 234.4369 428.52 274.6055 121.0964 361.799 194.7936 273.193 1237.4931;
	3.8321 51.7807 92.9711 115.6922 15.308 32.469 23.4527 18.642 27.4112 30.8351 56.9983 85.0302 128.0125 66.0139 202.6038 76.3298 94.7055 100.3595 89.2971 72.6309 7.8176 75.761 75.3437 88.7118 102.2228 75.1893 13.7185 1292.0042 802.7212 802.7212 662.0921 103.0407 297.657 186.9522 206.9624 342.4944 1263.6657 270.8509 434.8815 273.8111 121.0698 360.1895 157.0598 276.4249 1276.8289;
	3.7414 50.5541 93.3352 115.1901 15.3268 32.8608 29.7543 18.8783 27.6195 31.2446 57.7551 86.1593 129.7123 66.7994 203.2039 76.5559 94.986 100.6568 90.6044 73.7715 9.9181 76.6753 75.7925 88.6707 101.7993 76.0526 13.9305 1275.5215 818.5021 818.5021 682.3616 108.8968 302.0147 189.888 209.4252 349.2276 1265.0349 265.4575 444.8055 272.6768 119.8091 364.5362 184.44 278.5957 1278.2124;
	3.7661 50.8876 93.9744 119.5804 15.252 33.1294 28.6977 19.123 28.0505 31.2763 57.8138 86.2468 129.8441 67.6817 205.4647 77.4076 96.0428 101.7767 90.9349 73.7902 9.5659 77.3019 75.636 90.0551 105.7286 75.0632 14.1252 1252.4637 790.5502 790.5502 718.8233 112.3294 303.1162 189.9361 212.1914 337.3014 1201.7226 254.3822 449.4914 283.2015 123.2686 367.5153 174.4242 281.6625 1214.2406;
	3.7331 50.4419 93.6314 120.0425 15.3541 34.1972 30.3669 19.1308 28.3881 31.0718 57.4357 85.6828 128.995 66.3453 203.8828 76.8117 95.3034 100.9931 88.3341 73.9378 10.1223 79.7935 75.6046 89.5658 103.6529 75.2048 14.1009 1232.4594 799.885 799.885 728.7012 107.1681 294.4471 190.3161 208.0014 341.2843 1214.4408 293.0963 455.4084 277.6417 122.8324 379.3612 163.9361 279.1497 1227.0912;
	3.8589 52.1426 91.9733 120.5704 15.2091 34.4419 29.8594 19.1202 28.4131 31.2576 57.7791 86.1951 129.7662 67.8884 203.8904 76.8145 95.3069 100.9969 92.6416 73.6416 9.9531 80.3645 75.691 89.2262 103.7676 72.9583 13.866 1275.0693 845.0868 845.0868 769.3169 115.5852 308.8052 189.5537 212.8393 360.5704 1268.811 307.113 457.3167 277.9488 123.0801 382.0759 172.163 276.5935 1282.0278;
	3.7723 50.9719 87.7057 115.4882 14.6694 33.9197 30.3104 18.9466 28.2794 31.34 57.9316 86.4225 130.1086 68.8632 200.9261 75.6977 93.9213 99.5285 92.7275 73.9326 10.1035 79.1459 75.3571 86.7197 102.1738 71.3894 13.3943 1251.927 800.4811 800.4811 762.4635 115.6346 309.0917 190.3028 215.8955 341.5386 1227.2124 323.6366 465.725 273.6799 123.3765 376.2823 200.5021 270.5076 1239.9959;
	3.8381 51.8616 92.0803 117.0068 15.0946 34.05 24.9937 18.8583 27.9756 30.7146 56.7755 84.6979 127.5122 67.7894 197.251 74.3132 92.2034 97.7081 90.9125 72.7374 8.3312 79.4499 74.2079 88.0726 102.0127 70.9127 13.9117 1242.32 816.3376 816.3376 701.3041 113.8482 303.0417 187.2262 212.529 348.3041 1206.0458 323.5115 466.7587 273.2484 123.6734 377.7278 211.4714 268.1012 1218.6088;
	3.725 50.3331 89.2695 114.5453 14.7808 32.994 28.1017 18.7533 28.1888 31.1028 57.4931 85.7684 129.1238 67.7114 195.6643 73.7154 91.4617 96.9221 92.0149 73.7421 9.3672 76.9861 73.8716 85.4625 100.8424 69.819 13.8307 1231.5987 791.6445 791.6445 689.0886 112.6144 306.7165 189.8123 212.2844 337.7683 1223.0754 301.5013 472.2381 270.1136 120.9463 366.0138 202.2554 265.5393 1235.8158;
	3.7243 50.3233 93.6498 117.329 15.0381 33.2659 26.8247 18.8567 27.3842 30.6886 56.7275 84.6262 127.4043 68.719 197.0139 74.2239 92.0926 97.5906 92.6356 72.7045 8.9416 77.6205 73.4274 86.1867 102.4881 67.1089 13.7824 1229.6927 793.5952 793.5952 713.303 114.4694 308.7854 187.1416 215.4433 338.6006 1222.433 306.2583 463.1912 274.5217 120.962 369.0299 206.4637 270.081 1235.1667;
	3.715 50.198 93.8839 114.688 15.2051 33.7208 26.5424 18.3456 26.9966 30.5797 56.5262 84.326 126.9523 67.8156 191.2908 72.0677 89.4173 94.7557 92.6386 72.3649 8.8475 78.6819 73.0552 83.3091 102.4822 69.3504 13.6592 1240.5703 782.3528 782.3528 733.1955 114.5168 308.7953 186.2675 212.611 333.8039 1225.6504 312.4639 456.0905 274.5058 122.1454 374.0765 212.188 264.3844 1238.4176;
	3.6511 49.3338 94.7519 118.9109 14.9788 32.79 26.6038 18.6616 27.6278 30.1657 55.7609 83.1843 125.2336 67.3557 192.8306 72.6478 90.1371 95.5184 92.9189 73.9166 8.8679 76.51 73.0097 86.2865 101.6591 71.1518 14.0177 1242.8036 768.2678 768.2678 738.1747 114.2579 309.7295 190.2615 211.1693 327.7942 1230.6706 317.1258 467.2 272.3011 122.3675 363.7505 206.0467 269.7743 1243.4901;
	3.5748 48.3029 92.6642 114.5242 14.1745 31.8126 22.5462 18.4262 26.5111 29.9751 55.4085 82.6585 124.442 68.7486 190.3502 71.7133 88.9777 94.2898 91.1385 72.3336 7.5154 74.2293 73.8126 87.551 99.9256 70.9367 13.9183 1260.6902 775.7864 775.7864 763.1635 116.8765 303.7951 186.1868 215.5363 331.0022 1219.9657 320.4635 463.5197 267.6579 121.6109 352.9073 199.3307 274.0931 1232.6736;
	3.4062 46.0249 89.9135 112.6913 14.2639 31.0867 23.4198 18.2429 26.8392 30.2534 55.9229 83.4259 125.5973 67.5855 182.3031 68.6816 85.2161 90.3036 91.1341 71.3989 7.8066 72.5357 72.3531 85.7478 97.8427 69.4872 13.4031 1234.2142 751.7739 751.7739 725.0619 113.4014 303.7802 183.781 211.8898 320.7568 1153.2412 286.1236 454.3385 262.0788 121.5292 344.8553 195.5856 264.7215 1165.2542;
	3.5597 48.0993 87.23 109.3436 14.3222 28.1455 19.7759 17.5961 26.3621 29.5586 54.6386 81.51 122.7128 66.973 189.5518 71.4125 88.6044 93.8943 90.2119 68.637 6.592 65.6729 71.6454 81.8789 95.9002 58.8228 12.4958 1176.3875 711.458 711.458 661.6371 113.7843 300.7063 176.6717 209.9695 303.5554 1103.3515 306.8997 445.0151 256.8756 119.5114 312.2276 184.5879 252.3364 1114.8447;
	3.5021 47.3214 87.3232 100.4473 14.4902 26.4893 17.1445 12.8164 27.019 28.8831 53.39 79.6474 119.9087 65.5069 188.2853 70.9354 88.0124 93.2669 86.2451 67.9392 5.7148 61.8084 73.0714 82.5885 95.9599 68.8504 9.161 1168.1936 707.6644 707.6644 642.3785 111.9499 287.4837 174.8757 205.373 301.9368 1139.6324 286.5922 443.8002 257.0354 118.8263 293.8547 170.3507 239.4246 1151.5036;
