function solarprofile = ex_solar_profilesh1
%EX_WIND_PROFILE_D  Example wind_load_nyiso profile data for deterministic unit commitment.
% 2022.03.12
% Andres F. Ramirez


%% define constants
[GEN_BUS, PG, QG, QMAX, QMIN, VG, MBASE, GEN_STATUS, PMAX, PMIN, ...
    MU_PMAX, MU_PMIN, MU_QMAX, MU_QMIN, PC1, PC2, QC1MIN, QC1MAX, ...
    QC2MIN, QC2MAX, RAMP_AGC, RAMP_10, RAMP_30, RAMP_Q, APF] = idx_gen;
[CT_LABEL, CT_PROB, CT_TABLE, CT_TBUS, CT_TGEN, CT_TBRCH, CT_TAREABUS, ...
    CT_TAREAGEN, CT_TAREABRCH, CT_ROW, CT_COL, CT_CHGTYPE, CT_REP, ...
    CT_REL, CT_ADD, CT_NEWVAL, CT_TLOAD, CT_TAREALOAD, CT_LOAD_ALL_PQ, ...
    CT_LOAD_FIX_PQ, CT_LOAD_DIS_PQ, CT_LOAD_ALL_P, CT_LOAD_FIX_P, ...
    CT_LOAD_DIS_P, CT_TGENCOST, CT_TAREAGENCOST, CT_MODCOST_F, ...
    CT_MODCOST_X] = idx_ct;

solarprofile = struct( ...
    'type', 'mpcData', ...
    'table', CT_TGEN, ...
    'rows', [1:12], ...
    'col', PMAX, ...
    'chgtype', 1, ...
    'values', [] );
solarprofile.values(:,1,:) = [
	0.0 0.0 0.0 0.0 0.0 0.0 0.0 0.0 0.0 0.0 0.0 0.0;
	0.0 0.0 0.0 0.0 0.0 0.0 0.0 0.0 0.0 0.0 0.0 0.0;
	0.0 0.0 0.0 0.0 0.0 0.0 0.0 0.0 0.0 0.0 0.0 0.0;
	0.0 0.0 0.0 0.0 0.0 0.0 0.0 0.0 0.0 0.0 0.0 0.0;
	0.0 0.0 0.0 0.0 0.0 0.0 0.0 0.0 0.0 0.0 0.0 0.0;
	1.1243 1.0096 0.7966 0.0 0.0 9.4862 1.1858 4.1882 0.4191 0.0 0.0 0.0;
	8.5277 7.0586 5.9749 2.0995 0.8341 326.2607 40.7826 25.0702 112.6617 107.9905 29.7481 195.5715;
	16.8873 13.631 11.4259 4.9403 5.3842 332.8092 41.6012 48.3113 167.0029 180.6318 76.3303 327.1253;
	23.2227 16.6083 13.8 7.2188 8.8743 332.5091 41.5636 56.0522 185.8421 268.5728 123.0335 486.387;
	25.8539 16.6666 14.2096 5.1805 7.9125 184.3017 23.0377 57.3963 174.2729 253.2556 140.5075 458.6474;
	26.7964 17.2842 14.3597 4.9241 6.2937 136.1065 17.0133 57.2581 182.1616 311.4742 175.845 564.0817;
	26.9047 17.3243 14.2833 5.2025 5.0517 151.1781 18.8973 56.2523 186.7207 331.9536 196.8985 601.17;
	25.2057 16.2027 13.4455 6.4557 3.3791 222.7981 27.8498 55.7877 178.3795 310.5682 141.0051 562.4409;
	21.4316 15.4605 12.3603 6.0761 3.5167 236.6347 29.5793 55.7896 162.1172 259.9496 101.7838 470.7703;
	14.2626 9.2073 6.4908 5.7824 2.8453 209.9236 26.2405 52.9556 127.0027 159.1334 67.2796 288.1916;
	5.9907 3.2355 2.6853 4.3148 1.9272 78.451 9.8064 29.2838 94.6595 44.9454 35.4737 81.3964;
	1.6111 1.0569 0.8173 1.1005 1.0819 62.1024 7.7628 11.4895 32.2684 13.3371 12.3116 24.1536;
	0.0 0.0 0.0 0.0 0.0 0.0 0.0 0.0 0.0 0.0 0.0 0.0;
	0.0 0.0 0.0 0.0 0.0 0.0 0.0 0.0 0.0 0.0 0.0 0.0;
	0.0 0.0 0.0 0.0 0.0 0.0 0.0 0.0 0.0 0.0 0.0 0.0;
	0.0 0.0 0.0 0.0 0.0 0.0 0.0 0.0 0.0 0.0 0.0 0.0;
	0.0 0.0 0.0 0.0 0.0 0.0 0.0 0.0 0.0 0.0 0.0 0.0;
	0.0 0.0 0.0 0.0 0.0 0.0 0.0 0.0 0.0 0.0 0.0 0.0;
	0.0 0.0 0.0 0.0 0.0 0.0 0.0 0.0 0.0 0.0 0.0 0.0;
];
