function windprofile = ex_wind_profilesh1
%EX_WIND_PROFILE_D  Example wind_load_nyiso profile data for deterministic unit commitment.
% 2022.03.12
% Andres F. Ramirez


%% define constants
[GEN_BUS, PG, QG, QMAX, QMIN, VG, MBASE, GEN_STATUS, PMAX, PMIN, ...
    MU_PMAX, MU_PMIN, MU_QMAX, MU_QMIN, PC1, PC2, QC1MIN, QC1MAX, ...
    QC2MIN, QC2MAX, RAMP_AGC, RAMP_10, RAMP_30, RAMP_Q, APF] = idx_gen;
[CT_LABEL, CT_PROB, CT_TABLE, CT_TBUS, CT_TGEN, CT_TBRCH, CT_TAREABUS, ...
    CT_TAREAGEN, CT_TAREABRCH, CT_ROW, CT_COL, CT_CHGTYPE, CT_REP, ...
    CT_REL, CT_ADD, CT_NEWVAL, CT_TLOAD, CT_TAREALOAD, CT_LOAD_ALL_PQ, ...
    CT_LOAD_FIX_PQ, CT_LOAD_DIS_PQ, CT_LOAD_ALL_P, CT_LOAD_FIX_P, ...
    CT_LOAD_DIS_P, CT_TGENCOST, CT_TAREAGENCOST, CT_MODCOST_F, ...
    CT_MODCOST_X] = idx_ct;

windprofile = struct( ...
    'type', 'mpcData', ...
    'table', CT_TGEN, ...
    'rows', [1:45], ...
    'col', PMAX, ...
    'chgtype', 1, ...
    'values', [] );
windprofile.values(:,1,:) = [
	3.7651 50.8744 93.0958 115.3673 15.0942 33.232 29.2252 19.021 27.9912 28.7819 53.2029 79.3682 119.4884 68.3733 194.8559 73.4108 91.0838 96.5217 81.0943 73.1883 9.7417 77.5414 74.0907 87.0248 106.0137 73.1919 13.9609 1266.677 727.0283 727.0283 589.8854 112.613 270.3142 188.3869 214.3594 310.1987 1236.1138 222.0363 456.5654 283.9651 121.6032 368.654 191.2348 276.6322 1248.9899;
	3.8753 52.3644 93.6867 115.6216 15.1773 33.1522 26.6323 18.903 26.9087 27.8914 51.5569 76.9128 115.7917 68.2873 186.7711 70.3649 87.3046 92.5169 78.0684 71.1051 8.8774 77.3552 71.5001 88.3036 105.3128 73.9329 13.8544 1268.0003 733.9154 733.9154 628.5181 111.8307 260.2279 183.0248 214.0899 313.1372 1211.1606 228.4006 453.0771 282.0879 118.5656 367.7687 191.5558 273.4404 1223.7768;
	3.7697 50.9371 94.2072 115.8675 14.8147 33.6724 20.9989 19.0145 26.4002 28.2597 52.2376 77.9282 117.3205 66.9687 199.901 75.3115 93.4421 99.0207 83.1184 72.7837 6.9996 78.569 70.4719 88.9233 106.135 75.8647 14.0437 1229.5297 708.103 708.103 632.779 102.4111 277.0614 187.3454 209.956 302.1239 1196.4767 233.4905 408.9765 284.2903 118.551 373.5393 185.5705 271.5352 1208.94;
	3.5786 48.3544 87.3702 111.576 13.9616 31.7671 22.9194 18.2548 26.2953 22.9353 42.3955 63.2457 95.2161 68.0464 200.4085 75.5027 93.6793 99.2721 84.4085 72.8436 7.6398 74.1232 69.2328 86.4874 101.101 71.1284 13.4178 1253.9816 739.836 739.836 639.5828 106.1998 281.3617 187.4996 213.3348 315.6634 1234.08 247.796 434.6852 270.8063 116.6142 352.403 149.186 262.5242 1246.935;
	3.6482 49.2947 88.2218 111.0677 13.9593 31.6864 30.0163 18.2645 26.5595 28.0589 51.8664 77.3744 116.4868 67.7563 200.0001 75.3489 93.4884 99.0698 86.3807 73.6692 10.0054 73.935 71.3463 82.4375 99.1753 71.3407 13.1461 1252.6156 753.2038 753.2038 691.6318 111.7175 287.9357 189.6247 212.4253 321.367 1203.2924 245.2951 457.8085 265.6482 121.1314 351.508 185.7226 261.1343 1215.8267;
	3.6396 49.179 89.9659 111.98 13.9747 32.9636 29.6857 17.4579 27.1626 28.3624 52.4274 78.2114 117.7468 67.8951 204.8194 77.1645 95.7411 101.457 86.5636 73.5382 9.8952 76.9151 70.4178 83.5103 98.4652 69.3053 13.2448 1236.5203 763.6221 763.6221 724.8027 115.1711 288.5454 189.2875 212.8602 325.8121 1176.4038 250.0117 460.0093 263.7461 121.4319 365.6764 180.1369 261.9168 1188.658;
	3.4666 46.841 90.908 110.693 14.3178 32.7 31.2319 17.4312 26.716 28.7186 53.0859 79.1937 119.2257 68.1824 203.3027 76.5931 95.0322 100.7057 88.3877 73.7832 10.4106 76.3 72.6163 84.4064 100.6955 69.7802 13.4773 1246.8868 785.0115 785.0115 729.7843 112.5125 294.6257 189.9181 213.7611 334.9382 1262.2676 291.0213 458.7179 269.7201 120.0319 362.7522 157.1082 249.3404 1275.4162;
	3.5871 48.4691 89.914 111.1109 14.3826 33.5361 30.3767 17.4089 27.2095 29.0099 53.6244 79.9971 120.4352 68.0061 202.7165 76.3723 94.7582 100.4154 89.2322 73.5547 10.1256 78.2509 71.1785 86.1976 99.875 69.8044 13.1569 1269.9922 794.7152 794.7152 725.6252 114.8173 297.4408 189.3301 213.2084 339.0785 1272.2046 298.7277 454.5141 267.5224 121.7669 372.0272 172.0369 263.8708 1285.4567;
	3.5988 48.6278 90.2461 111.1542 14.9103 34.5416 31.6985 17.5065 27.0546 29.9621 55.3845 82.6228 124.3882 69.5221 204.6998 77.1195 95.6853 101.3978 91.965 73.6568 10.5662 80.5972 70.8761 86.3593 100.6254 69.4139 12.9382 1262.2786 785.5919 785.5919 731.492 115.7119 306.5502 189.5928 217.9611 335.1859 1243.2194 311.8091 460.8838 269.5323 120.8132 383.1819 204.7483 265.7987 1256.1696;
	3.5991 48.6322 92.5859 114.8967 15.2271 33.7528 26.1101 18.1896 27.2076 28.8716 53.3686 79.6155 119.8607 69.3107 204.5486 77.0625 95.6146 101.3229 90.1647 73.7762 8.7034 78.7566 72.4212 89.3426 103.2407 71.817 12.9012 1235.218 808.292 808.292 740.3546 119.6143 300.5489 189.9001 217.2984 344.8712 1209.5778 315.5685 442.8517 276.5375 122.0985 374.4314 206.245 268.1848 1222.1776;
	3.6992 49.9837 90.0734 112.3648 15.2344 33.7171 27.4981 18.4736 27.4749 30.1789 55.7852 83.2205 125.288 68.7887 203.3296 76.6032 95.0448 100.7191 90.5038 73.9677 9.166 78.6732 72.8943 87.5348 100.9792 69.01 13.2999 1262.4292 817.2693 817.2693 783.2931 120.8039 301.6794 190.393 215.6618 348.7016 1301.7491 330.7209 448.2601 270.48 119.529 374.0349 206.7897 268.8305 1315.309;
	3.8083 51.4582 93.894 116.977 15.419 34.2758 27.0285 18.9028 28.278 29.7506 54.9935 82.0395 123.51 69.4367 200.0936 75.3841 93.5321 99.1161 89.5094 73.7685 9.0095 79.9769 73.4574 89.574 103.3414 70.4661 13.4489 1282.7774 813.9282 813.9282 775.2705 122.1201 298.3648 189.8802 217.6934 347.276 1328.4002 344.5283 469.2882 276.8073 122.2895 380.233 208.7607 276.2947 1342.2377;
	3.8322 51.7813 93.5258 117.2654 15.3434 34.2396 26.8825 19.1603 27.936 30.468 56.3197 84.0179 126.4885 69.3434 198.7188 74.8661 92.8895 98.4351 89.4542 72.7603 8.9608 79.8924 73.7095 88.8922 105.5392 75.0924 13.8941 1284.3073 835.8807 835.8807 811.8515 122.9274 298.1808 187.2851 217.4009 356.6424 1323.6145 354.9263 467.9913 282.6944 121.9582 379.8311 209.3219 274.2256 1337.4021;
	3.7988 51.3304 92.1784 115.6494 15.2577 34.2846 25.7922 19.1691 27.2205 29.6843 54.8709 81.8566 123.2347 68.8345 191.8443 72.2762 89.676 95.0298 86.9468 72.3864 8.5974 79.9973 74.1317 88.8252 105.3131 75.916 14.0819 1299.59 826.9402 826.9402 801.5584 122.4307 289.8226 186.3227 215.8055 352.8278 1308.0635 343.9019 456.866 282.0885 120.2633 380.3302 209.5532 283.4863 1321.6892;
	3.6426 49.2201 88.6848 111.1001 14.706 32.6501 21.5668 18.9395 26.8357 28.6525 52.9638 79.0115 118.9514 68.4286 191.3583 72.0931 89.4489 94.7891 86.6224 72.9607 7.1889 76.1835 74.4303 87.5274 102.581 74.4698 13.3923 1266.8787 804.429 804.429 793.9946 120.8758 288.7414 187.801 214.5329 343.223 1263.4364 330.5386 459.6074 274.7706 117.1124 362.1982 205.7034 274.5076 1276.5972;
	3.7553 50.7425 92.1745 113.9399 14.9365 34.177 23.1458 18.8703 27.9976 29.5794 54.677 81.5674 122.7993 67.801 189.4515 71.3747 88.5575 93.8446 90.8723 72.0424 7.7153 79.7463 72.1168 89.3121 104.1939 73.9132 13.0425 1232.8149 789.3491 789.3491 757.8928 121.4861 302.9076 185.4374 212.5652 336.7889 1185.3764 308.9178 466.9854 279.0909 117.4706 379.1368 209.5059 282.5774 1197.7241;
	3.6878 49.8305 87.9053 108.7955 14.0911 31.3084 21.0351 17.9086 26.7177 28.687 53.0276 79.1067 119.0947 64.8488 191.6836 72.2157 89.6009 94.9502 88.77 70.2385 7.0117 73.053 69.3018 85.8946 99.9361 61.9278 11.804 1236.8812 748.6546 748.6546 674.9776 114.2335 295.8999 180.794 203.3097 319.426 1130.796 300.872 456.6863 267.6859 114.1917 347.3147 192.0283 258.1542 1142.5751;
	3.6502 49.3227 87.349 104.5135 14.113 28.6107 18.9468 14.442 26.2122 27.642 51.0958 76.2248 114.7561 67.3484 189.6766 71.4596 88.6628 93.9561 84.4735 69.6179 6.3156 66.7584 70.2049 86.4718 99.7181 73.5051 9.56 1241.193 738.4662 738.4662 636.0147 106.888 281.5785 179.1967 211.1462 315.0789 1216.0514 274.1126 459.2126 267.1021 112.9053 317.3885 177.9175 240.7774 1228.7186;
