function windprofile = ex_wind_profilesh1
%EX_WIND_PROFILE_D  Example wind_load_nyiso profile data for deterministic unit commitment.
% 2022.03.12
% Andres F. Ramirez


%% define constants
[GEN_BUS, PG, QG, QMAX, QMIN, VG, MBASE, GEN_STATUS, PMAX, PMIN, ...
    MU_PMAX, MU_PMIN, MU_QMAX, MU_QMIN, PC1, PC2, QC1MIN, QC1MAX, ...
    QC2MIN, QC2MAX, RAMP_AGC, RAMP_10, RAMP_30, RAMP_Q, APF] = idx_gen;
[CT_LABEL, CT_PROB, CT_TABLE, CT_TBUS, CT_TGEN, CT_TBRCH, CT_TAREABUS, ...
    CT_TAREAGEN, CT_TAREABRCH, CT_ROW, CT_COL, CT_CHGTYPE, CT_REP, ...
    CT_REL, CT_ADD, CT_NEWVAL, CT_TLOAD, CT_TAREALOAD, CT_LOAD_ALL_PQ, ...
    CT_LOAD_FIX_PQ, CT_LOAD_DIS_PQ, CT_LOAD_ALL_P, CT_LOAD_FIX_P, ...
    CT_LOAD_DIS_P, CT_TGENCOST, CT_TAREAGENCOST, CT_MODCOST_F, ...
    CT_MODCOST_X] = idx_ct;

windprofile = struct( ...
    'type', 'mpcData', ...
    'table', CT_TGEN, ...
    'rows', [1:45], ...
    'col', PMAX, ...
    'chgtype', 1, ...
    'values', [] );
windprofile.values(:,1,:) = [
	3.6819 49.7511 90.7979 118.1466 14.6778 33.0387 29.0579 18.1662 27.3953 27.1876 50.2559 74.9719 112.8697 67.0265 180.008 67.817 84.1433 89.1668 60.0654 68.0518 9.686 77.0902 73.3369 84.1736 101.6922 72.7966 13.3474 1273.6827 746.9219 746.9219 552.671 111.8883 200.2182 175.1654 210.1372 318.6867 1266.5751 225.4005 457.4377 272.3897 114.7085 366.5088 203.4425 274.0868 1279.7686;
	3.6251 48.9826 89.0496 117.0212 14.5723 32.0457 26.5644 18.3707 26.9269 27.9915 51.7419 77.1887 116.2072 65.6801 157.53 59.3485 73.6361 78.0323 63.7072 67.3786 8.8548 74.7733 71.3754 86.4207 101.5886 71.9504 13.528 1287.4722 769.105 769.105 593.6082 105.2875 212.3573 173.4326 205.9159 328.1514 1268.2531 218.6695 457.3192 272.1124 116.1966 355.4936 187.9603 267.5425 1281.4641;
	3.5468 47.9254 87.4149 114.6887 14.2712 32.0895 22.1964 17.7297 27.5162 26.7761 49.4953 73.8372 111.1616 64.3892 183.9675 69.3087 85.9941 91.1281 73.941 66.5568 7.3988 74.8756 69.0044 86.0115 99.1336 73.5055 13.2459 1249.6616 770.1056 770.1056 612.5537 90.7653 246.47 171.3173 201.8689 328.5784 1284.6489 206.825 428.0026 265.5364 117.9976 355.9801 190.0474 260.4238 1298.0307;
	3.3569 45.3598 86.7529 111.1776 14.689 31.2302 22.9038 16.9549 27.7891 27.8415 51.4647 76.7752 115.5846 64.8188 189.7725 71.4957 88.7076 94.0036 81.6081 66.7811 7.6346 72.8704 70.0371 85.0603 97.1083 69.1833 12.8156 1292.9834 750.5033 750.5033 604.9798 101.0368 272.0269 171.8947 203.2156 320.2147 1294.3825 239.1845 428.2507 260.1114 112.8355 346.4466 154.6748 261.6582 1307.8656;
	3.1281 42.2673 84.5691 107.6137 14.2475 29.0177 30.0071 14.8918 27.1588 28.245 52.2105 77.8878 117.2597 64.9084 191.8742 72.2875 89.69 95.0447 83.7431 69.4062 10.0024 67.7081 69.9811 81.6255 95.7532 68.1292 12.1487 1262.1059 631.6784 631.6784 599.3312 104.5777 279.1438 178.6518 203.4966 269.5161 1208.6653 237.6465 444.7147 256.4818 113.1001 321.9035 173.1325 234.3899 1221.2556;
	3.1698 42.8307 86.2757 109.0605 14.6786 31.8071 29.078 16.9176 28.0306 23.7566 43.9136 65.5105 98.6257 65.8892 195.8703 73.793 91.558 97.0241 84.6589 67.5073 9.6927 74.2165 56.9574 83.8541 96.3751 69.8934 12.6693 1254.2277 716.0913 716.0913 638.861 105.5051 282.1964 173.7639 206.5716 305.5323 1212.8624 234.7868 440.7688 258.1476 112.3015 352.8464 163.0043 251.8537 1225.4964;
	3.4068 46.0338 86.6448 110.2055 14.6522 31.6838 30.809 17.5136 28.3896 27.3893 50.6287 75.528 113.7071 65.9203 194.5699 73.3031 90.9501 96.38 85.0092 69.6462 10.2697 73.929 69.0995 82.8108 94.6232 70.4682 13.1031 1221.0538 711.1017 711.1017 601.8672 103.8471 283.3641 179.2695 206.6692 303.4034 1196.3163 276.8371 454.2748 253.4549 113.7737 351.4795 154.3172 222.1516 1208.7779;
	2.7942 37.7555 86.7256 109.3928 14.3275 31.9406 29.7605 17.4697 27.8113 22.9391 42.4026 63.2563 95.232 66.5559 198.2474 74.6886 92.6691 98.2016 85.6551 66.2896 9.9202 74.528 69.2545 84.5458 94.0818 70.3711 12.8975 1292.4633 702.5987 702.5987 633.1221 114.4015 285.5169 170.6297 208.6617 299.7754 1249.8478 300.4354 440.0192 252.0047 113.7945 354.3274 167.9544 238.7956 1262.867;
	3.359 45.3875 87.1735 110.1029 14.9222 33.5399 31.2463 17.5454 27.3995 29.5965 54.7086 81.6145 122.8702 67.1949 199.3384 75.0996 93.1791 98.742 89.7837 69.4892 10.4154 78.2599 73.3996 84.9632 95.7367 70.6304 12.6294 1310.6883 737.9446 737.9446 709.3029 117.96 299.2789 178.8653 210.665 314.8564 1263.734 320.364 441.7883 256.4376 118.0611 372.0697 201.5575 261.1685 1276.8979;
	3.6083 48.7558 87.6759 108.9691 15.0094 33.4683 24.4114 17.2616 26.7629 29.9829 55.4229 82.6801 124.4745 65.6296 196.0551 73.8626 91.6443 97.1156 86.7597 67.8648 8.1371 78.0928 74.3182 86.7411 97.5511 69.5532 12.1321 1306.0433 808.3882 808.3882 728.2211 115.5801 289.199 174.6842 205.7576 344.9123 1270.903 320.8659 427.1447 261.2975 116.3232 371.2755 202.0039 266.8234 1284.1416;
	3.6499 49.3181 90.9146 111.1272 15.2204 32.674 27.246 18.0821 27.6939 31.2225 57.7144 86.0985 129.6209 65.0023 198.713 74.864 92.8868 98.4322 88.2415 71.7049 9.082 76.2393 75.5916 87.976 100.2167 71.9724 12.7967 1312.7854 808.5353 808.5353 724.3885 113.7627 294.1382 184.5685 203.791 344.9751 1291.8934 323.1122 437.5271 268.4376 120.5515 362.4634 204.8911 272.8967 1305.3506;
	3.7286 50.3819 93.7786 114.596 15.3888 33.9964 26.6872 17.7434 27.9515 31.2066 57.6849 86.0546 129.5547 66.4936 199.8957 75.3095 93.4396 99.0181 92.1851 70.3172 8.8957 79.3249 75.8075 88.2873 99.9274 69.6646 12.9575 1309.1852 811.0675 811.0675 749.1743 117.1203 307.2837 180.9966 208.4665 346.0555 1282.7466 329.1325 454.598 267.6628 121.1197 377.1333 211.1675 276.8448 1296.1085;
	3.6806 49.7326 93.7124 114.2342 15.3616 33.6574 24.8974 17.9007 26.8903 30.8059 56.9443 84.9497 127.8912 67.0089 198.9383 74.9488 92.9921 98.5438 90.1629 70.8085 8.2991 78.534 75.486 87.4399 101.8257 71.4719 13.1848 1283.9343 791.8183 791.8183 703.6359 114.5712 300.543 182.2613 210.082 337.8425 1250.1613 326.424 437.3404 272.7473 122.2674 373.373 208.525 273.8207 1263.1838;
	3.7505 50.6775 92.5306 116.5325 15.0836 32.9458 26.4274 17.7021 27.6053 29.9547 55.3708 82.6023 124.3573 68.1226 200.9746 75.716 93.9439 99.5525 90.5905 71.0951 8.8091 76.8734 73.6908 85.7234 99.3558 69.4785 13.0781 1310.6295 803.9298 803.9298 726.0291 118.4081 301.9684 182.999 213.5736 343.01 1284.0823 322.862 452.2179 266.1317 117.0798 365.4782 206.9227 270.6637 1297.4582;
	3.7866 51.165 94.1525 118.246 15.2251 34.2038 22.3021 18.3615 27.1597 29.7957 55.0769 82.1639 123.6973 68.8879 191.9867 72.3299 89.7426 95.1004 87.2778 70.4643 7.434 79.809 74.4094 89.0689 102.763 72.3132 13.7766 1269.263 781.8351 781.8351 748.2084 120.4419 290.926 181.3754 215.973 333.583 1244.3916 330.0106 442.9769 275.2579 117.5492 379.4346 205.3679 276.7568 1257.354;
	3.8576 52.1252 95.185 120.6101 15.2574 34.3704 23.1063 19.0504 26.876 29.7843 55.0558 82.1324 123.6499 69.1579 176.0399 66.322 82.2884 87.2012 84.4351 67.5249 7.7021 80.1977 71.7892 89.164 106.4171 69.8592 13.8026 1265.109 783.6027 783.6027 727.5767 118.4734 281.4503 173.8092 216.8193 334.3372 1205.6809 317.3089 452.4821 285.0459 120.9438 381.2826 198.8717 282.7351 1218.2401;
	3.7997 51.3416 92.0195 115.4586 15.0404 32.0153 21.2624 17.758 26.7126 30.2679 55.9498 83.4661 125.6578 67.9942 185.0856 69.7299 86.5168 91.6819 85.167 67.1093 7.0875 74.7023 74.6248 84.6291 102.5947 53.1237 12.5054 1228.045 768.5271 768.5271 651.4865 115.3889 283.8898 172.7396 213.171 327.9049 1200.8889 323.5923 440.5272 274.8071 114.6919 355.1561 187.67 255.4475 1213.3982;
	3.8825 52.4614 93.4631 115.916 15.1917 31.3285 17.9399 13.4629 26.9215 29.7357 54.9659 81.9983 123.448 66.7572 178.6212 67.2945 83.495 88.4798 82.8916 65.235 5.98 73.0997 73.7495 87.2456 102.7944 69.484 10.2854 1219.7034 731.1889 731.1889 647.8749 112.2245 276.3052 167.915 209.2928 311.9739 1220.4762 286.4235 438.5925 275.3421 117.4725 347.5371 184.3894 250.8664 1233.1895;
