function windprofile = ex_wind_profilesh1
%EX_WIND_PROFILE_D  Example wind_load_nyiso profile data for deterministic unit commitment.
% 2022.03.12
% Andres F. Ramirez


%% define constants
[GEN_BUS, PG, QG, QMAX, QMIN, VG, MBASE, GEN_STATUS, PMAX, PMIN, ...
    MU_PMAX, MU_PMIN, MU_QMAX, MU_QMIN, PC1, PC2, QC1MIN, QC1MAX, ...
    QC2MIN, QC2MAX, RAMP_AGC, RAMP_10, RAMP_30, RAMP_Q, APF] = idx_gen;
[CT_LABEL, CT_PROB, CT_TABLE, CT_TBUS, CT_TGEN, CT_TBRCH, CT_TAREABUS, ...
    CT_TAREAGEN, CT_TAREABRCH, CT_ROW, CT_COL, CT_CHGTYPE, CT_REP, ...
    CT_REL, CT_ADD, CT_NEWVAL, CT_TLOAD, CT_TAREALOAD, CT_LOAD_ALL_PQ, ...
    CT_LOAD_FIX_PQ, CT_LOAD_DIS_PQ, CT_LOAD_ALL_P, CT_LOAD_FIX_P, ...
    CT_LOAD_DIS_P, CT_TGENCOST, CT_TAREAGENCOST, CT_MODCOST_F, ...
    CT_MODCOST_X] = idx_ct;

windprofile = struct( ...
    'type', 'mpcData', ...
    'table', CT_TGEN, ...
    'rows', [1:45], ...
    'col', PMAX, ...
    'chgtype', 1, ...
    'values', [] );
windprofile.values(:,1,:) = [
	3.8868 52.5188 93.2206 118.6404 15.3808 34.7523 29.5926 18.3982 27.8693 27.0262 49.9575 74.5268 112.1996 66.8748 192.3052 72.4498 89.8915 95.2581 87.2911 72.27 9.8642 81.0888 72.1108 85.7527 103.5383 72.5036 13.6679 1242.6436 749.0187 749.0187 537.5333 109.965 290.9704 186.0232 209.6614 319.5813 1169.5556 216.237 462.1585 277.3348 121.8074 385.5191 195.9693 284.3251 1181.7385;
	3.8774 52.3923 95.0285 119.3051 15.4096 34.0978 25.956 18.5577 27.162 28.6487 52.9566 79.0009 118.9354 66.0312 187.3218 70.5724 87.5621 92.7896 89.4809 71.77 8.652 79.5615 71.4012 88.9474 103.6309 73.3527 13.9312 1243.4658 723.3971 723.3971 578.6708 106.3418 298.2697 184.7361 207.0167 308.6494 1149.078 219.999 454.6976 277.5828 120.8925 378.2581 174.4342 277.1771 1161.0476;
	3.8123 51.5119 94.6218 119.0741 15.4098 34.004 21.5267 18.8908 27.78 30.4229 56.2363 83.8934 126.3011 67.1292 201.3393 75.8534 94.1144 99.7332 90.0543 72.708 7.1756 79.3427 73.4033 90.1223 104.5785 75.9782 14.1261 1242.2392 723.6127 723.6127 588.2605 98.865 300.181 187.1506 210.4591 308.7414 1211.0308 216.6789 429.9806 280.1209 121.5467 377.2177 169.4348 270.9401 1223.6457;
	3.6994 49.9869 94.1652 117.8347 15.3349 32.5484 22.0615 18.1959 27.4112 30.8221 56.9741 84.9942 127.9583 68.033 202.79 76.4 94.7925 100.4518 89.1683 72.7496 7.3538 75.9463 74.1072 89.8087 102.6987 71.8612 13.6856 1249.8142 740.5383 740.5383 619.7449 99.1193 297.2275 187.2577 213.2926 315.963 1223.9137 231.8419 442.4735 275.0857 119.7536 361.0705 132.2559 273.8065 1236.6628;
	3.757 50.7649 92.3443 114.7633 15.2746 33.3683 29.5426 17.9142 27.7788 31.0199 57.3398 85.5397 128.7795 68.105 200.8271 75.6605 93.875 99.4795 86.6468 72.5165 9.8475 77.8593 75.4088 89.0645 101.9026 72.9988 13.4167 1212.2129 740.1508 740.1508 636.382 101.9821 288.8226 186.6576 213.5183 315.7977 1184.3846 227.4917 454.9111 272.9534 117.0284 370.1655 172.5108 265.6614 1196.7219;
	3.7555 50.745 91.0477 113.3677 15.2242 33.8601 28.6253 17.7029 28.1308 31.3694 57.9858 86.5034 130.2304 68.3754 204.7914 77.154 95.728 101.4432 89.947 72.5756 9.5418 79.0069 75.7484 87.644 99.7347 72.088 13.2222 1221.6865 759.3769 759.3769 677.5215 109.5554 299.8234 186.8098 214.3661 324.0008 1133.7236 224.3001 458.1896 267.1464 120.0587 375.6215 169.0197 272.4888 1145.5332;
	3.6907 49.8701 88.687 112.2036 15.1777 34.2951 31.0158 17.1223 28.2623 31.2907 57.8404 86.2865 129.9038 69.4983 204.3045 76.9705 95.5005 101.202 89.9577 72.7593 10.3386 80.0219 75.6822 85.7672 98.5395 69.4355 12.9812 1229.2865 796.9939 796.9939 719.5041 110.6937 299.8591 187.2827 217.8867 340.0507 1224.3084 272.6068 471.9445 263.9451 116.5819 380.447 153.1165 258.5558 1237.0616;
	3.7755 51.0157 90.2246 117.3403 14.7963 34.6152 30.0968 17.4056 27.9009 31.1643 57.6067 85.9378 129.3789 69.8475 204.3706 76.9954 95.5314 101.2347 91.2339 71.103 10.0323 80.7688 75.5492 86.3799 99.7375 71.2449 13.2931 1262.6145 837.9723 837.9723 743.3473 115.0496 304.113 183.0193 218.9814 357.5348 1264.6908 301.7149 464.1403 267.1541 118.4077 383.9979 164.3033 266.1275 1277.8647;
	3.8216 51.638 93.1671 116.3328 15.1707 34.7557 31.7705 17.3965 28.0805 30.9963 57.2962 85.4746 128.6816 69.7213 204.1443 76.9102 95.4256 101.1227 91.8116 71.4093 10.5902 81.0967 75.3464 87.0462 100.4473 71.9214 13.0722 1317.7922 823.0958 823.0958 769.2091 116.4847 306.0386 183.8078 218.5858 351.1875 1287.3898 309.7566 464.9863 269.0552 118.2793 385.5568 196.6845 264.3128 1300.8001;
	3.9063 52.7822 94.4566 118.9136 15.4028 35.06 27.1647 17.9021 28.3933 30.9188 57.153 85.2611 128.3601 69.6764 204.1911 76.9278 95.4475 101.1458 92.8668 72.2418 9.0549 81.8067 74.6214 89.6745 104.8868 73.6393 13.4944 1323.5479 850.1737 850.1737 779.5863 120.5897 309.5561 185.9506 218.4448 362.7408 1316.4204 338.2951 469.1296 280.9467 119.5581 388.9327 212.5031 271.3985 1330.1331;
	3.9231 53.0093 94.5431 118.6967 15.3899 35.1417 28.7678 18.0496 27.4323 30.1953 55.8155 83.2658 125.3562 69.6619 199.798 75.2727 93.394 98.9697 91.7696 72.0566 9.5893 81.9972 72.9475 88.3665 104.7828 72.4327 13.8615 1319.4885 851.281 851.281 778.9047 123.2555 305.8986 185.474 218.3995 363.2132 1346.175 340.7244 465.5734 280.6683 119.4532 389.8381 216.2858 274.409 1360.1977;
	3.9172 52.9306 94.7407 120.4791 15.413 35.1426 27.7289 18.282 27.8617 29.4254 54.3925 81.1429 122.1601 69.1688 199.973 75.3387 93.4758 99.0564 88.2362 69.8813 9.243 81.9993 74.0617 89.7843 105.0024 71.4592 13.8662 1298.7029 840.4084 840.4084 783.7058 122.2325 294.1206 179.8746 216.8536 358.5742 1324.6074 344.9343 467.7526 281.2565 121.3611 389.8481 215.4071 271.569 1338.4054;
	3.9101 52.8334 94.487 120.1556 15.4187 35.0487 29.5136 17.7349 28.3033 29.176 53.9313 80.4549 121.1245 68.89 201.3263 75.8485 94.1084 99.7268 91.692 68.9384 9.8379 81.7804 72.7951 88.3568 104.1912 70.0514 13.5349 1343.0395 847.6897 847.6897 783.1334 117.6322 305.6399 177.4476 215.9793 361.6809 1348.0764 342.8717 475.289 279.0837 121.742 388.8073 217.6143 273.8463 1362.1189;
	3.8947 52.6259 94.9228 120.6134 15.4217 35.0512 28.3894 18.2159 27.9882 28.7623 53.1667 79.3143 119.4072 68.7735 202.0668 76.1275 94.4545 100.0936 88.4825 71.2533 9.4631 81.7862 73.0037 87.3363 103.1556 71.4515 13.9116 1352.2026 832.986 832.986 756.7241 118.0126 294.9416 183.4062 215.6141 355.4074 1329.83 329.1801 476.0191 276.3096 120.598 388.835 214.2309 274.329 1343.6824;
	3.9228 53.0051 94.9477 120.5387 15.4187 35.0291 24.2264 18.2783 27.3607 28.5442 52.7636 78.7129 118.5019 67.4329 193.8815 73.0437 90.6283 96.039 85.5895 69.2894 8.0755 81.7345 73.4864 89.7689 103.2746 72.1945 13.8534 1322.3956 798.5199 798.5199 761.264 117.1729 285.2982 178.3511 211.4112 340.7018 1297.9164 330.5429 475.2616 276.6283 120.8408 388.5892 213.2153 278.1412 1311.4364;
	3.8158 51.5601 94.383 120.1967 15.3054 34.1112 24.5592 18.3449 27.0832 29.5622 54.6453 81.52 122.728 66.6466 195.9711 73.831 91.6051 97.074 88.0858 71.6573 8.1864 79.5928 73.4523 88.7194 101.8497 70.0792 13.6587 1254.4566 754.408 754.408 724.0701 118.8543 293.6192 184.4462 208.9461 321.8807 1219.1799 311.9759 471.0019 272.8118 121.7196 378.4068 200.168 275.2221 1231.8797;
	3.829 51.7387 93.4906 117.8762 15.1912 32.6592 23.473 18.1427 27.7069 29.9086 55.2856 82.4753 124.166 68.3106 194.7496 73.3708 91.0341 96.469 84.6334 72.9347 7.8243 76.2048 75.3237 83.649 98.2885 56.7611 13.1316 1227.0498 761.7736 761.7736 691.343 118.5867 282.1114 187.7342 214.1629 325.0234 1209.9726 315.5944 464.0947 263.2728 116.9612 362.2995 189.223 258.8788 1222.5764;
	3.6156 48.8543 90.3113 112.5003 14.7314 29.355 20.0665 13.3009 27.8726 28.3482 52.4013 78.1724 117.6882 65.8951 191.944 72.3138 89.7226 95.0792 88.0327 73.2977 6.6888 68.495 72.9293 82.5124 96.5218 69.9206 10.1742 1158.5972 735.7291 735.7291 627.6599 114.9998 293.4423 188.6684 206.5902 313.9111 1179.1406 286.8281 468.0143 258.5405 113.6537 325.6449 166.1689 236.0303 1191.4233;
