function solarprofile = ex_solar_profilesh1
%EX_WIND_PROFILE_D  Example wind_load_nyiso profile data for deterministic unit commitment.
% 2022.03.12
% Andres F. Ramirez


%% define constants
[GEN_BUS, PG, QG, QMAX, QMIN, VG, MBASE, GEN_STATUS, PMAX, PMIN, ...
    MU_PMAX, MU_PMIN, MU_QMAX, MU_QMIN, PC1, PC2, QC1MIN, QC1MAX, ...
    QC2MIN, QC2MAX, RAMP_AGC, RAMP_10, RAMP_30, RAMP_Q, APF] = idx_gen;
[CT_LABEL, CT_PROB, CT_TABLE, CT_TBUS, CT_TGEN, CT_TBRCH, CT_TAREABUS, ...
    CT_TAREAGEN, CT_TAREABRCH, CT_ROW, CT_COL, CT_CHGTYPE, CT_REP, ...
    CT_REL, CT_ADD, CT_NEWVAL, CT_TLOAD, CT_TAREALOAD, CT_LOAD_ALL_PQ, ...
    CT_LOAD_FIX_PQ, CT_LOAD_DIS_PQ, CT_LOAD_ALL_P, CT_LOAD_FIX_P, ...
    CT_LOAD_DIS_P, CT_TGENCOST, CT_TAREAGENCOST, CT_MODCOST_F, ...
    CT_MODCOST_X] = idx_ct;

solarprofile = struct( ...
    'type', 'mpcData', ...
    'table', CT_TGEN, ...
    'rows', [1:12], ...
    'col', PMAX, ...
    'chgtype', 1, ...
    'values', [] );
solarprofile.values(:,1,:) = [
	0.0 0.0 0.0 0.0 0.0 0.0 0.0 0.0 0.0 0.0 0.0 0.0;
	0.0 0.0 0.0 0.0 0.0 0.0 0.0 0.0 0.0 0.0 0.0 0.0;
	0.0 0.0 0.0 0.0 0.0 0.0 0.0 0.0 0.0 0.0 0.0 0.0;
	0.0 0.0 0.0 0.0 0.0 0.0 0.0 0.0 0.0 0.0 0.0 0.0;
	0.0 0.0 0.0 0.0 0.0 0.0 0.0 0.0 0.0 0.0 0.0 0.0;
	1.0111 0.8228 0.6999 0.0 0.0 10.9434 1.3679 4.1882 0.4191 0.0 0.0 0.0;
	10.1012 7.2852 6.0115 1.8881 3.6373 317.9241 39.7405 16.7206 87.7585 200.9648 69.5631 363.9484;
	23.9408 16.9327 14.0052 4.5897 6.8014 346.284 43.2855 31.095 138.2568 299.1537 178.6163 541.7692;
	26.197 17.2096 14.3577 6.9185 7.5995 373.7309 46.7164 39.8133 163.8313 306.1152 189.4876 554.3764;
	25.7419 16.7129 14.0008 5.1507 3.4542 350.2568 43.7821 36.4923 166.0399 137.3811 155.5656 248.798;
	25.7424 16.5136 13.8 5.525 4.02 323.494 40.4367 39.3966 136.9945 125.6883 154.7395 227.6222;
	25.6262 16.5214 13.6722 6.0915 4.9916 286.4893 35.8112 38.3516 122.1656 141.8298 155.7646 256.8546;
	24.1944 15.9262 12.8861 5.6661 4.7956 162.6505 20.3313 32.445 123.2673 111.8718 115.6796 202.6005;
	21.6929 15.8156 12.7557 4.3104 3.6869 155.8508 19.4813 35.5761 124.3518 105.4279 104.0004 190.9306;
	16.5525 13.1616 10.3664 2.5197 1.9019 169.5357 21.192 38.8354 113.5392 87.9131 84.1871 159.2112;
	8.6995 6.7273 5.8424 1.0938 0.919 148.1253 18.5157 33.268 95.695 50.952 51.2832 92.2743;
	1.3835 1.0372 0.9726 0.8094 0.9837 65.0411 8.1301 11.8093 33.5469 17.506 13.1462 31.7036;
	0.0 0.0 0.0 0.0 0.0 0.0 0.0 0.0 0.0 0.0 0.0 0.0;
	0.0 0.0 0.0 0.0 0.0 0.0 0.0 0.0 0.0 0.0 0.0 0.0;
	0.0 0.0 0.0 0.0 0.0 0.0 0.0 0.0 0.0 0.0 0.0 0.0;
	0.0 0.0 0.0 0.0 0.0 0.0 0.0 0.0 0.0 0.0 0.0 0.0;
	0.0 0.0 0.0 0.0 0.0 0.0 0.0 0.0 0.0 0.0 0.0 0.0;
	0.0 0.0 0.0 0.0 0.0 0.0 0.0 0.0 0.0 0.0 0.0 0.0;
	0.0 0.0 0.0 0.0 0.0 0.0 0.0 0.0 0.0 0.0 0.0 0.0;
];
