function windprofile = ex_wind_profilesh1
%EX_WIND_PROFILE_D  Example wind_load_nyiso profile data for deterministic unit commitment.
% 2022.03.12
% Andres F. Ramirez


%% define constants
[GEN_BUS, PG, QG, QMAX, QMIN, VG, MBASE, GEN_STATUS, PMAX, PMIN, ...
    MU_PMAX, MU_PMIN, MU_QMAX, MU_QMIN, PC1, PC2, QC1MIN, QC1MAX, ...
    QC2MIN, QC2MAX, RAMP_AGC, RAMP_10, RAMP_30, RAMP_Q, APF] = idx_gen;
[CT_LABEL, CT_PROB, CT_TABLE, CT_TBUS, CT_TGEN, CT_TBRCH, CT_TAREABUS, ...
    CT_TAREAGEN, CT_TAREABRCH, CT_ROW, CT_COL, CT_CHGTYPE, CT_REP, ...
    CT_REL, CT_ADD, CT_NEWVAL, CT_TLOAD, CT_TAREALOAD, CT_LOAD_ALL_PQ, ...
    CT_LOAD_FIX_PQ, CT_LOAD_DIS_PQ, CT_LOAD_ALL_P, CT_LOAD_FIX_P, ...
    CT_LOAD_DIS_P, CT_TGENCOST, CT_TAREAGENCOST, CT_MODCOST_F, ...
    CT_MODCOST_X] = idx_ct;

windprofile = struct( ...
    'type', 'mpcData', ...
    'table', CT_TGEN, ...
    'rows', [1:45], ...
    'col', PMAX, ...
    'chgtype', 1, ...
    'values', [] );
windprofile.values(:,1,:) = [
	3.8715 52.3125 92.0597 116.9671 15.2495 33.9897 29.9524 18.4385 27.2455 27.8892 51.5528 76.9066 115.7825 67.67 186.5789 70.2925 87.2148 92.4217 79.2372 69.9052 9.9841 79.3093 72.8057 88.459 104.1409 76.1982 13.7855 1328.278 784.7109 784.7109 576.0866 105.3639 264.1241 179.9362 212.1546 334.81 1269.6464 210.9922 461.1729 278.9487 115.2896 377.0593 208.3661 269.9829 1282.8719;
	3.7731 50.9829 91.3048 117.9242 14.681 33.1258 25.8413 18.9136 27.5068 28.655 52.9684 79.0184 118.9617 66.6093 186.7564 70.3594 87.2978 92.5096 85.1614 70.9649 8.6138 77.2935 71.0815 88.6782 103.8369 75.7567 13.694 1283.2486 795.4139 795.4139 602.0836 101.8402 283.8713 182.6638 208.829 339.3766 1204.5825 217.8876 460.2788 278.1345 116.4981 367.4752 192.1246 261.2352 1217.1302;
	3.7223 50.2968 91.0075 118.7942 14.423 33.7891 22.5289 18.7512 28.1348 29.053 53.704 80.1158 120.6139 63.6815 190.579 71.7995 89.0846 94.4031 86.6466 70.2049 7.5096 78.8411 69.2936 88.7094 103.7241 76.2257 13.8296 1307.2458 780.7158 780.7158 632.1096 95.6217 288.8221 180.7077 199.6502 333.1054 1243.9254 215.7737 434.5358 277.8324 119.6148 374.8333 194.6413 253.0436 1256.883;
	3.7103 50.1338 91.0365 116.7372 14.716 33.9681 25.0027 18.2982 27.8676 30.6139 56.5894 84.4202 127.0942 65.8598 190.7116 71.8495 89.1466 94.4688 88.0573 70.2555 8.3342 79.2588 71.4924 89.2905 104.06 75.2692 13.669 1309.6626 806.3935 806.3935 673.8628 102.2686 293.5243 180.8377 206.4795 344.0612 1270.5365 239.9511 451.6275 278.7322 116.6217 376.819 169.3409 268.0361 1283.7713;
	3.6236 48.963 90.8289 110.8023 14.739 33.6092 30.5899 18.1598 27.3477 29.9721 55.4031 82.6505 124.4298 64.7105 193.4382 72.8767 90.4211 95.8194 87.6583 71.8519 10.1966 78.4215 72.701 86.4805 100.9719 75.7885 13.3806 1277.0838 767.5413 767.5413 658.4645 108.4729 292.1942 184.9471 202.8762 327.4843 1215.6956 226.4238 457.7413 270.4603 114.4917 372.8383 193.7077 260.7513 1228.359;
	3.6268 49.0059 90.0265 111.3125 14.7889 33.8657 30.0065 17.9554 27.679 29.905 55.2789 82.4652 124.151 66.901 194.5897 73.3105 90.9593 96.3898 87.4825 69.7142 10.0022 79.0199 72.9818 86.0055 99.6381 74.605 13.4012 1275.5525 759.3135 759.3135 704.9364 110.4893 291.6084 179.4445 209.7436 323.9738 1199.5446 235.8865 455.9383 266.8878 119.0211 375.6834 179.5935 266.9046 1212.0398;
	3.5341 47.7536 87.8249 109.1011 14.8063 33.3895 30.2924 17.4683 27.1256 29.0793 53.7527 80.1884 120.7233 65.3301 198.3922 74.7431 92.7368 98.2733 87.0259 70.9688 10.0975 77.9088 72.2141 84.7065 99.2854 72.6957 13.3317 1247.2483 741.6095 741.6095 708.587 108.7271 290.0864 182.6738 204.8185 316.4201 1219.3678 274.2255 442.7988 265.9429 118.0139 370.4007 159.2624 259.0875 1232.0696;
	3.6542 49.3768 86.6415 104.8418 14.6357 33.7519 28.6334 17.5122 26.183 28.306 52.3232 78.0559 117.5127 67.5868 197.4241 74.3784 92.2843 97.7938 90.3571 68.6129 9.5445 78.7544 72.276 87.4819 100.2395 72.2162 13.1787 1270.5388 790.4497 790.4497 753.191 116.6824 301.1904 176.6098 211.8938 337.2586 1270.6249 295.1495 438.5008 268.4987 118.3534 374.4209 171.7607 267.3645 1283.8606;
	3.7567 50.7611 88.1101 114.3183 14.8309 33.5241 30.86 17.9698 27.0376 29.752 54.996 82.0433 123.5157 69.2694 196.9599 74.2035 92.0673 97.5639 91.5778 69.5938 10.2867 78.223 72.58 87.6483 103.3196 72.8233 13.6663 1292.2194 823.4472 823.4472 796.121 122.6602 305.2592 179.1347 217.1689 351.3375 1278.482 313.4865 450.0632 276.749 123.2331 371.8943 201.6753 264.333 1291.7995;
	3.6569 49.4125 87.6234 113.0618 14.955 32.9813 25.9789 17.9469 27.7116 29.0813 53.7564 80.194 120.7316 67.268 195.5224 73.6619 91.3954 96.8518 90.846 68.9061 8.6596 76.9564 72.9329 88.3626 103.9073 71.679 13.6079 1298.906 815.3643 815.3643 781.7216 123.8565 302.8199 177.3645 210.8943 347.8888 1281.2723 328.4239 446.2064 278.323 123.5039 365.8725 208.513 260.803 1294.6189;
	3.6309 49.0617 86.7458 109.4924 14.5901 32.2561 28.3945 18.0018 27.4119 29.6668 54.8387 81.8085 123.1623 66.3991 194.8648 73.4142 91.088 96.526 92.6327 70.2817 9.4648 75.2643 71.978 85.2486 100.9161 67.2452 13.759 1241.6574 805.7173 805.7173 811.8327 122.4546 308.7757 180.9052 208.17 343.7727 1269.3291 328.0813 445.788 270.311 123.7197 357.8281 206.9767 250.267 1282.5513;
	3.6966 49.9497 89.7422 117.086 14.8823 33.3819 26.7997 19.0396 28.2402 28.1948 52.1177 77.7494 117.0513 66.7781 194.1949 73.1618 90.7748 96.1942 92.585 67.6848 8.9332 77.891 71.5626 87.5856 104.9717 67.5171 13.9677 1279.6944 819.6252 819.6252 796.5984 121.4215 308.6166 174.2209 209.3584 349.7067 1280.512 321.0008 467.3722 281.1741 122.8665 370.3161 208.7575 261.0685 1293.8507;
	3.616 48.8595 93.4377 116.4627 15.1786 33.6334 27.1222 19.1502 28.0082 28.3084 52.3276 78.0625 117.5226 67.2362 190.6645 71.8318 89.1246 94.4455 91.7856 65.9407 9.0407 78.4778 71.1051 88.1395 106.1157 70.7844 14.1261 1267.0779 801.7417 801.7417 767.69 117.0665 305.952 169.7316 210.7945 342.0765 1250.1747 324.2371 443.9284 284.2385 123.3695 373.1061 215.5018 264.6725 1263.1974;
	3.5859 48.4535 91.5998 117.1385 14.6589 33.0523 27.34 19.1728 28.2332 29.5272 54.5806 81.4235 122.5826 66.5415 190.2997 71.6943 88.954 94.2647 91.8922 69.5954 9.1133 77.122 72.3954 88.4531 105.5396 73.0499 14.1672 1259.5983 775.6083 775.6083 735.4951 116.8974 306.3074 179.1386 208.6166 330.9262 1229.4824 291.0952 443.7117 282.6954 123.1483 366.6598 204.5322 264.0593 1242.2895;
	3.5723 48.2703 92.2604 114.7048 14.6798 32.893 22.7359 19.0721 27.5099 28.6936 53.0396 79.1246 119.1217 65.8295 190.239 71.6715 88.9257 94.2347 90.2617 68.2133 7.5786 76.7504 73.6292 87.9339 104.761 70.9558 14.1435 1246.3152 775.6664 775.6664 757.6202 119.5622 300.8722 175.5813 206.3843 330.951 1211.2307 329.6235 441.4228 280.6098 118.9738 364.8935 197.96 269.3708 1223.8477;
	3.6195 48.9068 93.22 112.2651 14.9469 32.2493 23.1745 18.8864 27.7921 28.9263 53.4698 79.7665 120.088 66.2495 187.0512 70.4705 87.4356 92.6556 92.2227 70.0039 7.7248 75.2485 69.4684 87.9927 103.8813 70.2751 14.0749 1178.0047 770.0805 770.0805 725.0311 113.899 307.4089 180.1902 207.7011 328.5677 1129.2253 298.9628 442.2751 278.2534 121.5897 357.7527 195.2859 273.0265 1140.988;
	3.6411 49.199 93.6235 107.5756 14.7825 29.8266 20.5765 17.8669 27.8332 29.9531 55.3679 82.598 124.3509 65.7329 189.898 71.543 88.7663 94.0658 92.3057 68.0835 6.8588 69.5953 70.4547 87.282 101.4151 55.3881 13.1511 1168.4566 740.0935 740.0935 674.8092 109.9621 307.6857 175.2472 206.0815 315.7732 1106.5411 317.6345 427.9579 271.6476 117.4459 330.8761 182.0668 257.3089 1118.0676;
	3.8034 51.3919 93.6938 104.1053 15.1795 29.5502 18.8264 13.8339 28.0372 29.5097 54.5482 81.3751 122.5098 66.1588 186.9453 70.4306 87.3861 92.6032 92.1882 67.8564 6.2755 68.9504 70.9313 86.2325 101.6178 66.4406 10.4337 1198.5343 722.7326 722.7326 623.3939 112.8515 307.2942 174.6625 207.4167 308.3659 1182.6552 286.0265 439.9928 272.1905 122.187 327.8098 177.8874 234.836 1194.9746;
