function windprofile = ex_wind_profilesh1
%EX_WIND_PROFILE_D  Example wind_load_nyiso profile data for deterministic unit commitment.
% 2022.03.12
% Andres F. Ramirez


%% define constants
[GEN_BUS, PG, QG, QMAX, QMIN, VG, MBASE, GEN_STATUS, PMAX, PMIN, ...
    MU_PMAX, MU_PMIN, MU_QMAX, MU_QMIN, PC1, PC2, QC1MIN, QC1MAX, ...
    QC2MIN, QC2MAX, RAMP_AGC, RAMP_10, RAMP_30, RAMP_Q, APF] = idx_gen;
[CT_LABEL, CT_PROB, CT_TABLE, CT_TBUS, CT_TGEN, CT_TBRCH, CT_TAREABUS, ...
    CT_TAREAGEN, CT_TAREABRCH, CT_ROW, CT_COL, CT_CHGTYPE, CT_REP, ...
    CT_REL, CT_ADD, CT_NEWVAL, CT_TLOAD, CT_TAREALOAD, CT_LOAD_ALL_PQ, ...
    CT_LOAD_FIX_PQ, CT_LOAD_DIS_PQ, CT_LOAD_ALL_P, CT_LOAD_FIX_P, ...
    CT_LOAD_DIS_P, CT_TGENCOST, CT_TAREAGENCOST, CT_MODCOST_F, ...
    CT_MODCOST_X] = idx_ct;

windprofile = struct( ...
    'type', 'mpcData', ...
    'table', CT_TGEN, ...
    'rows', [1:45], ...
    'col', PMAX, ...
    'chgtype', 1, ...
    'values', [] );
windprofile.values(:,1,:) = [
	3.8263 51.7016 94.0941 118.4134 14.9503 33.3932 29.3549 18.9779 28.3232 30.3113 56.03 83.5857 125.8379 67.9983 189.623 71.4394 88.6377 93.9296 73.5983 69.4149 9.785 77.9174 74.265 86.2154 103.8369 75.7525 13.5191 1268.4019 757.537 757.537 552.7899 111.3105 245.3277 178.6741 213.1838 323.2158 1244.5409 213.3538 454.0451 278.1345 115.6462 370.4417 200.8694 284.8989 1257.5048;
	3.8317 51.7749 94.6159 118.6197 15.1824 32.3504 26.7384 18.7024 28.0565 30.1887 55.8033 83.2476 125.3288 67.0419 176.7374 66.5848 82.6145 87.5467 76.8792 68.7293 8.9128 75.4843 72.7235 87.8029 102.9192 71.4629 13.4801 1265.2942 746.3012 746.3012 577.4164 104.5882 256.264 176.9095 210.1855 318.4218 1219.5811 209.3074 452.8616 275.6764 112.9688 358.8741 188.1808 280.6403 1232.285;
	3.7791 51.0645 94.1093 119.9848 15.2177 33.4093 22.4421 18.8121 28.2102 30.9478 57.2066 85.341 128.4804 66.9286 196.4972 74.0292 91.851 97.3346 83.7764 70.0273 7.4807 77.9551 72.8862 88.8007 104.31 74.7311 13.6888 1266.9109 746.7847 746.7847 604.8964 101.8529 279.2547 180.2504 209.8302 318.6281 1240.065 215.1913 429.1989 279.4017 114.2647 370.621 191.8896 278.4922 1252.9824;
	3.6832 49.7679 92.8497 117.3441 14.6041 32.4299 23.0184 18.6632 27.5325 30.7406 56.8236 84.7696 127.6201 65.4915 193.5987 72.9372 90.4962 95.8989 84.1482 70.0181 7.6728 75.6698 71.3741 88.6212 102.9507 72.9121 13.5359 1267.7293 733.1304 733.1304 618.8814 99.3242 280.494 180.2268 205.3247 312.8023 1225.862 236.574 427.0978 275.7608 115.5343 359.7557 152.9024 274.1512 1238.6313;
	3.7751 51.0104 91.8742 114.6562 14.6851 32.4265 29.7057 18.5654 27.8244 31.1576 57.5943 85.9193 129.3511 66.2261 194.8337 73.4025 91.0734 96.5107 84.0532 72.1741 9.9019 75.6618 73.6775 86.8609 101.7989 73.8462 13.2767 1271.9022 723.8483 723.8483 620.548 100.8521 280.1773 185.7764 207.6278 308.8419 1217.8742 227.988 450.4513 272.6756 113.8487 359.7177 182.2526 264.3188 1230.5603;
	3.6983 49.9727 92.9957 118.1746 14.8468 32.9562 28.8259 17.9694 27.6334 30.9465 57.2041 85.3372 128.4747 66.3742 200.344 75.4785 93.6492 99.2402 86.7079 71.2654 9.6086 76.8977 72.3127 88.0677 101.5929 70.5781 13.0585 1251.2105 741.4459 741.4459 662.5194 106.8463 289.0262 183.4372 208.0922 316.3502 1184.1465 231.4346 443.0329 272.1239 105.5706 365.5937 171.322 270.6572 1196.4813;
	3.6294 49.0415 90.9819 115.3004 14.7293 32.6844 30.0322 16.7795 27.3699 30.0284 55.507 82.8056 124.6634 64.8303 196.1381 73.8939 91.6831 97.1568 88.7842 71.7976 10.0107 76.2636 72.71 87.3381 97.4884 69.4375 12.863 1230.6888 721.6353 721.6353 676.9129 103.7966 295.9472 184.8072 203.2518 307.8977 1168.1525 255.1726 448.1273 261.1295 104.4761 362.579 157.6044 262.2991 1180.3208;
	3.5959 48.5881 92.8895 118.0566 14.9601 32.6484 29.8705 17.78 26.9888 29.2482 54.0649 80.6542 121.4244 67.0824 198.4975 74.7828 92.7861 98.3255 91.7616 71.2639 9.9568 76.1796 71.7157 88.6926 100.4887 71.5914 13.3557 1284.3214 755.4174 755.4174 734.1508 109.781 305.872 183.4334 210.3125 322.3114 1257.0045 278.1678 445.1976 269.1662 109.0904 362.1796 166.5346 263.7025 1270.0983;
	3.827 51.7105 94.2439 117.3589 15.3839 34.5328 32.2052 18.4533 27.8602 28.1478 52.0308 77.6197 116.8561 67.1245 194.4713 73.2659 90.904 96.3311 91.1489 69.8167 10.7351 80.5766 71.2575 88.6014 103.0787 72.5235 13.546 1324.4206 804.3333 804.3333 775.6957 121.0142 303.8297 179.7083 210.4445 343.1822 1307.8604 307.4021 464.7823 276.1036 117.5841 383.084 207.2752 267.6964 1321.484;
	3.8322 51.781 93.226 117.9638 15.4181 34.6304 27.6194 18.2263 28.2732 29.106 53.802 80.262 120.834 66.9092 192.4995 72.5231 89.9823 95.3544 88.6093 68.7439 9.2065 80.8042 72.5065 87.6954 99.3947 70.1305 13.1256 1318.5253 823.3563 823.3563 772.3062 121.3981 295.3643 176.947 209.7694 351.2987 1297.4735 318.3907 468.0119 266.2358 119.2064 384.1661 215.3404 264.3613 1310.9888;
	3.8228 51.6544 91.6179 117.0534 15.3047 34.2553 27.7109 17.6483 27.7301 29.6214 54.7548 81.6833 122.9738 63.5318 191.8636 72.2835 89.6851 95.0394 87.2682 70.3922 9.237 79.929 71.4995 85.4882 99.3309 69.4336 13.0344 1293.2299 812.5888 812.5888 777.2613 121.5496 290.8938 181.1898 199.1808 346.7046 1298.7087 326.5605 455.826 266.0649 119.6883 380.0054 213.5578 262.7215 1312.2369;
	3.8718 52.3159 93.6266 119.1837 15.3412 34.5218 27.4281 18.3612 28.0204 29.5804 54.6789 81.5702 122.8035 65.4885 198.3074 74.7111 92.6972 98.2313 88.3261 69.2258 9.1427 80.5509 72.3799 87.4264 103.152 69.4611 13.3047 1318.02 818.1207 818.1207 779.8409 122.7398 294.4203 178.1874 205.3153 349.0648 1323.8652 336.5104 466.9832 276.3001 121.4665 382.9618 215.3781 271.8145 1337.6555;
	3.8814 52.4461 94.9563 120.576 15.381 34.6662 28.2715 18.946 28.1466 30.8402 57.0077 85.0443 128.0337 66.1287 202.0505 76.1213 94.4468 100.0855 90.5899 70.0338 9.4238 80.8877 72.4586 89.4646 106.2988 74.7084 13.695 1288.5467 828.0129 828.0129 775.149 119.683 301.9662 180.2671 207.3224 353.2855 1312.0127 333.7566 462.5477 284.7289 123.3062 384.5634 218.5474 280.8974 1325.6795;
	3.7378 50.5062 94.8768 120.204 14.9187 33.9841 25.9857 18.8956 28.1915 30.2626 55.9399 83.4513 125.6355 66.8975 199.9578 75.3329 93.4686 99.0488 86.6388 72.4442 8.6619 79.2962 74.0994 90.0377 105.9159 73.1425 13.6612 1257.5323 811.0363 811.0363 746.4704 117.5904 288.796 186.4715 209.7325 346.0422 1247.1849 314.4817 448.7509 283.7033 121.1211 376.9969 205.8645 280.8162 1260.1765;
	3.7606 50.8136 95.0116 119.0273 15.2521 34.1102 23.262 18.592 28.2378 30.0192 55.49 82.7801 124.625 64.1829 194.2364 73.1774 90.7942 96.2148 85.6051 71.4803 7.754 79.5904 75.2723 89.632 105.0068 71.6524 13.4904 1232.6514 774.3087 774.3087 729.7467 114.5031 285.3503 183.9904 201.222 330.3717 1223.9711 313.7226 457.7189 281.2683 118.0058 378.3953 209.0691 276.8028 1236.7208;
	3.6277 49.0184 93.6391 117.1987 14.7446 31.9275 23.8952 17.7678 27.4141 29.9615 55.3835 82.6212 124.3858 63.3818 189.8646 71.5304 88.7507 94.0492 85.2918 71.0052 7.9651 74.4976 74.7304 87.7029 102.0547 65.4687 12.5326 1172.9389 779.724 779.724 706.4914 111.7457 284.3059 182.7675 198.7105 332.6822 1127.1479 300.6406 454.2946 273.3609 118.0402 354.1827 198.2668 279.4821 1138.889;
	3.8 51.3465 90.6012 112.4224 14.5326 29.7119 23.4643 17.6146 28.2676 28.517 52.7132 78.6377 118.3887 66.8831 194.9334 73.44 91.12 96.56 85.9405 70.8995 7.8214 69.3277 71.155 83.0986 98.4958 51.5047 11.5914 1229.4889 789.1591 789.1591 712.886 111.8505 286.4683 182.4955 209.6877 336.7079 1196.1593 331.6676 472.7514 263.8281 115.5211 329.6038 186.5281 262.9158 1208.6193;
	3.6799 49.7239 88.56 110.9052 14.5799 28.021 19.9334 12.9742 28.1656 28.4175 52.5294 78.3635 117.9759 68.4982 189.4651 71.3799 88.5639 93.8513 82.7318 68.8407 6.6445 65.3824 69.9093 84.2174 98.332 64.9779 9.2394 1260.2822 770.2816 770.2816 651.3328 107.3917 275.7726 177.1963 214.7512 328.6535 1231.0244 302.3381 475.8973 263.3892 113.8768 310.8466 161.9487 248.0336 1243.8476;
