function solarprofile = ex_solar_profilesh1
%EX_WIND_PROFILE_D  Example wind_load_nyiso profile data for deterministic unit commitment.
% 2022.03.12
% Andres F. Ramirez


%% define constants
[GEN_BUS, PG, QG, QMAX, QMIN, VG, MBASE, GEN_STATUS, PMAX, PMIN, ...
    MU_PMAX, MU_PMIN, MU_QMAX, MU_QMIN, PC1, PC2, QC1MIN, QC1MAX, ...
    QC2MIN, QC2MAX, RAMP_AGC, RAMP_10, RAMP_30, RAMP_Q, APF] = idx_gen;
[CT_LABEL, CT_PROB, CT_TABLE, CT_TBUS, CT_TGEN, CT_TBRCH, CT_TAREABUS, ...
    CT_TAREAGEN, CT_TAREABRCH, CT_ROW, CT_COL, CT_CHGTYPE, CT_REP, ...
    CT_REL, CT_ADD, CT_NEWVAL, CT_TLOAD, CT_TAREALOAD, CT_LOAD_ALL_PQ, ...
    CT_LOAD_FIX_PQ, CT_LOAD_DIS_PQ, CT_LOAD_ALL_P, CT_LOAD_FIX_P, ...
    CT_LOAD_DIS_P, CT_TGENCOST, CT_TAREAGENCOST, CT_MODCOST_F, ...
    CT_MODCOST_X] = idx_ct;

solarprofile = struct( ...
    'type', 'mpcData', ...
    'table', CT_TGEN, ...
    'rows', [1:12], ...
    'col', PMAX, ...
    'chgtype', 1, ...
    'values', [] );
solarprofile.values(:,1,:) = [
	0.0 0.0 0.0 0.0 0.0 0.0 0.0 0.0 0.0 0.0 0.0 0.0;
	0.0 0.0 0.0 0.0 0.0 0.0 0.0 0.0 0.0 0.0 0.0 0.0;
	0.0 0.0 0.0 0.0 0.0 0.0 0.0 0.0 0.0 0.0 0.0 0.0;
	0.0 0.0 0.0 0.0 0.0 0.0 0.0 0.0 0.0 0.0 0.0 0.0;
	0.0 0.0 0.0 0.0 0.0 0.0 0.0 0.0 0.0 0.0 0.0 0.0;
	1.0163 0.8394 0.6949 0.0 0.0 9.9379 1.2422 4.1882 0.4191 0.0 0.0 0.0;
	6.046 7.289 5.7226 0.9343 0.9267 198.386 24.7983 18.3782 31.6156 54.8585 16.6471 99.349;
	18.7483 16.1943 13.258 2.7699 6.6529 346.8366 43.3546 28.8623 135.3488 202.905 74.5055 367.4621;
	23.6888 16.653 13.8214 6.7669 9.9647 408.6884 51.0861 41.9002 187.3983 290.4749 122.2138 526.0518;
	20.6647 15.41 11.4546 6.7039 9.2175 446.0504 55.7563 57.0023 156.5577 70.6535 92.0975 127.9539;
	11.743 9.9873 8.3799 5.8137 8.0796 436.42 54.5525 59.044 126.2843 30.5528 66.5011 55.3313;
	8.0133 9.2791 10.3405 4.4953 7.1813 416.3247 52.0406 59.1378 116.6688 20.7543 61.8551 37.5861;
	12.9232 13.0655 12.8796 2.9614 5.2911 342.8083 42.851 62.1835 85.4143 28.1119 88.0479 50.9109;
	12.2706 9.9845 11.7612 2.7727 5.4816 321.5424 40.1928 62.1246 74.1053 41.9372 86.0702 75.9486;
	6.0297 6.565 5.4441 1.9495 5.4174 299.5086 37.4386 59.0255 45.6803 25.306 68.1401 45.8293;
	1.3695 1.9121 0.83 1.138 5.0275 232.0168 29.0021 40.3757 20.1897 0.2992 45.5082 0.5419;
	1.2004 1.0424 0.8073 0.7663 1.2339 70.79 8.8487 12.065 32.0809 2.6502 14.6941 4.7995;
	0.0 0.0 0.0 0.0 0.0 0.0 0.0 0.0 0.0 0.0 0.0 0.0;
	0.0 0.0 0.0 0.0 0.0 0.0 0.0 0.0 0.0 0.0 0.0 0.0;
	0.0 0.0 0.0 0.0 0.0 0.0 0.0 0.0 0.0 0.0 0.0 0.0;
	0.0 0.0 0.0 0.0 0.0 0.0 0.0 0.0 0.0 0.0 0.0 0.0;
	0.0 0.0 0.0 0.0 0.0 0.0 0.0 0.0 0.0 0.0 0.0 0.0;
	0.0 0.0 0.0 0.0 0.0 0.0 0.0 0.0 0.0 0.0 0.0 0.0;
	0.0 0.0 0.0 0.0 0.0 0.0 0.0 0.0 0.0 0.0 0.0 0.0;
];
