function solarprofile = ex_solar_profilesh1
%EX_WIND_PROFILE_D  Example wind_load_nyiso profile data for deterministic unit commitment.
% 2022.03.12
% Andres F. Ramirez


%% define constants
[GEN_BUS, PG, QG, QMAX, QMIN, VG, MBASE, GEN_STATUS, PMAX, PMIN, ...
    MU_PMAX, MU_PMIN, MU_QMAX, MU_QMIN, PC1, PC2, QC1MIN, QC1MAX, ...
    QC2MIN, QC2MAX, RAMP_AGC, RAMP_10, RAMP_30, RAMP_Q, APF] = idx_gen;
[CT_LABEL, CT_PROB, CT_TABLE, CT_TBUS, CT_TGEN, CT_TBRCH, CT_TAREABUS, ...
    CT_TAREAGEN, CT_TAREABRCH, CT_ROW, CT_COL, CT_CHGTYPE, CT_REP, ...
    CT_REL, CT_ADD, CT_NEWVAL, CT_TLOAD, CT_TAREALOAD, CT_LOAD_ALL_PQ, ...
    CT_LOAD_FIX_PQ, CT_LOAD_DIS_PQ, CT_LOAD_ALL_P, CT_LOAD_FIX_P, ...
    CT_LOAD_DIS_P, CT_TGENCOST, CT_TAREAGENCOST, CT_MODCOST_F, ...
    CT_MODCOST_X] = idx_ct;

solarprofile = struct( ...
    'type', 'mpcData', ...
    'table', CT_TGEN, ...
    'rows', [1:12], ...
    'col', PMAX, ...
    'chgtype', 1, ...
    'values', [] );
solarprofile.values(:,1,:) = [
	0.0 0.0 0.0 0.0 0.0 0.0 0.0 0.0 0.0 0.0 0.0 0.0;
	0.0 0.0 0.0 0.0 0.0 0.0 0.0 0.0 0.0 0.0 0.0 0.0;
	0.0 0.0 0.0 0.0 0.0 0.0 0.0 0.0 0.0 0.0 0.0 0.0;
	0.0 0.0 0.0 0.0 0.0 0.0 0.0 0.0 0.0 0.0 0.0 0.0;
	0.0 0.0 0.0 0.0 0.0 0.0 0.0 0.0 0.0 0.0 0.0 0.0;
	1.0373 0.8477 0.7428 0.0 0.0 11.1954 1.3994 4.2175 3.8469 0.0 0.0 0.0;
	6.038 7.582 6.0319 1.4179 1.4552 177.1164 22.1395 6.533 71.6529 41.5685 22.9874 75.2808;
	7.5856 11.7115 6.9052 4.3506 4.7689 263.4769 32.9346 20.9044 144.5041 91.0306 79.2153 164.857;
	13.8004 16.2504 10.9061 7.6362 7.7834 321.1193 40.1399 46.9878 187.3804 134.4086 126.9089 243.4149;
	24.3337 16.4164 13.8 8.1886 9.1381 356.2305 44.5288 56.3961 189.81 86.1644 115.7782 156.0442;
	25.1956 16.6393 13.8 9.4528 9.8254 349.5405 43.6926 53.4615 200.551 173.3255 109.5421 313.8936;
	24.344 16.5214 13.8 9.3514 9.6245 336.7546 42.0943 42.7117 203.1829 226.4669 106.723 410.1329;
	20.8569 15.9262 13.4595 4.4558 6.503 340.8704 42.6088 31.4245 178.65 137.1399 75.3673 248.3612;
	18.7934 15.7457 13.5719 1.8752 4.8817 358.6704 44.8338 40.9875 150.4708 75.619 41.7109 136.9465;
	15.6806 15.1918 13.3948 0.7819 3.8123 394.1584 49.2698 46.1988 128.0221 41.7916 22.0898 75.6848;
	11.0079 15.437 11.2889 0.5768 4.0073 421.2161 52.652 40.1567 173.1082 22.2964 7.0282 40.379;
	1.619 1.4847 1.2813 0.7969 1.6732 93.0654 11.6332 12.2805 50.7334 15.7437 3.8628 28.512;
	0.0 0.0 0.0 0.0 0.0 0.0 0.0 0.0 0.0 0.0 0.0 0.0;
	0.0 0.0 0.0 0.0 0.0 0.0 0.0 0.0 0.0 0.0 0.0 0.0;
	0.0 0.0 0.0 0.0 0.0 0.0 0.0 0.0 0.0 0.0 0.0 0.0;
	0.0 0.0 0.0 0.0 0.0 0.0 0.0 0.0 0.0 0.0 0.0 0.0;
	0.0 0.0 0.0 0.0 0.0 0.0 0.0 0.0 0.0 0.0 0.0 0.0;
	0.0 0.0 0.0 0.0 0.0 0.0 0.0 0.0 0.0 0.0 0.0 0.0;
	0.0 0.0 0.0 0.0 0.0 0.0 0.0 0.0 0.0 0.0 0.0 0.0;
];
