function solarprofile = ex_solar_profilesh1
%EX_WIND_PROFILE_D  Example wind_load_nyiso profile data for deterministic unit commitment.
% 2022.03.12
% Andres F. Ramirez


%% define constants
[GEN_BUS, PG, QG, QMAX, QMIN, VG, MBASE, GEN_STATUS, PMAX, PMIN, ...
    MU_PMAX, MU_PMIN, MU_QMAX, MU_QMIN, PC1, PC2, QC1MIN, QC1MAX, ...
    QC2MIN, QC2MAX, RAMP_AGC, RAMP_10, RAMP_30, RAMP_Q, APF] = idx_gen;
[CT_LABEL, CT_PROB, CT_TABLE, CT_TBUS, CT_TGEN, CT_TBRCH, CT_TAREABUS, ...
    CT_TAREAGEN, CT_TAREABRCH, CT_ROW, CT_COL, CT_CHGTYPE, CT_REP, ...
    CT_REL, CT_ADD, CT_NEWVAL, CT_TLOAD, CT_TAREALOAD, CT_LOAD_ALL_PQ, ...
    CT_LOAD_FIX_PQ, CT_LOAD_DIS_PQ, CT_LOAD_ALL_P, CT_LOAD_FIX_P, ...
    CT_LOAD_DIS_P, CT_TGENCOST, CT_TAREAGENCOST, CT_MODCOST_F, ...
    CT_MODCOST_X] = idx_ct;

solarprofile = struct( ...
    'type', 'mpcData', ...
    'table', CT_TGEN, ...
    'rows', [1:12], ...
    'col', PMAX, ...
    'chgtype', 1, ...
    'values', [] );
solarprofile.values(:,1,:) = [
	0.0 0.0 0.0 0.0 0.0 0.0 0.0 0.0 0.0 0.0 0.0 0.0;
	0.0 0.0 0.0 0.0 0.0 0.0 0.0 0.0 0.0 0.0 0.0 0.0;
	0.0 0.0 0.0 0.0 0.0 0.0 0.0 0.0 0.0 0.0 0.0 0.0;
	0.0 0.0 0.0 0.0 0.0 0.0 0.0 0.0 0.0 0.0 0.0 0.0;
	0.0 0.0 0.0 0.0 0.0 0.0 0.0 0.0 0.0 0.0 0.0 0.0;
	1.0111 0.8207 0.6966 0.0 0.0 9.4835 1.1854 4.1882 0.4191 0.0 0.0 0.0;
	2.5047 0.9704 0.8228 1.9339 8.5499 263.7667 32.9708 27.9105 116.5667 189.544 138.8442 343.2653;
	13.5067 10.3651 4.815 2.0339 8.0495 328.3103 41.0388 52.1551 211.721 283.5404 104.4418 513.4934;
	23.2872 16.6083 13.4294 2.0999 7.3767 344.2302 43.0288 60.9965 227.8297 336.3735 119.6787 609.1745;
	25.7035 16.3797 13.8 1.1119 7.0787 315.7228 39.4654 57.5483 189.6874 282.4589 136.7158 511.5347;
	25.6659 16.5136 13.8 4.357 9.8394 397.9217 49.7402 57.8777 214.2585 237.2539 157.1462 429.6683;
	25.6262 16.5214 13.8 7.0755 10.7693 446.4007 55.8001 58.6796 246.8248 221.3251 163.1006 400.821;
	24.5762 16.3096 13.7111 5.6997 8.1849 405.3321 50.6665 62.7374 249.0484 231.3644 144.7728 419.0023;
	23.1188 16.915 14.1315 3.036 5.6177 350.098 43.7623 61.9355 232.0929 262.7459 139.6948 475.8344;
	18.253 15.6154 12.3655 0.8823 4.0131 302.9279 37.866 56.7652 186.1146 193.5547 146.552 350.5288;
	5.6466 4.4171 3.4915 0.3072 4.4504 254.3985 31.7998 26.4443 161.9638 37.1638 99.8322 67.3039;
	1.1894 0.9656 0.7956 0.8727 1.705 89.0318 11.129 11.5491 45.3844 0.4025 13.7436 0.7289;
	0.0 0.0 0.0 0.0 0.0 0.0 0.0 0.0 0.0 0.0 0.0 0.0;
	0.0 0.0 0.0 0.0 0.0 0.0 0.0 0.0 0.0 0.0 0.0 0.0;
	0.0 0.0 0.0 0.0 0.0 0.0 0.0 0.0 0.0 0.0 0.0 0.0;
	0.0 0.0 0.0 0.0 0.0 0.0 0.0 0.0 0.0 0.0 0.0 0.0;
	0.0 0.0 0.0 0.0 0.0 0.0 0.0 0.0 0.0 0.0 0.0 0.0;
	0.0 0.0 0.0 0.0 0.0 0.0 0.0 0.0 0.0 0.0 0.0 0.0;
	0.0 0.0 0.0 0.0 0.0 0.0 0.0 0.0 0.0 0.0 0.0 0.0;
];
