function windprofile = ex_wind_profilesh1
%EX_WIND_PROFILE_D  Example wind_load_nyiso profile data for deterministic unit commitment.
% 2022.03.12
% Andres F. Ramirez


%% define constants
[GEN_BUS, PG, QG, QMAX, QMIN, VG, MBASE, GEN_STATUS, PMAX, PMIN, ...
    MU_PMAX, MU_PMIN, MU_QMAX, MU_QMIN, PC1, PC2, QC1MIN, QC1MAX, ...
    QC2MIN, QC2MAX, RAMP_AGC, RAMP_10, RAMP_30, RAMP_Q, APF] = idx_gen;
[CT_LABEL, CT_PROB, CT_TABLE, CT_TBUS, CT_TGEN, CT_TBRCH, CT_TAREABUS, ...
    CT_TAREAGEN, CT_TAREABRCH, CT_ROW, CT_COL, CT_CHGTYPE, CT_REP, ...
    CT_REL, CT_ADD, CT_NEWVAL, CT_TLOAD, CT_TAREALOAD, CT_LOAD_ALL_PQ, ...
    CT_LOAD_FIX_PQ, CT_LOAD_DIS_PQ, CT_LOAD_ALL_P, CT_LOAD_FIX_P, ...
    CT_LOAD_DIS_P, CT_TGENCOST, CT_TAREAGENCOST, CT_MODCOST_F, ...
    CT_MODCOST_X] = idx_ct;

windprofile = struct( ...
    'type', 'mpcData', ...
    'table', CT_TGEN, ...
    'rows', [1:45], ...
    'col', PMAX, ...
    'chgtype', 1, ...
    'values', [] );
windprofile.values(:,1,:) = [
	3.6189 48.8998 90.3914 111.4655 13.997 31.811 28.7148 18.3237 26.2494 29.6144 54.7418 81.664 122.9447 69.4922 188.5525 71.036 88.1373 93.3992 72.9794 70.6804 9.5716 74.2257 73.4071 85.775 103.5074 73.4283 13.3682 1313.1375 766.8138 766.8138 589.4888 110.1429 243.2646 181.9316 217.8673 327.1739 1261.4182 224.8218 452.1227 277.252 118.3056 352.89 186.8143 274.8978 1274.5579;
	3.6356 49.1249 93.216 111.1032 14.0036 32.3876 26.1529 18.5143 26.4999 30.1884 55.8028 83.2468 125.3277 68.4437 173.1841 65.2461 80.9535 85.7866 78.4828 70.5211 8.7176 75.571 71.6748 86.5946 103.5842 73.9454 13.5215 1299.1025 736.4996 736.4996 602.3576 109.5245 261.6094 181.5215 214.5802 314.2398 1205.1233 219.3181 463.6484 277.4576 118.9745 359.2863 176.7695 272.2637 1217.6767;
	3.7659 50.886 92.1786 114.883 14.2836 32.845 21.8742 18.5735 27.5068 30.6775 56.7069 84.5956 127.3582 67.2722 195.8866 73.7991 91.5656 97.0322 86.2585 71.5092 7.2914 76.6383 71.1519 87.9679 102.8048 75.4875 13.7894 1289.0973 721.9504 721.9504 622.9316 105.0345 287.5284 184.0648 210.9074 308.0322 1248.4961 216.9743 425.978 275.37 119.3929 364.3603 179.6625 271.5425 1261.5013;
	3.8444 51.946 90.1913 116.5193 14.7643 33.3823 25.0283 17.96 27.5068 30.844 57.0146 85.0546 128.0493 67.3058 200.555 75.5579 93.7478 99.3447 88.0379 71.4376 8.3428 77.8921 72.8717 87.229 103.2115 73.69 13.6208 1308.2405 728.0515 728.0515 603.9557 106.7661 293.4597 183.8806 211.0128 310.6353 1258.8542 237.3277 449.6948 276.4594 119.8197 370.3214 154.1402 273.3314 1271.9673;
	3.7405 50.5426 92.3904 117.9714 14.842 33.1763 30.6494 17.8358 26.9184 31.094 57.4768 85.744 129.0872 66.5327 198.528 74.7943 92.8003 98.3406 86.5015 71.8206 10.2165 77.4113 73.7906 86.2306 103.4424 73.734 13.5994 1275.9394 728.6355 728.6355 622.9537 110.1252 288.3385 184.8664 208.5889 310.8845 1213.3973 231.1677 461.7487 277.0778 122.2538 368.0355 190.2791 269.2186 1226.0369;
	3.8319 51.7775 93.7485 119.759 15.1612 34.1931 29.4765 17.7242 26.4308 30.2634 55.9414 83.4536 125.639 66.1383 202.972 76.4685 94.8776 100.5419 89.8644 71.1839 9.8255 79.784 72.7488 87.8654 102.5066 72.126 13.241 1244.2847 751.9918 751.9918 690.7666 112.5562 299.5482 183.2277 207.3526 320.8499 1150.792 239.6292 447.568 274.5714 121.2906 379.3158 189.1656 269.8814 1162.7794;
	3.6064 48.7308 88.3647 112.1832 14.4108 32.6429 30.1017 17.3487 26.4954 30.5059 56.3898 84.1224 126.6458 66.5004 198.4745 74.7741 92.7753 98.3141 87.6809 71.5168 10.0339 76.1667 72.7173 84.0681 97.3564 70.5835 13.0658 1242.9809 699.0789 699.0789 653.5448 111.319 292.2698 184.0845 208.4878 298.2737 1173.0467 276.4153 452.3899 260.7762 115.025 362.1183 162.1249 254.1202 1185.2659;
	3.6654 49.5281 88.6852 113.2122 14.6167 32.8101 28.9183 17.4205 26.0226 30.1166 55.6701 83.0488 125.0295 67.5575 200.9736 75.7156 93.9435 99.552 88.9003 69.9992 9.6394 76.5569 74.1433 86.484 98.4137 71.0497 12.9975 1274.8614 692.9112 692.9112 697.0571 114.3286 296.3342 180.1781 211.8019 295.6421 1218.2606 294.5924 453.2343 263.6081 114.6426 363.9733 177.3299 260.0222 1230.9508;
	3.7021 50.0241 88.4675 113.9618 14.6773 33.3037 31.6692 17.0848 27.5951 30.9613 57.2315 85.3781 128.5362 69.2318 202.229 76.1886 94.5303 100.1739 90.6919 70.1597 10.5564 77.7085 75.2701 85.2002 99.7632 68.981 12.5562 1303.9552 744.8834 744.8834 710.8546 115.2039 302.3062 180.5912 217.051 317.8169 1265.3631 296.2748 471.8881 267.2229 113.2085 369.4485 204.857 264.9295 1278.544;
	3.7844 51.136 91.9565 115.5645 15.07 33.1231 26.2739 18.2071 27.5316 30.3692 56.137 83.7453 126.0781 69.0806 199.3737 75.1129 93.1956 98.7595 88.4254 68.6511 8.758 77.2872 73.7707 87.4406 103.2858 70.4246 13.2243 1296.7628 774.5416 774.5416 727.6121 118.3358 294.7512 176.7082 216.5772 330.4711 1257.5085 322.666 474.5222 276.6584 114.3332 367.4453 205.8642 266.0613 1270.6075;
	3.6232 48.9575 89.0561 113.6868 14.5036 31.891 26.2139 17.7193 27.065 30.384 56.1644 83.7862 126.1397 66.7627 198.5923 74.8185 92.8304 98.3725 88.7896 71.2522 8.738 74.4124 72.6724 84.6741 99.7059 71.0382 13.0873 1294.5641 776.5173 776.5173 739.5896 118.739 295.9652 183.4033 209.31 331.314 1265.1455 320.3917 453.9807 267.0693 113.519 353.7779 199.8343 259.2087 1278.3241;
	3.6719 49.6153 90.2604 116.7957 14.7258 32.3902 26.3045 17.5343 27.3178 30.1174 55.6716 83.051 125.0328 65.6291 200.0342 75.3617 93.5044 99.0867 88.8058 69.5184 8.7682 75.5771 72.3895 86.4072 102.2818 69.7609 13.0448 1310.2451 793.7573 793.7573 789.0092 121.849 296.0193 178.9406 205.756 338.6698 1280.9189 341.6214 462.6548 273.9691 117.4296 359.3151 199.6433 263.6841 1294.2618;
	3.2146 43.4358 87.3913 112.0242 14.4332 31.6669 27.0688 17.643 26.6705 29.6221 54.756 81.6852 122.9766 66.1548 199.3701 75.1115 93.194 98.7578 89.4491 67.0838 9.0229 73.8894 66.5084 82.0224 100.1349 71.1187 13.1055 1331.1293 801.8996 801.8996 766.6517 118.9473 298.1637 172.6739 207.4041 342.1438 1286.977 340.8713 446.0028 268.2184 114.9809 351.2911 193.2228 258.7853 1300.383;
	3.6062 48.7276 90.3289 114.6262 13.9952 31.8929 27.0668 17.5607 27.603 30.6973 56.7436 84.6503 127.4405 66.188 203.4883 76.663 95.119 100.7977 91.9354 71.3558 9.0223 74.4167 73.5486 86.1025 102.2762 73.7539 13.2753 1351.5447 806.114 806.114 792.7347 122.3365 306.4513 183.6701 207.5084 343.942 1317.6306 336.215 450.3578 273.9541 113.5973 353.7982 192.1149 263.2028 1331.3559;
	3.6126 48.814 90.6819 113.4822 13.9469 31.9365 23.3022 17.4489 27.6872 30.4126 56.2172 83.865 126.2583 65.0587 196.1378 73.8938 91.683 97.1566 89.3184 69.8351 7.7674 74.5185 75.2561 87.1551 103.2417 71.9004 13.0632 1322.79 771.559 771.559 773.3251 119.5747 297.7278 179.7557 203.9677 329.1985 1268.3544 327.5774 449.8151 276.5402 116.4644 354.2823 190.5949 259.9253 1281.5664;
	3.5947 48.5718 90.5792 113.6579 14.1591 31.8465 24.8749 17.3814 27.3695 29.3803 54.309 81.0183 121.9727 67.4396 185.7334 69.974 86.8196 92.0028 86.3214 68.3582 8.2916 74.3084 72.5143 86.0992 101.89 69.0097 12.7443 1280.6603 757.4638 757.4638 722.1578 118.643 287.7381 175.9543 211.4321 323.1845 1208.9908 312.1223 446.2241 272.9196 119.4494 353.2836 197.2144 267.8756 1221.5844;
	3.7391 50.5234 93.2166 114.6674 14.2111 31.5845 21.8347 17.3629 27.6977 29.1899 53.9571 80.4934 121.1823 67.5778 188.3487 70.9593 88.0421 93.2983 84.5286 66.9922 7.2782 73.6972 70.8863 87.0394 103.6913 59.5157 11.5378 1251.9159 727.0916 727.0916 666.9064 115.1014 281.7621 172.438 211.8656 310.2257 1178.3282 294.0314 451.7424 277.7446 111.9767 350.3774 191.6099 258.0364 1190.6024;
	3.7258 50.3439 92.3785 109.7884 14.2529 28.4081 17.6532 12.9746 27.2164 29.4188 54.3801 81.1245 122.1324 63.8921 180.8241 68.1244 84.5248 89.571 84.661 66.4867 5.8844 66.2856 72.5531 86.6327 102.2934 68.0159 9.4695 1233.8582 647.1483 647.1483 577.2466 111.5366 282.2034 171.1369 200.3104 276.1166 1162.2832 235.9005 443.564 274.0002 111.6112 315.1408 171.7447 241.9245 1174.3903;
