function solarprofile = ex_solar_profilesh1
%EX_WIND_PROFILE_D  Example wind_load_nyiso profile data for deterministic unit commitment.
% 2022.03.12
% Andres F. Ramirez


%% define constants
[GEN_BUS, PG, QG, QMAX, QMIN, VG, MBASE, GEN_STATUS, PMAX, PMIN, ...
    MU_PMAX, MU_PMIN, MU_QMAX, MU_QMIN, PC1, PC2, QC1MIN, QC1MAX, ...
    QC2MIN, QC2MAX, RAMP_AGC, RAMP_10, RAMP_30, RAMP_Q, APF] = idx_gen;
[CT_LABEL, CT_PROB, CT_TABLE, CT_TBUS, CT_TGEN, CT_TBRCH, CT_TAREABUS, ...
    CT_TAREAGEN, CT_TAREABRCH, CT_ROW, CT_COL, CT_CHGTYPE, CT_REP, ...
    CT_REL, CT_ADD, CT_NEWVAL, CT_TLOAD, CT_TAREALOAD, CT_LOAD_ALL_PQ, ...
    CT_LOAD_FIX_PQ, CT_LOAD_DIS_PQ, CT_LOAD_ALL_P, CT_LOAD_FIX_P, ...
    CT_LOAD_DIS_P, CT_TGENCOST, CT_TAREAGENCOST, CT_MODCOST_F, ...
    CT_MODCOST_X] = idx_ct;

solarprofile = struct( ...
    'type', 'mpcData', ...
    'table', CT_TGEN, ...
    'rows', [1:12], ...
    'col', PMAX, ...
    'chgtype', 1, ...
    'values', [] );
solarprofile.values(:,1,:) = [
	0.0 0.0 0.0 0.0 0.0 0.0 0.0 0.0 0.0 0.0 0.0 0.0;
	0.0 0.0 0.0 0.0 0.0 0.0 0.0 0.0 0.0 0.0 0.0 0.0;
	0.0 0.0 0.0 0.0 0.0 0.0 0.0 0.0 0.0 0.0 0.0 0.0;
	0.0 0.0 0.0 0.0 0.0 0.0 0.0 0.0 0.0 0.0 0.0 0.0;
	0.0 0.0 0.0 0.0 0.0 0.0 0.0 0.0 0.0 0.0 0.0 0.0;
	1.0347 0.829 0.7132 0.0 0.0 9.9929 1.2491 4.8674 0.4191 0.0 0.0 0.0;
	6.3748 4.4536 2.7876 0.7666 1.0319 131.8224 16.4778 0.0 30.8954 72.2236 33.5534 130.7974;
	17.0348 12.7064 9.5551 3.3171 2.1706 319.7135 39.9642 17.6357 135.5902 194.8219 149.7057 352.8237;
	23.4347 16.6083 13.8 6.6638 2.2062 370.7214 46.3402 49.123 191.6226 272.3769 181.6901 493.2762;
	25.7139 16.38 13.8 2.4184 0.3464 325.3438 40.668 55.5464 176.2824 65.2424 134.6402 118.1545;
	25.6388 16.5136 13.7436 1.2403 0.9146 315.7948 39.4743 52.5352 176.7919 59.2496 143.223 107.3014;
	25.6025 16.5214 13.5178 1.2012 1.5429 327.1095 40.8887 52.8404 178.0653 59.3961 132.8854 107.5667;
	24.5742 15.9262 13.4455 2.0407 2.613 304.8192 38.1024 62.0769 158.6237 22.1767 48.3593 40.1621;
	22.8493 16.0927 13.4342 1.8071 2.62 273.22 34.1525 62.2044 138.574 4.7294 30.9015 8.5649;
	17.2466 13.7485 11.3657 1.2868 1.9007 203.7628 25.4703 57.7584 106.5868 7.1544 20.517 12.9567;
	4.6423 6.6545 5.2847 0.9814 1.7151 94.9408 11.8676 34.9839 83.6159 0.0 13.703 0.0;
	1.1859 1.0038 0.7845 0.8235 1.102 64.7293 8.0912 14.6344 34.9417 8.1148 7.2735 14.6959;
	0.0 0.0 0.0 0.0 0.0 0.0 0.0 0.0 0.0 0.0 0.0 0.0;
	0.0 0.0 0.0 0.0 0.0 0.0 0.0 0.0 0.0 0.0 0.0 0.0;
	0.0 0.0 0.0 0.0 0.0 0.0 0.0 0.0 0.0 0.0 0.0 0.0;
	0.0 0.0 0.0 0.0 0.0 0.0 0.0 0.0 0.0 0.0 0.0 0.0;
	0.0 0.0 0.0 0.0 0.0 0.0 0.0 0.0 0.0 0.0 0.0 0.0;
	0.0 0.0 0.0 0.0 0.0 0.0 0.0 0.0 0.0 0.0 0.0 0.0;
	0.0 0.0 0.0 0.0 0.0 0.0 0.0 0.0 0.0 0.0 0.0 0.0;
];
