function loadprofile = ex_load_profilesh1
%EX_LOAD_PROFILE  Example load profile data file for stochastic unit commitment.
% 2022.03.12
% Andres F. Ramirez

%% define constants
[CT_LABEL, CT_PROB, CT_TABLE, CT_TBUS, CT_TGEN, CT_TBRCH, CT_TAREABUS, ...
    CT_TAREAGEN, CT_TAREABRCH, CT_ROW, CT_COL, CT_CHGTYPE, CT_REP, ...
    CT_REL, CT_ADD, CT_NEWVAL, CT_TLOAD, CT_TAREALOAD, CT_LOAD_ALL_PQ, ...
    CT_LOAD_FIX_PQ, CT_LOAD_DIS_PQ, CT_LOAD_ALL_P, CT_LOAD_FIX_P, ...
    CT_LOAD_DIS_P, CT_TGENCOST, CT_TAREAGENCOST, CT_MODCOST_F, ...
    CT_MODCOST_X] = idx_ct;

loadprofile = struct( ...
    'type', 'mpcData', ...
    'table', CT_TAREALOAD, ...
    'rows', [1:11], ...
    'col', CT_LOAD_ALL_P, ...
    'chgtype', 1, ...
    'values', [] );
loadprofile.values(:,1,:) = [
	1516.9729 848.5873 1431.8603 553.6 745.5068 1073.6333 802.1096 241.2059 516.2083 4519.7675 1677.0;
	1475.8199 848.6268 1426.4 545.316 713.2 1060.4347 794.2221 236.7387 521.0559 4546.3515 1678.9066;
	1514.7968 858.3671 1434.6319 554.7947 723.2 1079.8963 794.2379 237.2783 516.9547 4457.2554 1670.994;
	1510.3661 902.3961 1501.293 577.519 742.5 1095.8 821.9537 248.4762 544.3347 4557.3736 1731.682;
	1601.8886 963.5 1636.1985 588.4 833.2673 1192.3432 887.6 281.9212 580.9375 4856.9848 1818.5543;
	1678.7581 1019.511 1725.0479 595.4981 908.6784 1250.829 930.8049 287.9676 572.5651 4894.3187 1922.6366;
	1778.39 1083.1122 1830.3 597.9 957.5412 1303.9322 974.8646 297.1 582.3 5129.8498 1963.9433;
	1799.4708 1120.8765 1883.6 601.7831 1000.1043 1348.1434 982.5128 311.4472 617.8662 5247.4063 2077.7928;
	1820.0706 1124.0586 1880.5034 595.1 1018.4968 1409.3007 994.7182 308.1722 629.9 5339.7171 2102.0285;
	1794.4674 1129.8455 1883.5257 619.05 1006.6369 1404.7 1009.5439 302.4952 670.2756 5472.1169 2087.8862;
	1799.1586 1095.8 1783.118 596.1 969.542 1324.7911 964.7228 297.503 655.9 5355.902 1967.1961;
	1766.0134 1083.9097 1768.5445 607.8 955.4004 1319.0 963.091 283.551 630.9747 5331.1438 1912.6234;
	1755.2945 1079.1189 1722.0644 593.3 951.685 1306.9763 987.5 288.6 637.321 5276.2676 1883.8901;
	1738.2994 1043.4731 1657.3754 583.5417 922.5 1242.5014 967.4839 292.7519 615.0048 5215.2553 1881.0;
	1744.348 1082.472 1759.0752 590.7806 960.4203 1318.9 1019.6 319.3153 638.5018 5271.342 1985.8874;
	1747.965 1084.3345 1746.3476 583.7968 969.7519 1347.8937 1020.8647 339.7544 631.4891 5310.052 2037.9329;
	1814.2566 1143.0118 1839.4048 622.1376 1003.6004 1377.5 1057.7623 344.6097 650.2925 5396.0382 2142.3861;
	1895.6801 1199.3048 1944.8083 626.8659 1056.123 1422.4439 1111.8686 348.6658 695.0369 5506.3068 2244.8;
	1884.4756 1209.1302 1939.7107 627.6478 1024.5983 1392.6523 1085.7 312.9869 679.7947 5492.4761 2204.3285;
	1869.4079 1147.0509 1891.4 614.963 981.313 1340.7157 1076.4523 325.2071 685.6 5465.8253 2225.0386;
	1835.1961 1087.7851 1781.9128 598.5625 927.8234 1284.2 1020.6516 312.4 651.6186 5303.8645 2102.3824;
	1721.5589 1018.5633 1655.3787 578.4 865.1192 1198.8 946.639 276.2 613.5 4995.9782 1935.3794;
	1663.2604 955.094 1594.9425 576.421 861.8952 1179.7512 902.1014 275.3344 578.479 5066.0987 1863.2;
	1646.3663 890.9138 1512.2873 576.3 807.8383 1113.4608 844.9966 254.5194 536.7 4746.5 1755.9383;
];
