function loadprofile = ex_load_profilesh1
%EX_LOAD_PROFILE  Example load profile data file for stochastic unit commitment.
% 2022.03.12
% Andres F. Ramirez

%% define constants
[CT_LABEL, CT_PROB, CT_TABLE, CT_TBUS, CT_TGEN, CT_TBRCH, CT_TAREABUS, ...
    CT_TAREAGEN, CT_TAREABRCH, CT_ROW, CT_COL, CT_CHGTYPE, CT_REP, ...
    CT_REL, CT_ADD, CT_NEWVAL, CT_TLOAD, CT_TAREALOAD, CT_LOAD_ALL_PQ, ...
    CT_LOAD_FIX_PQ, CT_LOAD_DIS_PQ, CT_LOAD_ALL_P, CT_LOAD_FIX_P, ...
    CT_LOAD_DIS_P, CT_TGENCOST, CT_TAREAGENCOST, CT_MODCOST_F, ...
    CT_MODCOST_X] = idx_ct;

loadprofile = struct( ...
    'type', 'mpcData', ...
    'table', CT_TAREALOAD, ...
    'rows', [1:11], ...
    'col', CT_LOAD_ALL_P, ...
    'chgtype', 1, ...
    'values', [] );
loadprofile.values(:,1,:) = [
	1548.2878 883.9 1538.3805 528.2604 791.6645 1133.708 873.9301 256.0 543.625 4475.3 1711.4706;
	1545.2326 883.1458 1536.1305 530.11 816.3834 1107.3221 869.1027 279.6529 528.1354 4462.6302 1739.0024;
	1564.6911 898.1237 1567.9062 542.4443 812.7535 1112.473 868.6318 277.064 528.4987 4415.4787 1743.4371;
	1586.5091 924.0675 1614.8907 559.4785 838.2556 1136.747 909.2476 268.3 564.3887 4453.1501 1808.652;
	1674.9 995.0999 1725.9995 578.5999 893.0326 1213.4268 961.8702 309.3239 570.5761 4722.0743 1941.7401;
	1733.9695 1043.9571 1815.4668 594.3 942.7105 1270.8102 1015.854 304.4427 589.4508 4844.1104 1945.5471;
	1759.2917 1076.6 1857.5797 592.4954 986.7387 1326.8 1057.75 322.5972 626.0637 5086.7925 2031.1043;
	1772.1578 1088.4322 1885.4153 578.1021 1000.5 1390.6507 1130.0619 353.8122 637.8385 5300.9731 2151.3392;
	1742.7761 1102.3 1925.7111 567.4472 1011.4292 1409.1786 1134.1037 340.9 656.861 5383.865 2131.0005;
	1712.6 1114.7 1941.3652 558.6362 1006.8906 1422.8786 1141.9807 347.6505 665.2 5417.5973 2159.4675;
	1694.3 1107.884 1916.8777 546.4404 954.5998 1392.3642 1106.2588 350.5226 629.7257 5400.3669 2113.4103;
	1708.5776 1095.1197 1872.3549 536.9621 911.6 1349.5966 1058.3014 315.8 611.1629 5237.5644 2033.0305;
	1670.7982 1071.1472 1858.3049 519.4421 919.6249 1340.3666 1040.1538 319.2157 600.6 5217.5494 2071.9351;
	1612.4342 1069.9752 1863.2342 532.0686 921.7505 1345.576 1037.6 307.8769 595.9 5154.2782 1972.7511;
	1651.3737 1079.2818 1893.9088 532.3 961.1367 1366.8626 1047.888 291.3689 580.2661 5225.6968 2057.4671;
	1693.718 1123.7665 1886.7738 528.5985 974.8 1421.3588 1073.5108 282.3594 593.7006 5224.6434 2142.8241;
	1696.0068 1128.9331 1887.9633 563.1791 946.3524 1426.7751 1072.7542 307.4389 612.2903 5265.3651 2178.2716;
	1724.9803 1151.8473 1945.1959 581.0283 1003.9458 1471.4283 1146.7897 333.8453 655.1092 5435.184 2347.2826;
	1811.6269 1186.1006 1965.5121 594.7895 993.6008 1457.241 1158.7274 337.1128 659.6506 5505.4578 2320.1872;
	1763.9087 1148.0751 1910.013 584.4092 957.2599 1394.8108 1107.4839 329.8022 637.4853 5358.0771 2268.0379;
	1714.9911 1099.8051 1820.0029 566.7958 934.6978 1340.5114 1056.4094 309.5 622.7 5154.0613 2145.1945;
	1703.7504 1033.9578 1735.1605 555.0 885.6258 1261.8527 1027.0442 294.0801 628.3616 5064.0216 2059.2691;
	1700.9305 1031.827 1786.358 544.3112 878.3857 1214.506 1017.8745 299.9182 581.3002 4950.5915 2018.5591;
	1657.7472 992.8777 1772.2104 564.5378 875.5869 1168.8183 967.2709 304.1978 546.2339 4782.4081 1887.8455;
];
