function solarprofile = ex_solar_profilesh1
%EX_WIND_PROFILE_D  Example wind_load_nyiso profile data for deterministic unit commitment.
% 2022.03.12
% Andres F. Ramirez


%% define constants
[GEN_BUS, PG, QG, QMAX, QMIN, VG, MBASE, GEN_STATUS, PMAX, PMIN, ...
    MU_PMAX, MU_PMIN, MU_QMAX, MU_QMIN, PC1, PC2, QC1MIN, QC1MAX, ...
    QC2MIN, QC2MAX, RAMP_AGC, RAMP_10, RAMP_30, RAMP_Q, APF] = idx_gen;
[CT_LABEL, CT_PROB, CT_TABLE, CT_TBUS, CT_TGEN, CT_TBRCH, CT_TAREABUS, ...
    CT_TAREAGEN, CT_TAREABRCH, CT_ROW, CT_COL, CT_CHGTYPE, CT_REP, ...
    CT_REL, CT_ADD, CT_NEWVAL, CT_TLOAD, CT_TAREALOAD, CT_LOAD_ALL_PQ, ...
    CT_LOAD_FIX_PQ, CT_LOAD_DIS_PQ, CT_LOAD_ALL_P, CT_LOAD_FIX_P, ...
    CT_LOAD_DIS_P, CT_TGENCOST, CT_TAREAGENCOST, CT_MODCOST_F, ...
    CT_MODCOST_X] = idx_ct;

solarprofile = struct( ...
    'type', 'mpcData', ...
    'table', CT_TGEN, ...
    'rows', [1:12], ...
    'col', PMAX, ...
    'chgtype', 1, ...
    'values', [] );
solarprofile.values(:,1,:) = [
	0.0 0.0 0.0 0.0 0.0 0.0 0.0 0.0 0.0 0.0 0.0 0.0;
	0.0 0.0 0.0 0.0 0.0 0.0 0.0 0.0 0.0 0.0 0.0 0.0;
	0.0 0.0 0.0 0.0 0.0 0.0 0.0 0.0 0.0 0.0 0.0 0.0;
	0.0 0.0 0.0 0.0 0.0 0.0 0.0 0.0 0.0 0.0 0.0 0.0;
	0.0 0.0 0.0 0.0 0.0 0.0 0.0 0.0 0.0 0.0 0.0 0.0;
	1.0295 0.8228 0.6949 0.0 0.0 9.4854 1.1857 4.7144 3.5935 0.0 0.0 0.0;
	13.1505 7.4306 7.9497 0.6524 3.913 249.2689 31.1586 47.4258 101.1346 23.7316 10.1136 42.978;
	23.4684 15.7893 13.7302 2.278 5.8315 322.6301 40.3288 54.925 118.3258 27.7919 13.9895 50.3314;
	25.3929 16.6083 13.8938 5.9445 6.755 360.8452 45.1057 60.0257 156.8953 83.1339 37.0893 150.556;
	25.2424 14.9803 13.3316 3.189 5.9391 356.2083 44.526 56.8226 172.4023 195.9287 88.9061 354.8281;
	22.9607 7.861 10.9687 2.9911 7.5989 316.2014 39.5252 55.42 161.6207 160.9294 50.8848 291.4441;
	19.7821 5.8675 10.594 3.1352 8.3804 264.7698 33.0962 55.433 121.4719 111.2124 35.1926 201.4063;
	17.5763 14.543 12.3684 3.0444 5.8766 229.4972 28.6872 62.2164 45.2915 129.6242 56.8275 234.7502;
	16.4203 14.3263 12.2104 2.5929 4.181 275.6541 34.4568 61.7088 44.9433 144.6706 59.7456 261.9994;
	13.4744 11.6451 9.8156 1.6962 3.1586 292.8215 36.6027 56.3731 45.5799 111.6094 53.5959 202.1253;
	7.9585 5.7855 5.6951 1.516 3.7444 219.0883 27.386 24.3807 62.7616 32.3552 30.6027 58.5954;
	1.3085 1.0311 0.9463 0.9189 1.9843 64.6227 8.0778 11.3675 32.2684 2.588 10.6232 4.6868;
	0.0 0.0 0.0 0.0 0.0 0.0 0.0 0.0 0.0 0.0 0.0 0.0;
	0.0 0.0 0.0 0.0 0.0 0.0 0.0 0.0 0.0 0.0 0.0 0.0;
	0.0 0.0 0.0 0.0 0.0 0.0 0.0 0.0 0.0 0.0 0.0 0.0;
	0.0 0.0 0.0 0.0 0.0 0.0 0.0 0.0 0.0 0.0 0.0 0.0;
	0.0 0.0 0.0 0.0 0.0 0.0 0.0 0.0 0.0 0.0 0.0 0.0;
	0.0 0.0 0.0 0.0 0.0 0.0 0.0 0.0 0.0 0.0 0.0 0.0;
	0.0 0.0 0.0 0.0 0.0 0.0 0.0 0.0 0.0 0.0 0.0 0.0;
];
