function loadprofile = ex_load_profilesh1
%EX_LOAD_PROFILE  Example load profile data file for stochastic unit commitment.
% 2022.03.12
% Andres F. Ramirez

%% define constants
[CT_LABEL, CT_PROB, CT_TABLE, CT_TBUS, CT_TGEN, CT_TBRCH, CT_TAREABUS, ...
    CT_TAREAGEN, CT_TAREABRCH, CT_ROW, CT_COL, CT_CHGTYPE, CT_REP, ...
    CT_REL, CT_ADD, CT_NEWVAL, CT_TLOAD, CT_TAREALOAD, CT_LOAD_ALL_PQ, ...
    CT_LOAD_FIX_PQ, CT_LOAD_DIS_PQ, CT_LOAD_ALL_P, CT_LOAD_FIX_P, ...
    CT_LOAD_DIS_P, CT_TGENCOST, CT_TAREAGENCOST, CT_MODCOST_F, ...
    CT_MODCOST_X] = idx_ct;

loadprofile = struct( ...
    'type', 'mpcData', ...
    'table', CT_TAREALOAD, ...
    'rows', [1:11], ...
    'col', CT_LOAD_ALL_P, ...
    'chgtype', 1, ...
    'values', [] );
loadprofile.values(:,1,:) = [
	1552.498 868.1021 1506.0208 564.8638 786.154 1180.1195 882.525 258.4685 553.5209 4532.7265 1749.4921;
	1522.1986 879.2972 1495.9358 574.4799 787.2046 1161.4724 891.437 248.9567 528.0955 4475.1948 1700.8528;
	1536.1961 880.4763 1514.4089 564.1647 803.0571 1149.0116 881.4662 239.467 498.0875 4389.6023 1702.6;
	1577.7525 922.8 1566.6681 578.2246 817.7098 1149.5473 903.9044 255.3 528.3457 4564.7571 1772.167;
	1630.9052 978.0791 1648.4647 587.6073 872.7 1196.4 938.4011 287.1849 540.5406 4811.3376 1876.0356;
	1723.9507 1038.1049 1776.5819 594.6354 920.5768 1259.9554 986.8926 296.6135 572.8533 4985.2384 1962.0834;
	1749.7 1065.968 1851.9791 593.7 969.4461 1293.6 1003.1484 308.3 590.2932 5135.5322 2022.5152;
	1747.2333 1072.9604 1899.1749 600.4 995.13 1309.2 1004.049 318.4913 603.4 5306.4311 2029.9603;
	1728.6722 1090.0 1914.1753 583.8397 1003.3586 1286.186 1016.6153 320.0 615.9737 5504.3567 2079.6493;
	1730.9213 1090.6645 1898.2181 591.5374 1021.2013 1283.1 1043.018 322.3183 625.8488 5643.3976 2160.0648;
	1678.5561 1085.0276 1899.9714 574.931 1004.4798 1300.2 1064.9525 315.6209 639.115 5709.5194 2155.5903;
	1706.6061 1102.8026 1908.7522 565.1344 1005.1609 1316.06 1095.7708 317.4831 629.8336 5900.5378 2219.5597;
	1710.157 1062.7892 1868.1608 554.3002 972.1216 1235.26 1033.32 313.1 622.8378 5653.6183 2282.0002;
	1727.3227 1071.095 1869.3861 552.0418 964.3209 1239.848 1012.0767 320.1995 616.2771 5565.1124 2220.7192;
	1775.8284 1080.8427 1909.3569 560.1191 1008.7855 1283.927 1013.8311 338.6197 645.1657 5666.6031 2243.9487;
	1783.4989 1096.1564 1931.3735 572.0 1013.6038 1329.5706 1053.7968 335.3981 658.3 5642.4074 2290.8803;
	1829.5759 1112.9889 2007.567 582.4 1059.6038 1386.5275 1074.3239 338.9245 638.6824 5676.7617 2332.5009;
	1822.7351 1147.7606 1960.5347 577.0754 1066.3693 1427.5064 1101.1204 344.8 648.6 5627.9715 2347.9589;
	1910.8397 1186.8568 2052.7896 574.9999 1093.8108 1439.401 1109.8832 349.9283 646.8138 5650.7595 2379.2635;
	1859.3542 1150.9775 1948.9115 573.1084 1026.9137 1407.8075 1073.474 354.3187 633.3085 5572.5527 2290.9225;
	1793.298 1071.7 1809.8253 558.3968 998.3158 1362.468 1051.3 344.6613 616.7449 5676.6749 2201.551;
	1711.0062 993.4849 1720.6411 557.8765 910.7191 1277.8 996.954 317.6635 583.6 5270.4245 2001.7772;
	1657.858 962.0139 1687.8437 580.7728 867.2687 1207.2274 986.5644 321.62 571.1275 4901.8142 1881.3827;
	1649.4229 955.4 1640.9181 590.5989 872.042 1191.6042 943.8187 304.2 555.6586 4727.1273 1796.2841;
];
