function loadprofile = ex_load_profilesh1
%EX_LOAD_PROFILE  Example load profile data file for stochastic unit commitment.
% 2022.03.12
% Andres F. Ramirez

%% define constants
[CT_LABEL, CT_PROB, CT_TABLE, CT_TBUS, CT_TGEN, CT_TBRCH, CT_TAREABUS, ...
    CT_TAREAGEN, CT_TAREABRCH, CT_ROW, CT_COL, CT_CHGTYPE, CT_REP, ...
    CT_REL, CT_ADD, CT_NEWVAL, CT_TLOAD, CT_TAREALOAD, CT_LOAD_ALL_PQ, ...
    CT_LOAD_FIX_PQ, CT_LOAD_DIS_PQ, CT_LOAD_ALL_P, CT_LOAD_FIX_P, ...
    CT_LOAD_DIS_P, CT_TGENCOST, CT_TAREAGENCOST, CT_MODCOST_F, ...
    CT_MODCOST_X] = idx_ct;

loadprofile = struct( ...
    'type', 'mpcData', ...
    'table', CT_TAREALOAD, ...
    'rows', [1:11], ...
    'col', CT_LOAD_ALL_P, ...
    'chgtype', 1, ...
    'values', [] );
loadprofile.values(:,1,:) = [
	1531.772 878.4288 1513.7327 580.6591 648.9096 1040.1198 810.8 237.4 486.3029 4274.2153 1665.1222;
	1580.6288 898.5 1528.1756 571.6225 663.0084 1022.5973 814.3799 229.4531 484.8263 4271.9 1658.9159;
	1567.7 897.1823 1536.4613 573.0581 684.5028 1019.942 834.3506 241.8559 498.1674 4359.0 1712.7102;
	1612.4389 928.8112 1594.1616 588.0391 725.1231 1076.3387 861.7279 251.4591 502.3 4377.0033 1777.6198;
	1620.1826 996.9337 1708.7864 591.6043 803.6 1147.8 904.6245 274.8 529.4 4546.9243 1884.8487;
	1729.3329 1060.0244 1817.1 616.7902 872.5703 1204.6344 958.1506 317.8649 554.5311 4745.793 1950.2;
	1755.2 1078.6 1844.6972 622.2247 894.2999 1244.5175 980.2044 322.7245 571.4425 4792.3256 1999.4039;
	1803.3834 1098.6034 1881.7551 625.2279 911.0014 1289.1 992.2153 336.9078 594.7 5085.4885 2080.3307;
	1796.7755 1112.4357 1885.516 606.6059 899.6918 1267.7574 985.5336 333.7232 625.7112 5174.7653 2130.7;
	1772.2586 1073.6784 1880.9958 588.4 875.955 1244.0877 959.9951 325.1253 603.5071 5143.4188 2087.79;
	1731.0669 1055.3645 1836.5905 572.8614 842.0426 1168.5226 883.8631 307.2016 582.3749 5043.764 2030.4415;
	1745.2153 1061.1795 1806.5717 568.8169 822.6795 1177.0506 906.6348 312.2411 600.2079 5210.1629 2087.0145;
	1692.5083 1027.7537 1757.1444 558.4 805.384 1136.2414 890.0842 294.9 595.8674 5069.663 1980.3531;
	1665.041 1031.423 1742.9928 561.1288 801.9 1172.678 924.7949 297.3968 591.0 4931.0316 1924.7;
	1743.7082 1050.2752 1788.7118 569.9904 827.0628 1209.2939 950.8 315.773 588.8744 4992.2551 2003.9195;
	1764.1878 1090.1048 1838.6002 583.2 914.6959 1306.511 1021.1748 314.9 589.8008 5154.5978 2101.7448;
	1758.4 1108.8147 1830.6807 581.9968 949.3292 1330.6696 1025.3578 313.2546 582.3594 5232.2134 2113.2598;
	1802.1626 1142.2401 1941.492 591.2893 992.4207 1382.3822 1080.372 313.6344 608.8583 5415.5017 2245.2;
	1830.3 1142.337 1970.7674 606.0 953.487 1397.2112 1091.2 303.9907 618.3545 5413.7305 2245.6451;
	1806.0617 1094.1187 1900.6327 607.4 932.7159 1326.0908 1069.2912 316.2 619.197 5320.123 2178.2195;
	1732.6079 1035.4731 1785.5545 588.8598 854.8 1258.7606 1018.2297 302.1839 579.7401 5145.2013 2066.4633;
	1662.2621 982.6528 1692.3356 583.424 815.9 1189.6498 962.6 283.801 581.6 4950.7735 1960.9108;
	1619.3249 986.9825 1687.5157 600.9923 798.349 1174.5576 912.9 275.1 534.4715 4861.5391 1864.057;
	1569.4605 983.2522 1657.1785 590.5233 785.135 1140.4562 884.6803 263.4 526.8025 4671.9985 1793.275;
];
