function solarprofile = ex_solar_profilesh1
%EX_WIND_PROFILE_D  Example wind_load_nyiso profile data for deterministic unit commitment.
% 2022.03.12
% Andres F. Ramirez


%% define constants
[GEN_BUS, PG, QG, QMAX, QMIN, VG, MBASE, GEN_STATUS, PMAX, PMIN, ...
    MU_PMAX, MU_PMIN, MU_QMAX, MU_QMIN, PC1, PC2, QC1MIN, QC1MAX, ...
    QC2MIN, QC2MAX, RAMP_AGC, RAMP_10, RAMP_30, RAMP_Q, APF] = idx_gen;
[CT_LABEL, CT_PROB, CT_TABLE, CT_TBUS, CT_TGEN, CT_TBRCH, CT_TAREABUS, ...
    CT_TAREAGEN, CT_TAREABRCH, CT_ROW, CT_COL, CT_CHGTYPE, CT_REP, ...
    CT_REL, CT_ADD, CT_NEWVAL, CT_TLOAD, CT_TAREALOAD, CT_LOAD_ALL_PQ, ...
    CT_LOAD_FIX_PQ, CT_LOAD_DIS_PQ, CT_LOAD_ALL_P, CT_LOAD_FIX_P, ...
    CT_LOAD_DIS_P, CT_TGENCOST, CT_TAREAGENCOST, CT_MODCOST_F, ...
    CT_MODCOST_X] = idx_ct;

solarprofile = struct( ...
    'type', 'mpcData', ...
    'table', CT_TGEN, ...
    'rows', [1:12], ...
    'col', PMAX, ...
    'chgtype', 1, ...
    'values', [] );
solarprofile.values(:,1,:) = [
	0.0 0.0 0.0 0.0 0.0 0.0 0.0 0.0 0.0 0.0 0.0 0.0;
	0.0 0.0 0.0 0.0 0.0 0.0 0.0 0.0 0.0 0.0 0.0 0.0;
	0.0 0.0 0.0 0.0 0.0 0.0 0.0 0.0 0.0 0.0 0.0 0.0;
	0.0 0.0 0.0 0.0 0.0 0.0 0.0 0.0 0.0 0.0 0.0 0.0;
	0.0 0.0 0.0 0.0 0.0 0.0 0.0 0.0 0.0 0.0 0.0 0.0;
	1.0136 0.8207 0.7016 0.0 0.0 9.6969 1.2121 4.4441 0.4191 0.0 0.0 0.0;
	4.0201 2.0414 0.8773 3.4222 5.4729 246.3914 30.7989 13.3934 52.1452 40.0917 34.2057 72.6063;
	17.317 14.2016 8.0088 6.6876 8.7746 357.8741 44.7343 45.1644 59.1281 206.3987 108.5449 373.7893;
	23.8183 16.6279 13.8 8.5392 10.178 392.6166 49.0771 54.8321 61.0576 346.8468 161.5459 628.1416;
	25.3108 16.148 12.8958 5.8795 10.061 361.6997 45.2125 45.4084 80.6426 346.0336 161.4411 626.6689;
	25.6144 12.661 10.6992 6.9315 9.8184 374.9786 46.8723 40.335 146.0691 328.8589 156.0769 595.5655;
	25.3502 11.3618 9.4478 7.5481 8.9133 390.6489 48.8311 48.0217 177.4745 267.2031 131.9026 483.9064;
	19.8557 15.0428 7.9365 6.7524 5.6478 349.453 43.6816 62.3915 125.2989 116.4243 7.5073 210.8452;
	15.8564 14.0389 5.4187 4.3923 4.3488 309.0758 38.6345 62.5157 74.2746 91.4404 2.654 165.5991;
	9.5625 9.1523 2.1571 2.2952 3.2601 190.145 23.7681 56.8349 40.2163 65.3958 1.9303 118.4321;
	4.3495 3.191 0.9496 0.9015 2.161 41.9176 5.2397 19.594 22.8096 25.6045 7.8197 46.3699;
	1.2867 1.059 0.7983 0.8091 0.7523 64.1891 8.0236 12.4607 32.22 10.1728 5.3886 18.423;
	0.0 0.0 0.0 0.0 0.0 0.0 0.0 0.0 0.0 0.0 0.0 0.0;
	0.0 0.0 0.0 0.0 0.0 0.0 0.0 0.0 0.0 0.0 0.0 0.0;
	0.0 0.0 0.0 0.0 0.0 0.0 0.0 0.0 0.0 0.0 0.0 0.0;
	0.0 0.0 0.0 0.0 0.0 0.0 0.0 0.0 0.0 0.0 0.0 0.0;
	0.0 0.0 0.0 0.0 0.0 0.0 0.0 0.0 0.0 0.0 0.0 0.0;
	0.0 0.0 0.0 0.0 0.0 0.0 0.0 0.0 0.0 0.0 0.0 0.0;
	0.0 0.0 0.0 0.0 0.0 0.0 0.0 0.0 0.0 0.0 0.0 0.0;
];
