function solarprofile = ex_solar_profilesh1
%EX_WIND_PROFILE_D  Example wind_load_nyiso profile data for deterministic unit commitment.
% 2022.03.12
% Andres F. Ramirez


%% define constants
[GEN_BUS, PG, QG, QMAX, QMIN, VG, MBASE, GEN_STATUS, PMAX, PMIN, ...
    MU_PMAX, MU_PMIN, MU_QMAX, MU_QMIN, PC1, PC2, QC1MIN, QC1MAX, ...
    QC2MIN, QC2MAX, RAMP_AGC, RAMP_10, RAMP_30, RAMP_Q, APF] = idx_gen;
[CT_LABEL, CT_PROB, CT_TABLE, CT_TBUS, CT_TGEN, CT_TBRCH, CT_TAREABUS, ...
    CT_TAREAGEN, CT_TAREABRCH, CT_ROW, CT_COL, CT_CHGTYPE, CT_REP, ...
    CT_REL, CT_ADD, CT_NEWVAL, CT_TLOAD, CT_TAREALOAD, CT_LOAD_ALL_PQ, ...
    CT_LOAD_FIX_PQ, CT_LOAD_DIS_PQ, CT_LOAD_ALL_P, CT_LOAD_FIX_P, ...
    CT_LOAD_DIS_P, CT_TGENCOST, CT_TAREAGENCOST, CT_MODCOST_F, ...
    CT_MODCOST_X] = idx_ct;

solarprofile = struct( ...
    'type', 'mpcData', ...
    'table', CT_TGEN, ...
    'rows', [1:12], ...
    'col', PMAX, ...
    'chgtype', 1, ...
    'values', [] );
solarprofile.values(:,1,:) = [
	0.0 0.0 0.0 0.0 0.0 0.0 0.0 0.0 0.0 0.0 0.0 0.0;
	0.0 0.0 0.0 0.0 0.0 0.0 0.0 0.0 0.0 0.0 0.0 0.0;
	0.0 0.0 0.0 0.0 0.0 0.0 0.0 0.0 0.0 0.0 0.0 0.0;
	0.0 0.0 0.0 0.0 0.0 0.0 0.0 0.0 0.0 0.0 0.0 0.0;
	0.0 0.0 0.0 0.0 0.0 0.0 0.0 0.0 0.0 0.0 0.0 0.0;
	1.0349 0.8372 0.7199 0.0 0.0 14.8913 1.8614 4.7466 0.9504 0.0 0.0 0.0;
	5.4047 2.3216 2.7351 1.1296 3.5833 363.9895 45.4987 70.9429 178.6793 6.5674 0.0 11.8935;
	13.7568 9.4196 10.0713 2.849 8.2433 372.1907 46.5238 72.4682 234.4121 27.6485 11.2296 50.0717;
	20.9352 16.0201 13.8 6.683 10.7185 384.8305 48.1038 70.8929 220.9056 85.5172 50.6928 154.8721;
	23.2096 15.8272 13.6693 7.0796 10.7512 355.85 44.4813 64.4251 167.66 190.2884 125.7226 344.6134;
	21.2417 15.7479 13.7014 5.805 9.7895 380.6532 47.5816 65.7914 178.972 220.8761 147.8765 400.008;
	22.789 16.4085 13.8 4.2629 8.0509 408.1401 51.0175 67.7673 215.9837 236.1608 161.2088 427.6887;
	24.8783 16.0994 13.706 4.5631 5.0948 404.2642 50.533 71.1842 286.3305 212.7905 185.3584 385.3649;
	23.9495 16.6748 14.0478 4.9224 4.805 369.3859 46.1732 68.3709 270.4067 236.6232 192.3373 428.526;
	20.8985 16.0318 12.999 6.8914 5.1352 320.9437 40.118 63.1974 222.8986 213.0995 180.7058 385.9245;
	9.6434 11.8099 7.7695 7.1663 5.9031 224.4833 28.0604 41.7789 144.878 131.2641 118.1444 237.7201;
	1.619 1.732 1.3265 1.4229 1.7036 88.5489 11.0686 13.0442 45.3335 38.535 52.6291 69.7871;
	0.0 0.0 0.0 0.0 0.0 0.0 0.0 0.0 0.0 0.0 0.0 0.0;
	0.0 0.0 0.0 0.0 0.0 0.0 0.0 0.0 0.0 0.0 0.0 0.0;
	0.0 0.0 0.0 0.0 0.0 0.0 0.0 0.0 0.0 0.0 0.0 0.0;
	0.0 0.0 0.0 0.0 0.0 0.0 0.0 0.0 0.0 0.0 0.0 0.0;
	0.0 0.0 0.0 0.0 0.0 0.0 0.0 0.0 0.0 0.0 0.0 0.0;
	0.0 0.0 0.0 0.0 0.0 0.0 0.0 0.0 0.0 0.0 0.0 0.0;
	0.0 0.0 0.0 0.0 0.0 0.0 0.0 0.0 0.0 0.0 0.0 0.0;
];
