function windprofile = ex_wind_profilesh1
%EX_WIND_PROFILE_D  Example wind_load_nyiso profile data for deterministic unit commitment.
% 2022.03.12
% Andres F. Ramirez


%% define constants
[GEN_BUS, PG, QG, QMAX, QMIN, VG, MBASE, GEN_STATUS, PMAX, PMIN, ...
    MU_PMAX, MU_PMIN, MU_QMAX, MU_QMIN, PC1, PC2, QC1MIN, QC1MAX, ...
    QC2MIN, QC2MAX, RAMP_AGC, RAMP_10, RAMP_30, RAMP_Q, APF] = idx_gen;
[CT_LABEL, CT_PROB, CT_TABLE, CT_TBUS, CT_TGEN, CT_TBRCH, CT_TAREABUS, ...
    CT_TAREAGEN, CT_TAREABRCH, CT_ROW, CT_COL, CT_CHGTYPE, CT_REP, ...
    CT_REL, CT_ADD, CT_NEWVAL, CT_TLOAD, CT_TAREALOAD, CT_LOAD_ALL_PQ, ...
    CT_LOAD_FIX_PQ, CT_LOAD_DIS_PQ, CT_LOAD_ALL_P, CT_LOAD_FIX_P, ...
    CT_LOAD_DIS_P, CT_TGENCOST, CT_TAREAGENCOST, CT_MODCOST_F, ...
    CT_MODCOST_X] = idx_ct;

windprofile = struct( ...
    'type', 'mpcData', ...
    'table', CT_TGEN, ...
    'rows', [1:45], ...
    'col', PMAX, ...
    'chgtype', 1, ...
    'values', [] );
windprofile.values(:,1,:) = [
	3.8104 51.4871 93.8912 119.7067 15.1113 32.4208 31.0589 19.0871 28.2335 28.7971 53.231 79.4102 119.5516 68.6358 194.0605 73.1112 90.712 96.1276 80.9836 71.3001 10.353 75.6485 73.9135 88.3723 106.1601 75.8213 14.1135 1324.3865 772.7477 772.7477 580.9332 114.0492 269.9452 183.5267 215.1825 329.7057 1267.2985 228.0082 469.1036 284.3575 122.6959 359.6545 200.1432 280.0245 1280.4995;
	3.9128 52.8703 92.11 118.1088 15.2792 31.8681 28.2013 18.6361 27.442 28.8278 53.2878 79.4948 119.6791 67.4413 189.8451 71.523 88.7416 94.0396 84.6893 71.2809 9.4004 74.3588 71.6463 86.6872 103.2368 74.4381 13.4843 1299.0727 761.406 761.406 607.0509 109.5709 282.2976 183.4772 211.4377 324.8665 1228.3359 228.2408 465.8595 276.527 120.6369 353.5232 195.2793 274.801 1241.1311;
	3.8755 52.366 94.1867 119.4727 15.303 33.572 23.8124 18.8705 27.8909 29.378 54.3049 81.0122 121.9634 66.9418 197.7224 74.4908 92.4237 97.9416 86.4894 69.9135 7.9375 78.3346 72.6208 87.8934 103.5628 76.3374 13.8434 1330.3276 776.4708 776.4708 659.6048 103.9186 288.2981 179.9575 209.8715 331.2942 1298.7585 229.9596 433.7135 277.4004 122.3599 372.4251 198.4872 277.2149 1312.2872;
	3.8617 52.1794 94.3672 118.3431 15.3351 33.2424 25.9945 18.3649 28.3781 31.1993 57.6715 86.0345 129.5244 69.0098 200.687 75.6077 93.8095 99.4101 87.3647 71.3256 8.6648 77.5656 75.1749 88.3951 104.0157 74.4349 13.7628 1306.8395 770.9642 770.9642 636.5425 104.0062 291.2157 183.5923 216.355 328.9447 1267.127 236.5536 458.7646 278.6135 116.5442 368.7689 159.7889 276.8803 1280.3262;
	3.8595 52.1505 92.1332 113.8694 15.2625 33.1741 31.2258 18.3243 28.3534 31.3412 57.9337 86.4257 130.1134 68.4856 201.9607 76.0875 94.4049 100.041 87.4051 72.7997 10.4086 77.4061 75.7264 86.5478 103.2278 75.5214 13.4958 1258.0012 774.9158 774.9158 690.1531 111.9732 291.3504 187.3866 214.7116 330.6307 1229.707 237.9709 475.0858 276.503 113.7101 368.0108 193.7008 270.9561 1242.5165;
	3.8889 52.5482 93.7687 117.0536 15.3326 34.4315 30.8967 18.8182 28.4541 31.4082 58.0576 86.6106 130.3917 69.3844 204.4853 77.0386 95.585 101.2915 86.2365 73.5369 10.2989 80.3403 75.8603 87.7795 104.2382 73.5142 14.0161 1275.5447 768.216 768.216 700.1406 112.7743 287.4551 189.2841 217.5296 327.7722 1174.6296 240.3953 472.9687 279.2093 119.8338 381.9606 185.1351 275.7337 1186.8653;
	3.7667 50.897 91.5088 114.838 15.0618 33.6854 32.0301 18.2193 28.4234 31.3902 58.0243 86.5608 130.3168 69.0128 203.49 76.6637 95.1198 100.7986 86.9179 73.8127 10.6767 78.5992 75.8641 85.6914 102.3352 71.3868 13.5 1270.8064 764.5213 764.5213 712.7837 112.739 289.7264 189.9941 216.3644 326.1958 1219.5922 277.3749 470.2589 274.1122 117.5901 373.6828 170.8241 270.2958 1232.2963;
	3.7785 51.0565 89.1974 114.8515 14.797 33.8657 31.969 18.1959 28.2222 31.1152 57.516 85.8025 129.1753 69.8088 204.0928 76.8908 95.4015 101.0971 86.8814 72.6102 10.6563 79.0201 75.662 86.8125 100.49 71.0295 13.3492 1337.5338 792.32 792.32 749.1372 117.254 289.6048 186.8987 218.8601 338.0565 1303.4224 296.2721 475.8045 269.1697 120.5503 375.6839 179.1603 267.431 1316.9998;
	3.8641 52.2129 92.4438 118.9834 15.2607 34.2449 32.4981 18.4586 28.4524 31.3407 57.9328 86.4243 130.1114 69.7745 205.4006 77.3835 96.0128 101.7449 91.8654 73.4785 10.8327 79.9047 75.7219 89.3029 104.1573 72.5293 13.3356 1349.9799 806.5739 806.5739 791.8883 122.8105 306.2179 189.1339 218.7525 344.1382 1337.3659 321.1153 478.3586 278.9928 122.0848 379.8897 206.5638 273.9538 1351.2968;
	3.8947 52.6259 94.2499 119.7589 15.362 34.7635 30.3557 18.568 28.3998 31.124 57.5322 85.8267 129.2117 69.7738 202.2749 76.2059 94.5518 100.1966 88.2304 72.032 10.1186 81.1147 74.6149 89.9762 105.9166 73.8405 13.5915 1335.1131 838.8701 838.8701 803.3157 122.1622 294.1013 185.4106 218.7503 357.9179 1339.5121 347.6521 478.7849 283.7051 120.961 385.6427 212.802 284.6808 1353.4653;
	3.8607 52.1659 93.2551 118.9593 15.1413 33.951 31.0408 18.1347 27.9378 30.776 56.889 84.8672 127.7671 69.8402 202.3129 76.2202 94.5695 100.2155 88.2661 72.7263 10.3469 79.219 72.5679 88.4919 103.5684 70.1895 13.2688 1320.9985 833.9285 833.9285 818.1973 119.3137 294.2203 187.1977 218.9583 355.8095 1346.2468 341.2075 470.2086 277.4154 119.3044 376.6299 211.0654 271.3858 1360.2702;
	3.8934 52.6088 93.1681 118.9807 15.1674 34.7865 30.0593 17.8305 27.8634 30.978 57.2625 85.4243 128.6058 69.655 197.5171 74.4134 92.3278 97.8399 88.9417 71.1404 10.0198 81.1685 74.7008 88.7433 103.3151 65.0412 12.9647 1323.8933 829.0362 829.0362 801.7827 120.8291 296.4722 183.1157 218.3778 353.7221 1327.9922 341.8968 476.1331 276.737 120.3639 385.8984 215.6637 264.8025 1341.8254;
	3.7266 50.3545 90.3032 115.6246 14.8793 34.0211 28.8011 17.8924 26.2227 29.6368 54.7832 81.7258 123.0378 68.6529 198.948 74.9525 92.9966 98.5487 87.1421 71.2533 9.6004 79.3826 70.5434 84.8041 103.2968 68.9157 12.9896 1282.0637 826.7887 826.7887 767.7549 117.698 290.4737 183.4061 215.236 352.7632 1299.0616 347.3703 455.3791 276.6878 122.15 377.4077 213.4344 261.2563 1312.5935;
	3.7485 50.6506 89.5914 117.1111 14.262 34.2907 29.0971 17.7656 26.7306 28.5229 52.7241 78.654 118.4131 68.9251 197.4309 74.3809 92.2875 97.7972 89.5877 71.6505 9.699 80.0116 71.2458 85.9551 101.5057 69.7259 12.9439 1325.6547 819.6357 819.6357 776.6344 118.7057 298.6258 184.4285 216.0895 349.7112 1291.4009 343.0618 463.5282 271.8903 121.6663 380.3982 209.1867 265.4599 1304.853;
	3.7991 51.334 90.6071 118.3636 14.4072 33.6526 25.2522 18.0411 26.3503 28.5713 52.8136 78.7874 118.6141 69.7091 198.7992 74.8964 92.9271 98.4749 90.2643 70.811 8.4174 78.5227 74.1557 88.1103 103.1756 69.3258 13.021 1311.8705 811.7845 811.7845 782.5803 117.4888 300.8808 182.2677 218.5474 346.3614 1292.6186 338.3826 459.572 276.3631 121.8042 373.3192 208.5348 268.9893 1306.0834;
	3.6939 49.9128 86.6567 113.6326 14.1079 32.3346 25.8923 17.7447 26.0822 28.6002 52.8671 78.8673 118.7343 69.4852 188.684 71.0856 88.1988 93.4644 89.0372 70.6261 8.6308 75.4473 70.5504 86.1905 100.3642 67.8536 12.9988 1279.402 770.0624 770.0624 689.4088 115.6279 296.7908 181.7919 217.8454 328.56 1209.7649 323.9783 466.2655 268.8327 119.7333 358.6981 199.6037 238.2566 1222.3666;
	3.8418 51.9116 88.8143 113.1195 14.1506 31.7969 24.0358 17.9841 27.404 28.2686 52.254 77.9527 117.3574 69.7215 199.0188 74.9792 93.0297 98.5837 86.0851 70.957 8.0119 74.1928 70.593 83.5306 99.7603 56.1292 12.6812 1279.7047 751.4477 751.4477 642.7446 108.7849 286.9504 182.6436 218.5864 320.6177 1185.4795 326.3885 473.1805 267.2151 115.817 352.734 196.245 253.5812 1197.8282;
	3.8241 51.6723 90.7843 111.3394 14.1956 30.8065 23.3559 13.3407 27.9966 28.1076 51.9564 77.5087 116.6889 69.5196 199.2754 75.0758 93.1496 98.7108 86.1952 71.9396 7.7853 71.8818 72.1667 83.2609 99.3696 67.5502 10.1417 1325.9458 749.8471 749.8471 648.8858 111.7224 287.3172 185.1728 217.9532 319.9347 1232.884 314.1299 479.8176 266.1686 118.0349 341.7466 185.7615 231.8008 1245.7266;
