function windprofile = ex_wind_profilesh1
%EX_WIND_PROFILE_D  Example wind_load_nyiso profile data for deterministic unit commitment.
% 2022.03.12
% Andres F. Ramirez


%% define constants
[GEN_BUS, PG, QG, QMAX, QMIN, VG, MBASE, GEN_STATUS, PMAX, PMIN, ...
    MU_PMAX, MU_PMIN, MU_QMAX, MU_QMIN, PC1, PC2, QC1MIN, QC1MAX, ...
    QC2MIN, QC2MAX, RAMP_AGC, RAMP_10, RAMP_30, RAMP_Q, APF] = idx_gen;
[CT_LABEL, CT_PROB, CT_TABLE, CT_TBUS, CT_TGEN, CT_TBRCH, CT_TAREABUS, ...
    CT_TAREAGEN, CT_TAREABRCH, CT_ROW, CT_COL, CT_CHGTYPE, CT_REP, ...
    CT_REL, CT_ADD, CT_NEWVAL, CT_TLOAD, CT_TAREALOAD, CT_LOAD_ALL_PQ, ...
    CT_LOAD_FIX_PQ, CT_LOAD_DIS_PQ, CT_LOAD_ALL_P, CT_LOAD_FIX_P, ...
    CT_LOAD_DIS_P, CT_TGENCOST, CT_TAREAGENCOST, CT_MODCOST_F, ...
    CT_MODCOST_X] = idx_ct;

windprofile = struct( ...
    'type', 'mpcData', ...
    'table', CT_TGEN, ...
    'rows', [1:45], ...
    'col', PMAX, ...
    'chgtype', 1, ...
    'values', [] );
windprofile.values(:,1,:) = [
	3.5635 48.1509 86.96 114.025 14.5007 30.708 28.152 17.9985 27.4038 28.69 53.033 79.1149 119.107 66.1596 191.7095 72.2255 89.6131 94.9631 90.4916 68.8662 9.384 71.6521 74.0129 81.7779 101.8858 71.6048 13.4798 1223.6674 769.0078 769.0078 615.1258 117.501 301.6388 177.2617 207.4192 328.11 1174.4459 233.8964 451.368 272.9083 112.9324 340.6544 177.3309 254.2614 1186.6797;
	3.6765 49.6778 88.243 113.0795 14.6374 31.3979 25.9723 18.3 26.8392 30.2922 55.9946 83.533 125.7585 65.0242 187.3142 70.5695 87.5585 92.7859 90.6623 68.1373 8.6574 73.2618 74.3885 85.176 101.3894 71.3291 13.9661 1246.7286 776.2182 776.2182 661.0289 111.1097 302.2077 175.3856 203.8596 331.1864 1179.1913 229.8311 460.0178 271.5787 115.0504 348.3077 166.5044 261.332 1191.4746;
	3.6681 49.5641 86.4563 110.4019 14.4198 32.2062 19.8647 17.8758 26.4781 30.2701 55.9538 83.472 125.6667 64.5906 191.0999 71.9958 89.3281 94.6611 91.1636 68.3701 6.6216 75.1477 73.5436 84.8519 99.632 74.4451 13.8278 1233.8082 793.3433 793.3433 717.2672 103.0591 303.8787 175.9847 202.5003 338.4931 1217.9723 239.668 421.4202 266.8714 114.6543 357.2736 172.7003 248.8755 1230.6595;
	3.5579 48.0748 86.4859 109.6837 14.4319 30.8725 21.4378 17.3213 27.0479 30.5378 56.4486 84.2102 126.778 64.8906 196.4271 74.0028 91.8183 97.2999 91.8194 69.6889 7.1459 72.0358 73.4803 84.9262 98.3867 72.0806 13.2081 1265.7648 778.1365 778.1365 725.2447 104.5844 306.0647 179.3795 203.4407 332.0049 1237.2534 259.1141 439.5126 263.5358 115.5229 342.479 142.5898 240.6413 1250.1415;
	3.6066 48.7335 87.1898 109.6759 14.431 31.7967 29.0084 17.2218 27.5873 30.9335 57.1801 85.3015 128.4209 65.0639 198.0783 74.6249 92.5901 98.1179 92.2204 71.3133 9.6695 74.1923 74.305 82.1946 97.9413 73.7929 13.4871 1215.0145 759.7959 759.7959 726.6876 107.1383 307.4014 183.5605 203.984 324.1796 1177.1108 258.8065 464.2388 262.3428 113.0267 352.7312 167.7303 259.8385 1189.3723;
	3.7478 50.6406 89.0231 112.9068 15.3533 32.4131 29.1383 18.4748 28.2544 31.0611 57.416 85.6534 128.9508 66.6831 200.9855 75.7201 93.949 99.5579 92.5566 71.1839 9.7128 75.6305 75.4262 84.3651 98.1228 75.1126 13.9938 1246.2869 771.5791 771.5791 738.5196 109.0257 308.5221 183.2276 209.0604 329.2071 1172.1556 253.4467 476.5112 262.8289 114.4762 359.5691 171.2181 268.1139 1184.3656;
	3.6586 49.4361 89.1122 110.9946 15.3371 32.2002 30.9729 18.3314 28.1956 30.6194 56.5995 84.4353 127.1169 68.1084 200.6544 75.5954 93.7943 99.3939 92.9145 72.87 10.3243 75.1337 75.3161 84.5544 97.843 73.9865 13.5093 1225.9662 746.1021 746.1021 719.2742 108.2839 309.7149 187.5676 213.529 318.3369 1199.7526 292.8289 476.3451 262.0796 116.8617 357.2071 159.6403 259.2665 1212.25;
	3.7796 51.0705 89.216 111.8044 15.2779 32.9441 30.0019 18.6334 27.7633 30.4485 56.2836 83.9641 126.4075 67.8505 200.7655 75.6372 93.8462 99.4489 92.314 70.3491 10.0006 76.8695 75.2225 87.5416 100.4878 74.8902 13.8413 1263.977 764.9058 764.9058 643.6411 115.6797 307.7133 181.0788 212.7203 326.3598 1262.9085 298.6769 471.7784 269.1637 117.3132 365.4593 172.6807 267.5676 1276.0638;
	3.7947 51.2745 89.8512 114.6592 15.4221 33.5785 31.7567 18.3448 27.4038 30.5429 56.4581 84.2244 126.7994 67.5753 198.0239 74.6043 92.5646 98.0909 92.1081 70.8345 10.5856 78.3499 73.9571 86.6347 100.8318 73.0724 13.7033 1285.902 785.4764 785.4764 742.8258 120.3449 307.0271 182.3282 211.8575 335.1366 1277.1559 315.2964 475.9792 270.0851 116.8024 372.4979 206.1095 267.0395 1290.4597;
	3.8314 51.7705 89.8621 112.5236 15.4088 33.84 26.3498 17.7742 27.9699 30.3693 56.1371 83.7455 126.0784 67.7937 198.3462 74.7258 92.7153 98.2506 88.8199 72.6525 8.7833 78.9599 75.0959 87.5557 98.2664 70.5281 13.2691 1280.9416 837.1627 837.1627 786.1935 122.2066 296.0664 187.0077 212.5425 357.1894 1286.5129 330.7379 477.0005 263.2137 115.1514 375.3979 210.8565 266.7591 1299.914;
	3.7418 50.5596 90.9588 111.9465 15.3462 33.3217 26.6201 17.2431 26.8283 30.3319 56.068 83.6425 125.9233 65.4614 189.732 71.4804 88.6887 93.9835 89.7137 71.2767 8.8734 77.7506 73.6104 86.4268 98.3264 69.0559 13.2629 1255.3963 803.6552 803.6552 752.0905 118.7428 299.0458 183.4665 205.2303 342.8929 1247.4857 298.9627 458.5188 263.3742 118.138 369.6485 206.6285 261.2063 1260.4804;
	3.6061 48.7262 89.7798 113.6575 15.1552 32.5797 26.5447 17.4044 27.3835 28.8149 53.2639 79.4593 119.6256 66.3036 190.4512 71.7514 89.0248 94.3398 90.1991 68.2088 8.8482 76.0193 72.3766 86.4446 98.4389 66.3243 13.0055 1256.9777 803.4814 803.4814 768.0124 121.5405 300.6636 175.5695 207.8707 342.8187 1261.3652 325.1352 474.456 263.6755 119.1269 361.4174 202.9939 261.2879 1274.5044;
	3.6155 48.8528 90.6954 112.2648 15.2012 33.3917 27.7883 18.1012 28.0072 29.9221 55.3105 82.5123 124.2219 67.0226 190.9065 71.9229 89.2377 94.5653 90.7087 68.3347 9.2628 77.9139 73.9214 85.7101 99.4981 70.2734 13.3413 1285.2271 839.6282 839.6282 762.3676 119.5457 302.3622 175.8937 210.1248 358.2414 1289.2905 328.3371 473.2599 266.5127 120.192 370.4249 201.7548 266.0428 1302.7207;
	3.7658 50.8842 94.3662 118.9269 15.3794 33.6649 28.0132 17.6675 28.491 30.5729 56.5135 84.3071 126.9238 68.3669 189.7089 71.4717 88.6779 93.9721 90.2731 71.5907 9.3377 78.5515 74.5726 85.3199 99.2213 69.7148 13.2747 1275.5447 818.0773 818.0773 757.3826 116.8533 300.9104 184.2746 214.3395 349.0463 1283.6452 324.1704 477.367 265.7713 118.168 373.4563 204.2964 270.6054 1297.0165;
	3.7773 51.0393 93.7677 119.3284 15.3118 33.6593 25.3819 17.8201 28.494 29.1181 53.8244 80.2955 120.8844 68.4586 189.8199 71.5135 88.7298 94.0271 92.0745 71.8984 8.4606 78.5384 73.5233 86.6809 99.5791 68.6981 13.502 1253.9891 796.3063 796.3063 754.4074 118.6546 306.9151 185.0667 214.6269 339.7574 1230.3496 329.5057 478.9326 266.7298 120.9673 373.3939 203.9108 272.7531 1243.1657;
	3.8294 51.7435 92.2826 119.1586 15.3464 33.4624 27.7923 17.9397 28.4964 30.2264 55.873 83.3516 125.4853 68.9492 182.7138 68.8364 85.4081 90.5071 90.4522 72.165 9.2641 78.0789 73.833 87.2802 101.1475 69.0692 13.5673 1254.7688 811.1655 811.1655 745.0902 116.2879 301.5075 185.7529 216.165 346.0973 1234.9388 321.639 480.1485 270.9309 120.8002 371.2095 204.7397 280.1484 1247.8027;
	3.9028 52.7353 93.6403 113.7607 15.3747 33.4542 25.3392 18.1153 28.5023 29.3428 54.2397 80.915 121.8171 69.4643 190.8303 71.8942 89.2021 94.5276 90.3022 73.6657 8.4464 78.0597 73.4591 84.6272 99.776 60.5077 13.2047 1262.1423 794.4626 794.4626 686.5714 113.8518 301.0072 189.6158 217.7799 338.9707 1220.4858 311.6352 479.4189 267.257 120.0789 371.1181 205.9103 270.3111 1233.1992;
	3.8806 52.4352 92.5894 111.0006 15.3589 30.7815 19.9016 13.6045 28.2833 28.4754 52.6363 78.523 118.216 67.1614 177.5327 66.8844 82.9862 87.9406 84.7633 71.3176 6.6339 71.8234 73.6071 87.8265 100.8287 70.0597 10.7493 1228.5254 727.0365 727.0365 624.2303 111.6747 282.5442 183.5717 210.5601 310.2022 1240.55 280.1271 460.3927 270.0768 116.8092 341.4691 181.9491 253.5822 1253.4724;
