function windprofile = ex_wind_profilesh1
%EX_WIND_PROFILE_D  Example wind_load_nyiso profile data for deterministic unit commitment.
% 2022.03.12
% Andres F. Ramirez


%% define constants
[GEN_BUS, PG, QG, QMAX, QMIN, VG, MBASE, GEN_STATUS, PMAX, PMIN, ...
    MU_PMAX, MU_PMIN, MU_QMAX, MU_QMIN, PC1, PC2, QC1MIN, QC1MAX, ...
    QC2MIN, QC2MAX, RAMP_AGC, RAMP_10, RAMP_30, RAMP_Q, APF] = idx_gen;
[CT_LABEL, CT_PROB, CT_TABLE, CT_TBUS, CT_TGEN, CT_TBRCH, CT_TAREABUS, ...
    CT_TAREAGEN, CT_TAREABRCH, CT_ROW, CT_COL, CT_CHGTYPE, CT_REP, ...
    CT_REL, CT_ADD, CT_NEWVAL, CT_TLOAD, CT_TAREALOAD, CT_LOAD_ALL_PQ, ...
    CT_LOAD_FIX_PQ, CT_LOAD_DIS_PQ, CT_LOAD_ALL_P, CT_LOAD_FIX_P, ...
    CT_LOAD_DIS_P, CT_TGENCOST, CT_TAREAGENCOST, CT_MODCOST_F, ...
    CT_MODCOST_X] = idx_ct;

windprofile = struct( ...
    'type', 'mpcData', ...
    'table', CT_TGEN, ...
    'rows', [1:45], ...
    'col', PMAX, ...
    'chgtype', 1, ...
    'values', [] );
windprofile.values(:,1,:) = [
	3.6448 49.2496 92.404 117.0749 15.0231 31.8771 28.9915 18.391 25.9872 28.2103 52.1464 77.7921 117.1156 68.4247 189.7228 71.477 88.6844 93.979 85.7404 69.1493 9.6638 74.3798 74.0751 84.5649 103.4085 76.0829 13.2014 1251.9704 770.5194 770.5194 581.3133 107.8661 285.8014 177.9906 214.5206 328.755 1228.0308 226.3874 438.3976 276.9872 114.952 353.6228 190.8753 277.0828 1240.8228;
	3.6617 49.4776 88.33 112.1388 14.6038 31.0659 26.7429 18.0497 25.6246 28.6928 53.0382 79.1225 119.1185 67.5917 185.5894 69.9197 86.7523 91.9315 86.5373 69.2586 8.9143 72.4872 72.1632 84.2703 97.4987 74.4564 13.011 1258.1871 769.6336 769.6336 607.1585 104.1212 288.4577 178.2717 211.9091 328.377 1201.529 214.0803 442.1062 261.1573 109.5135 344.6248 181.5032 258.4726 1214.045;
	3.6665 49.5423 86.9473 111.3499 14.0459 31.7773 21.3364 17.6634 25.8258 29.2786 54.121 80.7379 121.5504 64.8558 194.1962 73.1623 90.7754 96.1949 88.1209 69.7356 7.1121 74.147 69.7123 84.0317 98.2609 75.3119 13.1708 1249.9487 774.7485 774.7485 652.0193 94.0548 293.7363 179.4996 203.3316 330.5594 1241.5013 217.386 393.4688 263.1988 110.3414 352.5159 185.1398 251.7771 1254.4336;
	3.6593 49.4456 86.3051 111.0923 13.9712 31.2299 23.5538 17.3543 25.9793 29.7674 55.0247 82.086 123.58 65.3539 197.0049 74.2205 92.0883 97.5862 91.8783 70.4517 7.8513 72.8697 71.5587 67.0753 96.6395 73.0102 12.8602 1278.648 806.9196 806.9196 696.4232 105.7104 306.261 181.3429 204.8932 344.2857 1267.1876 247.5642 410.0699 258.8557 110.9046 346.4434 154.8667 257.867 1280.3875;
	3.78 51.076 90.1614 114.7523 14.146 32.5993 31.0886 18.3601 26.8708 30.4492 56.2849 83.966 126.4104 66.6939 198.0383 74.6098 92.5714 98.098 89.2793 72.0775 10.3629 76.0651 73.6826 83.3341 102.3513 76.2942 13.6532 1251.8436 791.1683 791.1683 699.3183 106.0191 297.5977 185.5278 209.0945 337.5651 1253.3061 237.2549 449.2456 274.1551 112.8446 361.6351 194.0461 271.2003 1266.3614;
	3.8699 52.2909 89.9242 111.5239 14.6892 33.1629 29.9804 18.154 27.1005 30.0314 55.5126 82.8139 124.6759 66.1016 198.911 74.9386 92.9793 98.5303 92.0911 70.1572 9.9935 77.3801 73.0263 83.0339 100.5651 75.3746 13.7098 1293.8314 814.6683 814.6683 759.8981 111.7267 306.9705 180.5849 207.2376 347.5918 1262.2844 242.2771 437.4035 269.3708 116.0463 367.8872 192.399 273.0685 1275.4332;
	3.8273 51.7153 90.1875 112.4837 15.1184 33.3781 31.1626 17.7388 27.4737 30.9311 57.1756 85.2948 128.4108 65.8704 203.6823 76.7361 95.2096 100.8938 92.8054 72.0538 10.3875 77.8823 74.4451 83.1337 99.6896 73.9514 13.7704 1270.7183 800.8516 800.8516 753.283 110.6149 309.3515 185.4666 206.5126 341.6967 1292.6117 292.3252 452.2559 267.0256 115.1695 370.2747 171.3393 266.5736 1306.0764;
	3.9158 52.9109 92.7237 115.71 15.3334 34.5968 30.2261 17.7656 27.8669 31.0042 57.3109 85.4966 128.7146 67.3932 204.8135 77.1623 95.7384 101.4541 92.7243 70.7901 10.0754 80.7258 75.2939 86.381 103.2586 71.4575 13.5743 1330.4382 846.7445 846.7445 773.9661 112.3015 309.0811 182.2138 211.2868 361.2776 1338.6029 303.9698 469.3463 276.5855 115.8478 383.7934 185.6603 266.127 1352.5467;
	3.9313 53.12 94.1886 118.3096 15.3841 35.0844 31.6302 18.8124 27.4689 31.3627 57.9734 86.4849 130.2026 68.1321 203.2108 76.5585 94.9892 100.6602 92.3399 72.9797 10.5434 81.8637 75.71 88.2915 106.0853 73.9234 13.9414 1346.8336 856.028 856.028 810.9776 117.0974 307.7997 187.85 213.6032 365.2386 1338.5379 311.4715 477.0685 284.1571 123.8555 389.2032 213.8384 272.4435 1352.481;
	3.9043 52.7561 94.0261 118.8724 15.3109 34.4095 25.1098 18.7213 26.2873 31.1621 57.6027 85.9319 129.37 65.7927 196.0543 73.8623 91.644 97.1152 90.0279 71.6219 8.3699 80.2888 74.8012 89.6746 105.9439 73.9883 13.7577 1330.1357 833.8142 833.8142 797.4444 120.7416 300.0931 184.355 206.2689 355.7607 1294.1604 306.1424 456.7226 283.7782 123.0123 381.7157 212.3265 273.4314 1307.6412;
	3.9092 52.8217 90.6804 114.6343 15.0841 33.6749 28.1201 18.3658 26.3067 31.0966 57.4816 85.7512 129.098 64.2426 191.2623 72.057 89.404 94.7416 91.2448 72.152 9.3734 78.5748 73.6949 87.4291 103.6299 71.2688 13.6658 1288.7158 816.6224 816.6224 764.0002 116.9155 304.1494 185.7195 201.4091 348.4256 1297.1655 281.7712 472.2714 277.5801 121.5488 373.567 213.6918 270.2296 1310.6776;
	3.9169 52.9264 92.388 118.2752 15.3323 33.7165 26.8137 18.8762 26.9653 31.2349 57.7373 86.1327 129.6723 65.3038 195.4768 73.6447 91.374 96.8292 90.8621 70.0514 8.9379 78.6718 75.0085 89.2479 105.7133 72.0153 14.0631 1271.1257 803.1943 803.1943 772.2552 118.1635 302.8735 180.3124 204.7363 342.6962 1273.9776 291.7901 466.1012 283.1607 123.1329 374.0284 209.353 275.2761 1287.2482;
	3.8869 52.5207 91.3293 113.4513 15.364 33.4601 28.0799 18.7213 26.8466 31.3442 57.9393 86.434 130.1259 66.0263 192.0886 72.3683 89.7903 95.1509 91.2536 68.0891 9.36 78.0737 75.7045 85.8355 104.7512 75.3132 13.9982 1281.5867 828.0742 828.0742 778.0572 118.8458 304.1787 175.2614 207.0014 353.3116 1299.2887 326.1857 470.5749 280.5836 123.101 371.1845 209.6766 280.055 1312.823;
	3.9126 52.8674 91.7852 113.9283 15.2629 33.6643 28.4931 18.6564 27.962 31.0437 57.3838 85.6054 128.8784 67.7727 191.5782 72.176 89.5517 94.898 90.4871 70.9555 9.4977 78.55 74.13 87.5714 103.6539 74.5149 13.9369 1282.3336 845.7954 845.7954 786.9319 119.9164 301.6237 182.6396 212.4766 360.8727 1312.3022 319.0852 468.5221 277.6444 118.3637 373.4492 201.7864 280.8147 1325.9721;
	3.9285 53.0831 94.9481 118.8273 15.4163 34.1998 25.4094 19.0614 28.396 31.1408 57.5633 85.8732 129.2816 69.4116 193.1618 72.7726 90.2919 95.6825 92.716 72.2261 8.4698 79.7994 75.5461 90.0637 106.4544 76.5056 14.1609 1271.9757 859.6415 859.6415 817.8831 123.4053 309.0535 185.9102 217.6146 366.7804 1341.4798 339.6794 478.9395 285.1458 121.624 379.3893 208.2052 285.2866 1355.4535;
	3.8662 52.2411 93.4174 115.0821 15.269 33.3752 25.8906 18.6444 27.5419 31.0663 57.4256 85.6677 128.9723 69.4713 183.0419 68.96 85.5615 90.6696 91.1052 72.9088 8.6302 77.8756 73.8831 87.3054 104.784 74.449 13.8192 1275.7184 845.645 845.645 754.0969 121.1803 303.684 187.6674 217.8019 360.8085 1341.1689 308.0034 477.0839 280.6713 117.1528 370.2427 203.1636 280.7984 1355.1394;
	3.9023 52.7286 92.7231 111.0456 14.9973 32.4437 22.7335 17.8718 26.8522 30.4237 56.2377 83.8955 126.3043 68.7796 189.7712 71.4952 88.707 94.003 90.423 72.3035 7.5778 75.702 72.4489 86.0474 102.4828 63.0759 13.2471 1264.6431 827.4601 827.4601 707.6837 120.8519 301.4101 186.1094 215.6333 353.0496 1286.5743 324.2241 462.5893 274.5075 119.3815 359.9089 198.8693 263.3111 1299.9762;
	3.8615 52.1769 93.1236 110.956 15.1339 31.8948 19.6396 12.9651 27.1235 30.2589 55.9331 83.4411 125.6202 67.0279 193.4908 72.8966 90.4457 95.8455 92.064 73.6519 6.5465 74.4211 74.7765 86.0129 97.4551 73.2011 10.1472 1253.2462 769.0521 769.0521 650.4489 112.4871 306.88 189.5801 210.1416 328.1289 1272.9872 290.4869 474.4929 261.0405 118.1502 353.8194 197.9407 247.5688 1286.2475;
