function solarprofile = ex_solar_profilesh1
%EX_WIND_PROFILE_D  Example wind_load_nyiso profile data for deterministic unit commitment.
% 2022.03.12
% Andres F. Ramirez


%% define constants
[GEN_BUS, PG, QG, QMAX, QMIN, VG, MBASE, GEN_STATUS, PMAX, PMIN, ...
    MU_PMAX, MU_PMIN, MU_QMAX, MU_QMIN, PC1, PC2, QC1MIN, QC1MAX, ...
    QC2MIN, QC2MAX, RAMP_AGC, RAMP_10, RAMP_30, RAMP_Q, APF] = idx_gen;
[CT_LABEL, CT_PROB, CT_TABLE, CT_TBUS, CT_TGEN, CT_TBRCH, CT_TAREABUS, ...
    CT_TAREAGEN, CT_TAREABRCH, CT_ROW, CT_COL, CT_CHGTYPE, CT_REP, ...
    CT_REL, CT_ADD, CT_NEWVAL, CT_TLOAD, CT_TAREALOAD, CT_LOAD_ALL_PQ, ...
    CT_LOAD_FIX_PQ, CT_LOAD_DIS_PQ, CT_LOAD_ALL_P, CT_LOAD_FIX_P, ...
    CT_LOAD_DIS_P, CT_TGENCOST, CT_TAREAGENCOST, CT_MODCOST_F, ...
    CT_MODCOST_X] = idx_ct;

solarprofile = struct( ...
    'type', 'mpcData', ...
    'table', CT_TGEN, ...
    'rows', [1:12], ...
    'col', PMAX, ...
    'chgtype', 1, ...
    'values', [] );
solarprofile.values(:,1,:) = [
	0.0 0.0 0.0 0.0 0.0 0.0 0.0 0.0 0.0 0.0 0.0 0.0;
	0.0 0.0 0.0 0.0 0.0 0.0 0.0 0.0 0.0 0.0 0.0 0.0;
	0.0 0.0 0.0 0.0 0.0 0.0 0.0 0.0 0.0 0.0 0.0 0.0;
	0.0 0.0 0.0 0.0 0.0 0.0 0.0 0.0 0.0 0.0 0.0 0.0;
	0.0 0.0 0.0 0.0 0.0 0.0 0.0 0.0 0.0 0.0 0.0 0.0;
	1.0216 0.8311 0.7073 0.0 0.0 11.8269 1.4784 4.2028 4.0063 0.0 0.0 0.0;
	3.4554 4.7344 5.5211 2.623 4.2425 216.046 27.0057 52.332 114.116 114.643 41.8823 207.6192;
	8.6172 11.3576 8.3873 5.8953 4.4726 345.215 43.1519 68.7818 174.9908 247.8616 187.8069 448.8789;
	16.8639 16.3568 12.788 9.0043 4.8874 387.5822 48.4478 70.1001 193.3773 306.8394 214.1083 555.6879;
	22.5354 15.9255 13.5956 8.9186 5.8639 370.8639 46.358 59.5413 140.918 222.2128 137.0356 402.4288;
	24.9353 16.104 13.7296 10.2318 8.2392 371.3508 46.4188 61.34 106.2962 242.8535 149.0315 439.8092;
	25.4704 16.4967 13.775 10.9081 9.2669 383.0973 47.8872 65.3395 96.5417 260.6064 161.8957 471.9598;
	23.9208 15.9458 13.4455 10.1378 7.2337 395.7464 49.4683 69.409 141.8342 244.835 190.8303 443.3977;
	20.8644 16.0078 13.1834 7.1521 5.4166 389.2051 48.6506 68.3394 127.204 237.8595 158.5306 430.7651;
	14.5762 12.503 10.6891 4.0749 3.844 364.2516 45.5314 66.132 91.5198 189.8582 94.6769 343.8344;
	5.6064 4.5318 5.6432 2.0006 3.5579 259.3347 32.4168 52.0063 38.757 99.3858 44.4696 179.9883;
	1.3175 1.0302 0.8481 0.958 1.7062 86.3512 10.7939 16.4887 32.0809 66.0378 27.5811 119.5949;
	0.0 0.0 0.0 0.0 0.0 0.0 0.0 0.0 0.0 0.0 0.0 0.0;
	0.0 0.0 0.0 0.0 0.0 0.0 0.0 0.0 0.0 0.0 0.0 0.0;
	0.0 0.0 0.0 0.0 0.0 0.0 0.0 0.0 0.0 0.0 0.0 0.0;
	0.0 0.0 0.0 0.0 0.0 0.0 0.0 0.0 0.0 0.0 0.0 0.0;
	0.0 0.0 0.0 0.0 0.0 0.0 0.0 0.0 0.0 0.0 0.0 0.0;
	0.0 0.0 0.0 0.0 0.0 0.0 0.0 0.0 0.0 0.0 0.0 0.0;
	0.0 0.0 0.0 0.0 0.0 0.0 0.0 0.0 0.0 0.0 0.0 0.0;
];
