function windprofile = ex_wind_profilesh1
%EX_WIND_PROFILE_D  Example wind_load_nyiso profile data for deterministic unit commitment.
% 2022.03.12
% Andres F. Ramirez


%% define constants
[GEN_BUS, PG, QG, QMAX, QMIN, VG, MBASE, GEN_STATUS, PMAX, PMIN, ...
    MU_PMAX, MU_PMIN, MU_QMAX, MU_QMIN, PC1, PC2, QC1MIN, QC1MAX, ...
    QC2MIN, QC2MAX, RAMP_AGC, RAMP_10, RAMP_30, RAMP_Q, APF] = idx_gen;
[CT_LABEL, CT_PROB, CT_TABLE, CT_TBUS, CT_TGEN, CT_TBRCH, CT_TAREABUS, ...
    CT_TAREAGEN, CT_TAREABRCH, CT_ROW, CT_COL, CT_CHGTYPE, CT_REP, ...
    CT_REL, CT_ADD, CT_NEWVAL, CT_TLOAD, CT_TAREALOAD, CT_LOAD_ALL_PQ, ...
    CT_LOAD_FIX_PQ, CT_LOAD_DIS_PQ, CT_LOAD_ALL_P, CT_LOAD_FIX_P, ...
    CT_LOAD_DIS_P, CT_TGENCOST, CT_TAREAGENCOST, CT_MODCOST_F, ...
    CT_MODCOST_X] = idx_ct;

windprofile = struct( ...
    'type', 'mpcData', ...
    'table', CT_TGEN, ...
    'rows', [1:45], ...
    'col', PMAX, ...
    'chgtype', 1, ...
    'values', [] );
windprofile.values(:,1,:) = [
	3.7727 50.9771 92.798 116.017 15.0063 33.0919 29.629 18.7493 27.4706 29.3823 54.3128 81.024 121.9812 67.6316 193.6025 72.9386 90.4979 95.9008 84.5295 69.5329 9.8763 77.2144 75.0015 84.0991 103.1596 73.8286 13.819 1268.7965 736.9294 736.9294 552.6334 108.5943 281.7648 178.978 212.0342 314.4232 1243.4809 216.059 465.2788 276.3205 120.566 367.0992 202.4407 285.8758 1256.4338;
	3.8843 52.486 92.3385 116.427 14.7341 32.9091 27.6627 18.5563 27.6793 29.8493 55.1759 82.3116 123.9197 67.2872 186.9206 70.4213 87.3745 92.5909 83.4496 69.7581 9.2209 76.788 74.1898 85.9757 101.7339 70.82 13.7325 1322.9899 765.6737 765.6737 607.8252 102.3412 278.1655 179.5575 210.9546 326.6875 1277.6526 218.8655 473.0368 272.5014 120.91 365.0721 192.5309 279.6378 1290.9615;
	3.8921 52.5914 90.1871 114.6896 14.9339 34.5097 21.984 17.8084 27.9737 29.7258 54.9476 81.9711 123.407 63.8455 189.4496 71.374 88.5567 93.8436 83.8216 69.9067 7.328 80.5226 72.929 84.9802 97.1441 73.0741 13.2157 1334.5163 751.5847 751.5847 651.3387 97.7203 279.4054 179.94 200.1643 320.6761 1285.0234 218.8674 435.4534 260.2074 119.6893 382.8276 197.889 266.7021 1298.409;
	3.886 52.5077 93.3693 117.8764 15.0476 34.1029 24.1781 17.8837 28.1676 30.1502 55.7322 83.1415 125.1691 64.0685 195.2772 73.5695 91.2807 96.7303 86.2103 71.6985 8.0594 79.5735 72.9031 86.1975 99.5425 70.0834 13.5154 1346.2545 773.0375 773.0375 691.3306 105.4734 287.3677 184.552 200.8635 329.8293 1320.0327 250.4364 439.1474 266.6316 121.2746 378.315 164.705 274.786 1333.783;
	3.9139 52.8856 91.2163 113.7105 14.9933 34.3654 30.4559 17.9868 27.7377 30.7925 56.9195 84.9127 127.8356 64.6483 195.8981 73.8035 91.571 97.0379 84.9668 71.9922 10.152 80.1858 74.7036 82.4409 99.1852 70.2003 13.3552 1295.867 740.7038 740.7038 697.2526 111.8702 283.2227 185.308 202.6812 316.0336 1299.8513 249.5411 452.6051 265.6745 120.8372 381.2264 199.5322 264.2546 1313.3914;
	3.9249 53.0334 91.551 115.9581 15.124 34.9365 29.5247 18.013 27.4388 30.5083 56.3942 84.129 126.6558 67.171 199.5175 75.167 93.2628 98.8307 87.0786 71.4658 9.8416 81.5186 74.252 83.3617 99.906 70.728 13.0604 1343.0351 768.4819 768.4819 747.1953 119.4986 290.262 183.9533 210.59 327.8856 1362.0243 268.4482 450.8083 267.6053 122.258 387.5626 190.095 275.2898 1376.2121;
	3.9061 52.7797 88.9045 114.072 14.9118 34.7567 31.0226 17.6946 26.8594 30.4064 56.2058 83.8481 126.2328 65.7731 200.4216 75.5077 93.6854 99.2786 87.6934 72.459 10.3409 81.099 74.1043 82.8344 99.3212 69.4375 13.0273 1339.18 759.4314 759.4314 754.7045 116.9235 292.3115 186.5096 206.2076 324.0241 1347.2693 301.7061 448.393 266.039 118.6486 385.5679 169.7319 272.0419 1361.3034;
	3.8673 52.2553 89.1204 116.8983 14.9623 34.1894 29.2899 18.3489 26.4496 30.8187 56.9679 84.9849 127.9443 66.6736 201.9489 76.0831 94.3994 100.0351 89.0529 71.626 9.7633 79.7753 75.4667 85.4762 98.8778 71.9349 13.4494 1336.5228 771.5923 771.5923 754.8428 121.254 296.843 184.3655 209.0308 329.2127 1330.0573 310.4845 451.4622 264.8512 121.6347 379.2747 176.2565 273.7362 1343.9121;
	3.8338 51.8026 88.6215 116.5909 15.0451 34.3853 31.0274 17.4315 27.0628 31.1326 57.5482 85.8506 129.2476 66.0061 201.4436 75.8927 94.1632 99.7848 92.0754 72.8364 10.3425 80.2324 75.5414 85.7082 99.5189 70.7999 12.9463 1326.2987 783.0469 783.0469 792.2573 120.8573 306.918 187.481 206.9382 334.1 1312.6837 321.6627 462.737 266.5685 122.3684 381.4479 203.4853 279.4052 1326.3575;
	3.8487 52.0042 89.7282 117.4636 15.0447 34.3055 26.4744 17.1212 27.8287 30.6145 56.5904 84.4217 127.0964 67.6324 201.5916 75.9484 94.2323 99.8581 88.8589 71.2731 8.8248 80.0461 74.1467 88.0766 101.514 70.0162 12.9394 1344.6282 812.6531 812.6531 770.8014 118.3984 296.1962 183.4572 212.0368 346.732 1316.3245 319.4589 464.7512 271.9125 123.0319 380.5622 212.8111 275.3776 1330.0362;
	3.8866 52.517 91.2296 117.7482 14.683 33.6619 28.6239 17.7465 27.3977 30.1908 55.8073 83.2535 125.3377 65.8362 199.6361 75.2117 93.3183 98.8895 88.0351 72.0173 9.5413 78.5445 72.1618 88.4122 103.9354 72.9233 13.3355 1355.7675 815.7616 815.7616 784.2089 122.4157 293.4502 185.3728 206.4055 348.0583 1324.6747 319.8508 448.4179 278.3983 123.2437 373.4232 215.0029 267.6859 1338.4734;
	3.8481 51.9964 91.7115 119.2188 14.6384 34.1909 26.5975 17.389 27.6143 28.7302 53.1074 79.2258 119.2739 65.9839 198.804 74.8982 92.9293 98.4773 88.3202 70.9877 8.8658 79.7787 71.8367 88.843 103.0376 71.7206 12.9576 1334.305 793.2657 793.2657 756.6363 118.6627 294.4006 182.7225 206.8683 338.46 1274.3919 322.4368 460.7925 275.9937 123.306 379.2909 215.1404 265.8999 1287.6668;
	3.8566 52.1112 89.8655 117.1327 14.8034 34.0734 27.4473 17.6688 28.1114 30.5995 56.5627 84.3805 127.0343 67.9115 199.3532 75.1052 93.186 98.7494 89.8558 70.2864 9.1491 79.5045 74.6803 86.9196 103.3045 70.4905 13.3097 1358.227 832.6311 832.6311 778.9844 117.7788 299.5194 180.9173 212.9116 355.2559 1317.2866 327.529 453.8368 276.7084 121.0017 377.9871 213.3324 264.8625 1331.0084;
	3.8581 52.1318 86.7998 113.4987 14.3148 32.8371 26.4059 17.361 27.6278 30.4469 56.2806 83.9596 126.4007 66.7916 192.0373 72.3489 89.7663 95.1255 85.7294 71.8043 8.802 76.62 73.6232 85.1833 98.6686 71.458 13.0624 1342.218 823.7292 823.7292 753.5341 121.9696 285.7646 184.8244 209.4007 351.4578 1314.6171 323.5874 441.1874 264.2909 115.7617 364.2732 200.6796 265.6578 1328.311;
	3.8658 52.2361 87.9815 115.1215 14.3809 32.8613 23.5275 17.5951 28.0068 30.8167 56.9643 84.9795 127.9362 66.5094 193.6512 72.957 90.5207 95.9249 86.7905 71.176 7.8425 76.6765 74.7446 87.237 100.6033 73.1211 13.9121 1337.7287 798.6726 798.6726 747.1125 122.5747 289.3015 183.2071 208.516 340.767 1283.4394 318.0746 448.3694 269.4731 118.2701 364.5418 205.9797 266.9196 1296.8086;
	3.8294 51.7434 88.7911 114.9648 14.9757 32.1711 23.5475 17.6838 28.3845 30.8397 57.0068 85.0429 128.0317 66.2267 192.6599 72.5835 90.0573 95.4338 87.2786 72.4761 7.8492 75.066 72.4392 88.3379 102.5156 70.2677 13.7432 1297.8973 787.3908 787.3908 740.952 118.8131 290.9288 186.5538 207.6297 335.9534 1234.9559 317.729 451.9014 274.5955 117.8429 356.8853 202.8134 268.3298 1247.82;
	3.7379 50.5072 89.2517 111.3348 14.6281 29.0715 20.0862 17.8244 28.0058 29.9982 55.4511 82.7222 124.5378 63.9999 193.8185 73.02 90.5989 96.0078 85.7781 70.971 6.6954 67.8336 70.0726 86.5585 99.9307 60.7598 13.1388 1262.6386 727.8583 727.8583 624.1862 114.3673 285.9269 182.6795 200.6483 310.5529 1137.5081 305.1342 435.0388 267.6716 117.3 322.5003 188.9736 263.0467 1149.3571;
	3.797 51.3058 90.2002 108.0181 14.3094 28.6378 18.5016 12.3936 28.036 29.5312 54.588 81.4345 122.5992 65.7296 193.8655 73.0377 90.6208 96.031 84.4513 71.3165 6.1672 66.8214 71.1353 82.8254 97.1538 67.6987 9.5001 1288.7638 688.4036 688.4036 618.4432 115.4235 281.5042 183.5688 206.0711 293.7189 1202.0552 280.9276 452.805 260.2333 117.772 317.6882 179.7808 242.7367 1214.5766;
