function loadprofile = ex_load_profilesh1
%EX_LOAD_PROFILE  Example load profile data file for stochastic unit commitment.
% 2022.03.12
% Andres F. Ramirez

%% define constants
[CT_LABEL, CT_PROB, CT_TABLE, CT_TBUS, CT_TGEN, CT_TBRCH, CT_TAREABUS, ...
    CT_TAREAGEN, CT_TAREABRCH, CT_ROW, CT_COL, CT_CHGTYPE, CT_REP, ...
    CT_REL, CT_ADD, CT_NEWVAL, CT_TLOAD, CT_TAREALOAD, CT_LOAD_ALL_PQ, ...
    CT_LOAD_FIX_PQ, CT_LOAD_DIS_PQ, CT_LOAD_ALL_P, CT_LOAD_FIX_P, ...
    CT_LOAD_DIS_P, CT_TGENCOST, CT_TAREAGENCOST, CT_MODCOST_F, ...
    CT_MODCOST_X] = idx_ct;

loadprofile = struct( ...
    'type', 'mpcData', ...
    'table', CT_TAREALOAD, ...
    'rows', [1:11], ...
    'col', CT_LOAD_ALL_P, ...
    'chgtype', 1, ...
    'values', [] );
loadprofile.values(:,1,:) = [
	1526.5781 904.2 1561.5431 518.1299 650.6382 1025.4051 793.2028 212.0143 457.6619 4266.242 1631.5557;
	1515.3275 899.2846 1527.3619 500.3711 666.8322 1026.9917 792.6297 201.0345 461.0657 4195.0054 1607.4948;
	1521.1 905.7 1555.7227 530.8 697.9 1032.9333 780.1 193.875 465.3167 4194.1826 1599.4789;
	1535.4 922.2449 1565.7823 533.609 709.1101 1031.9904 786.352 209.8042 467.5309 4234.2313 1644.147;
	1593.1505 979.4407 1656.8413 535.4291 798.1 1109.3524 840.3863 213.1008 489.2687 4381.4156 1736.0008;
	1658.2381 1025.5257 1689.4132 529.0497 801.6863 1159.726 866.7581 216.1376 528.6828 4579.0814 1800.5452;
	1688.8 1067.2 1760.9833 549.6908 875.9249 1203.0925 931.968 210.8778 572.8661 4720.487 1916.3202;
	1680.2307 1085.2062 1806.6 562.6523 877.026 1240.2083 981.2641 265.0185 604.3 4963.609 1925.1921;
	1711.5088 1107.8023 1827.9 550.7121 875.2149 1261.7615 1000.2345 274.4531 606.2 5016.3309 1795.4849;
	1712.6 1107.4195 1814.6918 566.2592 858.7449 1261.9799 969.4212 268.8968 604.0814 5201.1879 1801.2497;
	1666.97 1081.738 1796.6187 567.6 837.9845 1206.6516 948.1014 242.6452 577.7601 5077.8353 1776.4886;
	1646.0294 1052.7638 1735.8245 551.0225 828.8369 1193.4538 927.1738 236.5153 570.4221 5080.9143 1699.4681;
	1631.2437 1040.1563 1693.6514 548.7 798.1164 1191.2316 912.2367 233.8784 576.2906 5032.8437 1665.8478;
	1630.5865 1042.1162 1685.1834 550.5 799.3833 1202.7416 924.2535 260.1708 564.9093 4705.0742 1696.6859;
	1659.1674 1026.9597 1707.8 546.7653 830.4315 1202.7 935.8938 244.9194 565.9501 4642.1958 1732.5854;
	1669.4 1063.1507 1734.0726 549.4547 862.769 1256.4916 978.644 254.4 602.9599 5086.5409 1950.6632;
	1671.8717 1102.8233 1769.7229 558.3933 910.6 1296.8481 1002.2261 248.3787 621.4 5022.2793 2075.1143;
	1718.3795 1120.679 1853.1702 554.1 939.9091 1345.4469 1044.7761 235.9075 655.6289 5041.4173 2074.2137;
	1773.3402 1135.9057 1870.8203 562.7214 924.499 1337.3869 1064.5975 244.9057 652.6 5282.2731 2037.2041;
	1737.595 1083.3263 1780.8084 536.056 860.1949 1265.0919 1027.8357 262.537 633.1431 5035.6125 2013.9045;
	1656.4188 1038.4 1685.6619 550.8476 801.9161 1186.9026 995.9439 260.885 639.4 5167.3467 2028.4417;
	1616.2756 978.4265 1608.1227 527.2677 752.1049 1146.296 951.2234 254.9323 606.9784 4971.2659 1885.5843;
	1577.6461 977.6278 1607.5187 541.0557 757.5829 1076.4209 904.0714 262.9142 534.7549 4759.7709 1811.442;
	1586.0418 957.2 1589.9968 575.3963 731.0 1010.7425 836.7811 252.3551 501.5782 4547.5406 1678.5608;
];
