function windprofile = ex_wind_profilesh1
%EX_WIND_PROFILE_D  Example wind_load_nyiso profile data for deterministic unit commitment.
% 2022.03.12
% Andres F. Ramirez


%% define constants
[GEN_BUS, PG, QG, QMAX, QMIN, VG, MBASE, GEN_STATUS, PMAX, PMIN, ...
    MU_PMAX, MU_PMIN, MU_QMAX, MU_QMIN, PC1, PC2, QC1MIN, QC1MAX, ...
    QC2MIN, QC2MAX, RAMP_AGC, RAMP_10, RAMP_30, RAMP_Q, APF] = idx_gen;
[CT_LABEL, CT_PROB, CT_TABLE, CT_TBUS, CT_TGEN, CT_TBRCH, CT_TAREABUS, ...
    CT_TAREAGEN, CT_TAREABRCH, CT_ROW, CT_COL, CT_CHGTYPE, CT_REP, ...
    CT_REL, CT_ADD, CT_NEWVAL, CT_TLOAD, CT_TAREALOAD, CT_LOAD_ALL_PQ, ...
    CT_LOAD_FIX_PQ, CT_LOAD_DIS_PQ, CT_LOAD_ALL_P, CT_LOAD_FIX_P, ...
    CT_LOAD_DIS_P, CT_TGENCOST, CT_TAREAGENCOST, CT_MODCOST_F, ...
    CT_MODCOST_X] = idx_ct;

windprofile = struct( ...
    'type', 'mpcData', ...
    'table', CT_TGEN, ...
    'rows', [1:45], ...
    'col', PMAX, ...
    'chgtype', 1, ...
    'values', [] );
windprofile.values(:,1,:) = [
	3.5914 48.5277 90.0915 113.7243 14.2123 33.8397 30.0586 18.8303 27.084 28.3684 52.4385 78.2279 117.7717 69.533 193.7539 72.9957 90.5687 95.9758 86.1255 69.051 10.0195 78.9593 74.4584 85.7194 102.1419 75.3878 14.0837 1262.5123 717.8657 717.8657 560.6397 97.3845 287.0849 177.7374 217.9953 306.2893 1211.1666 205.69 451.4817 273.5943 120.3369 375.3949 196.4355 274.5864 1223.7829;
	3.708 50.1037 91.8508 114.582 14.4346 32.907 27.0825 18.8893 27.8072 29.7436 54.9805 82.0201 123.4808 69.1717 191.8011 72.2599 89.6559 95.0084 86.9363 69.3884 9.0275 76.7829 75.0163 86.8863 100.6483 74.8627 13.9654 1278.7506 736.5291 736.5291 587.2241 97.2469 289.7875 178.6059 216.8627 314.2524 1213.1564 207.6957 453.4241 269.5936 116.6895 365.048 182.9343 271.8194 1225.7935;
	3.8195 51.6104 93.7719 116.7612 14.7009 34.7664 22.4577 18.8144 28.1933 29.7934 55.0726 82.1575 123.6877 67.819 201.1423 75.7792 94.0223 99.6356 90.9276 70.5843 7.4859 81.1216 72.6052 88.6142 102.4479 75.8646 13.8084 1267.9137 755.5687 755.5687 633.384 90.1394 303.0919 181.6843 212.6217 322.376 1247.4991 215.7801 421.3432 274.414 117.4732 385.6751 192.811 267.6348 1260.4939;
	3.6255 48.9886 92.0351 117.4685 14.0496 33.4324 25.1886 19.0778 28.1118 30.3403 56.0837 83.6658 125.9584 68.1549 205.3403 77.3608 95.9847 101.7151 92.5998 71.5387 8.3962 78.0089 72.0811 88.4123 102.0175 75.7387 13.8761 1310.0495 771.9242 771.9242 662.6761 99.6259 308.6661 184.1408 213.6747 329.3543 1289.1959 241.1535 447.5155 273.2613 117.7636 370.8767 159.3887 271.5387 1302.625;
	3.6606 49.4623 94.0829 116.3118 14.0981 34.2028 31.4182 19.0963 27.257 30.0581 55.5619 82.8875 124.7866 65.1778 203.4752 76.6581 95.1128 100.7912 90.4562 71.8673 10.4727 79.8066 73.8555 88.5938 105.314 75.6865 13.6641 1314.8495 803.0175 803.0175 698.9638 107.7861 301.5207 184.9866 204.3412 342.6208 1303.506 251.0843 468.0665 282.0911 120.5208 379.4232 191.6398 274.9962 1317.0842;
	3.7627 50.843 94.551 116.7201 14.0906 34.7804 30.4059 19.1221 26.4072 30.1133 55.664 83.0398 125.0159 64.9469 205.274 77.3358 95.9536 101.6822 91.9032 71.8776 10.1353 81.1544 73.5681 88.0443 104.5708 75.9091 13.8778 1307.8692 779.5581 779.5581 721.0088 113.1593 306.3439 185.013 203.6174 332.6115 1262.6689 247.4254 455.309 280.1005 121.9783 385.831 181.478 282.1117 1275.8217;
	3.7247 50.3285 92.6639 117.9508 14.0724 34.2183 31.5106 18.9561 26.8784 30.5732 56.514 84.3078 126.925 66.51 206.1546 77.6676 96.3653 102.1184 92.8066 73.1038 10.5035 79.8428 73.3431 87.7612 102.9072 75.649 13.626 1276.0561 756.0377 756.0377 711.6623 106.652 309.3553 188.1692 208.5177 322.5761 1255.5403 267.0283 464.3355 275.6444 120.9021 379.5955 162.3871 275.5854 1268.6188;
	3.7406 50.5439 90.8921 117.6449 14.1165 34.4885 30.2761 18.4356 26.2322 29.5753 54.6696 81.5562 122.7825 66.8562 205.4841 77.415 96.0519 101.7863 92.0669 73.6978 10.092 80.4731 72.6439 87.8094 100.1582 73.529 13.1209 1332.0182 779.774 779.774 725.4682 110.0241 306.8896 189.6984 209.6031 332.7036 1289.7273 273.3851 467.0632 268.2808 119.2714 382.5922 171.5185 267.8595 1303.1619;
	3.7952 51.2812 91.635 120.1212 14.6544 34.6611 32.202 18.4737 26.5642 29.7484 54.9894 82.0334 123.5008 66.8328 205.1487 77.2886 95.8951 101.6202 92.4508 73.2048 10.734 80.876 71.8835 85.9458 99.6303 73.6933 13.1845 1321.6235 796.2941 796.2941 775.8381 116.4812 308.1694 188.4293 209.5298 339.7522 1286.6115 287.1886 478.4702 266.8668 120.8761 384.5076 208.2689 275.8524 1300.0137;
	3.6827 49.7607 90.411 118.0954 14.8341 33.8895 25.9044 17.8736 24.4499 28.9354 53.4866 79.7914 120.1256 65.5795 202.4875 76.286 94.6512 100.302 90.8272 71.6914 8.6348 79.0755 70.9689 86.6869 99.3582 69.732 12.9809 1264.9766 815.8724 815.8724 789.926 118.9909 302.7573 184.5338 205.6005 348.1055 1260.7507 317.4608 471.048 266.1382 119.7776 375.9473 208.7438 266.8057 1273.8835;
	3.7244 50.3253 92.2991 120.338 14.7931 33.5587 27.617 18.2103 26.1679 29.2524 54.0726 80.6657 121.4417 63.0739 190.0989 71.6187 88.8602 94.1653 87.8992 71.2006 9.2057 78.3037 72.0087 87.006 101.1124 70.2467 13.2612 1268.965 792.8852 792.8852 766.3194 116.8834 292.9974 183.2706 197.7453 338.2977 1249.2093 315.3338 470.6435 270.8367 119.2326 372.278 209.2404 266.4987 1262.2219;
	3.586 48.4552 88.7771 118.284 14.7046 33.0601 27.5345 17.9812 26.8957 28.7239 53.0957 79.2083 119.2476 64.5212 197.2636 74.3179 92.2093 97.7143 88.5702 71.3691 9.1782 77.1402 72.4347 86.5972 99.6483 70.5991 13.0775 1268.251 810.0729 810.0729 779.1762 118.9032 295.2341 183.7043 202.2827 345.6311 1276.1085 334.4674 473.8417 266.915 119.1007 366.7467 205.2129 264.1367 1289.4013;
	3.5878 48.4793 88.7932 116.9607 14.7105 32.2168 28.2323 18.3827 26.6436 30.1016 55.6424 83.0075 124.9673 64.1346 202.0092 76.1058 94.4276 100.065 90.3647 73.2621 9.4108 75.1725 73.3523 83.3636 102.0748 73.1723 13.2403 1263.0636 801.6813 801.6813 734.6145 115.6239 301.2158 188.5767 201.0707 342.0507 1243.9921 344.6895 456.8076 273.4146 120.3035 357.3916 201.235 258.6243 1256.9503;
	3.5567 48.0584 88.2059 116.6694 14.3677 32.057 26.5051 18.6738 25.9834 29.6817 54.8661 81.8494 123.2239 63.662 201.3932 75.8737 94.1396 99.7599 86.159 73.4777 8.835 74.7996 73.5459 86.6845 101.3259 74.1222 13.4864 1274.9378 771.8123 771.8123 695.9256 117.5424 287.1965 189.1318 199.5889 329.3066 1244.6411 330.8322 448.7524 271.4087 120.0553 355.6186 194.4741 262.6847 1257.6061;
	3.6268 49.0065 91.2349 117.8204 14.7964 33.4443 23.2719 18.6763 26.8499 30.6914 56.7327 84.634 127.416 59.68 204.0762 76.8845 95.3937 101.0889 89.3128 73.0807 7.7573 78.0366 74.275 89.3351 105.3301 74.7909 13.6438 1278.572 780.5041 780.5041 728.062 118.0049 297.7094 188.1099 187.105 333.0151 1247.4972 326.7201 463.9509 282.1342 120.8913 371.0083 199.8716 263.1566 1260.4919;
	3.591 48.5229 90.011 114.0181 15.1749 32.5838 23.6911 18.2702 27.4083 29.4504 54.4386 81.2117 122.2638 55.4387 179.9119 67.7808 84.0984 89.1192 87.6575 68.8039 7.897 76.0288 70.7492 88.8483 102.7171 71.6016 12.8474 1240.8649 755.6556 755.6556 666.7755 112.1327 292.1918 177.1014 173.8079 322.4131 1164.949 296.4189 458.1646 275.135 120.4179 361.4625 187.9625 269.2849 1177.0839;
	3.6295 49.0432 87.1111 110.9849 14.3119 31.2892 21.5977 17.9201 26.2847 28.8744 53.374 79.6235 119.8727 53.6675 192.4008 72.4859 89.9362 95.3055 85.8349 68.5651 7.1992 73.0081 69.1834 85.3094 100.4611 58.5382 12.2065 1211.6089 756.3966 756.3966 629.5092 108.4723 286.1164 176.4868 168.2548 322.7292 1184.346 288.93 443.05 269.0921 120.9924 347.1014 179.5857 248.5245 1196.683;
	3.7115 50.1505 87.4103 109.526 14.785 28.9598 18.7761 14.5027 26.1205 27.458 50.7557 75.7175 113.9923 61.438 187.6459 70.6945 87.7135 92.9502 84.0565 67.8586 6.2587 67.5729 65.4492 86.7908 101.3399 69.6012 10.5065 1188.038 727.8419 727.8419 585.5258 105.7394 280.1885 174.6683 192.6165 310.5459 1215.5983 256.7797 446.7193 271.4462 120.7065 321.2611 169.5234 226.2022 1228.2608;
