function windprofile = ex_wind_profilesh1
%EX_WIND_PROFILE_D  Example wind_load_nyiso profile data for deterministic unit commitment.
% 2022.03.12
% Andres F. Ramirez


%% define constants
[GEN_BUS, PG, QG, QMAX, QMIN, VG, MBASE, GEN_STATUS, PMAX, PMIN, ...
    MU_PMAX, MU_PMIN, MU_QMAX, MU_QMIN, PC1, PC2, QC1MIN, QC1MAX, ...
    QC2MIN, QC2MAX, RAMP_AGC, RAMP_10, RAMP_30, RAMP_Q, APF] = idx_gen;
[CT_LABEL, CT_PROB, CT_TABLE, CT_TBUS, CT_TGEN, CT_TBRCH, CT_TAREABUS, ...
    CT_TAREAGEN, CT_TAREABRCH, CT_ROW, CT_COL, CT_CHGTYPE, CT_REP, ...
    CT_REL, CT_ADD, CT_NEWVAL, CT_TLOAD, CT_TAREALOAD, CT_LOAD_ALL_PQ, ...
    CT_LOAD_FIX_PQ, CT_LOAD_DIS_PQ, CT_LOAD_ALL_P, CT_LOAD_FIX_P, ...
    CT_LOAD_DIS_P, CT_TGENCOST, CT_TAREAGENCOST, CT_MODCOST_F, ...
    CT_MODCOST_X] = idx_ct;

windprofile = struct( ...
    'type', 'mpcData', ...
    'table', CT_TGEN, ...
    'rows', [1:45], ...
    'col', PMAX, ...
    'chgtype', 1, ...
    'values', [] );
windprofile.values(:,1,:) = [
	3.8028 51.3844 93.6976 120.4149 14.4838 33.1892 30.4083 19.0985 27.4757 28.635 52.9314 78.9633 118.8788 67.1886 195.6382 73.7055 91.4495 96.9091 92.5109 72.6112 10.1361 77.4414 75.6717 89.64 103.5454 73.6223 14.0199 1319.548 796.2331 796.2331 646.5693 116.0852 308.3698 186.9015 210.6453 339.7261 1274.9189 245.4774 471.7062 277.3538 123.9162 368.1784 199.3604 287.0037 1288.1993;
	3.7982 51.3215 92.0813 118.4328 15.0893 31.9394 26.8781 19.0693 27.304 29.0082 53.6212 79.9923 120.4279 65.7169 189.1461 71.2597 88.4148 93.6933 92.1105 71.9107 8.9594 74.5252 75.2759 89.963 101.269 72.365 14.0656 1346.7797 795.9764 795.9764 683.4547 114.8601 307.0351 185.0983 206.0313 339.6166 1271.4984 242.1006 464.4682 271.2562 121.5609 354.314 187.338 284.1721 1284.7432;
	3.7216 50.2875 89.6809 114.8893 14.7805 31.837 21.6666 18.4314 27.1806 28.4474 52.5846 78.4459 118.0999 63.3126 194.1008 73.1264 90.7309 96.1476 91.9348 70.9945 7.2222 74.2863 71.8008 89.1248 99.7622 74.7564 13.7763 1287.3806 747.7203 747.7203 663.6526 101.7459 306.4493 182.74 198.4935 319.0273 1248.261 230.7577 424.5476 267.2201 119.2815 353.1783 190.8781 279.0961 1261.2638;
	3.7905 51.2179 90.9 115.3634 15.1707 31.3828 23.9993 18.5983 27.4339 30.7233 56.7916 84.7219 127.5483 66.0078 198.7044 74.8607 92.8828 98.428 92.7981 72.1924 7.9998 73.2265 75.5029 90.0045 102.5099 72.7398 13.647 1334.8483 771.828 771.828 675.3292 107.6316 309.3269 185.8235 206.9434 329.3133 1285.283 251.1665 445.2347 274.58 122.2743 348.1395 157.986 283.6018 1298.6713;
	3.7159 50.2093 87.947 109.8872 14.7226 31.6254 30.2128 17.4665 26.4204 30.4331 56.2551 83.9216 126.3435 65.5683 200.917 75.6943 93.917 99.524 92.0665 73.1205 10.0709 73.7926 75.2125 87.295 100.1322 71.8903 13.0543 1275.0133 774.8818 774.8818 688.3601 112.0848 306.8883 188.2123 205.5654 330.6162 1239.3109 249.4065 462.5831 268.2114 119.7826 350.8313 190.982 271.8028 1252.2204;
	3.6458 49.2627 86.842 109.107 14.1706 32.0218 28.2068 17.3549 25.7827 30.4412 56.2702 83.944 126.3772 64.1127 201.3584 75.8606 94.1234 99.7427 91.8388 72.2897 9.4023 74.7175 74.7327 85.1541 96.6962 70.062 12.9485 1277.992 788.3059 788.3059 690.1225 113.9287 306.1294 186.0738 201.0021 336.3439 1215.4786 234.7564 445.8596 259.0077 118.4224 355.2281 173.1081 271.2445 1228.1399;
	3.7044 50.0544 87.8315 112.1533 14.66 32.1439 29.7887 17.4301 26.1921 30.2916 55.9935 83.5313 125.7559 64.2201 194.1356 73.1395 90.7471 96.1649 88.5559 72.2938 9.9296 75.0024 74.1086 86.0142 98.761 70.1755 13.0281 1236.2788 766.4611 766.4611 712.7867 114.2341 295.1863 186.0844 201.3387 327.0234 1242.7718 279.5001 464.1688 264.5384 116.4678 356.5828 158.5434 265.6221 1255.7173;
	3.6647 49.5187 87.8517 111.1293 14.5154 32.2002 29.4216 17.2591 26.0585 30.1142 55.6657 83.0423 125.0197 66.8978 195.414 73.6211 91.3447 96.7981 87.4728 70.0524 9.8072 75.1338 74.1445 87.209 98.7656 71.2195 12.7431 1287.9528 810.1781 810.1781 765.4077 117.3397 291.5762 180.3151 209.7335 345.676 1262.5185 307.9661 471.7989 264.5508 118.6896 357.2077 164.7949 264.6737 1275.6698;
	3.7054 50.0686 90.229 114.1747 15.0163 31.9555 29.9469 17.8353 25.8435 31.1888 57.6521 86.0056 129.481 65.59 186.3303 70.1989 87.0986 92.2985 89.1985 68.8282 9.9823 74.5628 75.0872 87.4393 102.6848 73.3158 12.9892 1266.1173 786.3259 786.3259 785.8658 117.8473 297.3282 177.164 205.6335 335.499 1243.0095 308.4578 453.0432 275.0484 122.2881 354.4929 193.3759 275.2681 1255.9575;
	3.6362 49.1326 90.049 113.6297 14.8471 31.9273 24.1207 17.405 26.2989 29.8802 55.2331 82.3969 124.0481 65.7658 173.7402 65.4556 81.2134 86.062 85.842 66.9521 8.0402 74.497 73.544 86.889 101.5627 70.9954 13.0127 1250.3144 805.2373 805.2373 742.3264 118.7658 286.1399 172.3349 206.1847 343.5679 1210.5972 313.0912 443.156 272.043 118.8865 354.1799 196.4072 268.2468 1223.2076;
	3.7949 51.277 88.7508 112.0565 14.476 31.9374 27.6926 16.4251 26.1683 29.9832 55.4235 82.6809 124.4757 64.2815 179.036 67.4508 83.6889 88.6853 86.9394 68.8439 9.2309 74.5206 72.1239 85.4072 100.6565 67.4084 13.0016 1253.4086 796.3896 796.3896 778.5981 122.4765 289.798 177.2044 201.5313 339.7929 1242.9513 332.2805 451.6398 269.6155 119.0637 354.2924 199.7725 265.0418 1255.8987;
	3.825 51.6844 88.1341 113.4188 14.4736 31.8701 26.3817 17.2694 26.2706 29.6134 54.7399 81.6612 122.9404 65.9986 187.5857 70.6718 87.6854 92.9203 91.0807 65.7854 8.7939 74.3636 73.1016 86.4662 99.8659 63.2515 12.9108 1256.1712 806.231 806.231 806.6695 123.5044 303.6023 169.3318 206.9146 343.9919 1256.3222 348.2223 447.1635 267.498 121.3855 353.5456 201.8445 263.4411 1269.4089;
	3.6532 49.3622 89.438 113.0969 14.7004 31.7643 25.6001 17.6586 25.5233 29.9088 55.2859 82.4757 124.1666 67.1944 187.3257 70.5739 87.5639 92.7916 90.4095 65.1276 8.5334 74.1167 72.1622 82.8348 99.4033 69.5064 13.1228 1272.62 833.9789 833.9789 806.1376 123.0671 301.3651 167.6387 210.6634 355.831 1280.577 356.6248 438.4148 266.2589 119.4262 352.3719 205.0952 263.4906 1293.9163;
	3.7408 50.5468 88.55 115.7211 14.5655 32.1427 25.1057 17.6261 26.2386 28.6909 53.0346 79.1173 119.1106 66.8467 188.1659 70.8904 87.9566 93.2078 87.8215 69.0263 8.3686 74.9996 70.989 85.0482 98.5185 71.9007 13.0483 1246.725 787.236 787.236 775.509 122.3366 292.7383 177.6739 209.5733 335.8874 1231.6327 345.3304 450.2548 263.8888 118.8398 356.5696 200.7853 268.2827 1244.4622;
	3.7062 50.0792 91.3664 118.3457 14.1843 32.5181 22.6537 17.8095 27.2319 28.4033 52.5031 78.3243 117.9168 68.0582 190.8214 71.8908 89.1979 94.5231 89.3015 68.1977 7.5512 75.8756 71.6124 88.1103 101.7458 72.3093 13.0158 1240.9978 773.0163 773.0163 766.2768 122.7941 297.6718 175.5411 213.3718 329.8203 1211.1756 343.3058 465.5256 272.5333 118.5006 360.7342 197.8154 275.4025 1223.792;
	3.6874 49.8246 90.983 118.599 14.8472 32.5353 23.3666 17.9021 27.4728 28.6729 53.0015 79.0678 119.0361 69.2559 183.9339 69.296 85.9784 91.1115 87.9951 68.5464 7.7889 75.9157 68.9241 87.0162 99.8833 69.6748 12.8425 1238.537 749.8371 749.8371 727.6004 121.7527 293.3171 176.4386 217.1267 319.9305 1173.0919 330.4408 476.6465 267.5444 118.3551 360.925 192.6507 270.6155 1185.3116;
	3.6744 49.6497 86.6667 111.3183 14.2163 29.3179 20.6368 18.0651 26.3918 28.1672 52.0667 77.6733 116.9368 69.305 192.2452 72.4273 89.8635 95.2284 85.2956 67.5483 6.8789 68.4084 69.1299 84.3012 99.0465 58.3563 12.1023 1196.8005 736.0777 736.0777 652.4845 116.8321 284.3188 173.8695 217.2806 314.0598 1144.8696 315.8126 460.0068 265.3031 117.9022 325.2329 180.8605 240.6713 1156.7953;
	3.6739 49.6423 85.9849 108.9438 14.2512 27.1435 16.0856 13.1912 25.9699 26.9924 49.8951 74.4336 112.0594 69.1184 182.8992 68.9062 85.4947 90.5989 85.2467 65.1552 5.3619 63.3348 71.2495 86.4279 101.1196 68.4531 9.9888 1209.9781 689.6023 689.6023 616.6374 112.0467 284.1558 167.7097 216.6955 294.2303 1171.268 276.8348 447.4745 270.856 117.5327 301.1118 170.8693 181.9968 1183.4687;
