function solarprofile = ex_solar_profilesh1
%EX_WIND_PROFILE_D  Example wind_load_nyiso profile data for deterministic unit commitment.
% 2022.03.12
% Andres F. Ramirez


%% define constants
[GEN_BUS, PG, QG, QMAX, QMIN, VG, MBASE, GEN_STATUS, PMAX, PMIN, ...
    MU_PMAX, MU_PMIN, MU_QMAX, MU_QMIN, PC1, PC2, QC1MIN, QC1MAX, ...
    QC2MIN, QC2MAX, RAMP_AGC, RAMP_10, RAMP_30, RAMP_Q, APF] = idx_gen;
[CT_LABEL, CT_PROB, CT_TABLE, CT_TBUS, CT_TGEN, CT_TBRCH, CT_TAREABUS, ...
    CT_TAREAGEN, CT_TAREABRCH, CT_ROW, CT_COL, CT_CHGTYPE, CT_REP, ...
    CT_REL, CT_ADD, CT_NEWVAL, CT_TLOAD, CT_TAREALOAD, CT_LOAD_ALL_PQ, ...
    CT_LOAD_FIX_PQ, CT_LOAD_DIS_PQ, CT_LOAD_ALL_P, CT_LOAD_FIX_P, ...
    CT_LOAD_DIS_P, CT_TGENCOST, CT_TAREAGENCOST, CT_MODCOST_F, ...
    CT_MODCOST_X] = idx_ct;

solarprofile = struct( ...
    'type', 'mpcData', ...
    'table', CT_TGEN, ...
    'rows', [1:12], ...
    'col', PMAX, ...
    'chgtype', 1, ...
    'values', [] );
solarprofile.values(:,1,:) = [
	0.0 0.0 0.0 0.0 0.0 0.0 0.0 0.0 0.0 0.0 0.0 0.0;
	0.0 0.0 0.0 0.0 0.0 0.0 0.0 0.0 0.0 0.0 0.0 0.0;
	0.0 0.0 0.0 0.0 0.0 0.0 0.0 0.0 0.0 0.0 0.0 0.0;
	0.0 0.0 0.0 0.0 0.0 0.0 0.0 0.0 0.0 0.0 0.0 0.0;
	0.0 0.0 0.0 0.0 0.0 0.0 0.0 0.0 0.0 0.0 0.0 0.0;
	1.0111 0.8207 0.6949 0.0 0.0 9.4835 1.1854 4.1882 0.4191 0.0 0.0 0.0;
	3.3299 4.1265 4.6204 5.0312 0.2498 175.9566 21.9946 14.5215 53.6428 138.5161 15.7813 250.8535;
	13.1625 11.7307 11.0812 3.3185 0.2553 251.4069 31.4259 37.0844 72.3737 171.8054 46.3494 311.1406;
	21.9866 16.3093 13.7585 4.2766 1.3626 273.7639 34.2205 44.6889 73.699 228.2536 110.8799 413.3687;
	24.6147 15.2741 11.738 5.7848 5.5011 232.4376 29.0547 28.8758 47.3061 272.9829 135.1082 494.3736;
	25.5499 16.1404 13.183 7.5303 7.731 269.1835 33.6479 20.4489 130.6673 344.1284 152.3844 623.2186;
	25.6262 16.518 13.7917 7.7427 8.1666 297.0757 37.1345 21.9795 180.3395 352.9125 159.1503 639.1268;
	22.4229 15.9262 13.3547 6.9787 5.4547 278.1789 34.7724 45.0682 142.7077 339.4476 143.9534 614.7416;
	18.0627 15.3845 12.0252 5.247 4.403 281.7888 35.2236 54.8848 102.4384 318.6316 152.411 577.0437;
	12.5249 12.2647 7.1799 5.5419 3.7881 275.2992 34.4124 53.6883 79.0862 234.2678 163.2771 424.2604;
	5.4557 6.7479 3.8921 6.8016 4.2863 187.0653 23.3832 27.8626 115.3058 77.5005 98.2839 140.3538;
	1.3693 1.3979 0.9545 1.4168 1.9358 66.805 8.3506 11.4721 49.1549 17.4266 16.1456 31.5597;
	0.0 0.0 0.0 0.0 0.0 0.0 0.0 0.0 0.0 0.0 0.0 0.0;
	0.0 0.0 0.0 0.0 0.0 0.0 0.0 0.0 0.0 0.0 0.0 0.0;
	0.0 0.0 0.0 0.0 0.0 0.0 0.0 0.0 0.0 0.0 0.0 0.0;
	0.0 0.0 0.0 0.0 0.0 0.0 0.0 0.0 0.0 0.0 0.0 0.0;
	0.0 0.0 0.0 0.0 0.0 0.0 0.0 0.0 0.0 0.0 0.0 0.0;
	0.0 0.0 0.0 0.0 0.0 0.0 0.0 0.0 0.0 0.0 0.0 0.0;
	0.0 0.0 0.0 0.0 0.0 0.0 0.0 0.0 0.0 0.0 0.0 0.0;
];
