function solarprofile = ex_solar_profilesh1
%EX_WIND_PROFILE_D  Example wind_load_nyiso profile data for deterministic unit commitment.
% 2022.03.12
% Andres F. Ramirez


%% define constants
[GEN_BUS, PG, QG, QMAX, QMIN, VG, MBASE, GEN_STATUS, PMAX, PMIN, ...
    MU_PMAX, MU_PMIN, MU_QMAX, MU_QMIN, PC1, PC2, QC1MIN, QC1MAX, ...
    QC2MIN, QC2MAX, RAMP_AGC, RAMP_10, RAMP_30, RAMP_Q, APF] = idx_gen;
[CT_LABEL, CT_PROB, CT_TABLE, CT_TBUS, CT_TGEN, CT_TBRCH, CT_TAREABUS, ...
    CT_TAREAGEN, CT_TAREABRCH, CT_ROW, CT_COL, CT_CHGTYPE, CT_REP, ...
    CT_REL, CT_ADD, CT_NEWVAL, CT_TLOAD, CT_TAREALOAD, CT_LOAD_ALL_PQ, ...
    CT_LOAD_FIX_PQ, CT_LOAD_DIS_PQ, CT_LOAD_ALL_P, CT_LOAD_FIX_P, ...
    CT_LOAD_DIS_P, CT_TGENCOST, CT_TAREAGENCOST, CT_MODCOST_F, ...
    CT_MODCOST_X] = idx_ct;

solarprofile = struct( ...
    'type', 'mpcData', ...
    'table', CT_TGEN, ...
    'rows', [1:12], ...
    'col', PMAX, ...
    'chgtype', 1, ...
    'values', [] );
solarprofile.values(:,1,:) = [
	0.0 0.0 0.0 0.0 0.0 0.0 0.0 0.0 0.0 0.0 0.0 0.0;
	0.0 0.0 0.0 0.0 0.0 0.0 0.0 0.0 0.0 0.0 0.0 0.0;
	0.0 0.0 0.0 0.0 0.0 0.0 0.0 0.0 0.0 0.0 0.0 0.0;
	0.0 0.0 0.0 0.0 0.0 0.0 0.0 0.0 0.0 0.0 0.0 0.0;
	0.0 0.0 0.0 0.0 0.0 0.0 0.0 0.0 0.0 0.0 0.0 0.0;
	1.0452 0.8549 0.7416 0.0 0.0 9.4835 1.1854 4.4653 0.4191 0.0 0.0 0.0;
	9.1506 6.879 6.0055 2.5138 9.9293 127.7474 15.9684 19.0437 89.8512 28.5346 18.1596 51.6763;
	14.0254 6.9748 9.4304 3.821 11.2154 278.2126 34.7766 47.893 103.0639 44.7109 21.9292 80.9717;
	18.9763 10.4019 12.3526 6.0132 11.1509 352.6614 44.0827 57.6167 145.8256 173.3261 45.1986 313.8946;
	24.0107 15.5129 9.7993 5.1921 8.6074 393.1785 49.1473 62.9799 258.4246 296.3943 130.1654 536.7719;
	23.3637 14.8428 7.522 5.4286 8.5734 404.8056 50.6007 62.1957 287.6949 328.304 145.5155 594.5605;
	23.2243 13.4842 8.5633 5.5057 7.7983 407.0773 50.8847 63.9227 291.7043 299.2081 146.3445 541.8676;
	24.0076 15.8409 13.4237 5.4284 4.672 398.928 49.866 72.0672 290.3963 160.2698 110.2641 290.2495;
	21.2727 15.3938 13.1406 4.6456 3.7139 413.3998 51.675 73.0374 283.638 132.011 108.0902 239.0727;
	15.6145 12.9352 10.3059 3.7347 3.0378 421.9184 52.7398 71.4179 278.7062 111.9126 94.6554 202.6744;
	4.9376 6.8575 3.5387 2.4097 3.447 405.2695 50.6587 54.2199 269.1448 71.2074 44.8401 128.9571;
	1.1859 1.0031 0.7628 0.8539 1.085 90.603 11.3254 14.5099 48.7643 15.2645 1.2499 27.6441;
	0.0 0.0 0.0 0.0 0.0 0.0 0.0 0.0 0.0 0.0 0.0 0.0;
	0.0 0.0 0.0 0.0 0.0 0.0 0.0 0.0 0.0 0.0 0.0 0.0;
	0.0 0.0 0.0 0.0 0.0 0.0 0.0 0.0 0.0 0.0 0.0 0.0;
	0.0 0.0 0.0 0.0 0.0 0.0 0.0 0.0 0.0 0.0 0.0 0.0;
	0.0 0.0 0.0 0.0 0.0 0.0 0.0 0.0 0.0 0.0 0.0 0.0;
	0.0 0.0 0.0 0.0 0.0 0.0 0.0 0.0 0.0 0.0 0.0 0.0;
	0.0 0.0 0.0 0.0 0.0 0.0 0.0 0.0 0.0 0.0 0.0 0.0;
];
