function windprofile = ex_wind_profilesh1
%EX_WIND_PROFILE_D  Example wind_load_nyiso profile data for deterministic unit commitment.
% 2022.03.12
% Andres F. Ramirez


%% define constants
[GEN_BUS, PG, QG, QMAX, QMIN, VG, MBASE, GEN_STATUS, PMAX, PMIN, ...
    MU_PMAX, MU_PMIN, MU_QMAX, MU_QMIN, PC1, PC2, QC1MIN, QC1MAX, ...
    QC2MIN, QC2MAX, RAMP_AGC, RAMP_10, RAMP_30, RAMP_Q, APF] = idx_gen;
[CT_LABEL, CT_PROB, CT_TABLE, CT_TBUS, CT_TGEN, CT_TBRCH, CT_TAREABUS, ...
    CT_TAREAGEN, CT_TAREABRCH, CT_ROW, CT_COL, CT_CHGTYPE, CT_REP, ...
    CT_REL, CT_ADD, CT_NEWVAL, CT_TLOAD, CT_TAREALOAD, CT_LOAD_ALL_PQ, ...
    CT_LOAD_FIX_PQ, CT_LOAD_DIS_PQ, CT_LOAD_ALL_P, CT_LOAD_FIX_P, ...
    CT_LOAD_DIS_P, CT_TGENCOST, CT_TAREAGENCOST, CT_MODCOST_F, ...
    CT_MODCOST_X] = idx_ct;

windprofile = struct( ...
    'type', 'mpcData', ...
    'table', CT_TGEN, ...
    'rows', [1:45], ...
    'col', PMAX, ...
    'chgtype', 1, ...
    'values', [] );
windprofile.values(:,1,:) = [
	3.8268 51.7081 91.0397 117.867 14.8742 32.8733 27.6258 18.5565 27.2789 29.9237 55.3136 82.517 124.2288 66.9812 190.5619 71.7931 89.0766 94.3946 84.024 69.4291 9.2086 76.7044 74.7968 85.6842 104.984 72.9018 13.7094 1239.8476 776.8035 776.8035 585.1337 113.5102 280.0799 178.7107 209.9951 331.4362 1186.5441 233.7614 413.6547 281.2072 121.919 364.6749 193.0899 275.2318 1198.904;
	3.8964 52.6484 94.0597 118.111 15.1791 33.0584 25.6441 18.5735 27.5051 31.1969 57.6671 86.0279 129.5146 67.3129 182.4837 68.7497 85.3005 90.3931 82.2729 69.9643 8.548 77.1363 75.1223 88.3166 104.1291 73.7292 13.732 1250.4664 792.9836 792.9836 627.9639 110.6419 274.243 180.0882 211.035 338.3397 1174.8658 235.291 428.2014 278.9172 121.6242 366.728 189.9115 279.0388 1187.104;
	3.8585 52.1371 90.3954 112.5494 14.9412 33.4446 21.5336 17.6963 27.518 30.9262 57.1666 85.2813 128.3906 64.2869 191.0705 71.9847 89.3143 94.6465 83.2116 70.2584 7.1779 78.0375 74.3869 85.938 100.8836 74.1925 13.1855 1253.0953 757.3445 757.3445 625.7414 103.6122 277.3719 180.8454 201.5481 323.1337 1219.5244 237.9345 378.3041 270.2239 120.6043 371.0125 187.0914 265.8681 1232.2277;
	3.7582 50.782 88.6098 111.3288 14.6765 32.5434 23.9539 17.0577 27.6078 30.7933 56.9209 84.9148 127.8388 65.4538 192.1484 72.3908 89.8182 95.1805 85.221 69.924 7.9846 75.9346 72.924 86.6488 100.9514 71.2303 13.0081 1255.9564 774.0799 774.0799 604.2895 105.5952 284.07 179.9847 205.2064 330.2741 1238.8212 266.9097 408.5121 270.4057 120.9139 361.0148 156.782 267.1567 1251.7256;
	3.7704 50.9469 88.8124 110.0362 14.7544 32.7095 29.2957 17.1384 26.9204 31.139 57.5599 85.868 129.2738 65.7888 195.4879 73.6489 91.3792 96.8347 85.4103 71.8098 9.7652 76.3221 74.6565 84.9484 101.1248 72.4264 12.9214 1238.8674 766.6969 766.6969 614.1724 108.1111 284.7011 184.8385 206.2569 327.124 1191.0542 240.3442 438.2296 270.8701 121.6437 362.8571 182.1594 264.8356 1203.461;
	3.7389 50.5208 87.0541 109.9112 14.4595 33.159 28.9537 17.4495 26.1745 30.9728 57.2527 85.4097 128.5839 64.9901 199.521 75.1684 93.2645 98.8325 85.5667 71.4014 9.6512 77.3709 73.0406 85.3839 99.0825 71.4693 12.7991 1231.5284 742.4922 742.4922 603.7278 110.2307 285.2222 183.7875 203.7529 316.7967 1115.4782 242.2151 437.2959 265.3995 122.9511 367.8436 171.4506 267.1014 1127.0978;
	3.6158 48.8568 87.1637 109.6214 14.5368 32.7089 29.9598 17.3558 26.0069 30.9175 57.1505 85.2573 128.3544 64.4251 199.3591 75.1074 93.1888 98.7523 85.3651 73.5469 9.9866 76.3207 73.2578 85.4632 99.1412 73.5227 12.8916 1144.7572 669.1302 669.1302 556.7887 102.3944 284.5502 189.31 201.9813 285.4956 1110.556 262.7997 434.2287 265.5569 120.089 362.8503 158.1038 263.1394 1122.1243;
	3.6833 49.7693 91.0327 110.4827 14.7713 33.5525 29.5614 18.2625 27.3167 30.7468 56.8349 84.7865 127.6456 67.8888 202.4979 76.2899 94.656 100.3071 87.0003 73.3865 9.8538 78.2891 74.6491 88.0031 101.6673 75.8142 12.7868 1249.0415 710.8584 710.8584 575.8055 112.275 290.0009 188.8971 212.8406 303.2996 1193.2457 288.0537 460.5618 272.3231 116.0844 372.2087 174.4944 273.5521 1205.6753;
	3.7665 50.8932 90.7361 110.2295 14.6997 33.7057 31.6843 18.3664 28.2566 31.0177 57.3358 85.5338 128.7706 69.1512 205.4714 77.4102 96.0459 101.78 91.1324 73.3246 10.5614 78.6467 75.5412 86.6245 102.4071 74.8331 12.8097 1248.3762 785.0684 785.0684 681.1447 116.8859 303.7747 188.7377 216.7984 334.9625 1221.8826 314.0499 473.0182 274.3047 120.733 373.9089 202.5075 277.4855 1234.6105;
	3.6395 49.1777 88.2572 109.6535 14.9719 32.3043 22.9649 17.5777 27.7019 31.0385 57.3742 85.591 128.8567 66.3948 201.6714 75.9785 94.2697 99.8977 88.8593 70.1038 7.655 75.3767 75.5049 87.0133 101.3539 72.2067 12.5906 1239.6024 785.4907 785.4907 652.7505 116.6226 296.1976 180.4473 208.1566 335.1427 1194.9859 314.1633 452.9329 271.4837 116.2388 358.3624 199.3134 272.9966 1207.4336;
	3.6769 49.6836 88.5312 110.8063 14.6711 32.3281 24.4767 17.467 27.1964 31.26 57.7837 86.2019 129.7764 63.5283 195.7364 73.7425 91.4954 96.9578 90.2043 71.712 8.1589 75.4323 75.7639 86.5641 100.5304 73.316 12.9362 1244.6599 791.3507 791.3507 673.6703 113.7874 300.681 184.5869 199.1696 337.643 1234.1054 310.4255 444.8092 269.2779 119.9449 358.6267 195.8549 267.6963 1246.9607;
	3.6238 48.965 88.205 112.8152 14.7147 31.5224 24.5861 17.4872 26.1549 29.3942 54.3348 81.0568 122.0305 64.5015 191.6909 72.2184 89.6044 94.9539 90.0914 68.3208 8.1954 73.5522 73.0601 88.0462 102.1968 69.8945 12.7429 1242.1048 777.8115 777.8115 708.2752 114.5568 300.3048 175.8578 202.221 331.8663 1214.0393 317.3374 452.1354 273.7415 122.5091 349.6883 179.2548 273.6836 1226.6855;
	3.5556 48.0438 89.5024 110.787 14.9659 26.7123 25.9515 18.1582 26.7145 30.296 56.0016 83.5434 125.7742 65.6068 190.5006 71.77 89.048 94.3643 89.8571 68.8924 8.6505 62.3287 72.5937 88.2879 103.9348 74.7633 12.909 1249.628 766.3686 766.3686 708.1031 115.4172 299.5238 177.3292 205.6862 326.9839 1221.7559 324.7237 440.9387 278.3969 120.8948 296.3284 181.1254 282.7848 1234.4825;
	3.4047 46.0048 87.7845 111.5711 14.4275 29.3053 27.0251 17.4226 27.8479 29.6512 54.8097 81.7654 123.0973 64.3992 186.3653 70.212 87.1149 92.3158 87.6535 70.4932 9.0084 68.379 72.8796 86.6081 100.4515 73.4969 12.8796 1276.342 769.4025 769.4025 705.436 119.7112 292.1783 181.4498 201.9001 328.2784 1230.3293 301.9658 450.2729 269.0666 119.4933 325.0933 173.0073 277.0657 1243.1452;
	3.5723 48.2699 91.6178 113.481 14.7681 32.7124 23.8428 17.8774 28.3264 30.2333 55.8858 83.3706 125.5139 64.1595 187.6251 70.6867 87.7038 92.9399 88.2192 70.1661 7.9476 76.329 75.5279 89.1464 102.528 73.9985 13.2168 1292.3258 770.523 770.523 718.7823 119.5737 294.0639 180.6077 201.1486 328.7565 1237.1187 310.3441 456.1566 274.6285 121.8487 362.8899 193.5363 280.864 1250.0054;
	3.4659 46.8317 87.9382 109.5762 14.9077 31.9171 25.8674 17.6658 28.3359 30.1115 55.6606 83.0347 125.0083 63.0218 182.1974 68.6418 85.1667 90.2513 87.9208 68.1284 8.6225 74.4732 74.8402 87.7406 100.5248 71.4696 13.0313 1283.6482 737.0153 737.0153 708.3341 120.0036 293.0693 175.3626 197.5819 314.4599 1161.4658 286.0475 457.3041 269.263 118.9264 354.0669 186.3769 272.9465 1173.5644;
	3.3374 45.0951 86.9504 96.0097 14.698 29.2935 21.0368 17.0824 27.0276 28.8995 53.4203 79.6925 119.9767 52.1516 184.6249 69.5563 86.3014 91.4537 84.8582 67.8106 7.0123 68.3515 72.7576 86.6619 98.7566 58.5328 12.0173 1220.9069 638.922 638.922 602.9983 117.7573 282.8605 174.5447 163.5022 272.6067 1083.4534 273.3777 433.4579 264.5265 112.6214 324.9625 164.8197 253.8036 1094.7393;
	3.6097 48.7751 87.9863 100.761 14.6039 28.2027 19.5037 11.6902 28.047 28.4111 52.5175 78.3458 117.9491 58.9128 176.2928 66.4173 82.4066 87.3264 84.9296 67.5688 6.5012 65.8064 70.3532 84.2685 96.4874 69.0465 9.3373 1237.1707 647.1202 647.1202 589.648 112.1256 283.0986 173.9223 184.6996 276.1046 1125.1928 265.7245 453.7112 258.4483 116.1967 312.8623 168.177 235.2653 1136.9135;
