function solarprofile = ex_solar_profilesh1
%EX_WIND_PROFILE_D  Example wind_load_nyiso profile data for deterministic unit commitment.
% 2022.03.12
% Andres F. Ramirez


%% define constants
[GEN_BUS, PG, QG, QMAX, QMIN, VG, MBASE, GEN_STATUS, PMAX, PMIN, ...
    MU_PMAX, MU_PMIN, MU_QMAX, MU_QMIN, PC1, PC2, QC1MIN, QC1MAX, ...
    QC2MIN, QC2MAX, RAMP_AGC, RAMP_10, RAMP_30, RAMP_Q, APF] = idx_gen;
[CT_LABEL, CT_PROB, CT_TABLE, CT_TBUS, CT_TGEN, CT_TBRCH, CT_TAREABUS, ...
    CT_TAREAGEN, CT_TAREABRCH, CT_ROW, CT_COL, CT_CHGTYPE, CT_REP, ...
    CT_REL, CT_ADD, CT_NEWVAL, CT_TLOAD, CT_TAREALOAD, CT_LOAD_ALL_PQ, ...
    CT_LOAD_FIX_PQ, CT_LOAD_DIS_PQ, CT_LOAD_ALL_P, CT_LOAD_FIX_P, ...
    CT_LOAD_DIS_P, CT_TGENCOST, CT_TAREAGENCOST, CT_MODCOST_F, ...
    CT_MODCOST_X] = idx_ct;

solarprofile = struct( ...
    'type', 'mpcData', ...
    'table', CT_TGEN, ...
    'rows', [1:12], ...
    'col', PMAX, ...
    'chgtype', 1, ...
    'values', [] );
solarprofile.values(:,1,:) = [
	0.0 0.0 0.0 0.0 0.0 0.0 0.0 0.0 0.0 0.0 0.0 0.0;
	0.0 0.0 0.0 0.0 0.0 0.0 0.0 0.0 0.0 0.0 0.0 0.0;
	0.0 0.0 0.0 0.0 0.0 0.0 0.0 0.0 0.0 0.0 0.0 0.0;
	0.0 0.0 0.0 0.0 0.0 0.0 0.0 0.0 0.0 0.0 0.0 0.0;
	0.0 0.0 0.0 0.0 0.0 0.0 0.0 0.0 0.0 0.0 0.0 0.0;
	1.0216 0.8474 0.7166 0.0 0.0 9.5134 1.1892 4.6906 0.4191 0.0 0.0 0.0;
	6.7383 6.8622 5.1489 3.5536 1.5452 173.4786 21.6848 46.0698 51.6438 42.8506 32.6836 77.6028;
	21.5951 16.6607 13.1399 6.2911 4.4804 115.8056 14.4757 64.0472 88.9967 176.0638 76.7567 318.8527;
	26.1474 17.2005 14.1256 7.2827 6.9208 136.4874 17.0609 67.4105 98.8626 272.3164 121.6322 493.1666;
	26.381 17.0002 14.1913 3.2487 6.3957 96.909 12.1136 57.6289 32.4211 201.2541 144.4257 364.4723;
	25.6698 16.5587 13.8138 3.5518 7.2561 144.3255 18.0407 54.6335 26.2622 243.7696 175.7632 441.4683;
	25.1703 16.5214 13.8 3.9132 7.72 152.3068 19.0383 50.6087 22.607 267.1138 197.221 483.7447;
	24.0464 16.0034 13.464 3.924 6.0648 57.8082 7.226 57.2561 5.8807 151.6377 168.232 274.6169;
	22.7603 16.6742 14.0376 3.4556 4.6395 45.8961 5.737 60.3497 3.7748 88.5458 127.2813 160.357;
	21.7416 16.1262 13.7843 2.5077 3.3686 24.2395 3.0299 59.5654 8.6461 46.4935 81.1041 84.2001;
	13.3008 11.1736 8.6298 2.6261 2.4056 49.4669 6.1834 54.7033 40.4536 26.0063 40.2171 47.0975;
	1.6537 1.4745 1.0426 0.9188 1.1154 63.376 7.922 16.6263 38.0048 17.0018 11.1758 30.7903;
	0.0 0.0 0.0 0.0 0.0 0.0 0.0 0.0 0.0 0.0 0.0 0.0;
	0.0 0.0 0.0 0.0 0.0 0.0 0.0 0.0 0.0 0.0 0.0 0.0;
	0.0 0.0 0.0 0.0 0.0 0.0 0.0 0.0 0.0 0.0 0.0 0.0;
	0.0 0.0 0.0 0.0 0.0 0.0 0.0 0.0 0.0 0.0 0.0 0.0;
	0.0 0.0 0.0 0.0 0.0 0.0 0.0 0.0 0.0 0.0 0.0 0.0;
	0.0 0.0 0.0 0.0 0.0 0.0 0.0 0.0 0.0 0.0 0.0 0.0;
	0.0 0.0 0.0 0.0 0.0 0.0 0.0 0.0 0.0 0.0 0.0 0.0;
];
