function windprofile = ex_wind_profilesh1
%EX_WIND_PROFILE_D  Example wind_load_nyiso profile data for deterministic unit commitment.
% 2022.03.12
% Andres F. Ramirez


%% define constants
[GEN_BUS, PG, QG, QMAX, QMIN, VG, MBASE, GEN_STATUS, PMAX, PMIN, ...
    MU_PMAX, MU_PMIN, MU_QMAX, MU_QMIN, PC1, PC2, QC1MIN, QC1MAX, ...
    QC2MIN, QC2MAX, RAMP_AGC, RAMP_10, RAMP_30, RAMP_Q, APF] = idx_gen;
[CT_LABEL, CT_PROB, CT_TABLE, CT_TBUS, CT_TGEN, CT_TBRCH, CT_TAREABUS, ...
    CT_TAREAGEN, CT_TAREABRCH, CT_ROW, CT_COL, CT_CHGTYPE, CT_REP, ...
    CT_REL, CT_ADD, CT_NEWVAL, CT_TLOAD, CT_TAREALOAD, CT_LOAD_ALL_PQ, ...
    CT_LOAD_FIX_PQ, CT_LOAD_DIS_PQ, CT_LOAD_ALL_P, CT_LOAD_FIX_P, ...
    CT_LOAD_DIS_P, CT_TGENCOST, CT_TAREAGENCOST, CT_MODCOST_F, ...
    CT_MODCOST_X] = idx_ct;

windprofile = struct( ...
    'type', 'mpcData', ...
    'table', CT_TGEN, ...
    'rows', [1:45], ...
    'col', PMAX, ...
    'chgtype', 1, ...
    'values', [] );
windprofile.values(:,1,:) = [
	3.7274 50.3658 88.2915 111.3385 14.001 32.1045 29.4919 18.5228 27.7034 28.388 52.4747 78.282 117.8531 68.5215 204.173 76.921 95.439 101.1369 84.8689 73.7098 9.8306 74.9106 74.7147 83.5581 101.9143 71.9617 13.0222 1261.3963 765.7549 765.7549 544.8414 110.1024 282.8962 189.7292 214.8242 326.7221 1199.8951 207.0919 455.7342 272.9847 116.0489 356.1463 189.128 275.8005 1212.394;
	3.7204 50.2708 88.8067 109.851 14.2945 31.1351 26.5516 18.105 27.4646 29.0584 53.714 80.1307 120.6363 68.0124 191.4198 72.1163 89.4776 94.8196 81.3065 73.1208 8.8505 72.6485 74.4759 84.839 97.4977 70.6558 12.8709 1251.2637 769.5753 769.5753 606.5735 98.1277 271.0218 188.2132 213.228 328.3521 1171.9564 204.0713 453.4204 261.1546 116.6661 345.3917 175.6001 271.6302 1184.1643;
	3.7255 50.3393 90.5639 109.5766 14.5723 32.3539 22.6899 17.9526 27.28 30.477 56.3362 84.0426 126.5257 67.4312 200.0316 75.3608 93.5032 99.0854 86.8579 72.9312 7.5633 75.4923 75.6539 85.3628 98.9772 74.3003 13.1132 1273.6719 766.2361 766.2361 632.4028 95.3566 289.5264 187.725 211.4058 326.9274 1237.9247 207.2215 415.1806 265.1174 119.858 358.9122 183.7427 267.921 1250.8197;
	3.7781 51.0505 90.1928 111.1398 14.279 32.0036 23.7431 17.8149 26.9184 30.5099 56.3972 84.1335 126.6625 66.2132 201.6397 75.9666 94.2549 99.882 85.2071 73.1493 7.9144 74.6751 74.7092 86.525 98.966 71.4274 12.9873 1291.6043 767.7591 767.7591 606.3581 96.0318 284.0238 188.2865 207.5873 327.5772 1229.4835 212.4309 416.7319 265.0875 119.1448 355.0268 152.1966 270.0662 1242.2906;
	3.8339 51.8044 92.4303 111.6821 14.6216 32.4282 29.8641 18.2135 27.0673 30.714 56.7744 84.6962 127.5096 66.7216 202.6798 76.3584 94.741 100.3972 86.3471 73.2351 9.9547 75.6658 74.9521 84.1445 100.4896 71.8683 12.9214 1245.4431 769.6703 769.6703 592.7226 94.7249 287.8236 188.5073 209.1812 328.3927 1179.2799 204.5626 445.7567 269.1686 118.9128 359.7371 188.0491 267.0794 1191.564;
	3.8938 52.6144 92.9566 116.3718 15.1829 33.8442 29.2048 18.5689 27.699 30.9533 57.2166 85.3559 128.5029 67.7474 203.053 76.499 94.9155 100.5821 87.7092 72.5332 9.7349 78.9699 75.0622 86.3852 100.8233 70.1643 13.0985 1280.9454 779.8993 779.8993 657.9596 107.5691 292.3642 186.7007 212.3971 332.757 1197.4335 221.5105 448.9526 270.0624 119.7461 375.4453 176.6688 273.8693 1209.9067;
	3.8927 52.5995 93.3136 113.1546 14.8351 34.163 30.9436 18.5649 27.1896 30.6693 56.6917 84.5729 127.324 69.0309 194.3075 73.2042 90.8275 96.25 88.6777 71.412 10.3145 79.7138 74.2358 85.8963 101.7807 69.9707 13.4915 1285.5942 788.5099 788.5099 701.019 109.0811 295.5924 183.8147 216.4211 336.4309 1269.0116 277.4297 460.0612 272.6269 114.2877 378.982 165.5762 269.6545 1282.2304;
	3.7423 50.567 88.6096 109.6824 14.8276 33.0926 29.458 18.1607 26.4048 30.2432 55.9041 83.3979 125.5551 69.4394 198.234 74.6835 92.6629 98.195 89.4212 70.7223 9.8193 77.216 74.1014 85.7678 97.4917 69.616 13.1035 1334.2162 791.8067 791.8067 676.1557 112.1288 298.0707 182.0393 217.702 337.8375 1287.1238 287.9033 453.0141 261.1385 111.3395 367.1071 169.7278 265.572 1300.5313;
	3.8486 52.003 93.9177 111.4447 15.2476 33.5805 30.264 18.1124 26.2193 31.0669 57.4267 85.6693 128.9747 68.2878 197.4201 74.3769 92.2824 97.7918 90.9339 71.3483 10.088 78.3545 75.7649 86.3993 100.4013 70.2492 13.0336 1331.8259 802.4776 802.4776 756.7972 118.6643 303.113 183.6507 214.0913 342.3904 1310.3712 315.8415 450.169 268.932 114.0772 372.5196 208.817 273.5482 1324.0209;
	3.7354 50.4733 92.0117 113.8764 15.1626 33.6966 25.7573 17.9616 27.3545 29.395 54.3361 81.0588 122.0336 67.4288 197.6996 74.4822 92.413 97.9302 86.1907 70.5232 8.5858 78.6254 75.129 87.2892 100.2839 70.9989 12.9221 1343.7533 786.6708 786.6708 665.3996 117.3348 287.3024 181.5269 211.3985 335.6462 1266.1665 307.2604 436.7469 268.6175 110.9679 373.8078 207.6917 273.1254 1279.3557;
	3.7575 50.7718 90.859 111.1105 14.8351 33.3541 27.1881 17.8401 27.2544 30.5717 56.5113 84.3038 126.9189 66.4528 193.169 72.7753 90.2953 95.686 86.9939 71.7882 9.0627 77.8262 73.8669 86.0738 99.839 69.3439 13.0308 1307.5125 787.2296 787.2296 678.9394 116.4917 289.9797 184.7829 208.3386 335.8846 1256.8364 304.1601 439.4196 267.4259 113.6803 370.0078 209.6612 266.9278 1269.9285;
	3.645 49.2519 90.4409 112.3873 14.8191 34.0266 26.1707 17.3511 26.4793 29.3905 54.3279 81.0466 122.0151 65.3683 193.7335 72.988 90.5592 95.9657 89.0294 69.3735 8.7236 79.3954 72.3902 86.9514 100.3414 64.4661 12.8481 1284.9489 760.3393 760.3393 727.0503 115.9075 296.7648 178.5675 204.9384 324.4115 1252.2849 321.5826 452.9211 268.7716 111.0819 377.4685 209.8038 266.1216 1265.3295;
	3.6218 48.939 89.8299 111.3548 14.7816 33.3507 25.9537 17.4553 26.296 29.8815 55.2355 82.4005 124.0535 66.6074 194.4376 73.2532 90.8883 96.3145 92.248 68.7241 8.6512 77.8184 73.5082 83.8351 100.5686 69.4418 12.8523 1317.3974 788.0003 788.0003 744.3607 118.1483 307.4935 176.8959 208.8233 336.2135 1270.3707 338.9903 448.2934 269.3803 113.7372 369.9707 207.1088 267.4923 1283.6037;
	3.712 50.1577 90.7633 113.4596 14.8706 33.7473 26.696 17.6859 27.2686 28.3972 52.4919 78.3075 117.8916 65.636 188.6143 71.0593 88.1662 93.4299 87.6485 71.7669 8.8987 78.7437 72.5237 84.8576 99.3688 70.6746 13.0298 1272.8511 762.5383 762.5383 718.453 114.0599 292.1618 184.7283 205.7777 325.3497 1240.8639 315.0171 451.8734 266.1663 105.8362 374.3701 202.8449 271.9471 1253.7896;
	3.6726 49.6245 90.6375 111.95 14.4541 33.4585 22.5432 17.4783 26.7088 28.4866 52.6571 78.5541 118.2627 65.6167 186.8869 70.4085 87.3587 92.5742 85.4145 70.0569 7.5144 78.0699 74.0464 85.2367 97.43 68.6527 13.1181 1326.7298 778.2058 778.2058 704.2867 116.0474 284.7149 180.3267 205.7174 332.0345 1271.3598 315.6175 458.9944 260.9732 102.3658 371.1667 200.6687 263.9181 1284.6031;
	3.8066 51.4359 92.907 114.3752 15.128 34.5176 24.7337 17.9267 27.4494 29.1361 53.8577 80.345 120.959 63.9354 165.8622 62.4876 77.531 82.1597 85.9567 68.7958 8.2446 80.541 74.1643 86.7389 100.6387 70.9806 13.0568 1288.3942 743.1133 743.1133 676.5067 113.7711 286.5223 177.0806 200.4462 317.0617 1218.849 303.5443 455.3442 269.5679 114.6734 382.9147 202.612 273.7007 1231.5454;
	3.8979 52.6696 94.7229 117.2201 15.2412 32.2604 22.2162 18.7293 27.9153 29.3522 54.2571 80.9409 121.8561 62.8788 188.6581 71.0759 88.1867 93.4516 84.9979 70.417 7.4054 75.2742 74.4128 87.9797 105.4204 65.2436 13.2457 1237.4134 714.0655 714.0655 615.4318 109.8712 283.3264 181.2534 197.1336 304.6679 1165.0606 301.1206 458.3287 282.3761 114.2459 357.8749 196.9228 265.7333 1177.1967;
	3.8354 51.8249 93.9666 113.5693 14.9171 29.4341 18.9838 14.8124 27.895 28.976 53.5618 79.9036 120.2944 63.8865 189.3939 71.353 88.5306 93.816 87.3952 69.8271 6.3279 68.6795 74.9023 87.0778 103.3698 75.0224 10.927 1263.6549 701.0519 701.0519 617.7942 108.4821 291.3174 179.735 200.2929 299.1155 1200.1359 279.6241 460.1344 276.8833 116.7647 326.5221 176.6626 238.8678 1212.6374;
