function solarprofile = ex_solar_profilesh1
%EX_WIND_PROFILE_D  Example wind_load_nyiso profile data for deterministic unit commitment.
% 2022.03.12
% Andres F. Ramirez


%% define constants
[GEN_BUS, PG, QG, QMAX, QMIN, VG, MBASE, GEN_STATUS, PMAX, PMIN, ...
    MU_PMAX, MU_PMIN, MU_QMAX, MU_QMIN, PC1, PC2, QC1MIN, QC1MAX, ...
    QC2MIN, QC2MAX, RAMP_AGC, RAMP_10, RAMP_30, RAMP_Q, APF] = idx_gen;
[CT_LABEL, CT_PROB, CT_TABLE, CT_TBUS, CT_TGEN, CT_TBRCH, CT_TAREABUS, ...
    CT_TAREAGEN, CT_TAREABRCH, CT_ROW, CT_COL, CT_CHGTYPE, CT_REP, ...
    CT_REL, CT_ADD, CT_NEWVAL, CT_TLOAD, CT_TAREALOAD, CT_LOAD_ALL_PQ, ...
    CT_LOAD_FIX_PQ, CT_LOAD_DIS_PQ, CT_LOAD_ALL_P, CT_LOAD_FIX_P, ...
    CT_LOAD_DIS_P, CT_TGENCOST, CT_TAREAGENCOST, CT_MODCOST_F, ...
    CT_MODCOST_X] = idx_ct;

solarprofile = struct( ...
    'type', 'mpcData', ...
    'table', CT_TGEN, ...
    'rows', [1:12], ...
    'col', PMAX, ...
    'chgtype', 1, ...
    'values', [] );
solarprofile.values(:,1,:) = [
	0.0 0.0 0.0 0.0 0.0 0.0 0.0 0.0 0.0 0.0 0.0 0.0;
	0.0 0.0 0.0 0.0 0.0 0.0 0.0 0.0 0.0 0.0 0.0 0.0;
	0.0 0.0 0.0 0.0 0.0 0.0 0.0 0.0 0.0 0.0 0.0 0.0;
	0.0 0.0 0.0 0.0 0.0 0.0 0.0 0.0 0.0 0.0 0.0 0.0;
	0.0 0.0 0.0 0.0 0.0 0.0 0.0 0.0 0.0 0.0 0.0 0.0;
	1.0111 0.8207 0.6949 0.0 0.0 9.4835 1.1854 4.1882 0.4191 0.0 0.0 0.0;
	7.3663 6.162 3.785 2.8492 2.7347 179.6392 22.4549 32.8062 83.3423 71.5543 19.6785 129.5853;
	12.3022 10.6502 6.3482 4.5426 5.0685 359.7238 44.9655 55.161 164.7253 215.2952 77.0049 389.901;
	17.9062 16.1418 12.167 6.5531 6.9779 409.4054 51.1757 60.9827 199.2554 333.1096 129.8174 603.2635;
	25.2049 16.3751 13.8 5.2662 7.8129 414.7041 51.838 57.6471 195.3452 307.8841 145.2047 557.58;
	26.2512 17.1178 14.1043 5.9328 8.0183 392.2016 49.0252 59.6142 207.864 258.5837 133.1953 468.2966;
	26.655 17.3538 14.2738 6.0325 7.7977 371.8741 46.4843 62.5805 215.2055 233.6003 115.1429 423.0515;
	24.9674 16.3797 13.7377 4.715 6.1566 327.8927 40.9866 63.6537 180.2714 180.5777 124.7652 327.0273;
	22.5584 16.3607 13.7818 4.0541 5.9211 335.1318 41.8915 62.8426 143.9944 176.3302 141.6638 319.3351;
	20.6537 15.8461 13.4797 3.6871 5.8874 333.519 41.6899 58.6416 106.848 122.1061 102.8271 221.1349;
	20.9166 16.0092 12.3657 5.4821 5.7263 283.1689 35.3961 35.892 90.3173 18.8652 26.2858 34.1651;
	2.2719 2.0124 1.523 1.484 1.8427 72.0861 9.0108 11.7145 38.2403 0.0 0.0 0.0;
	0.0 0.0 0.0 0.0 0.0 0.0 0.0 0.0 0.0 0.0 0.0 0.0;
	0.0 0.0 0.0 0.0 0.0 0.0 0.0 0.0 0.0 0.0 0.0 0.0;
	0.0 0.0 0.0 0.0 0.0 0.0 0.0 0.0 0.0 0.0 0.0 0.0;
	0.0 0.0 0.0 0.0 0.0 0.0 0.0 0.0 0.0 0.0 0.0 0.0;
	0.0 0.0 0.0 0.0 0.0 0.0 0.0 0.0 0.0 0.0 0.0 0.0;
	0.0 0.0 0.0 0.0 0.0 0.0 0.0 0.0 0.0 0.0 0.0 0.0;
	0.0 0.0 0.0 0.0 0.0 0.0 0.0 0.0 0.0 0.0 0.0 0.0;
];
