function loadprofile = ex_load_profilesh1
%EX_LOAD_PROFILE  Example load profile data file for stochastic unit commitment.
% 2022.03.12
% Andres F. Ramirez

%% define constants
[CT_LABEL, CT_PROB, CT_TABLE, CT_TBUS, CT_TGEN, CT_TBRCH, CT_TAREABUS, ...
    CT_TAREAGEN, CT_TAREABRCH, CT_ROW, CT_COL, CT_CHGTYPE, CT_REP, ...
    CT_REL, CT_ADD, CT_NEWVAL, CT_TLOAD, CT_TAREALOAD, CT_LOAD_ALL_PQ, ...
    CT_LOAD_FIX_PQ, CT_LOAD_DIS_PQ, CT_LOAD_ALL_P, CT_LOAD_FIX_P, ...
    CT_LOAD_DIS_P, CT_TGENCOST, CT_TAREAGENCOST, CT_MODCOST_F, ...
    CT_MODCOST_X] = idx_ct;

loadprofile = struct( ...
    'type', 'mpcData', ...
    'table', CT_TAREALOAD, ...
    'rows', [1:11], ...
    'col', CT_LOAD_ALL_P, ...
    'chgtype', 1, ...
    'values', [] );
loadprofile.values(:,1,:) = [
	1583.4359 916.8168 1530.7648 575.5931 754.701 1169.7197 870.8742 254.7958 466.3094 4496.1 1717.9385;
	1560.3873 922.9834 1525.5799 565.6 755.7128 1154.0138 850.7599 247.0435 465.2292 4402.8024 1679.2477;
	1564.5754 920.9568 1563.5818 564.091 756.1 1148.562 840.2925 247.9 459.2338 4356.8252 1661.639;
	1609.4923 958.1911 1598.7861 572.2 806.6646 1165.0995 872.6 261.1759 486.0221 4439.3761 1724.0031;
	1673.4019 999.4219 1702.2267 587.5702 870.9967 1242.6087 929.9541 289.9476 525.0 4550.6973 1845.7714;
	1711.4265 1059.7 1764.8 606.2302 927.8285 1288.7564 968.6016 305.9592 551.1285 4798.1687 1946.266;
	1805.0833 1117.1898 1856.2154 618.3706 981.2942 1350.8477 1026.7566 327.4571 584.2159 5014.9631 2010.4325;
	1885.8396 1162.1584 1900.1996 629.4709 1052.2334 1413.3635 1095.0261 377.0096 606.8574 5304.291 2088.3597;
	1856.1667 1136.5928 1875.7494 620.6676 1050.3099 1422.7353 1096.577 335.6225 620.0728 5465.7533 2038.4838;
	1891.0307 1156.2553 1880.7038 615.806 1050.8637 1426.8404 1125.4838 333.8733 642.5001 5588.8991 2091.123;
	1821.6 1106.7707 1799.7629 590.9045 1005.6464 1379.3975 1072.076 316.9889 634.2 5504.7752 1977.7399;
	1806.1 1071.432 1772.0219 585.7927 979.7571 1374.4523 1090.4626 300.8118 658.6813 5408.2 1869.9087;
	1745.0195 1062.6189 1675.7638 574.3 930.9622 1300.802 1036.3889 281.0 649.8623 5393.6286 1867.1274;
	1751.5924 1101.1526 1729.7566 576.7 975.2233 1400.8 1107.2738 293.9 674.9 5651.9277 2048.3433;
	1758.4 1079.3 1756.6826 581.1395 981.051 1400.3965 1047.677 278.7 653.669 5407.1307 2058.3179;
	1793.8036 1102.452 1785.9359 572.3 1010.5314 1421.9216 1110.8411 285.9 673.7995 5451.3815 2120.9436;
	1865.902 1109.688 1790.8624 580.658 1026.4061 1465.5824 1145.4855 300.4034 663.9994 5512.9599 2153.8246;
	1864.5969 1129.051 1845.3453 603.3612 1047.1503 1505.2669 1147.6339 319.9 692.4153 5577.7011 2262.2031;
	1941.4505 1148.2 1884.8432 595.0591 1041.6765 1503.8154 1151.9588 341.7882 692.186 5555.582 2248.64;
	1915.1008 1118.8312 1910.3886 595.0 1037.4863 1475.6127 1134.1328 339.7313 677.0817 5520.2784 2239.5225;
	1875.5023 1061.1826 1838.6547 580.3739 955.8845 1402.4567 1091.5137 331.9527 664.1026 5379.245 2129.9925;
	1760.3009 977.1 1749.2925 577.3145 892.7105 1333.325 1031.5797 315.9784 626.0042 5085.3065 1999.8678;
	1661.8601 956.9 1699.4271 593.5992 885.2321 1242.8823 931.6 284.9074 571.5191 4898.1262 1865.0885;
	1600.0523 921.8735 1618.7675 588.7 836.6228 1188.7888 887.3338 263.1403 541.0678 4724.6034 1802.2177;
];
