function solarprofile = ex_solar_profilesh1
%EX_WIND_PROFILE_D  Example wind_load_nyiso profile data for deterministic unit commitment.
% 2022.03.12
% Andres F. Ramirez


%% define constants
[GEN_BUS, PG, QG, QMAX, QMIN, VG, MBASE, GEN_STATUS, PMAX, PMIN, ...
    MU_PMAX, MU_PMIN, MU_QMAX, MU_QMIN, PC1, PC2, QC1MIN, QC1MAX, ...
    QC2MIN, QC2MAX, RAMP_AGC, RAMP_10, RAMP_30, RAMP_Q, APF] = idx_gen;
[CT_LABEL, CT_PROB, CT_TABLE, CT_TBUS, CT_TGEN, CT_TBRCH, CT_TAREABUS, ...
    CT_TAREAGEN, CT_TAREABRCH, CT_ROW, CT_COL, CT_CHGTYPE, CT_REP, ...
    CT_REL, CT_ADD, CT_NEWVAL, CT_TLOAD, CT_TAREALOAD, CT_LOAD_ALL_PQ, ...
    CT_LOAD_FIX_PQ, CT_LOAD_DIS_PQ, CT_LOAD_ALL_P, CT_LOAD_FIX_P, ...
    CT_LOAD_DIS_P, CT_TGENCOST, CT_TAREAGENCOST, CT_MODCOST_F, ...
    CT_MODCOST_X] = idx_ct;

solarprofile = struct( ...
    'type', 'mpcData', ...
    'table', CT_TGEN, ...
    'rows', [1:12], ...
    'col', PMAX, ...
    'chgtype', 1, ...
    'values', [] );
solarprofile.values(:,1,:) = [
	0.0 0.0 0.0 0.0 0.0 0.0 0.0 0.0 0.0 0.0 0.0 0.0;
	0.0 0.0 0.0 0.0 0.0 0.0 0.0 0.0 0.0 0.0 0.0 0.0;
	0.0 0.0 0.0 0.0 0.0 0.0 0.0 0.0 0.0 0.0 0.0 0.0;
	0.0 0.0 0.0 0.0 0.0 0.0 0.0 0.0 0.0 0.0 0.0 0.0;
	0.0 0.0 0.0 0.0 0.0 0.0 0.0 0.0 0.0 0.0 0.0 0.0;
	1.0111 0.8207 0.6949 0.0 0.0 9.4835 1.1854 4.1882 0.4191 0.0 0.0 0.0;
	8.7752 6.9289 5.2102 2.1949 3.0193 98.8127 12.3516 11.576 6.8347 32.9175 26.124 59.6138;
	19.2338 16.2712 12.4082 4.7063 3.8407 275.5585 34.4448 20.6477 18.6608 103.3531 55.7817 187.173;
	23.5981 16.7928 13.8155 6.9636 4.6723 353.0059 44.1257 26.8225 60.8737 149.6492 97.3374 271.0156;
	25.176 16.3661 13.8 5.1567 4.2505 383.5333 47.9417 43.7004 192.2865 24.3691 41.5625 44.1326;
	24.6014 16.466 13.7901 5.6926 3.8783 386.2513 48.2814 50.4626 197.5419 50.0871 29.551 90.7081;
	22.9369 16.2694 13.731 6.1734 3.641 387.1126 48.3891 54.2261 180.1456 59.9976 14.3786 108.656;
	18.7861 15.0585 13.3975 5.2496 3.7251 357.2241 44.653 60.5782 112.8502 21.4479 0.0 38.8423;
	16.0326 13.3141 12.9663 4.0873 3.7866 358.3679 44.796 62.2233 123.4078 2.6271 0.0 4.7577;
	9.9785 9.0572 9.3104 2.5474 3.1582 343.8857 42.9857 61.8816 144.9732 7.3247 0.0 13.2651;
	2.5638 3.5896 2.7218 2.1477 2.6509 233.5805 29.1976 49.4291 196.7075 3.8594 1.1855 6.9894;
	1.1859 1.033 0.7692 0.9592 0.9702 68.7808 8.5976 14.9985 45.2819 11.2505 2.238 20.3746;
	0.0 0.0 0.0 0.0 0.0 0.0 0.0 0.0 0.0 0.0 0.0 0.0;
	0.0 0.0 0.0 0.0 0.0 0.0 0.0 0.0 0.0 0.0 0.0 0.0;
	0.0 0.0 0.0 0.0 0.0 0.0 0.0 0.0 0.0 0.0 0.0 0.0;
	0.0 0.0 0.0 0.0 0.0 0.0 0.0 0.0 0.0 0.0 0.0 0.0;
	0.0 0.0 0.0 0.0 0.0 0.0 0.0 0.0 0.0 0.0 0.0 0.0;
	0.0 0.0 0.0 0.0 0.0 0.0 0.0 0.0 0.0 0.0 0.0 0.0;
	0.0 0.0 0.0 0.0 0.0 0.0 0.0 0.0 0.0 0.0 0.0 0.0;
];
