function loadprofile = ex_load_profilesh1
%EX_LOAD_PROFILE  Example load profile data file for stochastic unit commitment.
% 2022.03.12
% Andres F. Ramirez

%% define constants
[CT_LABEL, CT_PROB, CT_TABLE, CT_TBUS, CT_TGEN, CT_TBRCH, CT_TAREABUS, ...
    CT_TAREAGEN, CT_TAREABRCH, CT_ROW, CT_COL, CT_CHGTYPE, CT_REP, ...
    CT_REL, CT_ADD, CT_NEWVAL, CT_TLOAD, CT_TAREALOAD, CT_LOAD_ALL_PQ, ...
    CT_LOAD_FIX_PQ, CT_LOAD_DIS_PQ, CT_LOAD_ALL_P, CT_LOAD_FIX_P, ...
    CT_LOAD_DIS_P, CT_TGENCOST, CT_TAREAGENCOST, CT_MODCOST_F, ...
    CT_MODCOST_X] = idx_ct;

loadprofile = struct( ...
    'type', 'mpcData', ...
    'table', CT_TAREALOAD, ...
    'rows', [1:11], ...
    'col', CT_LOAD_ALL_P, ...
    'chgtype', 1, ...
    'values', [] );
loadprofile.values(:,1,:) = [
	1539.0446 915.8217 1572.5516 558.9493 771.8039 1072.0884 842.7877 231.5 510.0836 4337.0292 1682.3246;
	1532.1437 920.1348 1616.6879 561.5775 768.0464 1085.9727 839.3 224.8 523.3467 4308.4184 1720.1408;
	1552.7568 936.1034 1641.5601 565.0252 789.4231 1094.2141 844.1139 216.6112 521.1115 4313.1471 1727.3325;
	1564.8464 944.5498 1683.8497 571.1 812.7731 1134.6 875.2154 237.1 540.347 4394.1091 1792.4974;
	1620.537 1005.7095 1776.7179 578.915 885.6286 1201.8512 938.1284 254.5 580.1051 4515.6172 1882.7148;
	1711.4262 1086.2774 1890.2855 607.2559 950.2254 1248.1 990.9028 278.447 619.7412 4697.9951 2014.8952;
	1722.5668 1104.2432 1934.2728 623.3049 994.6471 1269.0434 1008.6063 297.0 597.6794 4796.8086 2040.6;
	1772.7994 1188.7006 1993.7805 626.8268 1031.576 1271.2445 1050.8919 305.8045 616.1257 5025.5389 2067.2492;
	1795.1 1185.9798 1997.9064 624.475 1025.9775 1284.7442 1117.2965 309.7693 637.0 5299.1348 2193.3953;
	1784.3831 1180.9039 1973.8655 611.6634 996.8122 1239.0421 1101.7039 295.6 619.4796 5285.0297 2179.6362;
	1765.2357 1208.193 1980.2437 599.9314 1025.0794 1228.9806 1112.3896 298.6371 616.318 5337.5921 2210.7135;
	1757.7582 1162.7043 1935.7571 602.2577 962.8369 1139.2353 1031.5275 283.9768 583.4869 5246.1652 2039.0084;
	1686.4179 1113.2434 1880.1249 601.5106 956.5245 1101.2291 1011.2483 271.3845 579.7195 5157.2967 2011.3873;
	1680.345 1094.7449 1859.2257 593.2 958.3402 1114.4933 989.2863 278.0125 568.2244 5187.3981 2051.7072;
	1729.4544 1090.6551 1840.0863 586.4031 943.7291 1189.0414 988.2001 277.2845 590.5965 5263.4695 2096.034;
	1744.3728 1148.4196 1944.4633 597.3348 991.1358 1266.7269 1029.8 300.0827 605.2845 5333.6946 2162.6845;
	1788.9426 1136.0357 1906.0201 607.2945 1011.3952 1276.6525 1030.0407 312.5089 598.5 5280.6487 2133.0655;
	1822.5861 1163.8753 1953.292 596.1468 1053.0 1357.3734 1123.1914 336.5251 641.3 5471.8802 2287.4443;
	1851.9 1188.4568 1985.8096 606.8021 1034.774 1369.8611 1122.0165 346.3705 649.2 5490.496 2324.7408;
	1803.2264 1132.5948 1908.0415 593.4 997.9862 1322.89 1100.0311 340.4401 646.4 5353.7228 2296.7839;
	1727.565 1061.5127 1805.9 582.167 927.5806 1250.9099 1033.8846 312.7833 618.5334 5148.2202 2146.4563;
	1633.337 1018.1 1748.8092 569.487 910.2489 1212.9237 1011.9869 290.2203 604.0278 5141.2561 2045.1636;
	1538.651 972.3098 1736.2053 585.5318 931.9094 1258.8767 971.349 269.4567 593.0193 4882.8445 1903.552;
	1542.1959 946.6218 1703.5231 592.5 925.5632 1233.9964 946.8107 250.9487 581.8476 4670.2516 1848.9844;
];
