function solarprofile = ex_solar_profilesh1
%EX_WIND_PROFILE_D  Example wind_load_nyiso profile data for deterministic unit commitment.
% 2022.03.12
% Andres F. Ramirez


%% define constants
[GEN_BUS, PG, QG, QMAX, QMIN, VG, MBASE, GEN_STATUS, PMAX, PMIN, ...
    MU_PMAX, MU_PMIN, MU_QMAX, MU_QMIN, PC1, PC2, QC1MIN, QC1MAX, ...
    QC2MIN, QC2MAX, RAMP_AGC, RAMP_10, RAMP_30, RAMP_Q, APF] = idx_gen;
[CT_LABEL, CT_PROB, CT_TABLE, CT_TBUS, CT_TGEN, CT_TBRCH, CT_TAREABUS, ...
    CT_TAREAGEN, CT_TAREABRCH, CT_ROW, CT_COL, CT_CHGTYPE, CT_REP, ...
    CT_REL, CT_ADD, CT_NEWVAL, CT_TLOAD, CT_TAREALOAD, CT_LOAD_ALL_PQ, ...
    CT_LOAD_FIX_PQ, CT_LOAD_DIS_PQ, CT_LOAD_ALL_P, CT_LOAD_FIX_P, ...
    CT_LOAD_DIS_P, CT_TGENCOST, CT_TAREAGENCOST, CT_MODCOST_F, ...
    CT_MODCOST_X] = idx_ct;

solarprofile = struct( ...
    'type', 'mpcData', ...
    'table', CT_TGEN, ...
    'rows', [1:12], ...
    'col', PMAX, ...
    'chgtype', 1, ...
    'values', [] );
solarprofile.values(:,1,:) = [
	0.0 0.0 0.0 0.0 0.0 0.0 0.0 0.0 0.0 0.0 0.0 0.0;
	0.0 0.0 0.0 0.0 0.0 0.0 0.0 0.0 0.0 0.0 0.0 0.0;
	0.0 0.0 0.0 0.0 0.0 0.0 0.0 0.0 0.0 0.0 0.0 0.0;
	0.0 0.0 0.0 0.0 0.0 0.0 0.0 0.0 0.0 0.0 0.0 0.0;
	0.0 0.0 0.0 0.0 0.0 0.0 0.0 0.0 0.0 0.0 0.0 0.0;
	1.0216 0.8435 0.7166 0.0 0.0 11.2752 1.4094 4.1882 0.5129 0.0 0.0 0.0;
	8.7648 7.6638 7.1215 1.6969 3.2894 276.735 34.5919 8.1495 127.2513 113.7717 33.9636 206.0413;
	15.8766 16.0119 12.2627 3.8301 7.255 345.0748 43.1343 30.0451 236.0048 173.4418 95.2086 314.1042;
	19.2213 16.6083 13.8 6.824 8.9403 392.5724 49.0715 51.958 268.5249 242.6324 138.2741 439.4087;
	13.8792 12.8751 11.2405 6.863 7.9048 421.392 52.674 59.0808 265.1835 212.2211 141.243 384.3337;
	11.1525 4.5131 9.5784 6.6866 7.5176 424.7281 53.091 57.3753 249.2101 260.0811 158.1748 471.0084;
	11.2594 2.3728 7.8699 6.0513 6.2295 394.0021 49.2503 54.7286 200.0484 272.7564 170.8698 493.9634;
	9.0285 3.113 3.1917 5.1585 2.7031 227.1074 28.3884 52.1133 76.5527 177.3761 161.2554 321.2292;
	8.2834 3.2995 2.3152 4.4954 2.8398 174.6017 21.8252 58.2833 76.1157 126.4827 125.1987 229.0609;
	8.8584 4.4438 2.7083 4.268 2.92 213.795 26.7244 58.6577 94.9537 71.1651 74.5934 128.8805;
	8.541 4.055 4.7327 3.9886 3.2904 252.9968 31.6246 51.5027 161.7263 25.2257 37.787 45.6838;
	1.6784 1.1251 1.0151 0.9074 0.909 81.9932 10.2491 14.8598 44.6476 7.3671 13.6276 13.3418;
	0.0 0.0 0.0 0.0 0.0 0.0 0.0 0.0 0.0 0.0 0.0 0.0;
	0.0 0.0 0.0 0.0 0.0 0.0 0.0 0.0 0.0 0.0 0.0 0.0;
	0.0 0.0 0.0 0.0 0.0 0.0 0.0 0.0 0.0 0.0 0.0 0.0;
	0.0 0.0 0.0 0.0 0.0 0.0 0.0 0.0 0.0 0.0 0.0 0.0;
	0.0 0.0 0.0 0.0 0.0 0.0 0.0 0.0 0.0 0.0 0.0 0.0;
	0.0 0.0 0.0 0.0 0.0 0.0 0.0 0.0 0.0 0.0 0.0 0.0;
	0.0 0.0 0.0 0.0 0.0 0.0 0.0 0.0 0.0 0.0 0.0 0.0;
];
