function solarprofile = ex_solar_profilesh1
%EX_WIND_PROFILE_D  Example wind_load_nyiso profile data for deterministic unit commitment.
% 2022.03.12
% Andres F. Ramirez


%% define constants
[GEN_BUS, PG, QG, QMAX, QMIN, VG, MBASE, GEN_STATUS, PMAX, PMIN, ...
    MU_PMAX, MU_PMIN, MU_QMAX, MU_QMIN, PC1, PC2, QC1MIN, QC1MAX, ...
    QC2MIN, QC2MAX, RAMP_AGC, RAMP_10, RAMP_30, RAMP_Q, APF] = idx_gen;
[CT_LABEL, CT_PROB, CT_TABLE, CT_TBUS, CT_TGEN, CT_TBRCH, CT_TAREABUS, ...
    CT_TAREAGEN, CT_TAREABRCH, CT_ROW, CT_COL, CT_CHGTYPE, CT_REP, ...
    CT_REL, CT_ADD, CT_NEWVAL, CT_TLOAD, CT_TAREALOAD, CT_LOAD_ALL_PQ, ...
    CT_LOAD_FIX_PQ, CT_LOAD_DIS_PQ, CT_LOAD_ALL_P, CT_LOAD_FIX_P, ...
    CT_LOAD_DIS_P, CT_TGENCOST, CT_TAREAGENCOST, CT_MODCOST_F, ...
    CT_MODCOST_X] = idx_ct;

solarprofile = struct( ...
    'type', 'mpcData', ...
    'table', CT_TGEN, ...
    'rows', [1:12], ...
    'col', PMAX, ...
    'chgtype', 1, ...
    'values', [] );
solarprofile.values(:,1,:) = [
	0.0 0.0 0.0 0.0 0.0 0.0 0.0 0.0 0.0 0.0 0.0 0.0;
	0.0 0.0 0.0 0.0 0.0 0.0 0.0 0.0 0.0 0.0 0.0 0.0;
	0.0 0.0 0.0 0.0 0.0 0.0 0.0 0.0 0.0 0.0 0.0 0.0;
	0.0 0.0 0.0 0.0 0.0 0.0 0.0 0.0 0.0 0.0 0.0 0.0;
	0.0 0.0 0.0 0.0 0.0 0.0 0.0 0.0 0.0 0.0 0.0 0.0;
	1.0111 0.8207 0.6949 0.0 0.0 10.8845 1.3606 4.2013 0.4191 0.0 0.0 0.0;
	5.1622 2.4985 3.3128 1.4116 3.4391 282.7227 35.3403 66.5494 160.1511 7.6533 0.0 13.8601;
	17.0056 13.1902 11.0355 3.2722 5.3707 397.1901 49.6488 72.5292 196.5095 18.4266 0.0 33.3706;
	23.0862 16.6083 13.8 6.778 6.9064 439.6985 54.9623 74.3756 229.4883 45.7014 1.0432 82.7655;
	25.2049 16.3661 13.8 8.9133 8.3288 467.9483 58.4935 78.7426 259.9085 71.0848 55.5263 128.735;
	25.6144 16.5136 13.8 9.4378 10.2751 465.4139 58.1767 76.5912 265.9883 176.748 135.2706 320.0917;
	25.7452 16.5214 13.8 7.6688 10.3528 430.0444 53.7556 72.1766 243.6687 237.77 155.7589 430.6029;
	25.3706 15.9262 13.4485 3.5201 6.5545 311.1494 38.8937 69.1901 129.0317 186.6226 94.6957 337.9747;
	24.2333 16.0025 13.4888 3.0309 5.2214 272.5304 34.0663 70.2315 93.527 151.2545 55.2333 273.9228;
	19.3811 12.9222 11.237 3.0582 5.0019 267.3032 33.4129 70.6825 85.8474 83.5358 39.4593 151.2839;
	7.5023 6.2435 4.4677 5.9269 6.5182 213.3953 26.6744 55.3455 96.0512 14.0924 24.0967 25.5214;
	1.2988 1.0808 0.808 1.5108 1.6495 69.3468 8.6684 11.9294 32.3351 9.2277 10.0239 16.7114;
	0.0 0.0 0.0 0.0 0.0 0.0 0.0 0.0 0.0 0.0 0.0 0.0;
	0.0 0.0 0.0 0.0 0.0 0.0 0.0 0.0 0.0 0.0 0.0 0.0;
	0.0 0.0 0.0 0.0 0.0 0.0 0.0 0.0 0.0 0.0 0.0 0.0;
	0.0 0.0 0.0 0.0 0.0 0.0 0.0 0.0 0.0 0.0 0.0 0.0;
	0.0 0.0 0.0 0.0 0.0 0.0 0.0 0.0 0.0 0.0 0.0 0.0;
	0.0 0.0 0.0 0.0 0.0 0.0 0.0 0.0 0.0 0.0 0.0 0.0;
	0.0 0.0 0.0 0.0 0.0 0.0 0.0 0.0 0.0 0.0 0.0 0.0;
];
