function loadprofile = ex_load_profilesh1
%EX_LOAD_PROFILE  Example load profile data file for stochastic unit commitment.
% 2022.03.12
% Andres F. Ramirez

%% define constants
[CT_LABEL, CT_PROB, CT_TABLE, CT_TBUS, CT_TGEN, CT_TBRCH, CT_TAREABUS, ...
    CT_TAREAGEN, CT_TAREABRCH, CT_ROW, CT_COL, CT_CHGTYPE, CT_REP, ...
    CT_REL, CT_ADD, CT_NEWVAL, CT_TLOAD, CT_TAREALOAD, CT_LOAD_ALL_PQ, ...
    CT_LOAD_FIX_PQ, CT_LOAD_DIS_PQ, CT_LOAD_ALL_P, CT_LOAD_FIX_P, ...
    CT_LOAD_DIS_P, CT_TGENCOST, CT_TAREAGENCOST, CT_MODCOST_F, ...
    CT_MODCOST_X] = idx_ct;

loadprofile = struct( ...
    'type', 'mpcData', ...
    'table', CT_TAREALOAD, ...
    'rows', [1:11], ...
    'col', CT_LOAD_ALL_P, ...
    'chgtype', 1, ...
    'values', [] );
loadprofile.values(:,1,:) = [
	1463.5066 810.4439 1447.7 562.5351 734.3697 1098.1 802.8258 250.0576 478.8583 4635.6579 1712.0692;
	1482.495 804.0739 1405.3915 555.3 719.9 1077.2821 797.6 260.2462 482.7847 4526.2618 1668.113;
	1472.537 839.0945 1448.3309 553.9604 737.5074 1083.5571 802.3287 258.3 482.0428 4442.0345 1697.1;
	1530.9594 862.7943 1510.1 559.9449 783.0065 1120.9608 831.5901 276.241 496.623 4699.5131 1800.8388;
	1585.249 917.4132 1615.0794 569.3638 860.6578 1224.5466 880.6 289.9537 508.4 4686.9803 1890.5884;
	1651.6 979.3786 1723.1 578.0366 912.3113 1290.5201 947.8033 317.5554 558.2387 5037.8286 1962.7812;
	1699.4594 1026.9393 1807.6732 583.5565 979.7047 1342.2658 1014.0853 317.4 586.8933 5394.2761 2077.5219;
	1799.6085 1068.4649 1871.5552 593.5288 1022.7424 1389.9645 1071.0734 341.1 625.2666 5510.6877 2239.5462;
	1800.598 1076.7609 1900.7208 591.8044 1003.4107 1390.1057 1073.7626 349.3513 657.2675 5613.252 2323.2461;
	1787.2619 1087.104 1896.4026 591.4 1016.2894 1392.0156 1079.7624 337.2121 661.7973 5615.6745 2365.5905;
	1725.9 1090.5783 1878.9098 597.7521 995.6962 1328.0104 1074.1 341.2027 661.2036 5909.3115 2481.0392;
	1707.7538 1089.1419 1877.0225 588.4 978.958 1300.7089 1069.54 327.2617 686.0258 5957.615 2494.1414;
	1713.7766 1048.2054 1828.9733 581.9819 959.5868 1195.0307 1030.3839 329.2228 692.8524 5958.8202 2443.7093;
	1693.3527 1053.6508 1809.7 593.76 951.6118 1219.8894 1024.2166 335.381 670.0792 5739.6303 2433.4668;
	1726.4299 1081.6 1844.6508 603.0611 956.4152 1282.3204 1006.7271 320.9197 641.7936 5592.3957 2368.6942;
	1712.1 1094.7 1830.8304 587.8767 958.6852 1308.4373 1029.4748 321.2 661.9417 5595.6419 2403.2708;
	1789.4 1113.3967 1848.3542 610.1046 990.5 1367.2459 1040.7937 322.5013 642.2971 5574.9507 2422.0498;
	1887.8 1178.6961 1905.5706 613.1809 1034.4839 1409.6145 1100.957 335.3944 670.3465 5851.3247 2498.7257;
	1892.0794 1207.6209 1928.1989 618.1 1050.8834 1422.3887 1117.074 350.0322 693.2 5907.976 2439.224;
	1851.2813 1162.23 1890.385 611.8824 1011.4588 1348.5461 1058.6446 342.6203 660.3864 5646.7267 2290.1619;
	1773.2068 1074.4 1822.5604 604.6619 963.132 1283.1027 1028.8 337.3941 643.4912 5373.9438 2236.6052;
	1665.7826 993.3404 1692.0623 603.4718 882.4559 1196.8 950.503 315.0622 589.1491 5103.8966 2029.5038;
	1579.6 938.5057 1633.9 605.2494 866.6783 1155.8787 891.3886 283.7936 581.6057 4973.1787 1889.8517;
	1531.3887 917.26 1605.8353 610.0 816.7217 1123.9 849.4 287.5769 553.4458 4782.415 1827.2813;
];
