function loadprofile = ex_load_profilesh1
%EX_LOAD_PROFILE  Example load profile data file for stochastic unit commitment.
% 2022.03.12
% Andres F. Ramirez

%% define constants
[CT_LABEL, CT_PROB, CT_TABLE, CT_TBUS, CT_TGEN, CT_TBRCH, CT_TAREABUS, ...
    CT_TAREAGEN, CT_TAREABRCH, CT_ROW, CT_COL, CT_CHGTYPE, CT_REP, ...
    CT_REL, CT_ADD, CT_NEWVAL, CT_TLOAD, CT_TAREALOAD, CT_LOAD_ALL_PQ, ...
    CT_LOAD_FIX_PQ, CT_LOAD_DIS_PQ, CT_LOAD_ALL_P, CT_LOAD_FIX_P, ...
    CT_LOAD_DIS_P, CT_TGENCOST, CT_TAREAGENCOST, CT_MODCOST_F, ...
    CT_MODCOST_X] = idx_ct;

loadprofile = struct( ...
    'type', 'mpcData', ...
    'table', CT_TAREALOAD, ...
    'rows', [1:11], ...
    'col', CT_LOAD_ALL_P, ...
    'chgtype', 1, ...
    'values', [] );
loadprofile.values(:,1,:) = [
	1525.1399 890.2 1444.5821 515.0952 709.8195 1086.6171 841.7 254.3958 475.6205 4292.7918 1721.0813;
	1500.6924 882.415 1428.7 497.7026 705.1861 1064.9 818.0 241.0922 468.7 4218.5104 1697.3901;
	1526.5897 894.3 1449.4656 500.1678 711.4444 1076.0709 824.4574 236.7 479.5 4208.6396 1742.7347;
	1527.0615 917.2368 1476.2945 482.4412 742.6975 1103.5401 826.41 252.4589 477.4344 4217.6191 1724.0548;
	1606.5183 981.3699 1597.4072 532.5 814.2024 1176.1 878.0162 276.1158 513.9279 4395.9047 1844.8006;
	1650.6341 1025.4262 1695.2658 566.2952 877.021 1243.171 934.821 303.7281 555.1 4597.9166 1963.5257;
	1690.3856 1053.3209 1749.5 578.1 960.4245 1307.3435 975.8398 313.7222 596.8824 4727.9164 2072.311;
	1719.4114 1082.1 1773.5489 561.9156 983.0012 1371.0621 1033.6022 322.5934 654.0444 5166.5818 2143.6925;
	1724.0 1105.8129 1816.158 579.4839 995.1915 1385.0 1049.9 325.6312 652.9376 5211.6508 2163.1401;
	1726.0747 1103.7 1817.5211 586.0854 996.2694 1392.9542 1065.9049 326.0756 662.3842 5200.9896 2209.4955;
	1728.223 1099.8758 1808.3578 586.9538 975.4 1399.0118 1090.6628 313.7 667.3753 5250.2828 2234.2181;
	1728.9624 1094.8883 1782.7604 569.7868 970.523 1424.7 1084.9335 344.9542 666.6207 5297.0964 2317.0941;
	1691.5392 1060.1961 1694.2025 563.1695 920.0385 1353.6574 1036.3097 316.7934 653.8798 5124.8792 2153.6497;
	1668.0404 1042.174 1657.5947 574.5651 943.5125 1305.4241 998.6986 319.9627 618.3671 5087.3098 2036.9;
	1727.0789 1068.4107 1707.8 574.5294 957.8098 1318.9 1035.0469 324.1675 613.2759 5157.2629 2113.3682;
	1714.0418 1091.4 1762.1649 585.0533 978.0 1355.7141 1064.1417 321.8153 628.5701 5147.4239 2156.0152;
	1719.6057 1082.0487 1752.2209 576.2877 989.0 1361.524 1053.9119 328.1931 615.2 5181.6509 2235.503;
	1805.4142 1137.403 1848.3648 580.9911 1032.0469 1435.0266 1097.6335 339.7 640.5 5159.7532 2267.7171;
	1788.8809 1126.0809 1861.9841 588.4557 1007.0986 1426.4891 1105.6093 335.3 648.4783 5046.2435 2264.3;
	1762.7 1091.0849 1806.0287 565.5896 955.3533 1333.9668 1076.3693 340.1548 636.3879 5048.1048 2156.7229;
	1666.7197 1037.6716 1715.6212 512.979 901.3918 1245.5621 1020.6 330.9924 611.1599 4899.7397 2051.3567;
	1586.1372 980.8754 1615.3845 535.4 860.1888 1198.0312 950.5268 299.4041 577.3696 4548.4225 1929.5114;
	1581.4116 946.977 1597.2459 504.8256 836.0 1143.0452 905.3032 277.036 553.7601 4613.5422 1854.0158;
	1565.7464 935.2 1581.2901 544.567 800.9653 1113.4986 895.7744 280.2828 555.3617 4606.8289 1826.6837;
];
