function loadprofile = ex_load_profilesh1
%EX_LOAD_PROFILE  Example load profile data file for stochastic unit commitment.
% 2022.03.12
% Andres F. Ramirez

%% define constants
[CT_LABEL, CT_PROB, CT_TABLE, CT_TBUS, CT_TGEN, CT_TBRCH, CT_TAREABUS, ...
    CT_TAREAGEN, CT_TAREABRCH, CT_ROW, CT_COL, CT_CHGTYPE, CT_REP, ...
    CT_REL, CT_ADD, CT_NEWVAL, CT_TLOAD, CT_TAREALOAD, CT_LOAD_ALL_PQ, ...
    CT_LOAD_FIX_PQ, CT_LOAD_DIS_PQ, CT_LOAD_ALL_P, CT_LOAD_FIX_P, ...
    CT_LOAD_DIS_P, CT_TGENCOST, CT_TAREAGENCOST, CT_MODCOST_F, ...
    CT_MODCOST_X] = idx_ct;

loadprofile = struct( ...
    'type', 'mpcData', ...
    'table', CT_TAREALOAD, ...
    'rows', [1:11], ...
    'col', CT_LOAD_ALL_P, ...
    'chgtype', 1, ...
    'values', [] );
loadprofile.values(:,1,:) = [
	1511.2429 857.3 1494.8152 546.2535 790.6008 1042.9517 783.3684 266.9886 477.7408 4418.2865 1627.9779;
	1492.1378 852.3078 1472.5313 528.2605 773.2665 1038.9029 761.5961 240.3 445.3619 4311.1814 1565.2118;
	1433.7201 839.7515 1472.19 542.6428 782.7257 1056.3592 776.973 247.9 442.1816 4323.5938 1584.5496;
	1470.4417 852.4544 1516.1902 549.1814 816.9692 1065.2 816.9 268.3 471.1937 4343.6989 1639.1734;
	1544.2671 903.9648 1561.6541 564.3934 854.4409 1127.0875 849.4341 275.8406 493.4119 4386.9503 1719.4829;
	1592.8566 1004.2 1661.5839 579.3 916.3052 1208.2495 932.7 310.6924 517.7823 4702.124 1841.077;
	1646.2687 1026.4958 1721.9556 589.6813 956.6037 1287.7906 993.1481 322.7019 524.1616 4946.6565 1892.8915;
	1733.419 1061.4225 1800.0344 562.5332 984.6153 1308.4747 1010.5176 340.817 576.3 5154.0139 1899.7327;
	1778.0544 1094.5099 1864.7635 570.5734 1023.236 1330.2436 1028.8499 325.97 602.5985 5310.6489 1894.7207;
	1858.6703 1125.7615 1886.5747 567.2 1004.7232 1334.2838 1059.0177 328.0575 607.8785 5497.6161 1987.4639;
	1799.1609 1106.3865 1853.726 560.2989 974.2674 1372.6577 1054.6305 344.1496 619.9473 5582.0781 1974.0;
	1806.1 1087.1689 1828.5031 555.4569 964.7017 1350.3022 1016.2148 350.8759 614.377 5649.1127 2041.3339;
	1772.7882 1097.1 1820.0226 540.1671 962.956 1292.5919 999.7912 325.1316 612.3 5484.328 2073.5991;
	1755.1887 1079.7225 1850.1213 545.0969 965.3871 1317.8295 1016.6877 323.5437 609.1375 5621.8907 2106.0517;
	1759.7849 1071.3785 1817.5374 539.8703 960.2242 1345.6393 1043.6061 353.7524 604.7056 5516.149 2109.6207;
	1785.2989 1095.1246 1844.9816 555.4141 996.5432 1374.9852 1086.2696 354.5201 627.7623 5498.7073 2175.7731;
	1852.3167 1120.7967 1921.2 558.3248 1049.3566 1410.191 1114.3763 381.6879 664.4507 5536.8088 2186.0877;
	1867.708 1164.6493 1954.7868 576.5284 1062.8384 1459.2 1157.6657 378.2331 668.8982 5520.0372 2254.8738;
	1866.0818 1200.2157 1954.6872 596.7 1064.1071 1467.6432 1184.4834 355.0756 680.2 5627.2283 2266.8542;
	1823.2519 1155.3759 1882.4 585.9969 1022.827 1386.2852 1101.0986 338.6686 656.7673 5473.0805 2186.5617;
	1751.7342 1081.7927 1778.0 569.3905 984.3234 1328.5479 1050.7 316.1893 621.6047 5263.82 2044.9131;
	1677.5211 1032.754 1711.493 555.8399 932.9586 1273.9346 979.0058 288.9 576.7307 5073.393 1906.0907;
	1601.8615 957.8 1714.7404 553.4699 935.2542 1188.1538 949.2 268.0361 549.7302 4944.5534 1862.3123;
	1600.9647 935.5777 1646.6454 568.9003 915.0917 1135.7686 894.9665 256.6621 530.2285 4794.7089 1779.1;
];
