function loadprofile = ex_load_profilesh1
%EX_LOAD_PROFILE  Example load profile data file for stochastic unit commitment.
% 2022.03.12
% Andres F. Ramirez

%% define constants
[CT_LABEL, CT_PROB, CT_TABLE, CT_TBUS, CT_TGEN, CT_TBRCH, CT_TAREABUS, ...
    CT_TAREAGEN, CT_TAREABRCH, CT_ROW, CT_COL, CT_CHGTYPE, CT_REP, ...
    CT_REL, CT_ADD, CT_NEWVAL, CT_TLOAD, CT_TAREALOAD, CT_LOAD_ALL_PQ, ...
    CT_LOAD_FIX_PQ, CT_LOAD_DIS_PQ, CT_LOAD_ALL_P, CT_LOAD_FIX_P, ...
    CT_LOAD_DIS_P, CT_TGENCOST, CT_TAREAGENCOST, CT_MODCOST_F, ...
    CT_MODCOST_X] = idx_ct;

loadprofile = struct( ...
    'type', 'mpcData', ...
    'table', CT_TAREALOAD, ...
    'rows', [1:11], ...
    'col', CT_LOAD_ALL_P, ...
    'chgtype', 1, ...
    'values', [] );
loadprofile.values(:,1,:) = [
	1435.8393 816.7893 1469.7419 560.7133 620.198 1050.6874 814.0024 251.1819 495.2064 4237.7628 1678.0202;
	1433.7608 815.4143 1449.7381 559.6522 617.9971 1028.65 811.1456 249.0 474.204 4149.9979 1659.4843;
	1404.9284 814.7203 1450.1287 557.0 628.3626 1037.0579 805.3987 252.4319 465.4901 4109.2173 1674.6;
	1451.4557 824.3128 1495.3511 567.1029 650.3639 1067.3252 804.6887 262.4808 478.0348 4163.4889 1686.7;
	1503.938 876.25 1629.4 591.0117 716.7787 1153.0182 866.7 275.5 491.1817 4360.4094 1811.0042;
	1636.3713 958.8221 1743.9253 608.2697 779.9983 1227.9576 920.4816 279.0 532.6897 4637.2654 1883.1525;
	1718.8674 1014.5537 1829.0874 605.1481 848.2144 1292.7369 987.7233 311.5028 578.8955 4960.0018 2046.313;
	1770.8793 1064.6426 1883.699 616.4164 894.3 1306.744 1029.0058 335.4758 590.6094 5212.571 2145.0274;
	1762.1142 1057.2127 1887.5609 612.3588 901.8336 1284.3591 977.4554 329.6045 569.3822 5317.6354 2082.654;
	1788.6285 1050.9843 1890.6 592.4025 872.4286 1251.9561 956.4999 352.8864 549.2572 5376.6724 2104.8264;
	1752.3894 1047.6099 1845.2949 572.1927 853.2434 1269.2409 948.7202 369.3521 571.9237 5340.9302 2096.6915;
	1752.4984 1056.8411 1858.7054 578.0735 893.4065 1242.125 907.204 345.1264 567.6639 5365.0861 1985.4304;
	1708.1336 1006.2817 1780.1352 568.9 873.5966 1209.4822 841.7806 320.1197 490.6595 5263.7 1892.6132;
	1692.9872 1021.9845 1796.1 554.7 874.6126 1224.5 919.1353 312.0651 546.2586 5355.7593 2024.156;
	1719.2475 1027.9236 1804.0902 532.4945 883.886 1239.5711 946.0643 312.6295 575.7346 5380.6271 2091.5406;
	1730.1608 1039.0475 1825.2166 540.3236 949.2528 1302.6 986.8782 325.2618 575.9529 5408.4585 2113.0331;
	1666.3124 1037.945 1816.7653 571.9627 983.8419 1336.8 1022.3471 331.5368 601.9 5402.8027 2238.5203;
	1770.146 1101.5741 1897.687 591.9647 1030.055 1388.5423 1068.1323 362.7 624.5294 5476.8366 2285.0;
	1793.6435 1111.4 1907.5897 594.1874 982.8039 1401.4577 1080.8161 356.6364 622.9 5462.9543 2264.3539;
	1763.1577 1077.6192 1867.9223 589.3741 940.3527 1347.9843 1049.5315 350.7 622.5663 5303.6916 2191.3589;
	1733.9927 1020.9532 1775.7762 566.369 883.9511 1272.6824 989.3369 331.3028 606.9 5156.3733 2092.175;
	1687.4503 965.5355 1675.1353 567.519 825.2 1199.5747 943.7589 319.6421 589.5 4995.8065 1992.9572;
	1679.2953 931.9083 1643.1991 584.7352 784.9859 1156.0173 873.1871 260.0 555.871 4768.3311 1876.8113;
	1639.4162 918.1738 1637.1792 591.4435 787.4699 1161.4 863.4 254.5 529.0 4616.369 1834.2337;
];
