function windprofile = ex_wind_profilesh1
%EX_WIND_PROFILE_D  Example wind_load_nyiso profile data for deterministic unit commitment.
% 2022.03.12
% Andres F. Ramirez


%% define constants
[GEN_BUS, PG, QG, QMAX, QMIN, VG, MBASE, GEN_STATUS, PMAX, PMIN, ...
    MU_PMAX, MU_PMIN, MU_QMAX, MU_QMIN, PC1, PC2, QC1MIN, QC1MAX, ...
    QC2MIN, QC2MAX, RAMP_AGC, RAMP_10, RAMP_30, RAMP_Q, APF] = idx_gen;
[CT_LABEL, CT_PROB, CT_TABLE, CT_TBUS, CT_TGEN, CT_TBRCH, CT_TAREABUS, ...
    CT_TAREAGEN, CT_TAREABRCH, CT_ROW, CT_COL, CT_CHGTYPE, CT_REP, ...
    CT_REL, CT_ADD, CT_NEWVAL, CT_TLOAD, CT_TAREALOAD, CT_LOAD_ALL_PQ, ...
    CT_LOAD_FIX_PQ, CT_LOAD_DIS_PQ, CT_LOAD_ALL_P, CT_LOAD_FIX_P, ...
    CT_LOAD_DIS_P, CT_TGENCOST, CT_TAREAGENCOST, CT_MODCOST_F, ...
    CT_MODCOST_X] = idx_ct;

windprofile = struct( ...
    'type', 'mpcData', ...
    'table', CT_TGEN, ...
    'rows', [1:45], ...
    'col', PMAX, ...
    'chgtype', 1, ...
    'values', [] );
windprofile.values(:,1,:) = [
	3.6348 49.1147 93.402 118.5732 14.4312 32.8044 29.4839 18.7351 28.3464 27.9782 51.7173 77.152 116.1519 67.2545 192.4119 72.4901 89.9414 95.311 80.4637 68.768 9.828 76.5435 72.2067 83.4204 103.0724 72.4998 13.6902 1261.9737 801.5349 801.5349 539.6028 105.1792 268.2124 177.0091 210.8521 341.9882 1265.2698 207.57 467.482 276.0868 116.9352 363.9097 198.4348 275.7233 1278.4497;
	3.7196 50.2601 91.5525 116.9301 14.7483 33.5968 26.7723 18.8675 27.995 29.6075 54.7289 81.6448 122.9158 67.4174 194.6558 73.3354 90.9903 96.4225 84.5356 70.182 8.9241 78.3925 72.4665 85.0527 103.0659 72.8034 13.7201 1278.613 826.1918 826.1918 601.9567 103.6964 281.7852 180.6488 211.3627 352.5085 1248.444 215.3678 460.6919 276.0693 117.5297 372.7004 195.5035 274.4588 1261.4487;
	3.6201 48.9157 91.5698 116.0808 14.8136 33.827 22.3617 17.7867 27.9195 29.5638 54.6483 81.5245 122.7347 66.7043 193.6696 72.9639 90.5293 95.934 85.146 69.0655 7.4539 78.9296 69.4952 85.3402 100.9478 73.8245 13.201 1253.6375 816.57 816.57 638.5501 95.7939 283.8199 177.7748 209.1269 348.4032 1271.2418 224.3137 434.1057 270.3959 117.0287 375.2538 198.0267 265.6172 1284.4839;
	3.62 48.9136 92.7196 118.395 15.024 33.631 23.7661 17.5306 27.8445 29.5529 54.628 81.4943 122.6892 66.5272 189.9139 71.5489 88.7737 94.0736 84.8353 67.6284 7.922 78.4724 70.7168 85.8946 100.8406 71.044 12.8093 1275.3168 821.7568 821.7568 627.6054 94.5691 282.7843 174.0756 208.5716 350.6162 1281.7424 234.6026 440.0298 270.1087 114.7674 373.0804 169.2296 275.6734 1295.0939;
	3.5984 48.6217 90.4718 115.1321 14.543 32.5488 30.1837 16.8356 27.3514 29.3764 54.3019 81.0077 121.9567 65.1057 191.6142 72.1896 89.5685 94.9159 84.2643 69.143 10.0612 75.9473 71.9797 83.1963 99.8603 71.1421 12.4306 1206.1516 763.0472 763.0472 605.7026 83.0131 280.8809 177.9742 204.1151 325.5668 1216.192 221.5996 453.5958 267.483 115.3004 361.0751 187.736 267.7037 1228.8606;
	3.7688 50.9254 90.5264 117.5046 14.3125 33.6089 28.773 17.0811 27.3253 29.801 55.0867 82.1785 123.7193 65.5044 195.4479 73.6339 91.3605 96.8149 87.6095 68.7262 9.591 78.4208 72.4465 83.3802 97.8004 69.9134 12.8449 1225.5698 761.5757 761.5757 634.2281 96.8231 292.0316 176.9014 205.3651 324.939 1213.9592 221.2736 452.7337 261.9653 117.0654 372.8351 185.3903 272.7245 1226.6047;
	3.6012 48.6597 87.8789 115.9501 14.0074 33.0978 30.3646 17.2285 27.278 29.5701 54.6598 81.5417 122.7606 65.1287 192.4219 72.4938 89.9461 95.316 86.8225 69.6161 10.1215 77.2282 71.7656 82.4049 96.3143 69.8725 12.865 1193.491 752.4 752.4 631.5387 92.3365 289.4082 179.1919 204.1873 321.024 1192.6136 248.6338 463.9593 257.9848 114.6431 367.1648 163.5662 261.0273 1205.0367;
	3.819 51.6027 88.1473 116.871 14.1791 34.2235 30.5057 16.5349 27.9913 30.4642 56.3126 84.0073 126.4726 67.4756 194.9031 73.4286 91.1059 96.545 87.5809 68.9958 10.1686 79.8548 72.9874 85.4908 96.4274 69.6158 12.0679 1247.9176 816.5458 816.5458 646.1174 99.8641 291.9362 177.5955 211.5451 348.3929 1250.2632 258.0159 475.6986 258.2876 115.3918 379.6524 180.6745 262.2677 1263.2868;
	3.8034 51.3917 90.7703 118.6979 14.674 34.6681 32.4193 17.089 28.4212 30.6809 56.7132 84.6049 127.3722 68.1334 192.8964 72.6726 90.1678 95.551 88.7503 69.5942 10.8064 80.8922 74.2146 84.1816 98.6415 69.0492 12.6966 1272.4334 820.3596 820.3596 722.2485 106.6036 295.8344 179.1357 213.6074 350.0201 1260.3784 280.939 479.2505 264.2183 121.7043 384.5847 211.9871 255.9868 1273.5074;
	3.8113 51.4993 91.9562 117.3573 14.6002 33.922 28.1267 17.8217 28.3855 29.417 54.3769 81.1196 122.1251 66.5511 188.4897 71.0124 88.108 93.3681 83.4156 67.9894 9.3756 79.1514 73.3848 85.8125 98.6621 70.5168 13.332 1242.318 815.4144 815.4144 705.1704 112.0634 278.0521 175.0048 208.6466 347.9101 1228.7321 283.4276 479.0043 264.2734 119.3819 376.3085 215.8759 260.5935 1241.5313;
	3.902 52.7245 91.8064 118.4046 14.4829 34.6647 29.9608 18.4338 28.4214 30.028 55.5063 82.8045 124.6617 64.4416 186.6723 70.3277 87.2584 92.4679 81.4256 70.2688 9.9869 80.8844 72.7087 85.1526 99.8483 71.3333 13.6412 1246.9776 818.2039 818.2039 735.1981 113.4805 271.4188 180.872 202.033 349.1003 1277.7321 314.304 478.6587 267.4508 119.3013 384.5474 218.4393 260.1259 1291.0419;
	3.8705 52.2983 90.3149 119.3071 14.6226 35.0023 29.6389 18.4174 28.4824 28.6495 52.9581 79.0031 118.9387 65.7985 190.4802 71.7623 89.0384 94.3542 84.7061 66.8675 9.8796 81.6721 73.1606 85.5806 100.3511 70.3501 13.3404 1242.1165 792.1512 792.1512 725.7954 116.8397 282.3535 172.1171 206.2871 337.9845 1275.2853 311.9903 479.5147 268.7977 121.0144 388.2924 216.6831 254.4166 1288.5696;
	3.9013 52.7147 93.3311 120.0482 15.1158 35.1187 31.1208 18.7156 28.4901 29.682 54.8667 81.8503 123.2252 65.4179 190.2686 71.6826 88.9395 94.2493 89.7507 68.2787 10.3736 81.9437 73.3574 84.2859 104.3035 74.0714 13.61 1279.6827 813.4996 813.4996 759.3931 116.6515 299.1689 175.7496 205.0941 347.0932 1313.6271 334.1649 477.3914 279.3845 120.3481 389.5839 218.3506 262.035 1327.3107;
	3.8697 52.2879 92.485 119.6891 14.7691 35.1384 30.3073 18.2943 28.4536 29.2103 53.9948 80.5496 121.2669 66.0811 188.3247 70.9502 88.0308 93.2864 84.0611 70.6601 10.1024 81.9895 72.7088 84.8128 100.86 73.2304 13.5516 1265.8438 802.8868 802.8868 745.5899 113.3513 280.2037 181.8793 207.1731 342.565 1275.4387 300.6696 478.4978 270.1608 119.9577 389.8015 208.8517 266.6742 1288.7246;
	3.8292 51.7406 94.0011 119.3329 14.9925 35.0334 25.1848 18.4428 27.9216 28.1716 52.0747 77.6853 116.9547 63.6075 187.7152 70.7206 87.7459 92.9845 84.7448 68.0827 8.3949 81.7447 72.4106 87.1016 104.1143 73.9117 13.5778 1261.8125 775.7625 775.7625 748.1628 111.1743 282.4827 175.245 199.418 330.992 1241.7383 315.7889 474.4872 278.8776 118.4061 388.6375 209.0707 260.6901 1254.6731;
	3.8702 52.2944 92.7462 117.2037 15.0293 34.6688 27.1443 18.3221 28.1945 28.4478 52.5852 78.4468 118.1013 66.6225 191.4609 72.1318 89.4969 94.84 85.9547 70.233 9.0481 80.8938 69.6948 85.8169 101.8795 71.1025 13.5501 1237.7578 774.0691 774.0691 685.0383 104.4195 286.5158 180.7798 208.8705 330.2695 1160.8174 280.7175 477.0895 272.8915 122.6397 384.5925 207.9434 261.9831 1172.9093;
	3.8054 51.4187 93.5188 115.9691 14.9878 34.1333 25.2397 18.7201 28.4008 29.6787 54.8606 81.8412 123.2115 67.4202 204.2606 76.954 95.48 101.1803 89.1979 72.7596 8.4132 79.6445 72.2958 85.1791 104.8799 64.3944 13.1862 1224.6255 718.8504 718.8504 583.0777 99.495 297.3265 187.2833 211.3715 306.7095 1124.7545 271.5621 471.7585 280.9282 119.1163 378.6525 196.1338 254.3394 1136.4707;
	3.7598 50.8035 92.468 112.3648 14.6543 32.5663 20.6893 14.1455 27.8727 28.8549 53.3378 79.5695 119.7915 66.5594 201.9679 76.0902 94.4083 100.0446 91.1488 71.191 6.8964 75.988 72.6184 84.6813 102.9927 74.0056 10.9318 1236.6108 676.0681 676.0681 572.262 98.7411 303.8294 183.2458 208.6726 288.4557 1171.3397 268.5043 466.2036 275.8733 119.948 361.2687 184.8281 236.4509 1183.5412;
