function solarprofile = ex_solar_profilesh1
%EX_WIND_PROFILE_D  Example wind_load_nyiso profile data for deterministic unit commitment.
% 2022.03.12
% Andres F. Ramirez


%% define constants
[GEN_BUS, PG, QG, QMAX, QMIN, VG, MBASE, GEN_STATUS, PMAX, PMIN, ...
    MU_PMAX, MU_PMIN, MU_QMAX, MU_QMIN, PC1, PC2, QC1MIN, QC1MAX, ...
    QC2MIN, QC2MAX, RAMP_AGC, RAMP_10, RAMP_30, RAMP_Q, APF] = idx_gen;
[CT_LABEL, CT_PROB, CT_TABLE, CT_TBUS, CT_TGEN, CT_TBRCH, CT_TAREABUS, ...
    CT_TAREAGEN, CT_TAREABRCH, CT_ROW, CT_COL, CT_CHGTYPE, CT_REP, ...
    CT_REL, CT_ADD, CT_NEWVAL, CT_TLOAD, CT_TAREALOAD, CT_LOAD_ALL_PQ, ...
    CT_LOAD_FIX_PQ, CT_LOAD_DIS_PQ, CT_LOAD_ALL_P, CT_LOAD_FIX_P, ...
    CT_LOAD_DIS_P, CT_TGENCOST, CT_TAREAGENCOST, CT_MODCOST_F, ...
    CT_MODCOST_X] = idx_ct;

solarprofile = struct( ...
    'type', 'mpcData', ...
    'table', CT_TGEN, ...
    'rows', [1:12], ...
    'col', PMAX, ...
    'chgtype', 1, ...
    'values', [] );
solarprofile.values(:,1,:) = [
	0.0 0.0 0.0 0.0 0.0 0.0 0.0 0.0 0.0 0.0 0.0 0.0;
	0.0 0.0 0.0 0.0 0.0 0.0 0.0 0.0 0.0 0.0 0.0 0.0;
	0.0 0.0 0.0 0.0 0.0 0.0 0.0 0.0 0.0 0.0 0.0 0.0;
	0.0 0.0 0.0 0.0 0.0 0.0 0.0 0.0 0.0 0.0 0.0 0.0;
	0.0 0.0 0.0 0.0 0.0 0.0 0.0 0.0 0.0 0.0 0.0 0.0;
	1.0111 0.8207 0.6949 0.0 0.0 10.4688 1.3086 4.1882 0.4504 0.0 0.0 0.0;
	0.6998 0.9272 0.9594 1.3661 4.637 247.1621 30.8953 13.9826 76.5554 64.6003 23.4104 116.9915;
	3.5956 3.6954 4.5497 1.3582 8.915 418.5929 52.3241 49.5803 180.0039 175.8228 58.0384 318.4162;
	10.9641 10.131 12.2135 2.1019 9.6233 454.3916 56.799 64.548 230.2289 268.2682 98.4695 485.8354;
	15.1389 10.6876 12.891 2.0779 3.7702 448.0574 56.0072 72.9277 203.685 185.3764 81.1445 335.7178;
	19.6624 16.2711 13.7966 1.2605 2.9138 425.5214 53.1902 72.841 180.2331 169.8192 87.5809 307.5437;
	23.1207 16.5214 13.8 1.1452 2.6898 401.3135 50.1642 72.1963 165.9577 133.4448 98.3866 241.6693;
	22.6885 15.9262 13.4225 1.7865 1.1783 369.3369 46.1671 72.9094 129.3534 41.5667 98.6292 75.2775;
	19.1554 13.8454 11.789 1.9595 1.0172 363.1623 45.3953 73.1066 120.2392 42.4277 83.294 76.8368;
	12.8202 7.2142 6.5049 1.9051 0.6843 335.4208 41.9276 70.8249 105.0883 46.3413 62.2593 83.9244;
	5.7198 3.6552 3.3951 1.524 1.349 229.6464 28.7058 46.6524 96.2853 44.0314 31.4266 79.7412;
	1.6111 1.4001 0.9863 0.7402 1.2723 69.6772 8.7097 12.1825 34.0767 15.3242 8.3834 27.7523;
	0.0 0.0 0.0 0.0 0.0 0.0 0.0 0.0 0.0 0.0 0.0 0.0;
	0.0 0.0 0.0 0.0 0.0 0.0 0.0 0.0 0.0 0.0 0.0 0.0;
	0.0 0.0 0.0 0.0 0.0 0.0 0.0 0.0 0.0 0.0 0.0 0.0;
	0.0 0.0 0.0 0.0 0.0 0.0 0.0 0.0 0.0 0.0 0.0 0.0;
	0.0 0.0 0.0 0.0 0.0 0.0 0.0 0.0 0.0 0.0 0.0 0.0;
	0.0 0.0 0.0 0.0 0.0 0.0 0.0 0.0 0.0 0.0 0.0 0.0;
	0.0 0.0 0.0 0.0 0.0 0.0 0.0 0.0 0.0 0.0 0.0 0.0;
];
