function solarprofile = ex_solar_profilesh1
%EX_WIND_PROFILE_D  Example wind_load_nyiso profile data for deterministic unit commitment.
% 2022.03.12
% Andres F. Ramirez


%% define constants
[GEN_BUS, PG, QG, QMAX, QMIN, VG, MBASE, GEN_STATUS, PMAX, PMIN, ...
    MU_PMAX, MU_PMIN, MU_QMAX, MU_QMIN, PC1, PC2, QC1MIN, QC1MAX, ...
    QC2MIN, QC2MAX, RAMP_AGC, RAMP_10, RAMP_30, RAMP_Q, APF] = idx_gen;
[CT_LABEL, CT_PROB, CT_TABLE, CT_TBUS, CT_TGEN, CT_TBRCH, CT_TAREABUS, ...
    CT_TAREAGEN, CT_TAREABRCH, CT_ROW, CT_COL, CT_CHGTYPE, CT_REP, ...
    CT_REL, CT_ADD, CT_NEWVAL, CT_TLOAD, CT_TAREALOAD, CT_LOAD_ALL_PQ, ...
    CT_LOAD_FIX_PQ, CT_LOAD_DIS_PQ, CT_LOAD_ALL_P, CT_LOAD_FIX_P, ...
    CT_LOAD_DIS_P, CT_TGENCOST, CT_TAREAGENCOST, CT_MODCOST_F, ...
    CT_MODCOST_X] = idx_ct;

solarprofile = struct( ...
    'type', 'mpcData', ...
    'table', CT_TGEN, ...
    'rows', [1:12], ...
    'col', PMAX, ...
    'chgtype', 1, ...
    'values', [] );
solarprofile.values(:,1,:) = [
	0.0 0.0 0.0 0.0 0.0 0.0 0.0 0.0 0.0 0.0 0.0 0.0;
	0.0 0.0 0.0 0.0 0.0 0.0 0.0 0.0 0.0 0.0 0.0 0.0;
	0.0 0.0 0.0 0.0 0.0 0.0 0.0 0.0 0.0 0.0 0.0 0.0;
	0.0 0.0 0.0 0.0 0.0 0.0 0.0 0.0 0.0 0.0 0.0 0.0;
	0.0 0.0 0.0 0.0 0.0 0.0 0.0 0.0 0.0 0.0 0.0 0.0;
	1.0163 0.8228 0.6972 0.0 0.0 13.7697 1.7212 4.9413 4.1593 0.0 0.0 0.0;
	2.7797 2.597 1.0721 1.2954 5.5978 275.5087 34.4386 59.2397 112.5537 265.0301 32.8238 479.971;
	11.9047 10.6916 8.0152 4.7015 10.3322 386.749 48.3436 57.0998 190.4725 238.2161 27.1207 431.4108;
	20.6271 16.3805 13.744 7.125 11.1576 423.2732 52.9091 59.8069 234.9935 268.4425 36.0516 486.151;
	21.4327 15.6729 13.2751 2.2431 6.8079 397.6189 49.7024 59.8375 213.0692 179.8878 46.3738 325.7779;
	20.9421 13.8217 11.9613 1.3358 5.2958 360.067 45.0084 61.7745 187.4832 202.1776 53.0724 366.1449;
	21.7971 14.6698 12.1175 2.0787 5.1342 322.7278 40.341 62.2909 156.9245 225.0466 36.3185 407.5607;
	23.8808 15.9262 13.2539 4.9862 5.8841 272.5401 34.0675 64.671 51.5254 180.4053 20.9661 326.715;
	21.4315 16.0205 13.03 4.3437 5.9893 279.5477 34.9435 63.1655 42.5536 159.7333 18.3301 289.2779;
	16.137 14.1215 10.3102 2.9726 5.8878 260.5332 32.5667 58.2978 35.3113 131.0795 19.8234 237.3858;
	8.775 7.0662 5.5555 2.3146 6.6411 164.1679 20.521 34.42 49.7699 85.3018 23.5768 154.4822;
	1.6706 1.3355 1.0773 1.4894 2.255 69.3543 8.6693 11.7794 33.7566 33.6893 6.8565 61.0115;
	0.0 0.0 0.0 0.0 0.0 0.0 0.0 0.0 0.0 0.0 0.0 0.0;
	0.0 0.0 0.0 0.0 0.0 0.0 0.0 0.0 0.0 0.0 0.0 0.0;
	0.0 0.0 0.0 0.0 0.0 0.0 0.0 0.0 0.0 0.0 0.0 0.0;
	0.0 0.0 0.0 0.0 0.0 0.0 0.0 0.0 0.0 0.0 0.0 0.0;
	0.0 0.0 0.0 0.0 0.0 0.0 0.0 0.0 0.0 0.0 0.0 0.0;
	0.0 0.0 0.0 0.0 0.0 0.0 0.0 0.0 0.0 0.0 0.0 0.0;
	0.0 0.0 0.0 0.0 0.0 0.0 0.0 0.0 0.0 0.0 0.0 0.0;
];
