function windprofile = ex_wind_profilesh1
%EX_WIND_PROFILE_D  Example wind_load_nyiso profile data for deterministic unit commitment.
% 2022.03.12
% Andres F. Ramirez


%% define constants
[GEN_BUS, PG, QG, QMAX, QMIN, VG, MBASE, GEN_STATUS, PMAX, PMIN, ...
    MU_PMAX, MU_PMIN, MU_QMAX, MU_QMIN, PC1, PC2, QC1MIN, QC1MAX, ...
    QC2MIN, QC2MAX, RAMP_AGC, RAMP_10, RAMP_30, RAMP_Q, APF] = idx_gen;
[CT_LABEL, CT_PROB, CT_TABLE, CT_TBUS, CT_TGEN, CT_TBRCH, CT_TAREABUS, ...
    CT_TAREAGEN, CT_TAREABRCH, CT_ROW, CT_COL, CT_CHGTYPE, CT_REP, ...
    CT_REL, CT_ADD, CT_NEWVAL, CT_TLOAD, CT_TAREALOAD, CT_LOAD_ALL_PQ, ...
    CT_LOAD_FIX_PQ, CT_LOAD_DIS_PQ, CT_LOAD_ALL_P, CT_LOAD_FIX_P, ...
    CT_LOAD_DIS_P, CT_TGENCOST, CT_TAREAGENCOST, CT_MODCOST_F, ...
    CT_MODCOST_X] = idx_ct;

windprofile = struct( ...
    'type', 'mpcData', ...
    'table', CT_TGEN, ...
    'rows', [1:45], ...
    'col', PMAX, ...
    'chgtype', 1, ...
    'values', [] );
windprofile.values(:,1,:) = [
	3.6426 49.2198 88.0538 112.643 13.9636 31.9626 26.6135 18.162 25.5943 28.3964 52.4903 78.3051 117.888 65.5346 193.0305 72.7231 90.2305 95.6174 84.054 71.8967 8.8712 74.5795 72.3644 83.3988 102.2676 72.4989 13.7156 1246.134 702.7506 702.7506 560.6367 113.3799 280.1799 185.0624 205.4599 299.8403 1178.1096 216.1593 424.4445 273.931 118.3382 354.5723 188.5046 266.1707 1190.3815;
	3.7413 50.5538 88.5998 111.12 13.9519 31.4531 24.3878 18.114 25.984 28.8545 53.3371 79.5684 119.7898 65.6326 186.2268 70.1599 87.0502 92.2472 84.3928 69.7963 8.1293 73.3907 70.6418 85.3427 101.2872 71.9341 13.5783 1264.3042 715.9359 715.9359 587.895 106.4868 281.3092 179.6557 205.7669 305.466 1203.0785 213.5164 446.5713 271.305 119.6372 348.9202 177.223 257.2645 1215.6106;
	3.5782 48.3489 88.2197 110.44 12.9436 30.749 18.6653 17.5991 21.6101 27.689 51.1827 76.3545 114.9513 63.6733 193.3648 72.8491 90.3868 95.783 82.872 70.9632 6.2218 71.7477 64.1979 86.22 102.5194 74.9266 13.441 1253.3533 697.1297 697.1297 600.1154 99.3115 276.2401 182.6594 199.6244 297.442 1231.6416 217.1712 383.2505 274.6056 120.5112 341.1091 179.2025 253.7627 1244.4712;
	3.5712 48.2541 89.1377 109.6868 13.9446 28.1162 19.8103 17.5207 18.2512 27.306 50.4748 75.2984 113.3614 64.8756 194.4804 73.2693 90.9083 96.3356 84.0815 71.3068 6.6034 65.6044 65.7335 87.167 103.3627 74.1106 13.5197 1268.0749 707.6529 707.6529 611.6478 104.9119 280.2716 183.5439 203.3939 301.9319 1234.4858 233.5665 427.0576 276.8643 115.2975 311.9019 131.4613 268.5502 1247.345;
	3.5936 48.557 87.1533 107.6082 14.0194 30.6892 27.654 17.0228 24.4439 28.1328 52.0031 77.5784 116.7938 65.4014 199.701 75.2362 93.3486 98.9216 84.9806 72.3946 9.218 71.6081 68.546 83.6559 101.8 73.2426 13.6037 1190.5774 657.8594 657.8594 609.8377 100.7202 283.2685 186.3439 205.0423 280.6867 1147.0988 222.0592 443.281 272.6785 117.3397 340.4453 156.6494 261.5221 1159.0478;
	3.7374 50.501 91.1819 112.3443 14.3718 32.2149 25.7849 17.5233 25.7567 27.6677 51.1434 76.2959 114.8631 64.2486 200.3695 75.488 93.6611 99.2528 87.4823 70.8234 8.595 75.168 70.7931 87.7807 103.5462 73.2749 13.6679 1226.4588 753.1496 753.1496 702.0255 110.5399 291.6078 182.2996 201.4281 321.3438 1184.2044 239.6011 435.8721 277.3558 119.1168 357.3703 160.2393 272.0665 1196.5398;
	3.627 49.0084 90.0678 110.0964 14.3582 32.0152 29.1859 16.2096 26.1917 28.6178 52.8996 78.9158 118.8073 63.1228 199.5753 75.1888 93.2898 98.8594 90.2106 72.4369 9.7286 74.7021 61.2782 85.3039 101.1908 71.5415 13.2946 1193.5754 736.9908 736.9908 690.303 104.4875 300.702 186.4527 197.8984 314.4494 1204.6719 262.8132 452.6716 271.0467 115.267 355.1549 152.2211 259.0532 1217.2205;
	3.6104 48.7844 87.2465 110.1526 14.0906 32.3072 28.241 15.4732 26.3145 29.272 54.1088 80.7198 121.5231 65.5225 204.0366 76.8696 95.3752 101.0693 91.3472 72.4471 9.4137 75.3834 70.8505 85.4105 97.9578 70.2059 12.3407 1246.7941 755.4155 755.4155 707.2771 113.2313 304.4908 186.479 205.4219 322.3106 1239.7673 274.6129 452.0935 262.387 112.8815 358.3943 156.0158 260.8765 1252.6815;
	3.6544 49.3788 87.9099 112.2748 14.4662 33.5253 30.3505 12.2036 25.8762 30.4974 56.374 84.099 126.6105 65.3189 203.8405 76.7957 95.2836 100.9721 91.9056 71.8469 10.1168 78.2256 72.1617 84.7921 97.9287 68.587 11.6111 1281.6131 785.8492 785.8492 748.8896 121.8776 306.3521 184.934 204.7836 335.2957 1263.7868 295.7716 458.3855 262.3091 118.0608 371.9068 203.4357 259.2381 1276.9512;
	3.6849 49.7914 89.7778 112.7046 14.7312 33.44 25.5823 15.1893 26.316 30.0565 55.5589 82.8829 124.7798 64.9098 199.5843 75.1922 93.2941 98.8639 92.6941 72.1022 8.5274 78.0266 72.853 84.9207 97.6676 69.9946 11.8862 1262.6682 788.085 788.085 742.2653 123.0046 308.9802 185.5912 203.5011 336.2496 1281.2619 329.8278 460.3748 261.6096 117.0488 370.9608 210.149 265.0231 1294.6084;
	3.6521 49.3485 87.6227 109.724 14.6608 32.5566 28.1632 13.6516 27.0264 30.3369 56.0773 83.6563 125.944 64.7963 202.6897 76.3622 94.7456 100.4021 92.0059 73.7908 9.3877 75.9654 72.3683 82.8619 84.8607 65.4139 11.8281 1246.9177 772.5462 772.5462 700.1597 119.0993 306.6864 189.9377 203.1452 329.6197 1257.4151 311.9673 470.1889 227.3055 115.8347 361.161 206.6136 262.7337 1270.5131;
	3.7528 50.7082 88.4708 111.4931 14.9042 32.4508 26.4152 16.3424 26.6871 30.5658 56.5004 84.2874 126.8943 65.6145 202.2531 76.1977 94.5416 100.1858 91.6401 73.201 8.8051 75.7184 74.0142 86.4089 97.6963 58.9788 12.3308 1271.2206 774.8013 774.8013 773.424 119.0575 305.467 188.4195 205.7103 330.5819 1265.7325 331.5439 467.4345 261.6864 120.2717 359.987 207.805 266.2023 1278.9172;
	3.7281 50.3751 88.4689 106.7837 14.7522 31.997 26.8927 16.8286 26.318 30.4315 56.2522 83.9172 126.3368 66.5102 204.6541 77.1023 95.6639 101.3752 92.0861 73.5096 8.9642 74.6597 73.2979 81.9649 97.7368 70.0264 12.7523 1257.3902 770.3218 770.3218 753.0256 116.6536 306.9536 189.2138 208.5184 328.6706 1243.1067 328.9149 472.2389 261.7951 117.8641 354.9537 205.0738 262.773 1256.0557;
	3.6817 49.7481 88.4348 108.1627 14.3182 31.8909 26.1559 16.7998 24.5381 30.3584 56.117 83.7155 126.0332 66.2497 202.5522 76.3104 94.6814 100.334 87.2901 73.4265 8.7186 74.4121 73.639 84.0362 97.6787 67.9068 12.917 1249.267 772.1401 772.1401 764.6037 119.6833 290.9671 188.9999 207.7017 329.4464 1238.6122 321.6649 467.8164 261.6393 114.4492 353.7762 203.3766 263.5193 1251.5144;
	3.6745 49.6503 90.5834 111.3296 14.2986 32.406 22.8331 17.654 26.1849 30.7668 56.872 84.8418 127.7289 67.1449 201.3867 75.8713 94.1366 99.7567 87.4186 72.416 7.611 75.6141 75.1971 87.0706 103.1472 69.9507 13.3623 1250.2499 774.8058 774.8058 769.2337 116.9034 291.3952 186.399 210.5083 330.5838 1214.8296 304.9566 466.1952 276.2871 117.3906 359.4909 203.6894 270.8169 1227.4841;
	3.6177 48.8829 89.5835 110.636 14.4202 30.3937 22.3154 17.5099 25.6929 30.3818 56.1603 83.7801 126.1305 65.7269 192.6016 72.5615 90.03 95.405 85.9688 71.3981 7.4385 70.9187 74.6268 86.0875 102.9553 69.7173 13.0313 1248.253 761.5084 761.5084 755.1355 118.7714 286.5626 183.7788 206.0627 324.9102 1135.4528 305.2765 457.2791 275.7732 115.4724 337.1677 191.5829 274.2414 1147.2804;
	3.5986 48.6243 91.0967 111.1448 14.4946 26.86 20.4603 17.8583 26.0961 29.9497 55.3616 82.5886 124.3367 64.6397 192.9161 72.68 90.177 95.5607 81.3409 68.1319 6.8201 62.6732 73.3838 87.772 105.2927 58.2464 12.5312 1173.9196 661.9247 661.9247 646.0359 115.1014 271.1365 175.3716 202.6543 282.4212 1079.4281 272.8764 449.2401 282.0341 114.2901 297.9665 171.583 267.884 1090.6721;
	3.6508 49.3304 90.5571 109.577 14.8838 28.577 17.6554 12.006 25.7475 29.7698 55.029 82.0925 123.5898 63.2325 185.2748 69.8012 86.6052 91.7757 69.3586 66.9621 5.8851 66.6796 73.0773 85.8631 102.4158 66.3779 8.9747 1162.7542 607.6332 607.6332 564.6137 111.874 231.1952 172.3607 198.2423 259.2568 1098.1802 253.3628 436.4751 274.3279 113.4153 317.0139 164.7386 228.029 1109.6196;
