function loadprofile = ex_load_profilesh1
%EX_LOAD_PROFILE  Example load profile data file for stochastic unit commitment.
% 2022.03.12
% Andres F. Ramirez

%% define constants
[CT_LABEL, CT_PROB, CT_TABLE, CT_TBUS, CT_TGEN, CT_TBRCH, CT_TAREABUS, ...
    CT_TAREAGEN, CT_TAREABRCH, CT_ROW, CT_COL, CT_CHGTYPE, CT_REP, ...
    CT_REL, CT_ADD, CT_NEWVAL, CT_TLOAD, CT_TAREALOAD, CT_LOAD_ALL_PQ, ...
    CT_LOAD_FIX_PQ, CT_LOAD_DIS_PQ, CT_LOAD_ALL_P, CT_LOAD_FIX_P, ...
    CT_LOAD_DIS_P, CT_TGENCOST, CT_TAREAGENCOST, CT_MODCOST_F, ...
    CT_MODCOST_X] = idx_ct;

loadprofile = struct( ...
    'type', 'mpcData', ...
    'table', CT_TAREALOAD, ...
    'rows', [1:11], ...
    'col', CT_LOAD_ALL_P, ...
    'chgtype', 1, ...
    'values', [] );
loadprofile.values(:,1,:) = [
	1659.5194 928.7024 1546.7241 569.8068 749.5674 1063.5881 836.9099 245.6371 475.4737 4339.188 1675.9068;
	1620.188 909.8836 1554.0286 573.0325 759.0133 1048.5851 818.7944 230.7 439.7443 4231.7778 1643.1293;
	1630.4565 925.5579 1562.4296 567.5 755.6 1058.4716 816.6371 239.3956 447.9791 4213.8261 1665.0;
	1655.502 976.3211 1645.6433 578.7452 811.6829 1113.1 853.7589 243.6571 447.602 4320.8259 1746.1832;
	1688.4249 1012.7504 1747.8241 582.2368 864.3371 1172.716 900.4801 236.9482 508.8811 4529.8311 1827.2712;
	1777.2294 1108.6576 1882.9145 586.3353 927.0358 1246.1377 956.8891 272.3937 538.9 4811.3 1918.7895;
	1799.1607 1112.9 1926.522 598.7931 987.3415 1298.6982 989.2895 278.4047 564.8817 4977.8002 1970.7126;
	1853.4674 1118.21 1931.9888 607.2422 990.1949 1333.7 1014.3155 286.8544 574.0841 5212.9137 2032.6204;
	1872.37 1146.972 1942.7 601.5501 988.21 1321.489 1027.9061 307.9444 593.3571 5387.0755 2059.156;
	1828.802 1148.1 1925.596 601.6 976.9442 1299.454 1044.1 315.7855 603.327 5401.6494 2018.279;
	1819.6851 1127.7197 1905.0142 602.385 924.5298 1343.2173 1043.9476 300.9189 591.1577 5423.9233 2008.3105;
	1783.1749 1139.3124 1859.7365 585.8 933.451 1304.3308 1005.983 305.6041 603.079 5386.7287 2025.8755;
	1807.3254 1132.3394 1890.2218 579.7679 923.0 1289.9 1007.1833 318.2896 588.9 5335.3752 1936.6074;
	1782.5891 1132.2275 1898.0592 574.9752 948.9051 1305.2548 976.6 291.4 566.8535 5258.4827 1798.0925;
	1843.6674 1142.0279 1905.4361 578.7422 976.0828 1324.474 968.2075 309.4 593.0236 5224.0453 1855.8229;
	1870.0288 1194.1649 1965.0825 576.3867 1016.4245 1353.217 1006.9559 303.999 600.2 5264.2142 1984.9308;
	1891.9749 1203.4472 1999.7194 583.0414 1043.6334 1423.6663 1052.9033 327.2258 591.0545 5304.6284 2112.9035;
	1939.7779 1222.682 2068.4322 592.8 1061.4979 1490.6874 1125.6405 347.2423 618.0812 5430.7356 2273.8368;
	1913.97 1230.1039 2016.8728 601.3768 1064.7703 1474.7199 1122.1925 344.0 635.4864 5436.2 2312.4231;
	1859.0633 1146.5242 1896.1 597.1 1008.412 1405.3195 1099.886 327.5257 619.0336 5229.1066 2186.5391;
	1775.2896 1085.5 1835.3003 583.8 983.9536 1357.1435 1036.9321 305.8065 594.2509 5088.5319 2096.2322;
	1682.8161 1017.9236 1726.2943 579.1287 892.6 1250.3756 959.7921 273.3136 575.6 4772.3562 1960.2471;
	1624.3653 990.3987 1729.5369 576.4524 891.6 1198.1168 916.437 248.4733 553.8 4762.8792 1876.9819;
	1576.7219 947.7 1701.392 594.6215 868.6833 1163.587 896.8 241.5956 532.9159 4698.1543 1802.6932;
];
