function loadprofile = ex_load_profilesh1
%EX_LOAD_PROFILE  Example load profile data file for stochastic unit commitment.
% 2022.03.12
% Andres F. Ramirez

%% define constants
[CT_LABEL, CT_PROB, CT_TABLE, CT_TBUS, CT_TGEN, CT_TBRCH, CT_TAREABUS, ...
    CT_TAREAGEN, CT_TAREABRCH, CT_ROW, CT_COL, CT_CHGTYPE, CT_REP, ...
    CT_REL, CT_ADD, CT_NEWVAL, CT_TLOAD, CT_TAREALOAD, CT_LOAD_ALL_PQ, ...
    CT_LOAD_FIX_PQ, CT_LOAD_DIS_PQ, CT_LOAD_ALL_P, CT_LOAD_FIX_P, ...
    CT_LOAD_DIS_P, CT_TGENCOST, CT_TAREAGENCOST, CT_MODCOST_F, ...
    CT_MODCOST_X] = idx_ct;

loadprofile = struct( ...
    'type', 'mpcData', ...
    'table', CT_TAREALOAD, ...
    'rows', [1:11], ...
    'col', CT_LOAD_ALL_P, ...
    'chgtype', 1, ...
    'values', [] );
loadprofile.values(:,1,:) = [
	1508.3449 902.3006 1440.3138 574.3 756.9 1040.5711 768.8672 237.4 486.205 4352.9864 1679.161;
	1487.3083 884.0589 1393.1 561.4411 714.4859 1014.0107 753.1507 233.1026 478.5044 4287.2728 1650.1693;
	1521.4165 899.0903 1437.8179 561.7069 744.8833 1039.4328 759.2294 234.1 471.9 4272.1 1659.2503;
	1548.8115 948.82 1520.0181 577.8154 761.8753 1062.4739 781.9511 243.7 491.7618 4284.8194 1690.9971;
	1649.8421 1007.7679 1633.3516 584.2968 835.6508 1160.3948 855.9776 273.8 537.9481 4461.9078 1827.9838;
	1710.6892 1066.0415 1735.7134 601.3588 894.5942 1215.6763 906.417 289.7016 538.406 4625.5929 1928.9237;
	1710.5377 1088.3918 1807.3453 593.7 941.8369 1250.3736 952.5506 303.8449 563.1849 4917.5831 1988.9153;
	1695.7052 1094.7557 1833.739 596.6 943.0307 1257.1828 954.914 306.4167 562.9947 4992.734 2016.9519;
	1734.5344 1104.8269 1864.0191 579.9808 939.4076 1263.3832 964.1619 307.7 576.9866 5153.2608 2011.9021;
	1702.4031 1085.3 1810.1706 569.553 897.4133 1263.9046 943.3483 318.4036 570.4456 5202.2525 1951.5329;
	1664.1644 1074.0719 1772.3592 582.3553 877.669 1237.823 907.8519 320.4606 560.4676 5162.4491 1910.2004;
	1670.3681 1052.6678 1736.2509 557.8346 860.4904 1165.4643 828.0768 300.5 526.9802 4928.2504 1783.9997;
	1575.8607 1010.2 1661.5837 555.8505 818.0853 1130.2049 739.1708 289.1487 490.2193 4582.4063 1662.3789;
	1558.844 1024.1968 1653.9105 564.5 823.2079 1143.6985 708.408 289.4 467.5146 4535.9585 1495.2817;
	1536.3053 1034.3 1701.9569 566.3358 822.2412 1204.5713 720.2598 295.2145 465.4883 4594.5171 1745.7095;
	1608.0351 1077.1627 1729.5533 578.6388 883.9972 1261.2621 888.295 300.7281 451.8461 4674.5822 1739.4608;
	1585.7182 1042.365 1739.3439 591.397 882.4268 1287.1884 904.0056 309.1012 550.9148 4801.3184 1729.3973;
	1670.3418 1104.7 1815.9693 580.7707 920.307 1332.0227 969.8072 307.6 590.3 5149.3467 1956.6956;
	1718.8753 1111.4 1834.6878 584.8 936.8332 1319.7753 940.1559 328.7505 595.5847 4992.8127 2128.7378;
	1689.4769 1064.5643 1783.3013 584.2588 872.4551 1273.3175 909.7736 303.7457 576.7363 4704.1914 1936.6982;
	1633.6057 989.385 1716.3687 558.2053 828.4973 1231.45 927.0751 303.0 559.4298 4693.4688 1987.5401;
	1578.051 936.9726 1644.8799 546.7831 784.5161 1170.6307 900.9549 268.0 523.6168 4205.1937 1767.0864;
	1562.0945 897.961 1619.0736 588.3 820.4814 1095.9175 874.8546 225.6708 492.4021 4126.2551 1813.0;
	1519.2769 878.5093 1614.8881 593.2232 790.0169 1067.3815 853.3215 205.9279 495.8 4114.6154 1747.1587;
];
