function windprofile = ex_wind_profilesh1
%EX_WIND_PROFILE_D  Example wind_load_nyiso profile data for deterministic unit commitment.
% 2022.03.12
% Andres F. Ramirez


%% define constants
[GEN_BUS, PG, QG, QMAX, QMIN, VG, MBASE, GEN_STATUS, PMAX, PMIN, ...
    MU_PMAX, MU_PMIN, MU_QMAX, MU_QMIN, PC1, PC2, QC1MIN, QC1MAX, ...
    QC2MIN, QC2MAX, RAMP_AGC, RAMP_10, RAMP_30, RAMP_Q, APF] = idx_gen;
[CT_LABEL, CT_PROB, CT_TABLE, CT_TBUS, CT_TGEN, CT_TBRCH, CT_TAREABUS, ...
    CT_TAREAGEN, CT_TAREABRCH, CT_ROW, CT_COL, CT_CHGTYPE, CT_REP, ...
    CT_REL, CT_ADD, CT_NEWVAL, CT_TLOAD, CT_TAREALOAD, CT_LOAD_ALL_PQ, ...
    CT_LOAD_FIX_PQ, CT_LOAD_DIS_PQ, CT_LOAD_ALL_P, CT_LOAD_FIX_P, ...
    CT_LOAD_DIS_P, CT_TGENCOST, CT_TAREAGENCOST, CT_MODCOST_F, ...
    CT_MODCOST_X] = idx_ct;

windprofile = struct( ...
    'type', 'mpcData', ...
    'table', CT_TGEN, ...
    'rows', [1:45], ...
    'col', PMAX, ...
    'chgtype', 1, ...
    'values', [] );
windprofile.values(:,1,:) = [
	3.6732 49.6333 92.3414 111.9152 14.3916 32.4206 28.0076 17.4353 25.8242 28.9221 53.4621 79.7549 120.0705 68.0673 192.8855 72.6685 90.1627 95.5456 63.8936 71.3646 9.3359 75.6482 73.8773 82.8071 100.0389 70.6986 12.7997 1301.9031 744.5295 744.5295 581.3077 114.023 212.9787 183.6927 213.4002 317.6659 1257.5304 235.0633 440.0988 267.9613 119.2059 359.6531 194.1017 280.3915 1270.6297;
	3.6967 49.9508 91.3808 110.7915 14.8211 32.7162 24.736 17.7079 26.7091 29.7292 54.9539 81.9805 123.4211 67.9136 176.1567 66.366 82.343 87.259 62.8397 69.4932 8.2453 76.3378 72.3807 84.3905 97.1057 69.7221 13.0349 1299.1355 743.2873 743.2873 629.4647 103.8578 209.4656 178.8756 212.9184 317.1359 1257.0958 241.6528 442.1125 260.1046 116.783 362.9318 191.3894 270.4233 1270.1906;
	3.7955 51.2861 93.7298 115.8349 15.1225 33.6613 20.1952 18.1509 27.5185 30.905 57.1274 85.2228 128.3024 65.253 186.2287 70.1606 87.0511 92.2482 69.8048 70.0219 6.7317 78.5431 73.7351 85.7641 100.1452 74.408 13.4019 1244.6346 713.4373 713.4373 624.3462 90.4008 232.6826 180.2366 204.5771 304.3999 1218.9853 232.6904 389.4817 268.2462 120.8642 373.4164 188.7587 276.9165 1231.6831;
	3.7149 50.1964 90.5558 113.2823 14.9012 32.7265 21.4549 17.6259 26.5842 31.1189 57.5227 85.8126 129.1904 65.8879 193.7316 72.9872 90.5583 95.9647 84.2018 71.2795 7.1516 76.3617 74.5306 85.9453 98.1039 70.8196 13.0333 1277.284 747.4697 747.4697 654.9533 88.3312 280.6725 183.4737 206.5676 318.9204 1243.7722 247.9347 416.7202 262.7783 121.7781 363.0454 155.2046 270.1862 1256.7282;
	3.6694 49.5815 90.5866 112.6314 14.7847 33.3774 29.1739 17.2177 27.3239 31.2443 57.7546 86.1585 129.7112 65.8059 195.1903 73.5368 91.2401 96.6873 86.6851 72.9311 9.7246 77.8806 75.1437 82.6913 96.7863 71.1161 12.9623 1241.6984 743.9267 743.9267 669.9321 94.5467 288.9504 187.7249 206.3104 317.4087 1197.1602 237.8312 443.0399 259.2491 117.2804 370.2666 187.7792 262.494 1209.6306;
	3.7059 50.0743 89.0927 114.1747 14.459 32.5206 28.6977 17.7985 27.2494 31.0519 57.3989 85.6279 128.9124 65.1762 199.1643 75.034 93.0977 98.6558 92.3744 72.3024 9.5659 75.8814 74.6765 83.7079 96.8184 70.9151 13.5027 1310.448 753.7757 753.7757 702.0487 102.8123 307.9146 186.1065 204.3363 321.611 1205.2167 238.8173 442.9984 259.3349 120.6322 360.762 177.6562 262.4897 1217.771;
	3.616 48.8598 87.7014 113.5723 14.3471 32.5658 29.5245 16.3352 26.4449 30.7261 56.7968 84.7296 127.56 66.806 197.4581 74.3912 92.3002 97.8106 90.9739 72.242 9.8415 75.9868 74.2258 82.722 95.7302 69.2532 12.8548 1296.0022 728.5585 728.5585 695.4353 108.8292 303.2465 185.9511 209.4457 310.8516 1200.2305 266.5768 442.1124 256.4202 114.0445 361.2631 161.1535 254.3856 1212.7329;
	3.807 51.441 90.5842 117.7939 14.8264 33.9692 29.011 17.6945 26.9699 30.6639 56.6817 84.5579 127.3015 68.7162 198.6011 74.8218 92.8344 98.3768 91.8513 72.2203 9.6703 79.2614 73.3375 86.3934 99.8336 71.8862 13.2259 1336.4994 755.3077 755.3077 698.0063 112.4206 306.1709 185.8953 215.4345 322.2646 1268.0328 283.3684 439.0529 267.4114 116.5724 376.8314 178.1654 273.3377 1281.2415;
	3.7526 50.7054 89.2377 115.406 14.9027 33.7879 30.8911 17.5033 26.3972 30.867 57.0571 85.118 128.1447 69.0224 198.4398 74.761 92.759 98.2969 92.4285 70.741 10.297 78.8384 72.4959 85.4111 98.0813 71.4349 12.9496 1311.8695 787.5391 787.5391 761.8585 116.9881 308.0949 182.0875 216.3946 336.0167 1272.5664 302.325 452.6586 262.7179 118.72 374.8202 201.249 265.9023 1285.8223;
	3.6943 49.9188 88.9627 114.8349 15.0953 33.7824 25.8862 17.1705 27.0299 30.7636 56.866 84.8329 127.7155 67.3093 200.4398 75.5145 93.694 99.2876 92.9576 72.6051 8.6287 78.8256 73.9174 87.3558 99.3045 70.5287 12.9578 1337.0513 803.0708 803.0708 762.6512 118.1398 309.8587 186.8857 211.0239 342.6436 1269.0227 319.3814 446.9312 265.9943 119.7786 374.7596 203.8511 265.3665 1282.2416;
	3.8237 51.6669 88.8527 112.1172 15.2865 33.9685 28.9938 17.1006 27.4313 31.0179 57.3361 85.5342 128.7713 66.9135 199.726 75.2456 93.3603 98.934 92.7367 73.5023 9.6646 79.2597 73.0036 85.3274 97.6874 67.2501 12.7779 1356.3751 826.5497 826.5497 789.1174 116.7177 309.1223 189.195 209.7828 352.6612 1328.2995 323.5431 450.458 261.6626 120.565 376.8234 209.1622 262.6898 1342.1359;
	3.7473 50.6336 87.775 113.2409 15.3607 34.3677 28.5142 17.1961 28.2914 30.6488 56.6539 84.5164 127.239 68.1723 197.8029 74.5211 92.4614 97.9815 91.7731 71.841 9.5047 80.1913 73.3576 86.4889 97.9667 61.3254 12.5391 1345.7718 805.1446 805.1446 787.1747 117.7 305.9104 184.9188 213.7295 343.5284 1308.7779 334.2812 470.426 262.4108 119.9031 381.2525 213.0545 261.3946 1322.411;
	3.7052 50.0655 89.6515 112.0006 15.3867 34.5459 28.8852 17.672 28.3574 30.9283 57.1705 85.2872 128.3994 69.4775 198.0912 74.6297 92.5961 98.1242 92.2282 71.3995 9.6284 80.607 72.3667 87.2462 101.3908 69.6629 12.9407 1293.6734 826.8143 826.8143 783.1219 114.7108 307.4274 183.7825 217.8213 352.7741 1265.8866 335.4739 471.5623 271.5824 119.5578 383.2288 215.9808 259.0182 1279.0729;
	3.62 48.9139 90.5094 115.0171 15.1341 33.983 28.792 17.1745 28.358 30.2714 55.9563 83.4758 125.6723 67.685 195.6914 73.7256 91.4743 96.9355 89.6368 71.6843 9.5973 79.2936 72.334 86.2396 97.7064 70.2992 12.7276 1309.422 808.0307 808.0307 800.0266 118.207 298.7892 184.5155 212.2015 344.7598 1252.7837 324.2589 467.5081 261.7136 117.7379 376.9843 209.2548 257.3653 1265.8335;
	3.7411 50.5499 90.6958 116.3813 15.346 34.2465 23.0829 17.4571 27.8918 29.5986 54.7127 81.6205 122.8792 66.5026 189.4785 71.3849 88.5702 93.8579 87.6997 69.7017 7.6943 79.9084 74.2064 87.8306 100.3244 69.4481 12.8593 1309.5793 787.0623 787.0623 788.6607 119.0346 292.3324 179.4123 208.4947 335.8132 1253.2455 320.3507 443.3478 268.7262 119.6704 379.9074 213.2151 260.8203 1266.3001;
	3.8342 51.809 91.4303 118.1034 15.3819 33.9601 24.5357 17.5631 27.8151 29.9461 55.3549 82.5787 124.3217 68.4425 191.0177 71.9648 89.2897 94.6204 89.4175 70.8213 8.1786 79.2403 71.6181 87.4339 100.331 68.9305 12.2481 1263.1798 770.6713 770.6713 740.2676 119.3715 298.0582 182.2943 214.5764 328.8198 1204.4617 327.5749 446.5289 268.7439 119.4655 376.7309 215.135 270.4836 1217.0082;
	3.888 52.5352 90.4515 113.6383 15.1891 31.5771 20.846 16.4923 27.2821 29.0689 53.7335 80.1598 120.6801 66.7492 190.9725 71.9478 89.2686 94.598 87.834 67.8242 6.9487 73.6798 69.6612 85.8798 100.6932 55.9921 11.2297 1217.7715 751.5642 751.5642 628.0273 112.3644 292.7801 174.5797 209.2677 320.6674 1197.9624 311.507 427.6275 269.714 116.1607 350.2948 191.4292 249.4507 1210.4412;
	3.8384 51.8653 88.3953 108.3636 15.1763 29.8018 17.767 13.261 26.0903 27.6566 51.1228 76.2651 114.8168 69.0991 193.8639 73.0371 90.6201 96.0303 83.7348 68.5017 5.9223 69.5375 69.6173 84.0944 100.5769 71.2928 9.5683 1255.7968 736.4301 736.4301 624.7067 109.141 279.1158 176.3236 216.635 314.2102 1229.9509 302.0987 424.4703 269.4023 115.4358 330.6012 179.629 229.0809 1242.7629;
