function windprofile = ex_wind_profilesh1
%EX_WIND_PROFILE_D  Example wind_load_nyiso profile data for deterministic unit commitment.
% 2022.03.12
% Andres F. Ramirez


%% define constants
[GEN_BUS, PG, QG, QMAX, QMIN, VG, MBASE, GEN_STATUS, PMAX, PMIN, ...
    MU_PMAX, MU_PMIN, MU_QMAX, MU_QMIN, PC1, PC2, QC1MIN, QC1MAX, ...
    QC2MIN, QC2MAX, RAMP_AGC, RAMP_10, RAMP_30, RAMP_Q, APF] = idx_gen;
[CT_LABEL, CT_PROB, CT_TABLE, CT_TBUS, CT_TGEN, CT_TBRCH, CT_TAREABUS, ...
    CT_TAREAGEN, CT_TAREABRCH, CT_ROW, CT_COL, CT_CHGTYPE, CT_REP, ...
    CT_REL, CT_ADD, CT_NEWVAL, CT_TLOAD, CT_TAREALOAD, CT_LOAD_ALL_PQ, ...
    CT_LOAD_FIX_PQ, CT_LOAD_DIS_PQ, CT_LOAD_ALL_P, CT_LOAD_FIX_P, ...
    CT_LOAD_DIS_P, CT_TGENCOST, CT_TAREAGENCOST, CT_MODCOST_F, ...
    CT_MODCOST_X] = idx_ct;

windprofile = struct( ...
    'type', 'mpcData', ...
    'table', CT_TGEN, ...
    'rows', [1:45], ...
    'col', PMAX, ...
    'chgtype', 1, ...
    'values', [] );
windprofile.values(:,1,:) = [
	3.8879 52.5338 94.7539 120.4729 14.6598 33.1913 28.7811 18.981 27.3481 28.2527 52.2247 77.909 117.2916 66.4465 186.5683 70.2885 87.2098 92.4164 82.4538 68.8106 9.5937 77.4463 68.1839 86.5708 106.1864 74.193 14.0051 1233.6772 720.1867 720.1867 532.2657 114.7052 274.8458 177.1187 208.3187 307.2797 1139.0901 228.0035 452.8558 284.4277 119.375 368.2018 197.5606 284.2036 1150.9556;
	3.9102 52.8353 95.251 120.765 14.7954 33.3285 26.6103 18.9554 27.7659 29.2675 54.1005 80.7073 121.5044 65.7338 165.957 62.5233 77.5752 82.2066 81.0238 68.7902 8.8701 77.7664 68.8708 88.1303 105.6313 74.7196 13.9975 1240.7666 712.5127 712.5127 564.5804 108.6751 270.0793 177.0661 206.0843 304.0054 1132.6148 225.6634 461.4495 282.941 123.1829 369.7239 192.7637 282.5019 1144.4129;
	3.9036 52.7458 93.4901 119.4009 14.4302 33.5385 21.1996 18.6761 27.4448 29.584 54.6856 81.5801 122.8184 63.8352 171.2856 64.5309 80.0661 84.8461 78.7577 66.804 7.0665 78.2564 65.2222 87.1119 104.8395 74.735 13.8242 1252.5371 728.3336 728.3336 619.8005 102.5449 262.5258 171.9536 200.1321 310.7557 1213.9065 222.2412 419.604 280.8201 122.6355 372.0535 192.1297 275.1584 1226.5513;
	3.7515 50.6913 92.4599 116.657 14.1007 32.0274 23.7642 17.551 28.1564 30.4356 56.2598 83.9285 126.3539 65.4874 163.9443 61.7651 76.6344 81.2096 77.4937 66.7809 7.9214 74.7306 70.5624 86.3592 101.3831 70.894 13.2708 1255.4691 739.0461 739.0461 654.9245 113.3637 258.3122 171.8942 205.3118 315.3263 1209.1696 249.3331 439.129 271.5618 120.1969 355.2908 151.396 269.9152 1221.7651;
	3.756 50.7513 92.5708 117.6438 14.2335 32.8079 31.1881 17.6137 28.4107 30.788 56.9112 84.9003 127.817 66.1785 175.4101 66.0847 81.994 86.8892 83.9224 69.9579 10.396 76.5517 72.5287 84.9303 102.094 72.5285 13.1629 1215.3668 725.726 725.726 669.3037 113.6373 279.7414 180.0718 207.4786 309.6431 1152.7796 236.7188 465.6053 273.466 122.7682 363.9487 185.7103 265.7429 1164.7877;
	3.7819 51.1023 89.3593 116.1533 14.3328 32.794 29.9057 17.8524 28.1724 30.594 56.5525 84.3652 127.0113 67.3616 189.3446 71.3345 88.5076 93.7916 84.1491 68.4291 9.9686 76.5193 71.953 86.3969 100.7638 70.9272 13.5438 1246.1831 716.0344 716.0344 714.0972 116.0677 280.4969 176.1366 211.1877 305.508 1131.8182 243.8435 469.5045 269.9031 122.208 363.7944 174.4276 268.2909 1143.608;
	3.6201 48.915 88.0104 112.5219 14.1423 31.7257 31.3864 17.6479 27.6467 30.1172 55.6712 83.0505 125.0321 67.6134 180.0759 67.8425 84.175 89.2004 85.2983 70.4977 10.4621 74.0267 72.5925 84.1947 99.3748 70.131 13.3383 1217.2199 700.4818 700.4818 708.1436 110.5912 284.3277 181.4612 211.9771 298.8722 1143.0154 263.4207 469.4608 266.1824 122.8295 351.9441 152.8941 261.4349 1154.9218;
	3.6798 49.7225 89.2961 112.7544 14.3746 32.7525 30.6512 17.3847 27.6098 29.9308 55.3267 82.5365 124.2583 68.789 191.3694 72.0973 89.4541 94.7946 88.942 68.2307 10.2171 76.4225 71.1326 86.7509 100.9478 70.2895 12.8472 1256.9073 738.7896 738.7896 725.6192 114.0839 296.4735 175.626 215.6628 315.2169 1191.8607 288.5178 462.5377 270.3958 122.9556 363.3342 167.4261 266.5777 1204.2759;
	3.8668 52.2492 93.2532 117.994 14.7658 34.6399 31.7026 17.4086 27.9599 30.4744 56.3314 84.0354 126.5148 69.4634 193.4475 72.8802 90.4255 95.824 90.1363 70.0636 10.5675 80.8265 71.1858 85.3228 100.0292 69.263 12.534 1273.9487 785.5105 785.5105 744.889 119.5802 300.4542 180.3438 217.7772 335.1511 1228.1118 301.1521 463.2387 267.9353 123.175 384.2723 205.8602 270.1935 1240.9046;
	3.8521 52.0507 91.9786 117.1837 15.1643 34.3593 26.3596 16.2267 28.2276 30.6927 56.735 84.6374 127.4212 67.6735 192.4167 72.4919 89.9436 95.3134 91.0436 69.1674 8.7865 80.1717 72.3154 87.505 100.236 68.6635 11.6911 1260.1369 786.9051 786.9051 729.214 118.9034 303.4788 178.037 212.1654 335.7462 1167.9983 311.3024 467.3463 268.4894 122.9034 381.1589 208.1258 266.2298 1180.165;
	3.8531 52.0637 93.2235 119.1712 15.1119 33.4715 28.4572 17.5137 28.3003 31.144 57.5692 85.8819 129.2947 65.9816 187.6562 70.6984 87.7184 92.9553 90.0697 70.5116 9.4857 78.1001 74.6327 87.1969 101.1161 69.0959 12.912 1253.5803 763.5249 763.5249 712.5284 118.801 300.2325 181.4969 206.8612 325.7706 1228.1086 310.6893 464.3915 270.8468 123.3054 371.3103 209.71 265.2796 1240.9014;
	3.7483 50.648 89.8139 119.3977 15.1617 33.1604 27.5178 17.186 28.0882 30.1324 55.6994 83.0925 125.0953 68.3343 190.2197 71.6642 88.9166 94.2251 89.8764 68.6215 9.1726 77.3743 75.1355 86.9439 100.1676 64.85 12.5004 1244.3621 747.3387 747.3387 686.6235 121.2516 299.588 176.6318 214.2374 318.8645 1214.1549 292.6865 473.4836 268.3062 122.6795 367.8594 205.8929 267.2262 1226.8024;
	3.7145 50.1911 87.8022 113.3345 15.1319 33.9991 27.9035 17.507 27.5619 30.3566 56.1138 83.7108 126.0261 68.6346 195.0643 73.4894 91.1812 96.6249 92.4581 68.5305 9.3012 79.3311 73.8884 83.8669 99.4472 65.4248 12.889 1250.5029 799.8748 799.8748 691.4413 117.8987 308.1938 176.3977 215.1788 341.2799 1226.1469 325.5325 474.1875 266.3764 119.5855 377.1629 209.8624 261.8089 1238.9193;
	3.8628 52.1949 93.7733 119.8473 15.3297 34.7682 28.6028 18.599 28.1097 30.097 55.6338 82.9947 124.948 69.5588 191.6956 72.2202 89.6066 94.9562 90.9085 70.8704 9.5343 81.1257 75.3983 88.9708 105.1046 73.6657 13.9037 1297.6359 793.2998 793.2998 714.8858 120.3992 303.0282 182.4207 218.0762 338.4746 1242.7613 309.4569 478.0741 281.5302 120.8813 385.6947 210.9119 276.5316 1255.7067;
	3.7474 50.635 94.3479 117.2313 15.3041 33.9525 23.8626 19.0512 27.1611 28.8 53.2364 79.4182 119.5636 69.5137 192.5431 72.5395 90.0027 95.376 90.557 69.8805 7.9542 79.2226 74.7574 89.845 105.6131 74.6276 14.1572 1309.4101 797.2574 797.2574 716.9547 121.4353 301.8566 179.8725 217.935 340.1632 1256.1785 321.595 466.2052 282.8923 122.8184 376.6468 205.9742 281.3667 1269.2637;
	3.9289 53.0877 94.3602 116.396 15.4045 34.1689 25.8102 18.8395 27.805 28.6815 53.0173 79.0914 119.0716 69.6502 187.4611 70.6249 87.6272 92.8587 90.0974 70.3192 8.6034 79.7274 73.588 88.9671 103.2904 70.0828 13.7387 1281.9942 796.407 796.407 707.6041 121.0334 300.3246 181.0019 218.3627 339.8003 1239.6153 304.0305 468.2042 276.6706 123.113 379.0469 206.1612 285.1363 1252.528;
	3.9151 52.9018 90.8946 108.7626 14.9112 30.9699 22.9314 17.7146 26.1066 26.3 48.6151 72.5242 109.1848 67.8257 189.7114 71.4727 88.6791 93.9733 89.0317 70.8824 7.6438 72.263 68.7985 86.5275 97.6151 55.758 12.2559 1210.785 740.1856 740.1856 621.5138 115.3765 296.7725 182.4515 212.6427 315.8125 1145.8477 290.7847 457.4448 261.4689 117.5281 343.5591 183.9255 269.7855 1157.7836;
	3.8796 52.4215 88.8895 106.2368 15.0122 29.7235 19.5768 13.1757 27.7486 27.2717 50.4114 75.2039 113.2191 67.5884 190.9618 71.9437 89.2635 94.5927 91.2625 69.8095 6.5256 69.3548 70.0893 85.77 98.0843 66.9607 9.9029 1234.9876 732.2402 732.2402 603.5479 118.6511 304.2084 179.6899 211.8987 312.4225 1204.6856 286.5515 459.8864 262.7258 121.319 329.7327 178.2958 255.1073 1217.2344;
