function windprofile = ex_wind_profilesh1
%EX_WIND_PROFILE_D  Example wind_load_nyiso profile data for deterministic unit commitment.
% 2022.03.12
% Andres F. Ramirez


%% define constants
[GEN_BUS, PG, QG, QMAX, QMIN, VG, MBASE, GEN_STATUS, PMAX, PMIN, ...
    MU_PMAX, MU_PMIN, MU_QMAX, MU_QMIN, PC1, PC2, QC1MIN, QC1MAX, ...
    QC2MIN, QC2MAX, RAMP_AGC, RAMP_10, RAMP_30, RAMP_Q, APF] = idx_gen;
[CT_LABEL, CT_PROB, CT_TABLE, CT_TBUS, CT_TGEN, CT_TBRCH, CT_TAREABUS, ...
    CT_TAREAGEN, CT_TAREABRCH, CT_ROW, CT_COL, CT_CHGTYPE, CT_REP, ...
    CT_REL, CT_ADD, CT_NEWVAL, CT_TLOAD, CT_TAREALOAD, CT_LOAD_ALL_PQ, ...
    CT_LOAD_FIX_PQ, CT_LOAD_DIS_PQ, CT_LOAD_ALL_P, CT_LOAD_FIX_P, ...
    CT_LOAD_DIS_P, CT_TGENCOST, CT_TAREAGENCOST, CT_MODCOST_F, ...
    CT_MODCOST_X] = idx_ct;

windprofile = struct( ...
    'type', 'mpcData', ...
    'table', CT_TGEN, ...
    'rows', [1:45], ...
    'col', PMAX, ...
    'chgtype', 1, ...
    'values', [] );
windprofile.values(:,1,:) = [
	3.6732 49.6327 89.6016 116.0735 14.8476 31.6915 29.3606 17.9348 28.3232 30.0375 55.5238 82.8306 124.701 69.8071 197.2631 74.3177 92.209 97.7141 87.8139 72.5282 9.7869 73.9468 74.1478 83.9419 100.7748 71.7095 13.5123 1254.9019 773.9501 773.9501 572.0252 117.6714 292.7131 186.6878 218.8547 330.2187 1235.77 230.7946 467.077 269.9325 115.7332 351.5641 192.569 272.0475 1248.6426;
	3.7784 51.0539 91.2305 116.7995 15.1827 32.0457 25.7662 18.1358 27.7047 30.5851 56.536 84.3407 126.9744 69.3706 195.2397 73.5554 91.2632 96.7117 87.5188 73.4746 8.5887 74.7733 74.2549 87.6447 101.145 71.2544 13.6293 1240.591 755.1755 755.1755 582.8501 111.1011 291.7292 189.1237 217.4861 322.2082 1165.6409 225.8559 460.3576 270.9242 115.6789 355.4938 184.8454 271.7569 1177.783;
	3.5792 48.363 91.545 115.9576 14.5235 32.6887 22.3189 17.7604 28.1176 30.3415 56.0858 83.669 125.9632 68.0048 193.9252 73.0602 90.6488 96.0606 85.4171 71.2109 7.4396 76.2736 74.1307 87.028 97.1912 73.9033 13.5102 1221.9504 772.1261 772.1261 627.1281 103.228 284.7237 183.2972 213.2042 329.4405 1211.6909 227.7821 434.8876 260.3336 114.8362 362.6265 178.6513 259.246 1224.3126;
	3.4513 46.6351 89.7207 115.5859 14.2251 30.5741 22.3246 17.3492 27.9795 30.1936 55.8123 83.261 125.349 67.3131 198.8294 74.9078 92.9412 98.4899 87.6328 71.6311 7.4415 71.3396 73.9935 88.4225 97.7776 70.4319 13.0104 1244.6688 756.1375 756.1375 597.6041 107.7221 292.1094 184.3786 211.0356 322.6187 1212.2404 245.0419 438.8992 261.9043 110.9433 339.1691 145.3785 256.9607 1224.8679;
	3.6188 48.8973 90.8219 115.1801 14.3351 31.6601 29.7693 16.9274 27.6347 30.7579 56.8554 84.8171 127.6917 66.003 196.1173 73.8861 91.6734 97.1465 85.5635 72.1647 9.9231 73.8736 73.9271 87.3416 99.1617 71.6547 13.023 1192.3583 729.7776 729.7776 575.4786 108.3568 285.2117 185.7521 206.9282 311.3718 1158.6695 229.9147 457.2996 265.6116 106.8042 351.2164 177.3864 261.7108 1170.7389;
	3.5757 48.3154 87.6399 111.6866 14.3466 31.8075 28.838 16.7051 27.5864 30.1687 55.7665 83.1926 125.246 67.6221 197.1471 74.274 92.1548 97.6566 87.8411 71.4052 9.6127 74.2174 73.3125 84.6248 96.8772 69.783 12.9924 1239.8045 703.4854 703.4854 645.6068 114.7005 292.8037 183.7971 212.0044 300.1538 1127.3222 242.2265 448.1597 259.4925 107.5017 352.8509 162.6008 266.804 1139.0651;
	3.5847 48.4373 86.5052 110.3769 14.6666 31.8115 30.3334 16.5999 28.0359 30.7472 56.8356 84.7876 127.6473 68.3971 198.5555 74.8046 92.8132 98.3542 87.3947 72.3682 10.1111 74.2269 74.6427 83.9642 94.4826 68.9756 12.9284 1198.7054 692.0592 692.0592 670.1695 108.6392 291.3156 186.2759 214.4341 295.2786 1145.5093 278.6875 461.2865 253.0785 111.2684 352.8959 154.592 257.3216 1157.4417;
	3.6346 49.1118 87.0453 108.3534 14.2699 30.8618 29.8572 16.1602 27.5258 29.5743 54.6677 81.5535 122.7783 68.1602 198.234 74.6835 92.6629 98.195 88.7721 69.3691 9.9524 72.0108 71.8976 86.0622 93.7414 66.3044 12.3406 1265.6064 706.9716 706.9716 692.3907 108.8239 295.9069 178.5561 213.6915 301.6412 1224.2832 284.0892 460.7286 251.0929 102.5477 342.3599 153.8777 267.0927 1237.0362;
	3.8023 51.378 89.1784 111.8576 15.2321 33.4981 31.263 16.7444 27.5843 30.1785 55.7844 83.2194 125.2863 67.4346 194.3679 73.227 90.8557 96.2799 91.1365 68.6302 10.421 78.1621 72.7936 86.5046 98.4341 62.6299 12.7198 1293.6189 746.8614 746.8614 729.553 114.7313 303.7882 176.6544 211.4165 318.6609 1259.6337 298.2184 456.9093 263.6627 112.7203 371.6051 205.875 270.085 1272.7549;
	3.6578 49.4251 86.6602 102.5398 15.0451 32.0153 27.2834 15.9552 27.3157 29.6297 54.77 81.7061 123.008 67.3755 199.0764 75.0009 93.0566 98.6123 91.3371 70.3058 9.0945 74.7024 72.4066 85.3832 92.7093 60.3873 12.868 1256.9578 754.6427 754.6427 724.672 119.0412 304.4571 180.9673 211.2314 321.9809 1207.5587 320.1819 457.799 248.3285 111.7168 355.1563 207.3536 270.5396 1220.1374;
	3.7575 50.7714 87.6467 110.2545 14.8986 32.4326 28.5641 15.9113 27.2281 29.6638 54.8331 81.8002 123.1498 66.8202 197.941 74.5731 92.5259 98.0499 92.3141 71.3469 9.5214 75.6762 69.6703 83.7318 96.5565 57.1318 12.3429 1268.9592 785.9463 785.9463 751.9074 118.0517 307.7138 183.6472 209.4902 335.3371 1283.9762 326.2922 456.5899 258.6334 112.9118 359.7861 205.6523 260.483 1297.3509;
	3.7064 50.0822 85.2651 84.1202 14.6432 32.0058 27.4857 16.5303 27.3204 27.8633 51.5049 76.8351 115.6749 66.7241 200.3227 75.4704 93.6392 99.2296 92.6789 69.7585 9.1619 74.6802 70.0212 85.2121 97.5729 54.4911 11.9253 1304.1367 782.1906 782.1906 773.0207 117.2545 308.9297 179.5585 209.1892 333.7346 1309.4035 332.889 460.3497 261.3559 115.3389 355.051 201.8886 259.4758 1323.0431;
	3.7108 50.1415 89.917 110.6024 14.9672 32.5828 26.784 17.5855 26.9545 29.5433 54.6104 81.468 122.6496 68.5474 197.5883 74.4402 92.361 97.8751 91.84 69.4812 8.928 76.0264 72.2548 83.4439 99.955 68.7671 12.8926 1256.1652 801.9468 801.9468 774.471 118.2222 306.1334 178.8449 214.9052 342.164 1286.9921 347.729 444.1428 267.7367 115.2023 361.4514 200.4515 267.3918 1300.3983;
	3.903 52.7383 93.3066 116.3546 15.1961 33.8606 28.0614 18.7391 28.3082 28.7818 53.2028 79.3681 119.4882 68.4874 201.8729 76.0544 94.3638 99.9975 91.9676 72.1703 9.3538 79.0081 72.3152 86.2881 100.4856 71.9423 13.3982 1302.4128 806.1714 806.1714 799.9025 119.9492 306.5586 185.7666 214.7172 343.9665 1321.5142 343.0729 472.0452 269.1578 116.166 375.6273 205.6042 276.9509 1335.28;
	3.8724 52.3252 93.4072 118.0517 14.9023 33.9083 24.0042 18.1884 28.141 28.857 53.3418 79.5755 119.8004 67.3479 194.4586 73.2612 90.8981 96.3249 91.4754 72.1762 8.0014 79.1193 73.4822 88.6194 102.1671 70.516 13.1774 1270.6241 758.9754 758.9754 746.7628 117.3051 304.9179 185.7817 211.1447 323.8295 1244.0841 318.5814 468.2138 273.662 117.2466 376.1559 200.4342 278.8516 1257.0433;
	3.8322 51.7816 91.8964 115.6401 15.1714 34.0911 26.9193 17.5255 28.4746 30.1011 55.6415 83.0061 124.9652 66.5983 189.4227 71.3639 88.5441 93.8303 92.6723 72.2552 8.9731 79.546 70.4776 87.2734 98.4871 56.0862 12.7357 1281.6101 759.2136 759.2136 716.0764 118.5533 308.9076 185.9852 208.7947 323.9311 1221.9552 311.7143 475.0402 263.8047 116.2035 378.1844 202.9734 272.3928 1234.6839;
	3.847 51.9814 89.3391 108.5158 15.2154 32.2228 24.2028 16.1655 27.9816 30.7005 56.7493 84.6588 127.4534 67.9072 193.3831 72.856 90.3954 95.7921 92.3169 73.3792 8.0676 75.1865 72.2279 82.4692 95.9355 25.5071 11.133 1272.1398 724.0302 724.0302 646.9476 113.7891 307.7229 188.8781 212.8983 308.9195 1191.7608 323.3364 473.3386 256.9701 112.2734 357.4583 194.2469 249.5987 1204.175;
	3.6607 49.4646 88.6427 98.3945 14.6994 29.8267 19.9458 11.9176 27.9255 29.6945 54.8897 81.8847 123.277 66.3788 197.2481 74.3121 92.202 97.7066 91.4867 73.7448 6.6486 69.5956 74.7644 81.557 92.7773 54.154 8.1288 1245.4521 688.6852 688.6852 627.1275 112.4767 304.9557 189.8193 208.1065 293.839 1214.7202 287.8053 456.8727 248.5105 111.6825 330.8774 163.8307 240.2874 1227.3736;
