function solarprofile = ex_solar_profilesh1
%EX_WIND_PROFILE_D  Example wind_load_nyiso profile data for deterministic unit commitment.
% 2022.03.12
% Andres F. Ramirez


%% define constants
[GEN_BUS, PG, QG, QMAX, QMIN, VG, MBASE, GEN_STATUS, PMAX, PMIN, ...
    MU_PMAX, MU_PMIN, MU_QMAX, MU_QMIN, PC1, PC2, QC1MIN, QC1MAX, ...
    QC2MIN, QC2MAX, RAMP_AGC, RAMP_10, RAMP_30, RAMP_Q, APF] = idx_gen;
[CT_LABEL, CT_PROB, CT_TABLE, CT_TBUS, CT_TGEN, CT_TBRCH, CT_TAREABUS, ...
    CT_TAREAGEN, CT_TAREABRCH, CT_ROW, CT_COL, CT_CHGTYPE, CT_REP, ...
    CT_REL, CT_ADD, CT_NEWVAL, CT_TLOAD, CT_TAREALOAD, CT_LOAD_ALL_PQ, ...
    CT_LOAD_FIX_PQ, CT_LOAD_DIS_PQ, CT_LOAD_ALL_P, CT_LOAD_FIX_P, ...
    CT_LOAD_DIS_P, CT_TGENCOST, CT_TAREAGENCOST, CT_MODCOST_F, ...
    CT_MODCOST_X] = idx_ct;

solarprofile = struct( ...
    'type', 'mpcData', ...
    'table', CT_TGEN, ...
    'rows', [1:12], ...
    'col', PMAX, ...
    'chgtype', 1, ...
    'values', [] );
solarprofile.values(:,1,:) = [
	0.0 0.0 0.0 0.0 0.0 0.0 0.0 0.0 0.0 0.0 0.0 0.0;
	0.0 0.0 0.0 0.0 0.0 0.0 0.0 0.0 0.0 0.0 0.0 0.0;
	0.0 0.0 0.0 0.0 0.0 0.0 0.0 0.0 0.0 0.0 0.0 0.0;
	0.0 0.0 0.0 0.0 0.0 0.0 0.0 0.0 0.0 0.0 0.0 0.0;
	0.0 0.0 0.0 0.0 0.0 0.0 0.0 0.0 0.0 0.0 0.0 0.0;
	1.0216 0.8435 0.7016 0.0 0.0 9.4835 1.1854 4.2132 0.4191 0.0 0.0 0.0;
	8.9509 10.7855 6.0596 2.3713 5.8064 33.8548 4.2318 15.3038 44.1023 65.461 34.6612 118.5503;
	22.5586 17.1656 13.6357 5.096 7.9407 237.3411 29.6676 49.4824 143.4647 149.6896 82.5536 271.0888;
	26.2028 17.1756 14.098 7.7155 8.265 351.348 43.9185 60.1251 180.5747 220.8832 124.5146 400.0209;
	25.9447 16.5863 13.8025 6.7066 7.2283 251.1801 31.3975 56.8753 80.2301 125.5204 134.7689 227.3182;
	25.6658 16.5252 13.8 6.5328 7.6048 127.8122 15.9765 57.669 74.7561 84.6559 146.9394 153.3123;
	25.3505 16.5214 13.6246 5.5111 7.0601 124.3482 15.5435 57.3716 105.6572 83.2604 153.5581 150.7851;
	20.578 15.9262 13.4455 2.4942 4.6419 149.3871 18.6734 50.965 87.098 150.3537 144.3482 272.2915;
	17.1643 14.8242 13.1123 1.8659 4.1124 182.9053 22.8632 44.9201 61.0984 162.1298 140.7256 293.6181;
	11.5078 10.4952 9.9609 1.7658 3.977 130.6515 16.3314 43.3546 33.3772 160.5582 107.3953 290.7719;
	3.8653 4.3028 2.7226 2.4078 5.3432 35.0834 4.3854 41.7933 12.0128 93.6236 48.9794 169.5529;
	1.1859 1.0114 0.7581 0.9297 1.3932 62.0487 7.7561 16.6761 32.0809 28.5489 12.4723 51.7022;
	0.0 0.0 0.0 0.0 0.0 0.0 0.0 0.0 0.0 0.0 0.0 0.0;
	0.0 0.0 0.0 0.0 0.0 0.0 0.0 0.0 0.0 0.0 0.0 0.0;
	0.0 0.0 0.0 0.0 0.0 0.0 0.0 0.0 0.0 0.0 0.0 0.0;
	0.0 0.0 0.0 0.0 0.0 0.0 0.0 0.0 0.0 0.0 0.0 0.0;
	0.0 0.0 0.0 0.0 0.0 0.0 0.0 0.0 0.0 0.0 0.0 0.0;
	0.0 0.0 0.0 0.0 0.0 0.0 0.0 0.0 0.0 0.0 0.0 0.0;
	0.0 0.0 0.0 0.0 0.0 0.0 0.0 0.0 0.0 0.0 0.0 0.0;
];
