function windprofile = ex_wind_profilesh1
%EX_WIND_PROFILE_D  Example wind_load_nyiso profile data for deterministic unit commitment.
% 2022.03.12
% Andres F. Ramirez


%% define constants
[GEN_BUS, PG, QG, QMAX, QMIN, VG, MBASE, GEN_STATUS, PMAX, PMIN, ...
    MU_PMAX, MU_PMIN, MU_QMAX, MU_QMIN, PC1, PC2, QC1MIN, QC1MAX, ...
    QC2MIN, QC2MAX, RAMP_AGC, RAMP_10, RAMP_30, RAMP_Q, APF] = idx_gen;
[CT_LABEL, CT_PROB, CT_TABLE, CT_TBUS, CT_TGEN, CT_TBRCH, CT_TAREABUS, ...
    CT_TAREAGEN, CT_TAREABRCH, CT_ROW, CT_COL, CT_CHGTYPE, CT_REP, ...
    CT_REL, CT_ADD, CT_NEWVAL, CT_TLOAD, CT_TAREALOAD, CT_LOAD_ALL_PQ, ...
    CT_LOAD_FIX_PQ, CT_LOAD_DIS_PQ, CT_LOAD_ALL_P, CT_LOAD_FIX_P, ...
    CT_LOAD_DIS_P, CT_TGENCOST, CT_TAREAGENCOST, CT_MODCOST_F, ...
    CT_MODCOST_X] = idx_ct;

windprofile = struct( ...
    'type', 'mpcData', ...
    'table', CT_TGEN, ...
    'rows', [1:45], ...
    'col', PMAX, ...
    'chgtype', 1, ...
    'values', [] );
windprofile.values(:,1,:) = [
	3.5801 48.3744 89.0513 111.199 14.1489 31.1958 31.4875 17.4584 28.3931 30.0858 55.6131 82.9639 124.9016 66.9015 204.5757 77.0727 95.6272 101.3363 88.922 73.0796 10.4958 72.7903 75.6515 82.1471 96.2981 70.0832 12.8567 1273.5784 792.7375 792.7375 589.0756 113.2259 296.4067 188.107 209.7453 338.2347 1269.6571 244.2956 465.6005 257.9414 114.141 346.0658 194.1473 272.6834 1282.8827;
	3.5629 48.1429 89.5475 110.7475 14.0439 30.9235 28.9929 17.3576 27.8861 31.0527 57.4004 85.6301 128.9157 66.4696 200.3547 75.4825 93.6542 99.2455 88.2135 72.4625 9.6643 72.1547 75.7835 83.4555 93.0066 66.3157 12.6809 1256.776 765.7783 765.7783 611.2674 110.0802 294.045 186.5187 208.3912 326.7321 1259.2776 237.8683 468.8621 249.1248 113.808 343.0442 183.974 261.0008 1272.3951;
	3.6001 48.6449 92.5256 111.8014 14.508 32.7245 25.6457 17.6973 28.4925 31.1598 57.5985 85.9256 129.3605 65.4795 204.0558 76.8768 95.3842 101.0788 90.6423 73.1433 8.5486 76.3571 75.1812 85.717 98.242 73.4856 13.0534 1300.6836 809.7114 809.7114 652.0335 100.6271 302.1409 188.2712 205.2872 345.4769 1328.8032 234.8065 456.7058 263.1481 119.2113 363.0236 202.249 263.3444 1342.6449;
	3.5624 48.1356 90.2247 111.9696 14.6737 32.3288 26.4911 17.8921 28.486 31.2222 57.7137 86.0975 129.6193 64.6809 204.9942 77.2304 95.8229 101.5436 91.753 72.5892 8.8304 75.4339 74.934 86.6966 99.2115 71.4937 13.013 1268.7588 773.3717 773.3717 621.0977 98.4747 305.8433 186.8447 202.7832 329.9719 1265.9227 247.0475 454.0576 265.7451 115.2425 358.6343 163.0262 266.6763 1279.1094;
	3.5558 48.047 88.9575 109.8944 14.7147 31.5256 31.7354 17.7807 28.3975 31.2469 57.7594 86.1656 129.7219 64.4383 204.8245 77.1664 95.7435 101.4596 90.4829 73.4023 10.5785 73.5597 75.1539 83.0473 97.7915 72.4649 12.8951 1226.969 766.9839 766.9839 624.4712 103.0622 301.6096 188.9377 202.0228 327.2465 1214.1366 234.1314 477.2031 261.9417 112.6367 349.7236 180.7081 255.5771 1226.7839;
	3.6278 49.0194 92.6479 112.9743 15.2158 32.1695 30.1935 18.1621 28.2628 31.3668 57.981 86.4962 130.2195 65.3987 205.9513 77.591 96.2703 102.0177 92.3629 72.5289 10.0645 75.0622 74.8503 84.4698 98.8545 71.6728 13.0658 1251.0409 753.5311 753.5311 645.9689 107.619 307.8763 186.6897 205.0337 321.5066 1194.9734 225.9179 467.177 264.7889 113.5291 356.8671 179.9887 269.4833 1207.421;
	3.4902 47.1608 88.0307 109.6912 15.1206 30.8694 30.2482 17.5956 27.8275 31.2224 57.7142 86.0982 129.6203 65.2263 205.3293 77.3566 95.9795 101.7096 91.6106 72.9261 10.0827 72.0285 74.6342 83.2996 96.8908 72.0483 13.0651 1261.3743 734.8556 734.8556 610.7803 104.4683 305.3688 187.7119 204.4933 313.5384 1220.8688 248.1939 458.7251 259.529 113.0476 342.4443 153.501 253.9064 1233.5862;
	3.7579 50.7774 90.931 112.7514 15.3427 32.5999 29.5554 18.0383 26.2501 30.6497 56.6555 84.5189 127.2427 69.2476 200.579 75.567 93.759 99.3566 90.383 70.3911 9.8518 76.0664 72.1548 85.9243 98.8803 72.5135 13.0309 1356.9784 801.7673 801.7673 728.5807 117.053 301.2767 181.1869 217.1004 342.0874 1338.7595 269.7456 460.4729 264.8579 115.098 361.6416 172.0113 266.3684 1352.7049;
	3.7731 50.9829 88.7579 111.2017 15.1551 32.5733 31.1151 17.6272 26.1873 30.7671 56.8725 84.8426 127.7301 67.9276 201.2757 75.8294 94.0847 99.7017 91.2675 70.2347 10.3717 76.0043 72.6857 85.3366 99.3475 68.9656 12.8807 1340.9391 798.7805 798.7805 744.8213 119.2451 304.2251 180.7842 212.9623 340.813 1330.5918 280.6815 452.7893 266.1094 116.7549 361.346 201.3685 265.4862 1344.4521;
	3.7968 51.3032 91.5783 113.6869 15.2308 32.1454 25.6814 18.3465 26.9426 30.9079 57.1327 85.2308 128.3144 68.5691 202.6267 76.3384 94.7162 100.3709 89.4733 72.5465 8.5605 75.0059 73.2659 87.6748 103.6906 73.1264 13.5126 1315.5156 835.7854 835.7854 735.3678 119.4288 298.2445 186.7349 214.9733 356.6018 1309.7302 296.2403 451.3423 277.7427 120.5752 356.5995 207.5783 268.237 1323.3732;
	3.8289 51.7368 89.5897 114.907 15.0604 31.834 28.027 18.0516 27.7839 31.2779 57.8167 86.2511 129.8505 67.7785 202.6093 76.3319 94.7081 100.3623 89.8263 72.2208 9.3423 74.2794 72.8184 86.5837 104.0054 70.4209 13.177 1301.0505 828.0398 828.0398 744.6155 117.2678 299.421 185.8964 212.4947 353.297 1343.9389 297.1489 449.3322 278.5859 121.4894 353.1457 209.2064 266.2274 1357.9383;
	3.7542 50.7279 91.0212 117.1852 15.1128 31.857 26.1165 18.1114 27.1501 30.4482 56.283 83.9631 126.406 67.8381 198.8197 74.9042 92.9367 98.4851 87.6601 70.8629 8.7055 74.3329 72.8332 87.6921 103.8954 69.1368 12.955 1305.362 770.0138 770.0138 691.0013 118.6726 292.2003 182.4012 212.6815 328.5392 1315.5981 300.9742 442.6077 278.2913 121.4291 353.3998 208.3751 267.6506 1329.3022;
	3.8652 52.2271 89.3128 115.6808 14.9769 32.0594 25.6709 17.9197 26.5632 30.554 56.4786 84.2549 126.8453 67.8676 200.738 75.6269 93.8333 99.4353 89.6929 70.2888 8.557 74.8052 72.3732 82.4791 102.678 70.4817 13.1119 1323.7363 811.1176 811.1176 734.6273 121.7112 298.9765 180.9235 212.774 346.0768 1355.2175 332.2435 436.2213 275.0303 120.4957 355.6451 211.606 264.4451 1369.3344;
	3.7974 51.3118 89.6704 119.3932 14.5211 32.4414 24.3038 17.9909 25.8459 30.763 56.865 84.8314 127.7132 67.2501 199.3147 75.0907 93.168 98.7303 86.6321 71.9179 8.1013 75.6966 73.319 86.0367 103.7448 71.3808 13.4846 1325.5829 807.244 807.244 731.2611 122.5331 288.7737 185.1168 210.8381 344.4241 1335.537 328.7768 437.9877 277.888 120.0768 359.8833 201.9003 264.1648 1349.4488;
	3.7458 50.6135 90.698 118.3694 14.4947 32.8004 20.5937 18.0304 26.0347 30.3574 56.1152 83.7128 126.0292 64.8733 191.0576 71.9799 89.3083 94.6402 89.1902 70.4284 6.8646 76.5342 74.2293 87.313 104.4369 72.1257 13.607 1286.4252 778.2177 778.2177 698.3604 123.0858 297.3006 181.2829 203.3867 332.0396 1305.8598 319.7273 439.2349 279.7416 121.8572 363.8654 200.1316 267.5755 1319.4625;
	3.5851 48.442 87.1852 110.8027 14.3494 30.3935 20.677 17.5406 25.7699 28.0497 51.8495 77.3492 116.4488 63.7891 187.7505 70.7339 87.7624 93.002 89.8301 69.3495 6.8923 70.9181 71.9443 85.351 100.0195 69.6178 12.3167 1272.6024 779.3887 779.3887 731.1314 123.3404 299.4337 178.5059 199.9874 332.5392 1265.7759 320.1387 442.1654 267.9093 118.267 337.1647 192.4619 260.6402 1278.961;
	3.5822 48.4032 89.0025 110.1054 14.383 22.1328 18.4418 16.91 25.6226 24.6379 45.5428 67.9409 102.2847 63.3764 187.2259 70.5363 87.5172 92.7421 87.3188 67.3291 6.1473 51.6432 69.3098 82.5769 99.5391 57.9304 11.2254 1235.4832 763.5251 763.5251 663.1999 122.7772 291.0626 173.3052 198.6936 325.7707 1233.6042 324.3108 438.3009 266.6226 114.9394 245.5265 171.5493 253.1916 1246.4542;
	3.7137 50.1797 94.7252 116.5136 14.5544 28.1362 17.3213 14.3223 26.42 28.1583 52.0502 77.6487 116.8997 63.4177 177.8053 66.9871 83.1136 88.0756 84.603 63.2846 5.7738 65.6512 71.4775 88.5827 104.6249 72.3843 10.5208 1240.9458 721.2965 721.2965 613.6916 118.0392 282.0102 162.8946 198.8232 307.7532 1245.2907 292.903 452.5636 280.2453 120.8489 312.1245 174.2058 259.8469 1258.2625;
