function solarprofile = ex_solar_profilesh1
%EX_WIND_PROFILE_D  Example wind_load_nyiso profile data for deterministic unit commitment.
% 2022.03.12
% Andres F. Ramirez


%% define constants
[GEN_BUS, PG, QG, QMAX, QMIN, VG, MBASE, GEN_STATUS, PMAX, PMIN, ...
    MU_PMAX, MU_PMIN, MU_QMAX, MU_QMIN, PC1, PC2, QC1MIN, QC1MAX, ...
    QC2MIN, QC2MAX, RAMP_AGC, RAMP_10, RAMP_30, RAMP_Q, APF] = idx_gen;
[CT_LABEL, CT_PROB, CT_TABLE, CT_TBUS, CT_TGEN, CT_TBRCH, CT_TAREABUS, ...
    CT_TAREAGEN, CT_TAREABRCH, CT_ROW, CT_COL, CT_CHGTYPE, CT_REP, ...
    CT_REL, CT_ADD, CT_NEWVAL, CT_TLOAD, CT_TAREALOAD, CT_LOAD_ALL_PQ, ...
    CT_LOAD_FIX_PQ, CT_LOAD_DIS_PQ, CT_LOAD_ALL_P, CT_LOAD_FIX_P, ...
    CT_LOAD_DIS_P, CT_TGENCOST, CT_TAREAGENCOST, CT_MODCOST_F, ...
    CT_MODCOST_X] = idx_ct;

solarprofile = struct( ...
    'type', 'mpcData', ...
    'table', CT_TGEN, ...
    'rows', [1:12], ...
    'col', PMAX, ...
    'chgtype', 1, ...
    'values', [] );
solarprofile.values(:,1,:) = [
	0.0 0.0 0.0 0.0 0.0 0.0 0.0 0.0 0.0 0.0 0.0 0.0;
	0.0 0.0 0.0 0.0 0.0 0.0 0.0 0.0 0.0 0.0 0.0 0.0;
	0.0 0.0 0.0 0.0 0.0 0.0 0.0 0.0 0.0 0.0 0.0 0.0;
	0.0 0.0 0.0 0.0 0.0 0.0 0.0 0.0 0.0 0.0 0.0 0.0;
	0.0 0.0 0.0 0.0 0.0 0.0 0.0 0.0 0.0 0.0 0.0 0.0;
	1.069 0.8708 0.7966 0.0 0.0 9.4835 1.1854 4.1882 0.5129 0.0 0.0 0.0;
	3.0953 2.177 1.9053 4.3917 3.8291 59.4366 7.4296 5.7024 23.1998 26.1593 18.7378 47.3746;
	14.8786 12.3504 10.6674 5.6763 5.4058 221.9445 27.7431 11.0817 24.9584 75.8307 37.9802 137.3299;
	23.3776 16.6083 13.8022 6.9119 6.834 310.3179 38.7897 13.9853 38.4547 159.9005 83.7856 289.5808;
	25.2049 16.3661 13.8 4.3157 7.2228 296.3667 37.0458 13.0711 76.1895 174.3969 89.7659 315.8338;
	20.7539 13.0624 13.161 3.7471 7.9888 312.1386 39.0173 22.6131 119.3523 146.7007 48.5751 265.6758;
	14.9156 4.466 8.9447 4.2282 8.5292 355.9994 44.4999 45.2662 172.5549 108.4247 23.0672 196.3578;
	14.8241 3.0668 7.3313 7.8133 8.896 392.0144 49.0018 62.9114 212.6177 83.6865 20.9257 151.5567;
	14.6716 3.2067 6.6626 7.655 7.33 394.536 49.317 62.7685 210.6897 121.8545 27.8817 220.6792;
	10.014 3.7502 3.1622 7.1847 4.6909 364.7706 45.5963 57.7687 166.7832 112.9761 42.6454 204.6004;
	3.6912 2.0421 1.4172 3.7208 1.2946 236.5789 29.5724 29.2721 117.7592 62.7225 42.862 113.5908;
	1.243 1.003 0.7554 1.0605 0.2178 84.5563 10.5695 13.4289 45.4727 15.8159 11.1618 28.6427;
	0.0 0.0 0.0 0.0 0.0 0.0 0.0 0.0 0.0 0.0 0.0 0.0;
	0.0 0.0 0.0 0.0 0.0 0.0 0.0 0.0 0.0 0.0 0.0 0.0;
	0.0 0.0 0.0 0.0 0.0 0.0 0.0 0.0 0.0 0.0 0.0 0.0;
	0.0 0.0 0.0 0.0 0.0 0.0 0.0 0.0 0.0 0.0 0.0 0.0;
	0.0 0.0 0.0 0.0 0.0 0.0 0.0 0.0 0.0 0.0 0.0 0.0;
	0.0 0.0 0.0 0.0 0.0 0.0 0.0 0.0 0.0 0.0 0.0 0.0;
	0.0 0.0 0.0 0.0 0.0 0.0 0.0 0.0 0.0 0.0 0.0 0.0;
];
