function windprofile = ex_wind_profilesh1
%EX_WIND_PROFILE_D  Example wind_load_nyiso profile data for deterministic unit commitment.
% 2022.03.12
% Andres F. Ramirez


%% define constants
[GEN_BUS, PG, QG, QMAX, QMIN, VG, MBASE, GEN_STATUS, PMAX, PMIN, ...
    MU_PMAX, MU_PMIN, MU_QMAX, MU_QMIN, PC1, PC2, QC1MIN, QC1MAX, ...
    QC2MIN, QC2MAX, RAMP_AGC, RAMP_10, RAMP_30, RAMP_Q, APF] = idx_gen;
[CT_LABEL, CT_PROB, CT_TABLE, CT_TBUS, CT_TGEN, CT_TBRCH, CT_TAREABUS, ...
    CT_TAREAGEN, CT_TAREABRCH, CT_ROW, CT_COL, CT_CHGTYPE, CT_REP, ...
    CT_REL, CT_ADD, CT_NEWVAL, CT_TLOAD, CT_TAREALOAD, CT_LOAD_ALL_PQ, ...
    CT_LOAD_FIX_PQ, CT_LOAD_DIS_PQ, CT_LOAD_ALL_P, CT_LOAD_FIX_P, ...
    CT_LOAD_DIS_P, CT_TGENCOST, CT_TAREAGENCOST, CT_MODCOST_F, ...
    CT_MODCOST_X] = idx_ct;

windprofile = struct( ...
    'type', 'mpcData', ...
    'table', CT_TGEN, ...
    'rows', [1:45], ...
    'col', PMAX, ...
    'chgtype', 1, ...
    'values', [] );
windprofile.values(:,1,:) = [
	3.6568 49.4113 92.4102 117.2191 14.6831 32.6773 29.8189 18.3908 28.2243 29.5133 54.5549 81.3852 122.5249 68.1754 189.5317 71.405 88.5951 93.8843 83.2871 71.5339 9.9396 76.247 75.5429 86.2669 104.3641 73.6884 13.3902 1310.276 788.4738 788.4738 592.6711 113.4971 277.6236 184.1285 213.7392 336.4155 1303.2435 219.3329 459.909 279.5467 109.006 362.5001 199.8665 274.694 1316.819;
	3.604 48.6978 90.0583 116.3462 13.9985 31.1111 25.2616 18.5635 26.3274 28.8171 53.2679 79.4652 119.6345 66.917 184.5679 69.5349 86.2748 91.4255 78.6537 71.5676 8.4205 72.5925 72.4326 86.1107 101.9163 72.4268 13.3515 1337.0098 772.8414 772.8414 595.7842 105.5905 262.179 184.2151 209.7938 329.7457 1273.9003 224.5697 445.5451 272.9902 111.7932 345.1253 178.2064 264.0726 1287.1701;
	3.5559 48.0485 87.7331 111.0529 14.0704 32.5356 22.419 18.1742 28.0719 30.7506 56.8419 84.797 127.6614 68.677 199.813 75.2784 93.4009 98.9771 81.4911 73.382 7.473 75.9163 74.9913 85.6802 100.0447 74.3659 13.3163 1285.2944 774.4715 774.4715 626.1815 98.7284 271.6371 188.8855 215.3118 330.4412 1282.0888 230.7103 437.2249 267.9769 106.6831 360.9277 179.8041 260.408 1295.4439;
	3.5581 48.0774 89.127 115.0526 14.1313 31.8538 23.4554 18.1828 27.7317 30.9831 57.2718 85.4383 128.6269 69.4664 202.9341 76.4543 94.8599 100.5232 85.5669 73.8045 7.8185 74.3255 75.4144 88.2028 102.6111 71.5016 13.2346 1325.6294 771.8302 771.8302 639.856 96.3492 285.223 189.9731 217.7865 329.3142 1303.2136 244.0285 440.609 274.8511 105.4387 353.3644 150.2203 268.659 1316.7887;
	3.5571 48.0637 88.1573 111.7879 14.1455 31.9122 29.3207 17.4017 26.9416 31.1843 57.6438 85.9932 129.4623 67.8379 199.7947 75.2715 93.3924 98.9681 84.8859 73.556 9.7736 74.4619 75.724 86.6253 101.489 71.722 13.0612 1263.5069 759.6255 759.6255 623.1232 98.1608 282.9529 189.3333 212.681 324.1069 1255.8187 234.713 460.9605 271.8455 104.1621 354.0131 179.1709 260.6463 1268.9002;
	3.3188 44.8445 86.2777 106.145 13.9746 31.8476 26.8543 17.1752 26.0527 30.9639 57.2363 85.3853 128.5472 66.7029 203.1079 76.5197 94.9411 100.6092 85.8842 73.8438 8.9514 74.311 75.4335 84.5342 98.1771 70.4456 12.9371 1257.6678 735.7506 735.7506 634.6407 104.5075 286.2806 190.0742 209.1227 313.9202 1173.3188 233.0457 446.0525 262.9742 105.5093 353.2959 162.4636 259.2032 1185.5409;
	3.548 47.9415 85.1046 106.7459 13.2948 31.6747 29.5592 17.0781 25.7969 30.4593 56.3035 83.9938 126.4522 66.5173 203.6488 76.7235 95.194 100.8772 87.3262 73.9909 9.8531 73.9077 75.3117 85.4177 100.427 71.828 13.0172 1227.6665 688.3716 688.3716 603.4847 95.8737 291.0873 190.4528 208.5407 293.7052 1170.4819 263.8922 448.4461 269.001 104.8622 351.3783 142.1434 256.4991 1182.6744;
	3.5972 48.6065 86.2678 103.2397 12.8502 32.0901 29.1778 17.0101 25.9049 29.9434 55.35 82.5713 124.3106 68.4473 201.6362 75.9653 94.2532 99.8803 86.4868 73.0751 9.7259 74.877 73.8956 86.833 99.7636 69.6182 13.0559 1262.5598 678.7373 678.7373 587.6565 104.6438 288.2894 188.0955 214.5915 289.5946 1209.8711 272.6406 451.7157 267.224 112.2033 355.9867 139.2753 253.3409 1222.474;
	3.6702 49.5924 90.3792 116.863 14.3403 32.8653 29.949 18.2303 22.6785 30.1398 55.713 83.1128 125.1259 67.9443 202.1616 76.1632 94.4988 100.1405 89.8013 73.5042 9.983 76.6856 73.4682 88.8733 105.7693 70.3825 13.7305 1286.4224 753.4096 753.4096 717.3572 114.4676 299.3375 189.1999 213.0147 321.4548 1243.0009 295.1753 445.1497 283.3106 116.7384 364.5853 197.8879 262.9908 1255.9489;
	3.6767 49.6803 92.9439 117.7803 14.6121 33.246 19.5353 18.295 23.3372 29.6458 54.7997 81.7504 123.0748 66.973 202.4458 76.2703 94.6316 100.2813 87.6008 73.9607 6.5118 77.574 73.0187 90.0088 105.6093 69.7733 13.4298 1252.8385 764.2782 764.2782 695.3004 117.579 292.0026 190.375 209.9695 326.0921 1196.9013 317.5331 411.3246 282.882 117.9988 368.8092 200.1043 265.9839 1209.369;
	3.5634 48.1491 90.3266 112.5756 11.3119 32.0836 24.065 18.1311 20.6017 30.0469 55.5412 82.8566 124.7401 66.6465 199.5201 75.168 93.264 98.832 85.3346 73.6636 8.0217 74.8617 71.6727 88.6448 101.9615 69.2496 13.5917 1232.3593 764.6175 764.6175 734.3825 112.7351 284.4487 189.6104 208.9458 326.2368 1238.7247 321.7476 422.0123 273.1111 119.1161 355.9137 197.0176 259.7697 1251.6281;
	3.7086 50.1108 90.3099 115.4524 14.2816 32.8425 26.6018 18.3677 26.3899 28.5717 52.8144 78.7887 118.616 68.7105 201.5475 75.9319 94.2118 99.8363 85.6997 72.5845 8.8673 76.6324 70.9031 89.649 104.0729 67.6964 13.6918 1264.5509 791.2384 791.2384 775.2546 118.9247 285.6657 186.8326 215.4166 337.5951 1257.9766 326.5755 455.9699 278.7668 122.1247 364.3323 197.1182 242.3028 1271.0805;
	3.7916 51.2327 88.7475 110.7177 14.6928 33.6488 26.4562 18.1097 26.1616 29.4096 54.3633 81.0993 122.0946 68.5083 198.8834 74.9282 92.9664 98.5167 87.4374 70.93 8.8187 78.5139 71.7093 88.6792 102.6756 69.4283 13.4846 1235.067 799.9082 799.9082 765.9379 120.2933 291.458 182.5739 214.7828 341.2942 1242.2312 331.7703 446.6238 275.0239 117.4119 373.2773 199.6819 261.6649 1255.1711;
	3.8476 51.9897 90.5231 117.3533 14.6772 32.9937 25.8962 18.4703 27.3293 29.5819 54.6816 81.5742 122.8096 68.3621 202.0756 76.1308 94.4586 100.0979 85.42 72.823 8.6321 76.9854 72.7949 90.0995 106.4796 73.26 13.7684 1210.674 768.2681 768.2681 735.3307 118.0847 284.7334 187.4465 214.3245 327.7944 1215.1937 322.9629 445.6384 285.2133 117.3457 366.0104 198.4505 267.8293 1227.852;
	3.7629 50.8444 88.6811 113.8329 14.2475 32.918 23.3707 18.003 27.2651 28.8612 53.3495 79.5869 119.8176 68.0198 195.7854 73.761 91.5183 96.9821 85.969 71.0944 7.7902 76.8088 73.5217 89.4399 103.368 70.0212 13.5397 1227.575 751.3459 751.3459 761.3257 117.8263 286.5634 182.9971 213.2514 320.5742 1227.6233 331.65 447.1419 276.8786 117.0358 365.1708 195.9265 265.4691 1240.411;
	3.7591 50.7941 87.2232 113.0304 14.6932 32.3702 24.4262 18.2489 27.1612 29.1407 53.8661 80.3577 120.978 64.8431 182.2248 68.6521 85.1795 90.2648 85.7406 69.677 8.1421 75.5304 70.9898 89.5302 103.8429 70.0816 13.5169 1192.8207 748.3542 748.3542 737.6001 114.6038 285.8021 179.3488 203.2919 319.2978 1170.1459 321.5127 442.3859 278.1506 116.2248 359.0929 193.2561 273.6073 1182.335;
	3.8082 51.4566 90.8236 113.2721 14.518 30.3023 21.6506 18.333 26.0157 29.197 53.9702 80.5129 121.2117 62.8854 186.3389 70.2021 87.1026 92.3028 74.7496 69.2095 7.2169 70.7054 71.3672 89.4618 105.8674 60.5709 13.0377 1144.927 702.7258 702.7258 591.6818 108.8741 249.1654 178.1454 197.1541 299.8297 1119.1776 293.7137 434.2293 283.5733 115.0666 336.1536 179.3947 260.0208 1130.8357;
	3.7628 50.8436 90.949 109.9467 14.155 26.0508 18.7167 14.488 25.9155 29.9937 55.443 82.71 124.5195 63.5045 186.5858 70.2951 87.218 92.425 81.3963 70.1359 6.2389 60.7852 72.9973 88.4023 104.736 72.4624 10.8641 1185.091 710.2986 710.2986 604.6228 109.2704 271.321 180.5299 199.0952 303.0607 1164.2078 273.1465 440.024 280.543 120.4447 288.9903 161.8081 240.7416 1176.335;
