function loadprofile = ex_load_profilesh1
%EX_LOAD_PROFILE  Example load profile data file for stochastic unit commitment.
% 2022.03.12
% Andres F. Ramirez

%% define constants
[CT_LABEL, CT_PROB, CT_TABLE, CT_TBUS, CT_TGEN, CT_TBRCH, CT_TAREABUS, ...
    CT_TAREAGEN, CT_TAREABRCH, CT_ROW, CT_COL, CT_CHGTYPE, CT_REP, ...
    CT_REL, CT_ADD, CT_NEWVAL, CT_TLOAD, CT_TAREALOAD, CT_LOAD_ALL_PQ, ...
    CT_LOAD_FIX_PQ, CT_LOAD_DIS_PQ, CT_LOAD_ALL_P, CT_LOAD_FIX_P, ...
    CT_LOAD_DIS_P, CT_TGENCOST, CT_TAREAGENCOST, CT_MODCOST_F, ...
    CT_MODCOST_X] = idx_ct;

loadprofile = struct( ...
    'type', 'mpcData', ...
    'table', CT_TAREALOAD, ...
    'rows', [1:11], ...
    'col', CT_LOAD_ALL_P, ...
    'chgtype', 1, ...
    'values', [] );
loadprofile.values(:,1,:) = [
	1523.8901 901.4094 1591.2709 543.9 807.7479 1044.7154 818.9 222.802 490.9687 4341.2638 1663.6451;
	1524.0986 878.9636 1534.8111 541.1 815.2879 1022.7719 788.7908 193.0843 462.3698 4132.3983 1609.9903;
	1524.2 896.3 1616.571 538.656 838.9126 1014.1883 792.9663 220.1035 479.4266 4194.3298 1621.9011;
	1570.2 935.4318 1649.0412 548.5863 877.7715 1063.0307 831.3 227.2305 485.9081 4244.8031 1661.0719;
	1649.7 994.6902 1761.9488 559.499 882.1568 1095.3135 877.4476 253.1238 524.2434 4348.5995 1752.6435;
	1691.4907 1066.6826 1801.6555 581.01 937.9639 1158.1203 939.8867 271.6 580.7988 4539.9424 1860.8122;
	1776.6321 1116.7811 1910.1606 575.8 1001.4692 1239.2383 1004.3 289.3146 628.3333 4907.7369 1978.5;
	1786.5541 1152.4353 1972.0174 577.8091 1057.1035 1298.2727 1037.6471 314.3302 672.7264 5168.2143 2071.2;
	1760.4027 1127.473 1928.1718 576.7 1049.9846 1258.0636 1092.7756 321.5456 681.9947 5271.9473 2096.0897;
	1756.4255 1128.4266 1935.3789 567.1231 1046.4 1272.0271 1089.3 323.3397 681.9009 5291.455 2060.3451;
	1747.3684 1100.0194 1891.1156 579.1 1029.1761 1277.4271 1079.7484 320.0 675.2763 5337.4433 2063.3897;
	1767.3155 1098.4589 1867.591 575.0506 1018.5573 1295.0633 1063.5079 301.0174 665.8548 5265.6761 1986.0055;
	1749.1 1070.7428 1797.8598 564.4 1016.4681 1307.1673 1100.3975 289.0 693.3555 5303.2159 2010.7852;
	1734.3 1066.3424 1798.6707 545.9275 1011.2786 1291.0862 1119.6446 275.4583 710.2134 5265.3206 2021.4593;
	1742.8777 1066.8849 1788.728 557.1833 1007.8827 1286.6366 1115.3519 271.4174 682.4448 5038.3629 1963.5218;
	1747.5607 1093.2561 1875.0175 559.555 1035.2497 1345.4145 1193.1347 290.9342 732.899 5309.918 2164.1432;
	1722.1216 1099.8552 1912.2518 581.2248 1046.8677 1387.9946 1232.7141 305.7312 679.3989 5392.0171 2213.4;
	1831.5225 1158.61 1970.0055 587.2 1072.0929 1474.315 1275.282 325.6631 698.1986 5593.9568 2422.0379;
	1848.7528 1191.1303 1983.2968 595.6749 1030.7978 1451.2225 1246.4557 325.0268 700.3133 5567.6803 2344.9596;
	1840.3971 1135.7 1951.7478 573.1421 1008.5771 1418.7157 1235.4566 329.4 677.7947 5681.0762 2324.4549;
	1779.4275 1081.6 1851.2781 570.2359 948.1271 1330.4114 1165.9097 310.496 669.1255 5517.0217 2176.4287;
	1687.8842 1003.1425 1737.1746 545.3131 895.5188 1248.0547 1061.2417 285.2252 628.037 5218.9682 2045.0068;
	1681.6779 978.5 1721.3 579.3472 894.3876 1263.2713 1048.1914 263.3027 568.6815 5077.5066 1929.9584;
	1609.4583 951.9335 1684.8362 549.9582 906.4453 1179.7422 976.5844 246.1 547.0 5068.8573 1887.3873;
];
