function windprofile = ex_wind_profilesh1
%EX_WIND_PROFILE_D  Example wind_load_nyiso profile data for deterministic unit commitment.
% 2022.03.12
% Andres F. Ramirez


%% define constants
[GEN_BUS, PG, QG, QMAX, QMIN, VG, MBASE, GEN_STATUS, PMAX, PMIN, ...
    MU_PMAX, MU_PMIN, MU_QMAX, MU_QMIN, PC1, PC2, QC1MIN, QC1MAX, ...
    QC2MIN, QC2MAX, RAMP_AGC, RAMP_10, RAMP_30, RAMP_Q, APF] = idx_gen;
[CT_LABEL, CT_PROB, CT_TABLE, CT_TBUS, CT_TGEN, CT_TBRCH, CT_TAREABUS, ...
    CT_TAREAGEN, CT_TAREABRCH, CT_ROW, CT_COL, CT_CHGTYPE, CT_REP, ...
    CT_REL, CT_ADD, CT_NEWVAL, CT_TLOAD, CT_TAREALOAD, CT_LOAD_ALL_PQ, ...
    CT_LOAD_FIX_PQ, CT_LOAD_DIS_PQ, CT_LOAD_ALL_P, CT_LOAD_FIX_P, ...
    CT_LOAD_DIS_P, CT_TGENCOST, CT_TAREAGENCOST, CT_MODCOST_F, ...
    CT_MODCOST_X] = idx_ct;

windprofile = struct( ...
    'type', 'mpcData', ...
    'table', CT_TGEN, ...
    'rows', [1:45], ...
    'col', PMAX, ...
    'chgtype', 1, ...
    'values', [] );
windprofile.values(:,1,:) = [
	3.8755 52.3661 91.0561 116.5305 14.5507 33.8373 27.4531 18.5178 26.2942 28.9865 53.5812 79.9326 120.3381 66.0159 204.9598 77.2174 95.8068 101.5266 88.6762 73.6036 9.151 78.9536 74.4052 86.6311 104.4041 72.8139 13.8342 1300.93 730.0797 730.0797 582.8933 109.6444 295.5873 189.4559 206.9689 311.5007 1231.6495 228.9437 438.496 279.6538 119.3284 375.3682 199.8671 273.1937 1244.4791;
	3.8581 52.131 89.5584 112.8736 14.8364 33.3543 24.451 18.9373 26.499 30.2981 56.0057 83.5494 125.7832 66.055 203.8633 76.8043 95.2942 100.9835 91.6008 73.9435 8.1503 77.8267 74.0585 88.0266 103.6365 72.9321 14.0156 1336.4052 736.5447 736.5447 622.5778 100.1897 305.3361 190.3307 207.0914 314.2591 1228.088 223.4971 447.5761 277.5978 119.6327 370.0103 186.5552 263.0277 1240.8806;
	3.8316 51.7732 87.27 113.156 14.6934 33.9342 21.1849 18.7155 27.1534 31.1137 57.5131 85.7983 129.1688 64.1603 206.1994 77.6844 96.3862 102.1406 92.926 73.9921 7.0616 79.1799 75.7813 88.0626 103.748 75.4852 14.0427 1339.1887 744.0976 744.0976 648.6719 94.5857 309.7532 190.4558 201.1513 317.4816 1286.741 226.4937 422.1841 277.8965 122.8024 376.4438 185.9269 258.6691 1300.1446;
	3.6942 49.9173 87.1139 111.9991 14.9124 32.7181 23.9959 18.2036 26.5738 30.1999 55.824 83.2784 125.3752 66.4586 205.8072 77.5367 96.2029 101.9463 92.7191 73.8464 7.9986 76.3423 73.4188 87.4254 101.9794 71.6812 13.8057 1326.9979 771.102 771.102 656.5183 101.699 309.0637 190.0808 208.3566 329.0035 1272.0943 242.1902 441.0374 273.1592 123.0807 362.9533 158.7186 260.0542 1285.3453;
	3.8322 51.7819 89.6579 114.137 15.0475 34.3563 29.7235 17.9422 28.0812 30.8105 56.9527 84.9622 127.9101 67.2492 201.6664 75.9767 94.2673 99.8952 90.3839 73.6692 9.9078 80.1648 75.0842 87.8032 102.9648 72.4063 13.4904 1302.8575 776.9235 776.9235 707.7343 107.5668 301.2797 189.6247 210.8353 331.4874 1276.4269 255.0163 473.0325 275.7985 122.2645 381.1264 195.3761 261.4491 1289.723;
	3.8742 52.3492 88.2922 114.6002 15.1659 34.9978 28.7733 17.8622 27.6622 30.6317 56.6223 84.4693 127.168 67.3587 203.7139 76.748 95.2244 100.9094 92.2392 72.4262 9.5911 81.6615 75.42 87.5542 101.4268 69.5873 13.0248 1290.8249 780.6181 780.6181 749.5625 112.1584 307.464 186.4253 211.1787 333.0637 1248.1729 254.5939 461.0545 271.6789 121.0257 388.2419 195.3544 262.5355 1261.1747;
	3.88 52.4267 89.0996 115.7125 15.3085 34.8888 30.973 18.346 26.7504 30.9922 57.2887 85.4635 128.6648 68.3426 198.153 74.653 92.625 98.1549 87.3507 72.1044 10.3243 81.4073 75.7359 88.5542 101.609 71.2427 13.5019 1267.7525 770.3086 770.3086 747.4264 114.6379 291.1691 185.5968 214.2632 328.665 1233.7691 293.7737 468.0976 272.167 122.8381 387.0335 178.7445 259.4281 1246.6209;
	3.8365 51.8394 89.4019 118.8957 15.3473 34.9828 29.8125 17.813 26.8792 31.0536 57.4022 85.6327 128.9196 68.2534 198.1594 74.6554 92.628 98.158 86.3347 71.6523 9.9375 81.6266 75.6577 89.1971 99.8766 70.6504 13.3993 1250.8103 758.8395 758.8395 692.7297 114.3214 287.7822 184.4333 213.9836 323.7715 1196.9048 275.9446 464.1207 267.5266 123.2186 388.076 188.7739 268.1566 1209.3726;
	3.7171 50.226 88.5964 116.5904 15.1208 34.2723 30.8452 17.2707 26.4896 31.2231 57.7155 86.1002 129.6234 68.8604 198.4996 74.7836 92.787 98.3265 90.4381 72.2579 10.2817 79.9688 75.6595 88.3143 100.1394 69.4146 12.9854 1259.5188 803.7357 803.7357 778.597 118.8467 301.4603 185.9921 215.8867 342.9272 1232.1718 309.0369 462.416 268.2306 122.7191 380.1945 204.5486 263.1011 1245.007;
	3.6083 48.7554 87.8134 117.4006 15.0693 33.4755 23.7188 17.059 25.8645 29.6454 54.799 81.7494 123.0732 67.764 193.1823 72.7803 90.3015 95.6926 86.2067 71.9709 7.9063 78.1095 73.024 88.4534 100.5439 68.34 12.8474 1243.8778 806.9508 806.9508 741.9502 120.5686 287.3555 185.2532 212.4492 344.299 1220.7786 308.1224 442.955 269.314 122.4669 371.355 201.1688 247.0742 1233.4951;
	3.6264 49.0006 86.3835 114.6221 14.8904 32.3236 24.6904 17.1034 23.9514 30.6354 56.6291 84.4794 127.1833 65.7404 190.5501 71.7886 89.0711 94.3887 85.6887 71.7747 8.2301 75.4217 73.5096 85.8221 98.2958 62.8581 12.8908 1244.2093 781.2808 781.2808 729.4634 117.228 285.629 184.7482 206.1052 333.3465 1230.6635 294.7885 436.6888 263.2924 119.9575 358.5765 190.9167 229.8968 1243.4829;
	3.5748 48.3039 87.1329 115.7487 15.1677 32.6567 23.6368 17.3399 26.2254 29.5636 54.6479 81.5239 122.7338 65.09 193.9497 73.0694 90.6602 96.0727 87.6358 69.8695 7.8789 76.199 73.7046 88.024 100.8425 59.0434 12.9265 1231.86 756.4873 756.4873 726.6823 118.2517 292.1194 179.8442 204.0661 322.7679 1214.6968 305.7384 445.755 270.1138 122.833 362.272 197.6458 252.1037 1227.3499;
	3.7101 50.1322 90.9405 118.4895 15.208 33.6083 25.1999 18.0549 26.47 29.5904 54.6974 81.5977 122.845 67.5257 193.9727 73.0781 90.671 96.0841 86.7167 69.3879 8.4 78.4194 73.1586 85.9006 103.8549 69.2417 13.5895 1257.579 785.5408 785.5408 719.7299 115.3078 289.0557 178.6046 211.7021 335.1641 1243.9949 315.818 441.9436 278.1828 123.3659 372.8284 206.9749 265.7425 1256.9531;
	3.8642 52.2143 93.0296 120.426 15.3298 34.3771 25.3996 18.3169 25.9613 29.4929 54.5172 81.329 122.4403 67.827 190.259 71.679 88.935 94.2446 84.7977 71.1137 8.4665 80.2132 72.7453 88.3022 103.8218 71.6438 13.5076 1258.716 755.5492 755.5492 734.181 119.821 282.6589 183.0469 212.6469 322.3677 1238.0136 313.1254 446.2439 278.0941 122.5055 381.3565 201.0818 274.5269 1250.9095;
	3.8321 51.7797 94.3365 120.7657 15.2155 33.8229 22.3765 19.0527 26.4539 29.7556 55.0027 82.0533 123.5307 69.715 189.5553 71.4138 88.6061 93.896 87.948 69.6315 7.4588 78.9201 74.4594 89.9785 106.3345 73.9082 13.7116 1258.2341 760.854 760.854 748.7343 120.1731 293.1599 179.2316 218.566 324.6311 1239.1963 318.0629 457.1664 284.8245 122.5256 375.2087 201.01 280.8647 1252.1046;
	3.7455 50.6106 91.2415 116.6374 14.7109 32.3948 22.5854 18.5786 26.6827 29.8599 55.1956 82.341 123.9639 68.6258 189.3784 71.3472 88.5234 93.8084 89.3117 70.3542 7.5285 75.588 72.241 88.1389 101.3168 71.847 13.458 1218.5464 727.1157 727.1157 679.867 118.0888 297.7057 181.092 215.1513 310.236 1150.7201 301.4807 451.8293 271.3844 122.2991 359.3668 193.0419 269.653 1162.7067;
	3.7834 51.1221 89.8654 110.3002 14.9738 30.9948 21.8599 18.7512 26.9669 30.5214 56.4183 84.165 126.71 66.2581 202.9458 76.4586 94.8653 100.5289 91.8973 73.1115 7.2866 72.3212 73.0492 86.2639 100.8725 62.1644 13.2042 1135.6211 704.1466 704.1466 612.9786 113.2834 306.3245 188.1891 207.7281 300.4359 1075.6299 291.1778 454.7902 270.1941 119.3793 343.8358 175.9055 249.3472 1086.8343;
	3.8786 52.4083 91.8976 106.7154 15.1668 31.0989 16.9156 14.9934 26.1745 29.7055 54.9102 81.9152 123.3228 68.1996 189.1405 71.2576 88.4122 93.6905 90.5885 68.4116 5.6385 72.5641 74.7714 85.5574 100.9164 74.7184 10.8074 1188.6923 678.7787 678.7787 599.4213 111.1411 301.9615 176.0915 213.8151 289.6123 1111.1489 267.2637 442.8634 270.3119 116.3088 344.9904 170.0261 237.4663 1122.7234;
