function solarprofile = ex_solar_profilesh1
%EX_WIND_PROFILE_D  Example wind_load_nyiso profile data for deterministic unit commitment.
% 2022.03.12
% Andres F. Ramirez


%% define constants
[GEN_BUS, PG, QG, QMAX, QMIN, VG, MBASE, GEN_STATUS, PMAX, PMIN, ...
    MU_PMAX, MU_PMIN, MU_QMAX, MU_QMIN, PC1, PC2, QC1MIN, QC1MAX, ...
    QC2MIN, QC2MAX, RAMP_AGC, RAMP_10, RAMP_30, RAMP_Q, APF] = idx_gen;
[CT_LABEL, CT_PROB, CT_TABLE, CT_TBUS, CT_TGEN, CT_TBRCH, CT_TAREABUS, ...
    CT_TAREAGEN, CT_TAREABRCH, CT_ROW, CT_COL, CT_CHGTYPE, CT_REP, ...
    CT_REL, CT_ADD, CT_NEWVAL, CT_TLOAD, CT_TAREALOAD, CT_LOAD_ALL_PQ, ...
    CT_LOAD_FIX_PQ, CT_LOAD_DIS_PQ, CT_LOAD_ALL_P, CT_LOAD_FIX_P, ...
    CT_LOAD_DIS_P, CT_TGENCOST, CT_TAREAGENCOST, CT_MODCOST_F, ...
    CT_MODCOST_X] = idx_ct;

solarprofile = struct( ...
    'type', 'mpcData', ...
    'table', CT_TGEN, ...
    'rows', [1:12], ...
    'col', PMAX, ...
    'chgtype', 1, ...
    'values', [] );
solarprofile.values(:,1,:) = [
	0.0 0.0 0.0 0.0 0.0 0.0 0.0 0.0 0.0 0.0 0.0 0.0;
	0.0 0.0 0.0 0.0 0.0 0.0 0.0 0.0 0.0 0.0 0.0 0.0;
	0.0 0.0 0.0 0.0 0.0 0.0 0.0 0.0 0.0 0.0 0.0 0.0;
	0.0 0.0 0.0 0.0 0.0 0.0 0.0 0.0 0.0 0.0 0.0 0.0;
	0.0 0.0 0.0 0.0 0.0 0.0 0.0 0.0 0.0 0.0 0.0 0.0;
	1.022 0.829 0.7016 0.0 0.0011 12.9176 1.6147 4.5716 0.8626 0.0 0.0 0.0;
	9.1484 7.0607 6.6238 1.5736 1.7005 91.2726 11.4091 18.0491 36.9268 72.3559 34.4913 131.037;
	19.7047 15.4196 13.5033 3.5957 3.6888 225.6209 28.2026 48.089 78.0367 183.9191 81.208 333.0785;
	24.0552 16.6571 13.9155 6.5769 6.0476 324.1899 40.5237 56.4933 127.3178 287.7435 124.1621 521.1053;
	25.6788 16.3661 13.8 5.08 6.3607 266.8088 33.3511 52.7459 134.3865 269.9168 145.1939 488.8209;
	25.6806 16.5136 13.8 4.1514 7.5371 158.5286 19.8161 52.429 139.4853 289.9611 155.7977 525.1213;
	25.6262 16.5214 13.8 3.9133 8.2574 126.9167 15.8646 55.0484 151.5036 289.1994 154.2738 523.7419;
	24.3957 15.9262 13.4455 6.2987 7.0778 89.1986 11.1498 61.8637 134.8661 182.2023 83.8571 329.9694;
	22.7103 15.9312 13.3423 6.7469 5.1072 84.4559 10.557 61.4692 113.2195 150.4483 68.0259 272.4628;
	19.4706 13.8847 11.2963 8.0525 3.2895 63.5997 7.95 56.7072 81.4785 99.9661 67.2785 181.0392;
	9.393 7.9476 5.7944 9.274 2.5436 39.8831 4.9854 33.311 42.3078 28.9329 64.9421 52.3976;
	1.2897 1.1867 0.8446 1.8369 2.0571 62.6844 7.8356 14.4195 32.7766 13.2826 15.0412 24.0548;
	0.0 0.0 0.0 0.0 0.0 0.0 0.0 0.0 0.0 0.0 0.0 0.0;
	0.0 0.0 0.0 0.0 0.0 0.0 0.0 0.0 0.0 0.0 0.0 0.0;
	0.0 0.0 0.0 0.0 0.0 0.0 0.0 0.0 0.0 0.0 0.0 0.0;
	0.0 0.0 0.0 0.0 0.0 0.0 0.0 0.0 0.0 0.0 0.0 0.0;
	0.0 0.0 0.0 0.0 0.0 0.0 0.0 0.0 0.0 0.0 0.0 0.0;
	0.0 0.0 0.0 0.0 0.0 0.0 0.0 0.0 0.0 0.0 0.0 0.0;
	0.0 0.0 0.0 0.0 0.0 0.0 0.0 0.0 0.0 0.0 0.0 0.0;
];
