function loadprofile = ex_load_profilesh1
%EX_LOAD_PROFILE  Example load profile data file for stochastic unit commitment.
% 2022.03.12
% Andres F. Ramirez

%% define constants
[CT_LABEL, CT_PROB, CT_TABLE, CT_TBUS, CT_TGEN, CT_TBRCH, CT_TAREABUS, ...
    CT_TAREAGEN, CT_TAREABRCH, CT_ROW, CT_COL, CT_CHGTYPE, CT_REP, ...
    CT_REL, CT_ADD, CT_NEWVAL, CT_TLOAD, CT_TAREALOAD, CT_LOAD_ALL_PQ, ...
    CT_LOAD_FIX_PQ, CT_LOAD_DIS_PQ, CT_LOAD_ALL_P, CT_LOAD_FIX_P, ...
    CT_LOAD_DIS_P, CT_TGENCOST, CT_TAREAGENCOST, CT_MODCOST_F, ...
    CT_MODCOST_X] = idx_ct;

loadprofile = struct( ...
    'type', 'mpcData', ...
    'table', CT_TAREALOAD, ...
    'rows', [1:11], ...
    'col', CT_LOAD_ALL_P, ...
    'chgtype', 1, ...
    'values', [] );
loadprofile.values(:,1,:) = [
	1552.5415 907.8734 1504.9381 533.3917 744.6492 1021.901 799.0504 220.3451 501.7667 4333.5633 1693.3781;
	1545.9765 909.7169 1509.1646 540.7 742.4474 1007.9102 794.2118 210.0281 489.0 4252.8192 1679.22;
	1521.1 912.6113 1530.3499 550.3109 762.1712 1048.816 806.1477 225.5518 500.4506 4219.1557 1677.7105;
	1590.146 953.3542 1595.4668 544.6498 802.9899 1076.3041 817.5594 235.9317 500.9859 4335.2657 1754.5826;
	1657.9763 1006.6 1667.9858 556.9162 866.8528 1127.5871 852.008 248.7682 534.5348 4560.7673 1914.9579;
	1716.7609 1067.135 1748.6183 584.8601 932.2021 1204.4405 953.0352 264.0 584.9004 4843.0922 2045.6998;
	1746.879 1100.4 1843.8389 595.7057 941.2559 1266.3773 987.4481 278.7257 630.4017 5093.8389 2073.8397;
	1781.4739 1123.9624 1891.2426 596.6 983.8396 1283.2481 998.1265 274.1006 629.276 5283.9337 2088.5;
	1783.5 1148.4198 1918.3557 579.4 1013.0445 1359.7036 1001.929 290.2 637.0 5423.9247 2121.94;
	1775.8138 1153.8974 1913.1093 569.4 978.6702 1391.2232 1000.8223 305.9228 649.7998 5424.5747 2108.5723;
	1726.7957 1119.5266 1875.7727 556.2229 964.4779 1354.0779 955.418 288.3 629.2538 5441.2362 2073.4;
	1740.2383 1166.7695 1883.4909 543.9956 965.8134 1365.3018 999.8479 303.6627 643.1867 5529.9897 2119.202;
	1705.9958 1184.3098 1831.9175 545.9 934.8772 1341.6 969.2974 296.769 637.3746 5553.2423 2166.5865;
	1672.7871 1118.6897 1796.7485 543.2343 901.5661 1256.3388 917.0768 284.5608 601.8968 5284.1287 2000.4531;
	1659.7636 1091.2017 1790.9985 540.2595 887.8685 1216.3525 954.8632 288.0324 608.4139 5276.5245 1980.3796;
	1664.6047 1124.2654 1804.4811 563.2 921.7032 1302.6 969.4115 292.0713 605.4812 5316.6124 2028.3277;
	1630.1503 1126.7093 1844.0668 565.5928 933.8791 1360.464 1016.5029 314.9 621.9923 5322.3838 2089.2317;
	1696.0795 1186.7525 1937.1444 584.4 1011.4 1409.4709 1083.404 327.0518 669.9 5435.1649 2210.4053;
	1737.4399 1185.1747 1915.2919 571.2781 995.2525 1389.0198 1080.8 342.3235 660.3681 5372.1932 2217.7;
	1717.9936 1148.8475 1904.0517 565.4723 960.4282 1378.2613 1070.2865 344.5398 649.1751 5349.664 2205.2581;
	1704.8611 1094.407 1831.1773 549.7 936.7234 1311.5845 1035.5927 334.4676 636.9363 5180.6065 2076.6232;
	1662.1 1024.5587 1699.7599 541.409 880.5913 1217.6832 974.9874 310.8954 603.7605 4970.4565 1978.0888;
	1568.8965 1000.4 1701.8926 567.4 882.4364 1244.0953 988.1985 306.0714 595.4738 5139.9889 1975.5319;
	1576.0535 1006.4119 1691.216 581.859 846.6656 1215.2368 949.5922 279.6656 604.9343 4988.3139 1887.3334;
];
