function windprofile = ex_wind_profilesh1
%EX_WIND_PROFILE_D  Example wind_load_nyiso profile data for deterministic unit commitment.
% 2022.03.12
% Andres F. Ramirez


%% define constants
[GEN_BUS, PG, QG, QMAX, QMIN, VG, MBASE, GEN_STATUS, PMAX, PMIN, ...
    MU_PMAX, MU_PMIN, MU_QMAX, MU_QMIN, PC1, PC2, QC1MIN, QC1MAX, ...
    QC2MIN, QC2MAX, RAMP_AGC, RAMP_10, RAMP_30, RAMP_Q, APF] = idx_gen;
[CT_LABEL, CT_PROB, CT_TABLE, CT_TBUS, CT_TGEN, CT_TBRCH, CT_TAREABUS, ...
    CT_TAREAGEN, CT_TAREABRCH, CT_ROW, CT_COL, CT_CHGTYPE, CT_REP, ...
    CT_REL, CT_ADD, CT_NEWVAL, CT_TLOAD, CT_TAREALOAD, CT_LOAD_ALL_PQ, ...
    CT_LOAD_FIX_PQ, CT_LOAD_DIS_PQ, CT_LOAD_ALL_P, CT_LOAD_FIX_P, ...
    CT_LOAD_DIS_P, CT_TGENCOST, CT_TAREAGENCOST, CT_MODCOST_F, ...
    CT_MODCOST_X] = idx_ct;

windprofile = struct( ...
    'type', 'mpcData', ...
    'table', CT_TGEN, ...
    'rows', [1:45], ...
    'col', PMAX, ...
    'chgtype', 1, ...
    'values', [] );
windprofile.values(:,1,:) = [
	3.5896 48.5039 90.1958 119.2573 13.9411 32.1962 29.246 18.729 26.7414 28.7386 53.1229 79.249 119.3089 69.3854 196.6128 74.0727 91.905 97.3919 89.8485 70.1578 9.7487 75.1244 74.2714 84.7378 104.4077 72.3201 13.5442 1267.7012 752.9897 752.9897 581.6257 102.5483 299.495 180.5865 217.5327 321.2756 1238.0078 203.251 452.1321 279.6634 119.8067 357.1631 197.9234 278.1928 1250.9038;
	3.7282 50.3757 90.8804 116.5066 14.2026 31.4411 27.5149 18.5013 27.1108 29.511 54.5506 81.3788 122.5153 68.6218 196.0591 73.8641 91.6462 97.1177 88.3759 72.464 9.1716 73.3626 73.5359 86.5582 103.2912 72.2763 13.1526 1286.1255 762.9805 762.9805 625.0794 103.8298 294.5862 186.5224 215.1385 325.5384 1214.2002 201.5173 456.1059 276.6727 115.8449 348.7867 191.0173 275.7486 1226.8481;
	3.5695 48.2318 87.4443 114.5664 14.0063 31.2222 22.6396 18.1506 27.6717 29.5557 54.6332 81.502 122.7008 66.0067 195.5368 73.6674 91.4021 96.8589 90.8366 70.7105 7.5465 72.8519 70.9967 86.4043 101.0481 74.1512 13.2025 1281.5308 751.2344 751.2344 635.8886 97.124 302.7886 182.0091 206.9398 320.5267 1267.5354 203.5934 414.241 270.6647 117.6805 346.3588 186.2403 267.7184 1280.7389;
	3.6473 49.2824 90.7615 117.3501 14.529 30.7984 23.5528 17.9384 27.2669 30.3037 56.016 83.5648 125.8063 65.2786 197.9365 74.5714 92.5238 98.0476 87.6799 71.2887 7.8509 71.863 71.5914 87.8108 100.938 73.4241 13.1206 1279.2313 738.4683 738.4683 611.7618 94.6069 292.2662 183.4973 204.6573 315.0798 1234.4269 223.6774 409.6316 270.3697 118.2808 341.657 156.7699 277.248 1247.2855;
	3.6375 49.1509 90.1334 119.8643 14.6667 31.3202 30.9017 18.659 26.9295 30.6514 56.6587 84.5236 127.2498 66.3034 200.8759 75.6788 93.8978 99.5037 87.6381 72.1206 10.3006 73.0804 74.4429 88.0565 102.8349 74.8286 13.4051 1281.5297 755.019 755.019 677.4312 102.8512 292.127 185.6385 207.8702 322.1414 1251.9661 231.6029 435.2837 275.4505 121.2331 347.4452 186.6693 279.4475 1265.0075;
	3.6944 49.92 86.8438 114.6534 14.1775 31.9149 30.6534 18.5921 27.3325 30.4891 56.3585 84.0759 126.5758 67.2634 199.3729 75.1126 93.1952 98.7591 87.5034 69.6496 10.2178 74.4681 73.5687 84.9774 99.7388 70.8132 13.2414 1290.3424 752.3127 752.3127 706.4667 102.811 291.678 179.2782 210.8799 320.9867 1245.2901 227.567 448.6794 267.1574 121.1307 354.0426 176.4352 268.8791 1258.2619;
	3.5978 48.6148 86.6209 111.6187 14.0872 31.7298 32.2486 18.4618 27.2774 30.5269 56.4284 84.1801 126.7327 68.2286 198.5888 74.8172 92.8287 98.3707 91.8449 70.9945 10.7495 74.0362 73.7598 85.4169 100.81 72.4531 13.0965 1310.6324 753.9465 753.9465 712.7861 101.9118 306.1496 182.7401 213.9059 321.6838 1290.8847 272.7058 464.3372 270.0268 121.6187 351.9892 159.1899 258.0672 1304.3314;
	3.7129 50.1701 88.0791 116.8706 14.2 32.1437 32.1267 18.2529 27.8781 30.4793 56.3405 84.0489 126.5352 66.8475 203.2255 76.564 94.9961 100.6675 92.6095 70.4633 10.7089 75.0021 72.8444 87.2496 98.6276 72.3258 12.8959 1337.1261 793.2906 793.2906 736.4275 108.0106 308.6983 181.3728 209.5758 338.4707 1334.3652 287.4623 472.4038 264.1811 120.0394 356.5812 165.4385 264.6623 1348.2649;
	3.6497 49.3154 88.1102 117.2361 14.4336 31.6573 32.4353 17.328 27.5162 29.9411 55.3457 82.5648 124.3009 66.6204 198.3797 74.7384 92.731 98.2671 91.1466 70.1298 10.8118 73.8671 71.8505 86.6744 97.6194 71.2691 11.4389 1323.2939 793.4303 793.4303 747.2391 112.5399 303.8221 180.5144 208.864 338.5303 1329.191 284.8112 465.0787 261.4807 119.5941 351.1851 198.7216 260.6717 1343.0367;
	3.4159 46.1559 91.5696 116.4657 11.6054 30.2476 27.0917 17.9944 26.6805 30.3421 56.087 83.6707 125.9658 63.1089 193.2477 72.8049 90.332 95.725 90.0662 68.7096 9.0306 70.5778 73.8316 88.1655 100.2213 72.0816 12.6326 1279.226 787.2525 787.2525 695.2002 116.4709 300.2208 176.8586 197.8549 335.8944 1266.3088 305.7981 452.4556 268.45 115.6298 335.5469 194.9053 256.7677 1279.4995;
	3.6686 49.571 88.9279 117.2717 14.2388 32.5425 29.5987 18.2355 27.0595 31.1353 57.553 85.8578 129.2585 63.6335 197.6753 74.473 92.4017 97.9182 92.2753 71.4778 9.8662 75.9325 73.9629 86.4724 98.766 74.1379 13.0572 1300.6237 821.4995 821.4995 764.1327 120.1085 307.5845 183.9839 199.4996 350.5065 1332.8925 322.2552 470.0537 264.5518 119.0633 361.005 203.3304 252.8686 1346.7768;
	3.7451 50.6047 90.9037 118.6153 14.668 32.5049 27.919 18.3739 27.306 30.4764 56.3352 84.041 126.5232 64.1944 195.439 73.6305 91.3564 96.8105 90.5284 68.1406 9.3063 75.8448 73.3904 89.1373 100.9289 73.6118 13.1358 1253.2067 795.1878 795.1878 761.1158 119.9294 301.7614 175.3942 201.2581 339.2801 1300.5967 321.5657 466.042 270.3454 119.8417 360.588 209.6499 260.6537 1314.1446;
	3.8163 51.5665 92.4283 117.3121 15.0176 33.2829 29.0665 18.9291 26.6649 30.8251 56.9797 85.0024 127.9707 65.6023 199.0186 74.9791 93.0296 98.5836 92.291 69.1689 9.6888 77.6602 74.3861 89.4984 104.7251 75.1368 13.7282 1258.1227 801.4553 801.4553 766.2003 113.982 307.6367 178.0408 205.672 341.9542 1305.498 337.3148 458.8988 280.5136 120.1828 369.2186 216.091 265.7669 1319.097;
	3.8866 52.5169 92.1304 119.1802 14.6409 32.8587 29.7854 18.9834 27.4472 30.8283 56.9856 85.0114 127.9842 68.8996 197.8945 74.5556 92.5042 98.0268 92.84 73.1821 9.9285 76.6703 74.4076 89.416 104.3399 74.3978 13.8959 1284.826 811.0869 811.0869 765.4836 117.5506 309.4666 188.371 216.0095 346.0637 1316.6572 326.098 476.907 279.4818 120.4053 364.5126 216.3578 269.5028 1330.3723;
	3.8623 52.1882 93.2107 119.4346 14.8772 33.8382 25.4584 18.959 27.5864 29.6298 54.7702 81.7063 123.0084 66.8675 189.9221 71.552 88.7775 94.0777 91.5084 69.457 8.4861 78.9558 74.6514 89.608 104.9916 72.0494 13.8732 1266.6282 789.2239 789.2239 749.7155 117.3012 305.0279 178.7825 209.6387 336.7355 1323.6028 340.691 468.9421 281.2275 123.53 375.3782 214.8683 275.6018 1337.3903;
	3.8965 52.6504 93.9014 120.8116 15.1167 33.4471 26.2352 19.0984 27.6136 29.1286 53.8438 80.3244 120.9279 66.4779 191.8719 72.2866 89.689 95.0435 92.7045 71.8339 8.7451 78.0432 73.4578 89.4721 105.6237 70.8556 13.8604 1248.5414 788.1633 788.1633 710.384 113.6381 309.0151 184.9007 208.4172 336.283 1261.6373 322.9836 468.628 282.9205 123.3534 371.0396 212.0984 277.4735 1274.7793;
	3.8188 51.6004 90.8575 119.0998 14.2256 31.6682 23.4013 18.5744 27.349 28.7646 53.1709 79.3205 119.4166 64.9632 196.7345 74.1186 91.9619 97.4522 93.0352 70.2212 7.8004 73.8925 72.1863 85.8091 100.5981 55.42 13.1848 1201.6494 737.9547 737.9547 651.2905 112.4567 310.1175 180.7496 203.6684 314.8607 1204.785 323.8996 467.7074 269.4593 122.0913 351.3062 202.6375 256.0531 1217.3348;
	3.7447 50.5989 89.1 113.7615 14.1555 28.3255 19.9422 14.288 27.7204 28.4362 52.5639 78.415 118.0534 67.1261 199.8673 75.2988 93.4263 99.004 92.4679 72.6863 6.6474 66.0929 72.0195 83.8934 100.0053 67.8657 10.9356 1190.205 689.8836 689.8836 587.1348 102.1984 308.2263 187.0947 210.4495 294.3504 1232.7885 283.3345 467.1905 267.8713 118.8572 314.2246 178.1863 232.146 1245.6301;
