function loadprofile = ex_load_profilesh1
%EX_LOAD_PROFILE  Example load profile data file for stochastic unit commitment.
% 2022.03.12
% Andres F. Ramirez

%% define constants
[CT_LABEL, CT_PROB, CT_TABLE, CT_TBUS, CT_TGEN, CT_TBRCH, CT_TAREABUS, ...
    CT_TAREAGEN, CT_TAREABRCH, CT_ROW, CT_COL, CT_CHGTYPE, CT_REP, ...
    CT_REL, CT_ADD, CT_NEWVAL, CT_TLOAD, CT_TAREALOAD, CT_LOAD_ALL_PQ, ...
    CT_LOAD_FIX_PQ, CT_LOAD_DIS_PQ, CT_LOAD_ALL_P, CT_LOAD_FIX_P, ...
    CT_LOAD_DIS_P, CT_TGENCOST, CT_TAREAGENCOST, CT_MODCOST_F, ...
    CT_MODCOST_X] = idx_ct;

loadprofile = struct( ...
    'type', 'mpcData', ...
    'table', CT_TAREALOAD, ...
    'rows', [1:11], ...
    'col', CT_LOAD_ALL_P, ...
    'chgtype', 1, ...
    'values', [] );
loadprofile.values(:,1,:) = [
	1436.2431 824.0721 1433.108 527.0 631.8289 1078.5 818.9 208.3 477.245 4427.8316 1564.9301;
	1423.7194 818.163 1436.3073 516.4028 635.1925 1090.3513 810.6 204.6986 478.9705 4330.7 1600.5662;
	1454.2087 840.9747 1460.1303 513.0876 640.9487 1076.7697 796.3462 214.3851 472.2288 4238.4194 1588.7023;
	1448.2069 880.22 1546.2405 519.7259 710.8925 1114.6757 823.232 223.8 495.6 4338.7073 1642.058;
	1522.7302 903.0813 1632.3 532.6679 769.325 1188.0576 869.9359 239.4507 515.8 4556.2217 1776.4336;
	1549.5247 931.1517 1714.4378 550.6218 799.1637 1252.6926 928.2898 245.0588 539.2419 4691.4059 1850.718;
	1596.4513 995.9324 1804.847 560.8189 855.1987 1326.8 987.3678 265.7225 588.9566 5029.34 1947.5181;
	1612.0122 1026.6759 1863.8313 588.6 879.347 1363.5577 1001.6935 282.1 598.4932 5248.2236 1929.7885;
	1623.4443 1042.438 1875.1751 582.2718 887.2 1348.1 997.591 285.4593 615.5369 5285.6612 1891.6873;
	1622.526 1060.2666 1895.3443 581.7 916.3565 1312.8794 967.9354 292.4 617.5431 5315.6051 1906.8902;
	1572.5345 1044.1377 1872.6139 580.2588 890.1556 1339.5576 986.1784 282.9677 614.7983 5370.0067 1861.9547;
	1473.5002 1022.8751 1811.885 584.4498 877.5745 1331.4739 1015.602 292.6 598.4 5471.3744 1914.5686;
	1486.7 1017.8 1770.0568 568.7875 840.9 1290.5519 987.0201 295.0 590.5546 5355.6208 1899.1474;
	1470.5651 1018.2305 1750.0978 559.8274 798.2337 1198.5477 923.437 267.8 579.7614 5191.1208 1803.7951;
	1377.2778 964.2369 1707.6238 563.6597 782.7427 1256.0272 874.6539 252.9633 557.0443 5064.5781 1638.7486;
	1436.8931 989.5328 1675.8612 570.825 791.05 1283.191 889.4418 243.3962 535.9808 4847.204 1814.8815;
	1490.3756 967.633 1736.9579 566.9071 830.3606 1374.1372 941.3383 249.2103 581.534 5123.5664 2006.8498;
	1566.8642 1004.1368 1794.859 595.7031 891.9145 1405.1482 1017.0093 255.9087 622.9516 5148.7722 2001.2761;
	1630.4635 1035.3929 1793.689 596.8149 895.8785 1383.8 1015.0833 264.7633 639.722 5088.4777 2050.7686;
	1611.4551 986.0882 1715.298 586.9 855.9148 1318.4951 1009.2084 262.4363 617.0604 4914.1992 2010.5995;
	1579.2873 930.3533 1645.2314 570.5 811.6 1255.5722 972.2001 259.8596 595.1795 4925.3276 1938.3987;
	1531.4644 882.7738 1554.7745 554.3753 766.9415 1168.6 908.5434 238.6334 549.612 4575.25 1643.5581;
	1483.4101 904.9358 1564.3256 584.4 838.9891 1207.3555 905.1 244.7175 558.3827 4710.7423 1741.7345;
	1478.9764 852.4338 1534.4781 581.7654 841.3735 1206.3849 902.3027 245.3113 517.8457 4607.7921 1717.448;
];
