function loadprofile = ex_load_profilesh1
%EX_LOAD_PROFILE  Example load profile data file for stochastic unit commitment.
% 2022.03.12
% Andres F. Ramirez

%% define constants
[CT_LABEL, CT_PROB, CT_TABLE, CT_TBUS, CT_TGEN, CT_TBRCH, CT_TAREABUS, ...
    CT_TAREAGEN, CT_TAREABRCH, CT_ROW, CT_COL, CT_CHGTYPE, CT_REP, ...
    CT_REL, CT_ADD, CT_NEWVAL, CT_TLOAD, CT_TAREALOAD, CT_LOAD_ALL_PQ, ...
    CT_LOAD_FIX_PQ, CT_LOAD_DIS_PQ, CT_LOAD_ALL_P, CT_LOAD_FIX_P, ...
    CT_LOAD_DIS_P, CT_TGENCOST, CT_TAREAGENCOST, CT_MODCOST_F, ...
    CT_MODCOST_X] = idx_ct;

loadprofile = struct( ...
    'type', 'mpcData', ...
    'table', CT_TAREALOAD, ...
    'rows', [1:11], ...
    'col', CT_LOAD_ALL_P, ...
    'chgtype', 1, ...
    'values', [] );
loadprofile.values(:,1,:) = [
	1472.2 890.8417 1508.0015 532.6046 687.8 1022.3547 784.3 227.4 472.7396 3880.5654 1511.8783;
	1482.6301 903.2793 1536.4781 540.3 682.0116 1023.9501 802.1665 220.5 493.1 4002.2951 1565.4473;
	1481.0663 904.808 1521.1749 539.5281 690.6874 1022.9587 790.738 219.8 482.8 3959.334 1600.0336;
	1515.1612 916.9598 1548.0 555.6025 731.4334 1063.7566 821.7959 225.6 498.3 4097.8477 1644.5;
	1606.6 977.3796 1670.9028 571.7 781.4664 1142.7423 871.7511 237.7242 537.0534 4338.0862 1748.8553;
	1663.1 1029.1 1765.2936 588.9378 812.4206 1227.2075 914.207 253.5931 558.1778 4563.4181 1835.7;
	1722.1842 1072.3681 1850.0 597.4 863.4108 1255.7617 994.524 270.1966 611.1969 5003.4727 1987.0344;
	1684.3027 1110.0645 1914.5195 611.5443 900.5258 1335.5356 1030.575 301.0837 656.921 5195.4 2128.0;
	1709.4042 1127.9833 1938.705 608.2277 917.0739 1332.5061 1058.0457 301.9 660.6634 5438.2331 2158.2951;
	1720.7967 1129.873 1931.5421 611.0174 909.5567 1312.8471 1076.14 294.4 638.4718 5479.8 2122.9869;
	1687.0093 1108.0059 1919.0505 587.7759 892.4 1294.0954 1040.8 279.2058 632.3269 5526.7971 2142.2001;
	1679.0679 1098.0 1867.565 585.6407 843.1965 1254.8908 1033.7582 280.9 639.0897 5504.0513 2156.175;
	1686.9917 1125.9705 1885.545 574.0176 832.1323 1247.3 1007.7503 291.6328 621.1768 5279.6933 2048.1307;
	1641.0385 1117.469 1842.2625 560.2 816.034 1219.7357 991.0333 284.0844 616.4707 5250.1212 2032.7355;
	1673.7748 1149.4842 1866.6649 562.8876 840.4441 1207.2999 1007.3101 294.7049 620.5724 5424.5452 2175.3542;
	1669.8107 1145.9377 1847.6574 580.2 853.39 1283.0705 1051.848 307.7 632.5097 5431.4235 2371.341;
	1737.8224 1173.4375 1909.5 591.9341 887.6244 1328.9876 1074.5872 323.5 663.536 5446.0543 2439.4679;
	1813.1881 1206.2186 1943.308 602.03 921.1898 1373.1084 1119.8462 336.626 686.972 5536.7077 2521.5562;
	1788.3388 1172.2612 1944.0 618.9435 930.8685 1375.1769 1135.75 342.2906 671.8364 5561.3702 2527.5316;
	1755.7 1147.4134 1905.0362 599.3627 893.6426 1341.9197 1103.4831 342.9 652.479 5504.6078 2418.0649;
	1712.7 1097.4254 1794.2047 581.7853 840.9381 1301.1562 1086.2418 317.5007 643.6515 5351.4113 2278.3531;
	1649.2 1018.0094 1664.8 576.1936 783.0237 1206.7215 996.6614 286.6279 598.4267 5095.9076 2083.4173;
	1563.1997 1004.6439 1640.5215 585.5378 846.9506 1184.1581 947.9 299.9579 567.6 4928.9926 1919.0805;
	1528.6 940.7032 1599.7334 559.6523 791.9789 1156.9879 885.2 285.0069 533.4698 4602.3958 1801.1575;
];
