function solarprofile = ex_solar_profilesh1
%EX_WIND_PROFILE_D  Example wind_load_nyiso profile data for deterministic unit commitment.
% 2022.03.12
% Andres F. Ramirez


%% define constants
[GEN_BUS, PG, QG, QMAX, QMIN, VG, MBASE, GEN_STATUS, PMAX, PMIN, ...
    MU_PMAX, MU_PMIN, MU_QMAX, MU_QMIN, PC1, PC2, QC1MIN, QC1MAX, ...
    QC2MIN, QC2MAX, RAMP_AGC, RAMP_10, RAMP_30, RAMP_Q, APF] = idx_gen;
[CT_LABEL, CT_PROB, CT_TABLE, CT_TBUS, CT_TGEN, CT_TBRCH, CT_TAREABUS, ...
    CT_TAREAGEN, CT_TAREABRCH, CT_ROW, CT_COL, CT_CHGTYPE, CT_REP, ...
    CT_REL, CT_ADD, CT_NEWVAL, CT_TLOAD, CT_TAREALOAD, CT_LOAD_ALL_PQ, ...
    CT_LOAD_FIX_PQ, CT_LOAD_DIS_PQ, CT_LOAD_ALL_P, CT_LOAD_FIX_P, ...
    CT_LOAD_DIS_P, CT_TGENCOST, CT_TAREAGENCOST, CT_MODCOST_F, ...
    CT_MODCOST_X] = idx_ct;

solarprofile = struct( ...
    'type', 'mpcData', ...
    'table', CT_TGEN, ...
    'rows', [1:12], ...
    'col', PMAX, ...
    'chgtype', 1, ...
    'values', [] );
solarprofile.values(:,1,:) = [
	0.0 0.0 0.0 0.0 0.0 0.0 0.0 0.0 0.0 0.0 0.0 0.0;
	0.0 0.0 0.0 0.0 0.0 0.0 0.0 0.0 0.0 0.0 0.0 0.0;
	0.0 0.0 0.0 0.0 0.0 0.0 0.0 0.0 0.0 0.0 0.0 0.0;
	0.0 0.0 0.0 0.0 0.0 0.0 0.0 0.0 0.0 0.0 0.0 0.0;
	0.0 0.0 0.0 0.0 0.0 0.0 0.0 0.0 0.0 0.0 0.0 0.0;
	1.019 0.8269 0.6949 0.0 0.0 14.0672 1.7584 4.1882 0.4816 0.0 0.0 0.0;
	5.0785 3.0572 3.922 2.1709 5.8217 276.034 34.5042 40.6029 115.7621 78.3916 117.9927 141.9677;
	11.9159 7.8078 10.2251 4.3856 8.0215 380.2868 47.5359 49.2198 205.0588 176.4419 181.6529 319.5374;
	19.604 14.8884 13.8 6.8172 7.8676 421.323 52.6654 53.4523 230.9763 269.6685 164.3603 488.3714;
	22.1452 15.6215 13.8 6.751 5.8982 418.1377 52.2672 54.3928 180.8917 240.4416 136.8421 435.4413;
	25.6144 16.5136 13.8 8.0874 6.7539 392.6117 49.0765 55.4331 169.089 256.0556 128.3369 463.7182;
	25.716 16.5214 13.8 8.4871 7.5034 379.5308 47.4413 57.2517 166.0507 243.6402 102.1811 441.2338;
	18.5174 10.0551 6.6296 7.6861 6.8971 363.3309 45.4164 66.9462 165.7323 138.2051 109.9546 250.2902;
	7.448 2.1962 1.5842 5.3698 6.4986 358.9704 44.8713 67.6954 152.9184 112.1733 110.1078 203.1465;
	3.318 1.9569 0.5766 4.3391 7.0211 335.9884 41.9986 64.9948 115.0863 86.8202 100.5659 157.232;
	3.4852 2.3954 2.1787 3.2271 10.1901 240.4015 30.0502 37.5155 83.2341 44.0583 63.3254 79.7898;
	1.6112 1.2281 0.9394 1.0877 2.4566 74.3879 9.2985 11.3853 32.6153 12.9739 12.286 23.4959;
	0.0 0.0 0.0 0.0 0.0 0.0 0.0 0.0 0.0 0.0 0.0 0.0;
	0.0 0.0 0.0 0.0 0.0 0.0 0.0 0.0 0.0 0.0 0.0 0.0;
	0.0 0.0 0.0 0.0 0.0 0.0 0.0 0.0 0.0 0.0 0.0 0.0;
	0.0 0.0 0.0 0.0 0.0 0.0 0.0 0.0 0.0 0.0 0.0 0.0;
	0.0 0.0 0.0 0.0 0.0 0.0 0.0 0.0 0.0 0.0 0.0 0.0;
	0.0 0.0 0.0 0.0 0.0 0.0 0.0 0.0 0.0 0.0 0.0 0.0;
	0.0 0.0 0.0 0.0 0.0 0.0 0.0 0.0 0.0 0.0 0.0 0.0;
];
