function solarprofile = ex_solar_profilesh1
%EX_WIND_PROFILE_D  Example wind_load_nyiso profile data for deterministic unit commitment.
% 2022.03.12
% Andres F. Ramirez


%% define constants
[GEN_BUS, PG, QG, QMAX, QMIN, VG, MBASE, GEN_STATUS, PMAX, PMIN, ...
    MU_PMAX, MU_PMIN, MU_QMAX, MU_QMIN, PC1, PC2, QC1MIN, QC1MAX, ...
    QC2MIN, QC2MAX, RAMP_AGC, RAMP_10, RAMP_30, RAMP_Q, APF] = idx_gen;
[CT_LABEL, CT_PROB, CT_TABLE, CT_TBUS, CT_TGEN, CT_TBRCH, CT_TAREABUS, ...
    CT_TAREAGEN, CT_TAREABRCH, CT_ROW, CT_COL, CT_CHGTYPE, CT_REP, ...
    CT_REL, CT_ADD, CT_NEWVAL, CT_TLOAD, CT_TAREALOAD, CT_LOAD_ALL_PQ, ...
    CT_LOAD_FIX_PQ, CT_LOAD_DIS_PQ, CT_LOAD_ALL_P, CT_LOAD_FIX_P, ...
    CT_LOAD_DIS_P, CT_TGENCOST, CT_TAREAGENCOST, CT_MODCOST_F, ...
    CT_MODCOST_X] = idx_ct;

solarprofile = struct( ...
    'type', 'mpcData', ...
    'table', CT_TGEN, ...
    'rows', [1:12], ...
    'col', PMAX, ...
    'chgtype', 1, ...
    'values', [] );
solarprofile.values(:,1,:) = [
	0.0 0.0 0.0 0.0 0.0 0.0 0.0 0.0 0.0 0.0 0.0 0.0;
	0.0 0.0 0.0 0.0 0.0 0.0 0.0 0.0 0.0 0.0 0.0 0.0;
	0.0 0.0 0.0 0.0 0.0 0.0 0.0 0.0 0.0 0.0 0.0 0.0;
	0.0 0.0 0.0 0.0 0.0 0.0 0.0 0.0 0.0 0.0 0.0 0.0;
	0.0 0.0 0.0 0.0 0.0 0.0 0.0 0.0 0.0 0.0 0.0 0.0;
	1.0163 0.8228 0.7032 0.0 0.0 9.4835 1.1854 4.1882 0.4191 0.0 0.0 0.0;
	6.531 7.2244 5.7579 1.5223 6.0928 80.8828 10.1104 12.6001 59.4611 101.5837 10.1537 183.9687;
	16.3086 15.7178 11.2591 4.9765 6.3377 317.2834 39.6604 63.5856 148.0194 184.8793 18.7078 334.8175;
	23.0215 16.6462 13.8 8.5756 6.3799 387.186 48.3983 73.631 184.3212 267.1608 40.6127 483.8298;
	25.263 16.3661 13.8 6.5054 5.9365 408.3776 51.0472 68.8157 181.1257 218.7873 65.4252 396.2251;
	25.5323 16.4996 13.6601 4.7428 6.5586 416.7471 52.0934 65.8031 197.5173 257.917 56.0524 467.0893;
	25.0407 16.4965 13.5892 3.5583 6.2324 408.1533 51.0192 63.021 208.0262 270.7988 49.8081 490.4182;
	24.1448 16.0649 13.4455 5.2181 3.2123 338.6361 42.3295 61.3605 200.4774 186.1474 68.805 337.1141;
	21.8705 16.4426 13.4757 5.317 2.4316 320.6035 40.0754 59.6753 202.1436 154.4115 76.9231 279.6402;
	16.1406 13.6514 10.5285 5.1931 1.6571 288.8443 36.1055 52.9147 180.854 111.4756 67.5186 201.8829;
	4.4545 2.5627 1.2754 3.0812 1.1038 153.8655 19.2332 27.7503 171.394 46.435 44.9046 84.0942;
	1.1859 0.9594 0.7439 0.8685 0.2895 63.6868 7.9608 12.2843 40.5103 13.6601 11.8313 24.7386;
	0.0 0.0 0.0 0.0 0.0 0.0 0.0 0.0 0.0 0.0 0.0 0.0;
	0.0 0.0 0.0 0.0 0.0 0.0 0.0 0.0 0.0 0.0 0.0 0.0;
	0.0 0.0 0.0 0.0 0.0 0.0 0.0 0.0 0.0 0.0 0.0 0.0;
	0.0 0.0 0.0 0.0 0.0 0.0 0.0 0.0 0.0 0.0 0.0 0.0;
	0.0 0.0 0.0 0.0 0.0 0.0 0.0 0.0 0.0 0.0 0.0 0.0;
	0.0 0.0 0.0 0.0 0.0 0.0 0.0 0.0 0.0 0.0 0.0 0.0;
	0.0 0.0 0.0 0.0 0.0 0.0 0.0 0.0 0.0 0.0 0.0 0.0;
];
