function loadprofile = ex_load_profilesh1
%EX_LOAD_PROFILE  Example load profile data file for stochastic unit commitment.
% 2022.03.12
% Andres F. Ramirez

%% define constants
[CT_LABEL, CT_PROB, CT_TABLE, CT_TBUS, CT_TGEN, CT_TBRCH, CT_TAREABUS, ...
    CT_TAREAGEN, CT_TAREABRCH, CT_ROW, CT_COL, CT_CHGTYPE, CT_REP, ...
    CT_REL, CT_ADD, CT_NEWVAL, CT_TLOAD, CT_TAREALOAD, CT_LOAD_ALL_PQ, ...
    CT_LOAD_FIX_PQ, CT_LOAD_DIS_PQ, CT_LOAD_ALL_P, CT_LOAD_FIX_P, ...
    CT_LOAD_DIS_P, CT_TGENCOST, CT_TAREAGENCOST, CT_MODCOST_F, ...
    CT_MODCOST_X] = idx_ct;

loadprofile = struct( ...
    'type', 'mpcData', ...
    'table', CT_TAREALOAD, ...
    'rows', [1:11], ...
    'col', CT_LOAD_ALL_P, ...
    'chgtype', 1, ...
    'values', [] );
loadprofile.values(:,1,:) = [
	1442.8859 868.0735 1428.8379 558.9991 693.8754 1055.227 794.591 226.7772 449.1 3904.0455 1382.775;
	1443.1081 860.4442 1441.2018 557.0553 684.2127 1068.3463 812.9053 228.6 459.7211 3901.3383 1394.7442;
	1434.1 866.9 1435.6997 554.262 699.9791 1040.8566 813.7899 229.8 456.2 4126.9417 1428.7211;
	1483.1421 890.4423 1467.0281 569.8 720.3547 1086.9936 845.1942 246.4319 468.9053 4146.6407 1464.0941;
	1602.6094 952.7667 1584.409 583.0989 793.2 1173.9799 912.7873 265.8821 516.3724 4261.1018 1607.1264;
	1678.8 1006.4207 1649.6883 599.7579 863.6927 1205.5 940.7444 291.2914 544.7577 4397.2992 1704.0469;
	1742.5957 1029.8459 1706.35 612.7299 905.3 1278.1614 994.8151 303.2 586.4848 4904.5234 1880.8488;
	1743.1127 1055.3 1716.9913 603.7682 925.0877 1322.7 1017.3036 311.4258 604.3 5174.2689 1935.4264;
	1760.473 1037.9145 1712.4522 588.8 926.9536 1317.2095 1041.7148 301.3537 602.4 5272.8 1948.9861;
	1704.0454 992.2602 1679.909 568.6739 916.7269 1354.7091 1011.0135 311.908 606.0223 5144.5304 1847.0252;
	1707.4683 994.9698 1669.7708 588.9953 936.5 1396.863 1007.3548 304.6476 615.1163 5283.2494 1905.246;
	1651.408 989.8257 1631.8397 568.5377 905.208 1363.5771 983.4 289.5 618.4499 5277.5 1941.1206;
	1620.3916 948.0425 1598.334 550.8 851.7341 1333.4039 982.114 300.2141 593.3212 5266.3797 1929.7;
	1571.3564 982.7013 1623.3739 553.0104 875.4257 1361.3358 991.927 311.9631 602.232 5275.2032 1997.4857;
	1650.8668 984.232 1633.812 561.7438 875.8 1329.7636 979.6626 297.7732 596.8 5184.2574 1994.4366;
	1741.3595 1035.063 1704.497 556.5 911.8446 1364.4207 1001.7386 314.1178 611.6839 5298.0073 2021.8076;
	1747.3905 1047.1619 1768.3642 560.7353 898.3908 1353.3125 1005.5334 306.2551 613.8 5324.81 2073.1158;
	1777.2086 1074.94 1852.5177 585.4143 933.1231 1390.3 1064.2845 324.5317 627.1526 5430.5815 2197.9;
	1829.3047 1107.9 1896.7432 603.5188 931.6159 1399.1572 1077.1657 320.3518 639.4285 5418.2493 2220.2243;
	1774.7214 1080.4 1871.5493 594.6733 930.9417 1360.0 1057.2003 328.9 619.0025 5255.213 2157.404;
	1712.7 1028.2219 1760.3833 583.8 849.4598 1303.6264 988.5232 315.1214 601.3556 5099.7907 2070.3408;
	1629.0898 969.3483 1705.9764 572.5044 841.7 1213.4841 916.1516 286.4 547.3047 4720.5457 1782.4074;
	1603.3828 929.0 1660.6 548.3302 826.004 1174.8064 891.3106 255.5881 531.9994 4434.5683 1536.1119;
	1578.5554 922.1011 1643.3115 552.2 800.4 1134.6283 887.3409 245.8899 519.5 4449.6812 1460.5218;
];
