function solarprofile = ex_solar_profilesh1
%EX_WIND_PROFILE_D  Example wind_load_nyiso profile data for deterministic unit commitment.
% 2022.03.12
% Andres F. Ramirez


%% define constants
[GEN_BUS, PG, QG, QMAX, QMIN, VG, MBASE, GEN_STATUS, PMAX, PMIN, ...
    MU_PMAX, MU_PMIN, MU_QMAX, MU_QMIN, PC1, PC2, QC1MIN, QC1MAX, ...
    QC2MIN, QC2MAX, RAMP_AGC, RAMP_10, RAMP_30, RAMP_Q, APF] = idx_gen;
[CT_LABEL, CT_PROB, CT_TABLE, CT_TBUS, CT_TGEN, CT_TBRCH, CT_TAREABUS, ...
    CT_TAREAGEN, CT_TAREABRCH, CT_ROW, CT_COL, CT_CHGTYPE, CT_REP, ...
    CT_REL, CT_ADD, CT_NEWVAL, CT_TLOAD, CT_TAREALOAD, CT_LOAD_ALL_PQ, ...
    CT_LOAD_FIX_PQ, CT_LOAD_DIS_PQ, CT_LOAD_ALL_P, CT_LOAD_FIX_P, ...
    CT_LOAD_DIS_P, CT_TGENCOST, CT_TAREAGENCOST, CT_MODCOST_F, ...
    CT_MODCOST_X] = idx_ct;

solarprofile = struct( ...
    'type', 'mpcData', ...
    'table', CT_TGEN, ...
    'rows', [1:12], ...
    'col', PMAX, ...
    'chgtype', 1, ...
    'values', [] );
solarprofile.values(:,1,:) = [
	0.0 0.0 0.0 0.0 0.0 0.0 0.0 0.0 0.0 0.0 0.0 0.0;
	0.0 0.0 0.0 0.0 0.0 0.0 0.0 0.0 0.0 0.0 0.0 0.0;
	0.0 0.0 0.0 0.0 0.0 0.0 0.0 0.0 0.0 0.0 0.0 0.0;
	0.0 0.0 0.0 0.0 0.0 0.0 0.0 0.0 0.0 0.0 0.0 0.0;
	0.0 0.0 0.0 0.0 0.0 0.0 0.0 0.0 0.0 0.0 0.0 0.0;
	1.0272 0.8311 0.7009 0.0 0.0 9.4835 1.1854 4.2052 0.4191 0.0 0.0 0.0;
	13.8077 10.791 6.967 1.058 2.8025 172.2884 21.536 57.2276 39.7861 6.2952 0.7106 11.4007;
	17.3353 14.2674 11.1091 2.1737 6.2735 254.2744 31.7843 53.8009 23.6158 39.5994 14.0338 71.7147;
	19.3724 16.5038 13.5266 3.9475 7.1432 273.7594 34.2199 57.3468 23.6992 100.8262 31.2079 182.5969;
	23.1292 16.2897 13.8 2.1081 3.6529 162.081 20.2601 57.8877 30.8006 40.0687 44.9237 72.5646;
	25.6144 16.5136 13.8 2.435 2.053 122.1272 15.2659 58.2766 44.8337 44.6441 93.3839 80.8508;
	25.9944 16.5999 13.8038 3.2928 2.5246 122.3056 15.2882 57.3996 43.8 47.4557 147.1916 85.9426;
	25.3696 16.4794 13.8159 4.8997 6.5391 185.832 23.229 60.727 13.4445 43.3731 117.4157 78.5489;
	23.2024 16.6887 14.1661 4.2762 8.4722 295.4808 36.9351 60.3138 13.4072 56.7544 105.1349 102.7826;
	19.4412 16.0238 13.6738 3.3 9.4077 327.6202 40.9525 56.9807 29.4461 44.8017 75.9119 81.1361;
	11.9102 12.3052 8.2399 2.9348 7.9634 370.4629 46.3079 34.4159 95.7007 9.8263 40.9038 17.7954;
	1.6384 1.5074 0.87 1.0163 1.7118 86.2859 10.7857 11.3176 37.9283 6.2736 12.8303 11.3615;
	0.0 0.0 0.0 0.0 0.0 0.0 0.0 0.0 0.0 0.0 0.0 0.0;
	0.0 0.0 0.0 0.0 0.0 0.0 0.0 0.0 0.0 0.0 0.0 0.0;
	0.0 0.0 0.0 0.0 0.0 0.0 0.0 0.0 0.0 0.0 0.0 0.0;
	0.0 0.0 0.0 0.0 0.0 0.0 0.0 0.0 0.0 0.0 0.0 0.0;
	0.0 0.0 0.0 0.0 0.0 0.0 0.0 0.0 0.0 0.0 0.0 0.0;
	0.0 0.0 0.0 0.0 0.0 0.0 0.0 0.0 0.0 0.0 0.0 0.0;
	0.0 0.0 0.0 0.0 0.0 0.0 0.0 0.0 0.0 0.0 0.0 0.0;
];
