function windprofile = ex_wind_profilesh1
%EX_WIND_PROFILE_D  Example wind_load_nyiso profile data for deterministic unit commitment.
% 2022.03.12
% Andres F. Ramirez


%% define constants
[GEN_BUS, PG, QG, QMAX, QMIN, VG, MBASE, GEN_STATUS, PMAX, PMIN, ...
    MU_PMAX, MU_PMIN, MU_QMAX, MU_QMIN, PC1, PC2, QC1MIN, QC1MAX, ...
    QC2MIN, QC2MAX, RAMP_AGC, RAMP_10, RAMP_30, RAMP_Q, APF] = idx_gen;
[CT_LABEL, CT_PROB, CT_TABLE, CT_TBUS, CT_TGEN, CT_TBRCH, CT_TAREABUS, ...
    CT_TAREAGEN, CT_TAREABRCH, CT_ROW, CT_COL, CT_CHGTYPE, CT_REP, ...
    CT_REL, CT_ADD, CT_NEWVAL, CT_TLOAD, CT_TAREALOAD, CT_LOAD_ALL_PQ, ...
    CT_LOAD_FIX_PQ, CT_LOAD_DIS_PQ, CT_LOAD_ALL_P, CT_LOAD_FIX_P, ...
    CT_LOAD_DIS_P, CT_TGENCOST, CT_TAREAGENCOST, CT_MODCOST_F, ...
    CT_MODCOST_X] = idx_ct;

windprofile = struct( ...
    'type', 'mpcData', ...
    'table', CT_TGEN, ...
    'rows', [1:45], ...
    'col', PMAX, ...
    'chgtype', 1, ...
    'values', [] );
windprofile.values(:,1,:) = [
	3.7783 51.0537 91.5891 118.7213 15.1445 34.544 30.7368 18.4679 27.6071 27.7316 51.2614 76.472 115.1282 69.2285 202.6845 76.3602 94.7432 100.3995 84.5555 73.011 10.2456 80.6026 72.1347 84.8889 101.141 73.7802 13.5761 1243.8712 744.036 744.036 573.9352 109.6363 281.8518 187.9304 217.0406 317.4554 1219.8386 231.7935 470.9247 270.9134 123.5503 383.2077 203.3775 281.2377 1232.5453;
	3.7742 50.9981 89.8008 117.4193 14.3796 34.0263 26.4372 18.051 27.0596 29.0844 53.7621 80.2025 120.7444 67.3627 189.3265 71.3277 88.4991 93.7827 84.091 71.161 8.8124 79.3946 72.8581 84.7254 99.3916 71.4229 13.0807 1253.3605 710.6548 710.6548 581.8422 100.0269 280.3033 183.1687 211.1913 303.2127 1174.6667 207.4409 452.7239 266.2275 120.6837 377.4646 198.3683 279.0576 1186.9028;
	3.6991 49.9826 89.2913 114.2958 15.2913 34.3553 23.3136 17.5741 27.6289 29.6648 54.8349 81.8028 123.1537 68.7789 197.8249 74.5294 92.4717 97.9924 87.8765 70.04 7.7712 80.1623 71.5204 85.6444 97.1383 74.2692 13.1679 1228.7017 710.2053 710.2053 588.0083 94.8141 292.9216 180.2831 215.6312 303.0209 1214.2139 224.2303 434.7656 260.1919 119.2863 381.1144 198.4035 273.293 1226.862;
	3.6671 49.55 90.4346 113.7359 15.2149 32.9041 23.4097 17.359 27.6554 30.1098 55.6576 83.0302 125.0015 68.8141 200.8271 75.6604 93.875 99.4795 90.1017 70.674 7.8032 76.7763 71.2284 85.9525 97.9078 71.5425 13.2684 1248.7848 695.7978 695.7978 593.2285 101.0267 300.3389 181.9151 215.7416 296.8737 1198.276 237.5336 435.0034 262.253 118.2196 365.0163 158.1625 277.7986 1210.758;
	3.6591 49.4426 90.2975 112.4682 15.2012 33.4185 31.1255 17.3928 28.2111 30.8057 56.9438 84.949 127.8903 69.8176 200.5651 75.5617 93.7525 99.3497 88.8629 72.3279 10.3752 77.9766 73.9378 82.5267 97.8133 73.4134 13.4532 1252.056 753.0166 753.0166 635.535 108.5625 296.2095 186.1721 218.8877 321.2871 1221.5349 249.2755 470.8072 262.0 117.9416 370.7229 192.9362 275.646 1234.2592;
	3.7279 50.3724 90.0262 114.2659 15.0302 32.4762 29.1991 18.2669 27.7513 30.2868 55.9848 83.5183 125.7363 68.8892 199.4889 75.1563 93.2495 98.8166 86.5 71.1841 9.733 75.7778 73.1939 84.5679 99.2079 73.1652 14.0764 1237.0518 737.6133 737.6133 656.7909 107.6619 288.3334 183.2282 215.9769 314.715 1188.1822 250.1104 455.0999 265.7355 116.8248 360.2692 180.553 283.0999 1200.5591;
	3.8299 51.7499 92.1249 118.0127 15.4048 34.1535 30.8412 18.0819 28.2221 30.9173 57.1501 85.2567 128.3534 69.3094 195.6722 73.7184 91.4654 96.926 84.9885 72.808 10.2804 79.6915 74.4453 85.0181 102.6467 71.7494 13.8647 1204.1973 733.1913 733.1913 676.1761 102.8452 283.2951 187.4079 217.2942 312.8283 1195.5702 270.4625 471.2878 274.9464 119.5055 378.8761 176.5464 283.7815 1208.024;
	3.8408 51.8972 90.7837 117.5263 15.4196 33.6307 28.782 17.9556 26.6684 30.2386 55.8956 83.3852 125.536 69.4724 198.062 74.6187 92.5825 98.1098 87.2739 73.3317 9.594 78.4717 73.2739 86.0632 99.4824 73.1613 13.8414 1242.4789 734.6995 734.6995 674.8412 104.8683 290.913 188.7559 217.8052 313.4718 1189.189 267.6019 449.409 266.4707 121.405 373.0767 183.3948 278.7886 1201.5764;
	3.9109 52.8444 93.2653 117.328 15.4219 34.5306 31.4932 18.3264 27.0598 30.2429 55.9035 83.397 125.5537 69.8961 196.9697 74.2072 92.0719 97.5687 88.2115 72.7053 10.4977 80.5713 72.961 86.1066 101.4828 72.3118 13.8279 1305.9515 787.1098 787.1098 732.7007 116.9078 294.0384 187.1436 219.1337 335.8335 1247.0112 284.9381 473.2356 271.8289 122.3142 383.0591 210.717 282.7333 1260.0009;
	3.8365 51.8402 89.5539 114.1586 15.2563 32.3845 25.1999 17.6516 26.4975 28.4847 52.6534 78.5486 118.2545 69.4035 193.3822 72.8556 90.3949 95.7916 82.8013 70.1753 8.4 75.5638 70.2918 85.1087 97.8886 68.6477 13.0909 1258.859 799.0705 799.0705 761.9697 118.0239 276.0044 180.6314 217.5893 340.9368 1210.7304 327.7907 452.6561 262.2015 117.0592 359.2518 208.9932 274.328 1223.3422;
	3.8683 52.2692 90.2759 116.7032 15.0472 33.2594 26.9998 18.2344 26.87 28.9829 53.5745 79.9226 120.323 68.597 189.5028 71.3941 88.5815 93.87 80.3114 71.2503 8.9999 77.6054 69.561 84.3458 99.7208 71.3155 13.4539 1262.882 799.8029 799.8029 764.2592 116.8552 267.7048 183.3985 215.0609 341.2493 1247.1128 323.1778 461.398 267.1093 118.7966 368.9581 212.1156 274.7542 1260.1036;
	3.8564 52.109 88.027 117.3167 15.1403 32.9777 26.0725 18.0965 27.3835 27.5502 50.9261 75.9718 114.3751 68.0264 191.4614 72.132 89.4971 94.8402 87.3017 71.3831 8.6908 76.948 66.6982 85.765 99.4236 65.8862 13.1136 1275.5987 810.7282 810.7282 777.2937 121.2647 291.0056 183.7404 213.272 345.9107 1255.4302 327.9853 470.967 266.3132 121.1687 365.8329 212.4554 266.9794 1268.5076;
	3.8786 52.4088 89.7336 116.349 15.2255 33.3006 28.2511 18.5403 27.8426 28.9464 53.507 79.8219 120.1715 69.4996 190.7813 71.8758 89.1792 94.5033 90.5003 72.5388 9.417 77.7013 66.0392 83.5625 101.389 70.6313 13.3788 1346.64 844.5554 844.5554 810.3951 120.6335 301.6678 186.715 217.8905 360.3437 1333.9272 352.7404 474.6554 271.5778 122.7429 369.4143 214.9178 278.4018 1347.8223;
	3.882 52.4549 87.3281 114.7777 15.1669 33.1194 28.8551 17.4591 28.1326 29.4307 54.4021 81.1573 122.1819 69.4129 188.1623 70.8891 87.9549 93.206 86.4676 73.331 9.6184 77.2786 70.5348 84.7824 98.6792 70.2374 12.805 1352.2213 846.1582 846.1582 816.345 123.1858 288.2252 188.7542 217.6188 361.0275 1334.4567 353.561 478.0169 264.3194 120.4708 367.4045 212.6349 278.3666 1348.3573;
	3.8354 51.8249 89.2753 116.7278 14.6572 33.2752 25.4709 17.6669 28.1823 30.3582 56.1167 83.7151 126.0326 69.2068 193.9317 73.0626 90.6518 96.0638 87.6894 72.9433 8.4903 77.6422 73.6251 86.6668 99.908 69.6744 12.8593 1337.7866 828.7239 828.7239 807.3185 122.9335 292.2981 187.7564 216.9727 353.5889 1329.7773 350.0771 478.8858 267.6108 119.7224 369.133 210.6894 283.079 1343.6291;
	3.8266 51.7053 87.994 115.0882 14.9029 32.5341 25.6074 17.6303 27.9064 29.7605 55.0118 82.0668 123.5511 67.9136 188.2437 70.9197 87.993 93.2463 85.8139 72.3888 8.5358 75.9129 69.6997 85.9597 101.1805 70.5815 12.7578 1318.503 826.1305 826.1305 767.3789 119.6455 286.0463 186.329 212.9183 352.4823 1321.902 336.1544 477.8898 271.0192 118.948 360.9116 206.3233 280.9037 1335.6718;
	3.7626 50.8409 87.1436 110.0474 14.2996 30.2816 23.6744 17.3594 28.055 29.6135 54.7401 81.6615 122.9409 67.9883 194.5483 73.295 90.94 96.3693 84.7508 72.4172 7.8915 70.6572 68.8532 83.1335 102.2781 59.4407 11.8696 1327.5556 790.8705 790.8705 676.8649 104.3785 282.5027 186.4019 213.1526 337.4381 1296.8601 305.179 477.3687 273.9592 117.2736 335.9244 196.2332 261.6324 1310.369;
	3.645 49.252 86.7351 102.2845 14.2976 28.7327 19.1199 12.4753 27.6531 28.7519 53.1474 79.2855 119.3639 68.813 190.203 71.6579 88.9088 94.2168 81.6942 70.4503 6.3733 67.0429 70.3276 82.743 98.0683 65.5602 9.591 1291.4252 786.6173 786.6173 660.858 109.702 272.3139 181.3392 215.7379 335.6234 1328.7638 293.6885 451.7415 262.6829 116.2427 318.741 175.7476 229.3032 1342.6051;
