function windprofile = ex_wind_profilesh1
%EX_WIND_PROFILE_D  Example wind_load_nyiso profile data for deterministic unit commitment.
% 2022.03.12
% Andres F. Ramirez


%% define constants
[GEN_BUS, PG, QG, QMAX, QMIN, VG, MBASE, GEN_STATUS, PMAX, PMIN, ...
    MU_PMAX, MU_PMIN, MU_QMAX, MU_QMIN, PC1, PC2, QC1MIN, QC1MAX, ...
    QC2MIN, QC2MAX, RAMP_AGC, RAMP_10, RAMP_30, RAMP_Q, APF] = idx_gen;
[CT_LABEL, CT_PROB, CT_TABLE, CT_TBUS, CT_TGEN, CT_TBRCH, CT_TAREABUS, ...
    CT_TAREAGEN, CT_TAREABRCH, CT_ROW, CT_COL, CT_CHGTYPE, CT_REP, ...
    CT_REL, CT_ADD, CT_NEWVAL, CT_TLOAD, CT_TAREALOAD, CT_LOAD_ALL_PQ, ...
    CT_LOAD_FIX_PQ, CT_LOAD_DIS_PQ, CT_LOAD_ALL_P, CT_LOAD_FIX_P, ...
    CT_LOAD_DIS_P, CT_TGENCOST, CT_TAREAGENCOST, CT_MODCOST_F, ...
    CT_MODCOST_X] = idx_ct;

windprofile = struct( ...
    'type', 'mpcData', ...
    'table', CT_TGEN, ...
    'rows', [1:45], ...
    'col', PMAX, ...
    'chgtype', 1, ...
    'values', [] );
windprofile.values(:,1,:) = [
	3.682 49.7521 90.8452 114.861 14.6694 31.9809 29.2185 18.469 27.0748 29.4229 54.3878 81.1359 122.1497 68.9864 190.757 71.8666 89.1678 94.4913 87.6842 68.8512 9.7395 74.6221 74.0241 85.9261 105.126 73.9479 13.1911 1346.8815 803.1156 803.1156 588.6003 113.2932 292.2806 177.2231 216.2817 342.6627 1283.1572 246.3572 450.5903 281.5876 117.6862 354.7749 195.6942 273.7039 1296.5234;
	3.7008 50.006 91.9969 117.5705 14.6405 31.8961 26.7476 18.7134 26.4902 30.6516 56.6589 84.524 127.2504 67.1117 189.0313 71.2164 88.3611 93.6364 90.8829 70.3976 8.9159 74.4242 74.6659 87.3753 104.5167 73.3439 13.313 1354.5596 807.1375 807.1375 626.2442 113.2711 302.9429 181.2037 210.4043 344.3787 1283.7528 241.8048 451.9966 279.9556 115.3711 353.8337 183.4723 273.5473 1297.1252;
	3.7244 50.3252 90.3426 116.0283 14.5855 32.4516 22.2123 18.0844 26.1601 30.5328 56.4393 84.1964 126.7572 67.1502 191.6873 72.2171 89.6027 94.9521 87.0348 69.019 7.4041 75.7203 73.4801 88.4945 103.2584 74.2726 13.19 1359.3436 810.1247 810.1247 671.7224 104.816 290.1159 177.6551 210.5248 345.6532 1297.9088 247.889 406.0728 276.585 113.7185 359.9959 192.1005 262.0149 1311.4287;
	3.6857 49.8022 91.0792 115.8214 14.6594 32.0248 22.279 18.0165 25.928 30.0541 55.5546 82.8766 124.7702 67.4167 193.5897 72.9338 90.4919 95.8944 88.4341 69.5967 7.4263 74.7245 72.1896 88.5334 103.5244 71.7474 13.2744 1346.2776 796.5863 796.5863 658.106 110.2762 294.7803 179.1422 211.3604 339.8768 1305.1024 270.2038 401.7528 277.2975 114.3868 355.2616 154.1473 274.5588 1318.6972;
	3.7522 50.6999 89.4204 115.7627 14.6594 32.0929 29.6669 18.1089 25.8359 29.5868 54.6907 81.5878 122.83 69.098 199.8196 75.2809 93.404 98.9804 90.6029 71.3238 9.889 74.8833 72.6992 85.4569 103.905 71.7337 13.4521 1325.5666 785.5403 785.5403 717.7962 112.0567 302.0096 183.5876 216.6316 335.1639 1264.7902 260.2379 442.0947 278.3169 116.4441 356.0167 187.6246 267.1402 1277.9651;
	3.8148 51.5457 89.0019 113.9227 14.8626 32.4636 28.5566 17.9876 25.9971 29.1781 53.9353 80.4609 121.1335 65.9148 202.951 76.4606 94.8678 100.5315 91.1726 71.1412 9.5189 75.7485 72.8465 86.3905 104.4092 70.0626 13.4499 1313.3914 781.1877 781.1877 746.3818 112.9529 303.9088 183.1178 206.6518 333.3067 1227.7748 261.0118 438.7334 279.6675 114.0615 360.1301 178.7464 268.8677 1240.5641;
	3.8297 51.7483 87.4276 113.6816 14.4386 33.1988 31.0478 17.5177 26.3678 30.1142 55.6656 83.0421 125.0195 67.4696 202.6409 76.3438 94.7228 100.3779 90.8032 72.0116 10.3493 77.4638 73.4137 82.3822 99.2811 69.2198 13.3826 1289.5252 782.5537 782.5537 745.7774 112.1057 302.6773 185.3579 211.5264 333.8896 1271.2533 298.2611 459.7738 265.9316 115.7863 368.2853 167.1892 262.6711 1284.4955;
	3.8735 52.3398 90.0667 116.8237 14.7736 33.6848 29.7237 17.779 27.2689 29.9718 55.4024 82.6495 124.4283 68.6112 203.7228 76.7514 95.2286 100.9139 90.5715 69.729 9.9079 78.5978 74.3378 85.7949 102.7823 69.9858 13.6807 1333.7391 772.8749 772.8749 715.7992 117.1801 301.905 179.4825 215.1054 329.76 1262.5092 303.2078 458.8801 275.3098 114.418 373.6763 176.2259 269.9779 1275.6603;
	3.9144 52.8928 90.2836 116.2152 14.9531 33.3056 32.2608 17.6759 27.9008 30.7472 56.8358 84.7878 127.6476 69.7198 202.2499 76.1965 94.5401 100.1843 92.0867 70.8817 10.7536 77.7131 75.4332 84.1868 102.4128 69.516 13.0485 1360.2389 822.2729 822.2729 786.083 122.5274 306.9557 182.4497 218.5811 350.8364 1328.8254 339.4174 478.1802 274.3201 119.3915 369.4702 206.403 267.3353 1342.6674;
	3.9118 52.8575 90.7497 116.9488 15.0648 34.095 28.8792 17.6713 28.0738 29.9958 55.4468 82.7157 124.5281 69.6568 203.0967 76.5155 94.9359 100.6037 88.7344 71.6363 9.6264 79.555 74.3899 85.947 102.6601 70.3496 13.208 1350.5988 835.9072 835.9072 749.698 123.3088 295.7814 184.3919 218.3836 356.6538 1331.4075 352.8999 477.6269 274.9825 119.6413 378.2271 212.8741 274.693 1345.2763;
	3.9299 53.1019 92.0579 118.8115 15.2815 34.3808 30.5909 17.7631 28.355 30.9541 57.2182 85.3582 128.5064 69.6704 199.8661 75.2984 93.4258 99.0035 90.3327 71.6627 10.197 80.2219 74.6367 84.8545 102.9808 67.4796 13.0838 1331.3363 850.006 850.006 764.7406 123.3086 301.109 184.46 218.426 362.6692 1347.531 351.1643 478.9579 275.8413 119.5904 381.3978 216.4586 277.9491 1361.5678;
	3.9221 52.9968 91.3941 118.9484 15.3207 33.7576 29.4998 17.3903 28.0678 29.1173 53.8229 80.2932 120.881 68.7778 199.9288 75.322 93.4551 99.0345 90.0779 70.0895 9.8333 78.7676 74.1756 86.3156 101.4961 62.3442 12.7938 1319.7182 846.3657 846.3657 785.7263 123.7224 300.2597 180.4106 215.6276 361.116 1332.6552 356.0923 475.6447 271.8646 118.8388 374.4839 216.1991 273.1347 1346.537;
	3.9068 52.7893 92.0107 119.4448 15.2859 32.7394 30.1905 18.2406 28.3385 29.749 54.9906 82.0352 123.5035 65.5655 197.613 74.4496 92.3726 97.8874 90.7631 69.5685 10.0635 76.3919 73.4225 87.2232 104.139 71.3713 13.4598 1315.848 850.0914 850.0914 805.605 123.4925 302.5436 179.0694 205.5565 362.7057 1330.793 357.6049 468.2043 278.9438 120.8155 363.1888 212.9553 277.048 1344.6554;
	3.9242 53.0243 91.9773 119.6362 15.2725 33.792 29.2647 18.4027 27.918 27.7669 51.3267 76.5694 115.2748 64.5999 200.8785 75.6798 93.899 99.5049 88.2431 71.6975 9.7549 78.848 73.3425 88.4808 105.0984 72.379 13.5041 1319.4411 823.4825 823.4825 776.6397 122.8685 294.1438 184.5496 202.5295 351.3525 1316.6864 343.073 457.723 281.5135 119.8811 374.8658 212.6337 282.1065 1330.4019;
	3.8952 52.632 91.2936 118.2977 15.1207 33.4737 25.4317 17.7773 28.1762 28.7846 53.2079 79.3757 119.4997 65.8585 199.8208 75.2813 93.4046 98.981 90.147 72.7338 8.4772 78.1052 75.2109 87.1925 102.2544 70.2035 13.0945 1305.4539 809.7671 809.7671 771.8517 122.0769 300.4899 187.2171 206.4754 345.5006 1288.2836 338.0125 467.5569 273.8958 121.8284 371.3345 211.6931 278.5362 1301.7032;
	3.8766 52.3809 89.9638 118.4489 15.2422 32.4885 27.3156 18.151 28.2878 28.668 52.9924 79.0543 119.0158 65.9467 188.7543 71.1121 88.2317 93.4992 87.1558 70.8808 9.1052 75.8064 73.8843 88.5329 104.1398 70.7009 13.3695 1264.9754 798.2193 798.2193 767.4807 122.2761 290.5194 182.4474 206.7517 340.5736 1242.0094 343.3735 472.2914 278.946 122.4103 360.4052 207.8126 275.8035 1254.947;
	3.8041 51.4019 89.776 114.6674 14.578 30.0748 24.423 17.521 28.4346 28.9513 53.516 79.8353 120.1917 66.7342 196.7132 74.1106 91.952 97.4417 89.2795 71.0938 8.141 70.1745 73.0087 85.5685 100.8647 54.7274 12.5665 1256.2807 757.4562 757.4562 709.8475 115.4764 297.5983 182.9955 209.2207 323.1813 1211.9414 329.404 473.3342 270.1734 121.3647 333.6296 189.4245 257.1133 1224.5658;
	3.8343 51.8092 88.2372 108.8425 14.8481 29.3067 21.5527 12.8651 28.3182 29.1284 53.8434 80.3238 120.9271 66.743 191.1658 72.0206 89.3589 94.6938 86.1205 68.269 7.1842 68.3822 74.7324 88.6076 101.287 68.627 10.5573 1247.2993 726.5521 726.5521 647.1534 116.4095 287.0682 175.7245 209.2483 309.9956 1221.9014 305.4095 469.9975 271.3044 121.108 325.1087 181.412 243.5284 1234.6296;
