function solarprofile = ex_solar_profilesh1
%EX_WIND_PROFILE_D  Example wind_load_nyiso profile data for deterministic unit commitment.
% 2022.03.12
% Andres F. Ramirez


%% define constants
[GEN_BUS, PG, QG, QMAX, QMIN, VG, MBASE, GEN_STATUS, PMAX, PMIN, ...
    MU_PMAX, MU_PMIN, MU_QMAX, MU_QMIN, PC1, PC2, QC1MIN, QC1MAX, ...
    QC2MIN, QC2MAX, RAMP_AGC, RAMP_10, RAMP_30, RAMP_Q, APF] = idx_gen;
[CT_LABEL, CT_PROB, CT_TABLE, CT_TBUS, CT_TGEN, CT_TBRCH, CT_TAREABUS, ...
    CT_TAREAGEN, CT_TAREABRCH, CT_ROW, CT_COL, CT_CHGTYPE, CT_REP, ...
    CT_REL, CT_ADD, CT_NEWVAL, CT_TLOAD, CT_TAREALOAD, CT_LOAD_ALL_PQ, ...
    CT_LOAD_FIX_PQ, CT_LOAD_DIS_PQ, CT_LOAD_ALL_P, CT_LOAD_FIX_P, ...
    CT_LOAD_DIS_P, CT_TGENCOST, CT_TAREAGENCOST, CT_MODCOST_F, ...
    CT_MODCOST_X] = idx_ct;

solarprofile = struct( ...
    'type', 'mpcData', ...
    'table', CT_TGEN, ...
    'rows', [1:12], ...
    'col', PMAX, ...
    'chgtype', 1, ...
    'values', [] );
solarprofile.values(:,1,:) = [
	0.0 0.0 0.0 0.0 0.0 0.0 0.0 0.0 0.0 0.0 0.0 0.0;
	0.0 0.0 0.0 0.0 0.0 0.0 0.0 0.0 0.0 0.0 0.0 0.0;
	0.0 0.0 0.0 0.0 0.0 0.0 0.0 0.0 0.0 0.0 0.0 0.0;
	0.0 0.0 0.0 0.0 0.0 0.0 0.0 0.0 0.0 0.0 0.0 0.0;
	0.0 0.0 0.0 0.0 0.0 0.0 0.0 0.0 0.0 0.0 0.0 0.0;
	1.0111 0.8311 0.6975 0.0 0.0 9.6416 1.2052 4.1882 1.0629 0.0 0.0 0.0;
	7.7421 6.1146 5.6591 2.1635 1.44 232.5298 29.0662 39.8954 90.049 72.0222 64.66 130.4326;
	20.1368 13.4761 12.3559 4.4253 3.0252 393.3787 49.1723 56.6717 216.0982 228.4967 102.4069 413.8089;
	24.5673 16.6083 13.8004 6.4124 3.6478 434.1616 54.2702 62.7789 256.333 298.9477 120.0088 541.3961;
	25.2186 16.3661 13.8 3.7166 1.2874 428.2108 53.5264 61.0617 241.2244 196.0391 106.2817 355.028;
	25.1938 16.5136 13.8 6.9627 1.1961 400.5936 50.0742 59.6367 221.6597 222.1532 150.4317 402.3207;
	23.0682 16.5214 13.8 9.7667 2.5258 392.5441 49.068 60.8484 229.4723 243.7421 189.3697 441.4184;
	20.2199 15.9262 13.4455 9.6035 3.6061 406.7783 50.8473 69.0017 276.6496 200.3644 233.0022 362.8611;
	17.2009 15.5643 13.0284 6.488 3.5054 416.3682 52.046 70.1679 261.6982 183.2506 221.487 331.868;
	12.9708 12.2176 9.6179 5.2682 3.0171 390.9776 48.8722 68.3121 207.1645 122.1845 211.6994 221.2769;
	7.2403 6.0504 5.4031 7.405 3.9986 253.3382 31.6673 45.7352 102.0223 46.4429 181.1389 84.1083;
	1.3125 1.0189 0.8621 1.8654 2.2003 68.846 8.6057 13.5172 32.8235 19.8186 74.2884 35.8917;
	0.0 0.0 0.0 0.0 0.0 0.0 0.0 0.0 0.0 0.0 0.0 0.0;
	0.0 0.0 0.0 0.0 0.0 0.0 0.0 0.0 0.0 0.0 0.0 0.0;
	0.0 0.0 0.0 0.0 0.0 0.0 0.0 0.0 0.0 0.0 0.0 0.0;
	0.0 0.0 0.0 0.0 0.0 0.0 0.0 0.0 0.0 0.0 0.0 0.0;
	0.0 0.0 0.0 0.0 0.0 0.0 0.0 0.0 0.0 0.0 0.0 0.0;
	0.0 0.0 0.0 0.0 0.0 0.0 0.0 0.0 0.0 0.0 0.0 0.0;
	0.0 0.0 0.0 0.0 0.0 0.0 0.0 0.0 0.0 0.0 0.0 0.0;
];
