function solarprofile = ex_solar_profilesh1
%EX_WIND_PROFILE_D  Example wind_load_nyiso profile data for deterministic unit commitment.
% 2022.03.12
% Andres F. Ramirez


%% define constants
[GEN_BUS, PG, QG, QMAX, QMIN, VG, MBASE, GEN_STATUS, PMAX, PMIN, ...
    MU_PMAX, MU_PMIN, MU_QMAX, MU_QMIN, PC1, PC2, QC1MIN, QC1MAX, ...
    QC2MIN, QC2MAX, RAMP_AGC, RAMP_10, RAMP_30, RAMP_Q, APF] = idx_gen;
[CT_LABEL, CT_PROB, CT_TABLE, CT_TBUS, CT_TGEN, CT_TBRCH, CT_TAREABUS, ...
    CT_TAREAGEN, CT_TAREABRCH, CT_ROW, CT_COL, CT_CHGTYPE, CT_REP, ...
    CT_REL, CT_ADD, CT_NEWVAL, CT_TLOAD, CT_TAREALOAD, CT_LOAD_ALL_PQ, ...
    CT_LOAD_FIX_PQ, CT_LOAD_DIS_PQ, CT_LOAD_ALL_P, CT_LOAD_FIX_P, ...
    CT_LOAD_DIS_P, CT_TGENCOST, CT_TAREAGENCOST, CT_MODCOST_F, ...
    CT_MODCOST_X] = idx_ct;

solarprofile = struct( ...
    'type', 'mpcData', ...
    'table', CT_TGEN, ...
    'rows', [1:12], ...
    'col', PMAX, ...
    'chgtype', 1, ...
    'values', [] );
solarprofile.values(:,1,:) = [
	0.0 0.0 0.0 0.0 0.0 0.0 0.0 0.0 0.0 0.0 0.0 0.0;
	0.0 0.0 0.0 0.0 0.0 0.0 0.0 0.0 0.0 0.0 0.0 0.0;
	0.0 0.0 0.0 0.0 0.0 0.0 0.0 0.0 0.0 0.0 0.0 0.0;
	0.0 0.0 0.0 0.0 0.0 0.0 0.0 0.0 0.0 0.0 0.0 0.0;
	0.0 0.0 0.0 0.0 0.0 0.0 0.0 0.0 0.0 0.0 0.0 0.0;
	1.0452 0.8585 0.726 0.0 0.0 9.4835 1.1854 4.1882 0.4191 0.0 0.0 0.0;
	13.4009 12.5034 7.6207 1.3656 1.3772 219.8741 27.4843 23.6813 70.9622 55.3485 9.2044 100.2366;
	22.5481 16.4223 12.62 4.1808 2.7342 354.5306 44.3163 57.7737 169.9084 55.3069 25.7705 100.1612;
	24.2223 16.6083 13.8 6.8374 4.1311 390.5614 48.8202 65.7871 200.11 88.4382 76.054 160.1621;
	25.1759 15.8359 13.7143 4.8331 3.5773 343.8402 42.98 53.5087 165.4613 190.5741 109.4229 345.1309;
	24.9069 15.2211 13.6863 3.928 2.4315 338.1205 42.2651 51.0085 171.3433 146.7345 129.6632 265.7371;
	25.3338 15.4875 13.7972 3.1216 1.3074 352.9789 44.1224 54.5743 179.5887 80.3089 140.3427 145.4398;
	24.5943 15.7614 13.4455 2.5843 1.6689 337.7736 42.2217 59.8294 144.1194 65.4396 98.5151 118.5115;
	23.1318 14.6299 13.3105 2.5286 2.9386 322.9593 40.3699 57.4526 127.3279 134.5028 91.3377 243.5854;
	20.2758 11.9565 11.1109 2.4986 4.0043 291.2659 36.4082 44.7941 112.7702 165.0701 79.6334 298.9429;
	13.0607 6.997 5.8661 3.981 6.6475 183.6288 22.9536 13.7035 155.1381 192.7787 81.7038 349.1233;
	2.0811 1.4611 1.0928 1.488 1.8447 77.013 9.6266 11.6997 51.0968 16.3195 28.1891 29.5547;
	0.0 0.0 0.0 0.0 0.0 0.0 0.0 0.0 0.0 0.0 0.0 0.0;
	0.0 0.0 0.0 0.0 0.0 0.0 0.0 0.0 0.0 0.0 0.0 0.0;
	0.0 0.0 0.0 0.0 0.0 0.0 0.0 0.0 0.0 0.0 0.0 0.0;
	0.0 0.0 0.0 0.0 0.0 0.0 0.0 0.0 0.0 0.0 0.0 0.0;
	0.0 0.0 0.0 0.0 0.0 0.0 0.0 0.0 0.0 0.0 0.0 0.0;
	0.0 0.0 0.0 0.0 0.0 0.0 0.0 0.0 0.0 0.0 0.0 0.0;
	0.0 0.0 0.0 0.0 0.0 0.0 0.0 0.0 0.0 0.0 0.0 0.0;
];
