function windprofile = ex_wind_profilesh1
%EX_WIND_PROFILE_D  Example wind_load_nyiso profile data for deterministic unit commitment.
% 2022.03.12
% Andres F. Ramirez


%% define constants
[GEN_BUS, PG, QG, QMAX, QMIN, VG, MBASE, GEN_STATUS, PMAX, PMIN, ...
    MU_PMAX, MU_PMIN, MU_QMAX, MU_QMIN, PC1, PC2, QC1MIN, QC1MAX, ...
    QC2MIN, QC2MAX, RAMP_AGC, RAMP_10, RAMP_30, RAMP_Q, APF] = idx_gen;
[CT_LABEL, CT_PROB, CT_TABLE, CT_TBUS, CT_TGEN, CT_TBRCH, CT_TAREABUS, ...
    CT_TAREAGEN, CT_TAREABRCH, CT_ROW, CT_COL, CT_CHGTYPE, CT_REP, ...
    CT_REL, CT_ADD, CT_NEWVAL, CT_TLOAD, CT_TAREALOAD, CT_LOAD_ALL_PQ, ...
    CT_LOAD_FIX_PQ, CT_LOAD_DIS_PQ, CT_LOAD_ALL_P, CT_LOAD_FIX_P, ...
    CT_LOAD_DIS_P, CT_TGENCOST, CT_TAREAGENCOST, CT_MODCOST_F, ...
    CT_MODCOST_X] = idx_ct;

windprofile = struct( ...
    'type', 'mpcData', ...
    'table', CT_TGEN, ...
    'rows', [1:45], ...
    'col', PMAX, ...
    'chgtype', 1, ...
    'values', [] );
windprofile.values(:,1,:) = [
	3.6367 49.1397 88.8212 112.1189 14.3844 33.3905 28.701 17.8849 26.262 28.1051 51.9518 77.5019 116.6787 67.9213 196.5994 74.0677 91.8988 97.3853 83.3998 72.4506 9.567 77.9111 73.7165 84.7246 102.1058 73.7292 13.3907 1291.4901 763.1907 763.1907 537.6814 112.1215 277.9993 186.4881 212.9426 325.628 1256.6233 224.4349 443.7118 273.4978 122.5952 370.4117 191.2305 281.9177 1269.7131;
	3.6637 49.5052 92.6505 115.9258 14.663 32.9308 25.5362 17.9418 26.5462 29.6321 54.7746 81.7129 123.0183 67.7495 188.0685 70.8537 87.9111 93.1595 84.5974 70.9454 8.5121 76.8386 73.5745 87.1441 100.7346 72.0245 13.4685 1259.9951 780.1943 780.1943 578.867 104.7775 281.9914 182.6136 212.4037 332.8829 1273.1168 212.4038 442.1245 269.8247 122.5923 365.3129 184.3611 276.592 1286.3785;
	3.6167 48.8699 87.6535 113.2368 14.1172 32.0702 21.016 17.3264 26.6044 29.4388 54.4173 81.1798 122.2158 65.7015 193.9569 73.0721 90.6636 96.0763 85.4925 71.5223 7.0053 74.8305 71.263 84.9288 96.6425 72.8435 13.1422 1241.0879 751.2261 751.2261 542.4244 95.0284 284.9751 184.0985 205.9832 320.5231 1241.9083 204.3338 402.9585 258.8639 121.8366 355.7658 180.7255 261.3028 1254.8448;
	3.6446 49.2464 88.6148 116.3206 14.0429 31.8672 23.1114 16.6059 26.6039 29.6949 54.8905 81.8858 123.2786 67.3997 200.0829 75.3801 93.5271 99.1108 90.3605 71.8745 7.7038 74.3569 71.8773 86.8132 98.1368 70.9488 12.801 1279.1704 778.592 778.592 593.5477 108.1048 301.2017 185.0051 211.307 332.1992 1264.617 240.169 434.7473 262.8664 117.5978 353.5139 147.3316 270.4072 1277.7901;
	3.542 47.8601 88.6303 111.5525 13.9534 30.6791 29.1204 16.0906 25.426 29.4054 54.3555 81.0877 122.077 65.292 193.3104 72.8286 90.3614 95.7561 85.6008 71.5452 9.7068 71.5845 72.5556 83.5038 97.6927 71.6492 12.4956 1251.0774 767.4461 767.4461 619.0503 108.3117 285.3359 184.1576 204.6993 327.4437 1245.0787 233.0121 434.8524 261.6769 113.0947 340.3331 169.9959 259.2353 1258.0483;
	3.6685 49.5691 91.7237 115.8738 14.2678 32.3404 29.4572 17.6426 26.8959 30.1797 55.7868 83.2229 125.2916 66.3671 201.3504 75.8576 94.1196 99.7387 91.8869 72.1143 9.8191 75.4609 73.1489 86.4376 99.4468 73.3155 12.9131 1276.6237 781.5363 781.5363 672.7778 113.1574 306.2897 185.6223 208.0698 333.4555 1219.2461 241.7242 447.0809 266.3753 116.3457 358.7626 170.1794 268.8721 1231.9465;
	3.5909 48.521 92.4731 117.5775 14.2794 31.8526 30.8623 17.8375 26.6053 30.4049 56.203 83.8438 126.2264 66.3493 201.1283 75.7739 94.0158 99.6287 91.5501 72.4896 10.2874 74.3228 72.6419 85.9338 100.9318 74.71 13.159 1266.545 770.8763 770.8763 665.5986 109.0828 305.1668 186.5885 208.0141 328.9072 1219.698 269.338 451.913 270.353 118.1898 353.3519 145.1097 269.3982 1232.4032;
	3.7093 50.1202 92.1863 119.3735 14.1857 32.612 30.2433 17.7755 25.9489 29.769 55.0275 82.0902 123.5863 67.2546 202.6887 76.3618 94.7452 100.4016 92.1958 71.4677 10.0811 76.0947 71.5003 86.3389 100.4917 74.5103 13.425 1309.9821 807.3184 807.3184 710.1071 112.1385 307.3193 183.9581 210.8523 344.4558 1259.7194 281.8499 443.285 269.1741 118.0696 361.7761 164.1373 268.4842 1272.8415;
	3.8153 51.5525 95.1196 120.3183 14.906 33.8943 32.2533 18.3455 26.8103 30.1993 55.8229 83.2768 125.3727 67.9235 199.2226 75.056 93.125 98.6847 92.6078 70.1608 10.7511 79.0867 68.8552 85.8347 101.6802 75.2731 13.3942 1338.1371 838.3022 838.3022 746.7668 117.5774 308.6928 180.594 212.9495 357.6756 1315.909 303.9381 453.0445 272.3578 117.9994 376.0005 206.862 272.1403 1329.6163;
	3.6789 49.7099 92.2835 116.1909 15.1486 33.3515 26.979 17.7909 27.1665 30.0739 55.5911 82.931 124.8522 66.6632 196.3001 73.9549 91.7589 97.237 92.3553 70.451 8.993 77.8202 71.7504 85.3888 98.2794 74.0484 12.8956 1320.0309 851.1544 851.1544 793.265 121.6622 307.851 181.341 208.9981 363.1592 1312.0893 344.121 442.3922 263.2483 112.6522 369.9796 209.992 271.7514 1325.7569;
	3.8616 52.179 94.216 120.5146 15.2497 34.2897 29.612 18.7785 28.0679 31.1347 57.5519 85.8562 129.256 65.9317 192.2555 72.4312 89.8683 95.2336 91.8902 72.0026 9.8707 80.0093 72.217 85.4305 102.1508 73.913 13.3462 1298.8552 842.8537 842.8537 816.3382 120.2865 306.3007 185.3348 206.7047 359.6176 1304.072 339.7795 457.612 273.6183 117.2763 380.3869 214.8761 276.7637 1317.656;
	3.9059 52.7772 92.0044 120.462 15.3214 34.516 27.6382 19.009 27.1001 30.4044 56.202 83.8424 126.2242 66.1074 188.057 70.8494 87.9057 93.1538 90.7639 68.83 9.2127 80.5373 74.0749 86.1913 102.708 72.5454 13.5293 1272.7928 826.6856 826.6856 792.9069 119.5812 302.5464 177.1687 207.2558 352.7192 1278.96 343.9626 454.8793 275.1106 119.4633 382.8976 214.1144 280.2475 1292.2825;
	3.8903 52.5666 94.549 120.1746 15.3117 34.1335 27.5062 19.0497 27.3975 30.8244 56.9784 85.0006 127.9679 67.0101 188.7068 71.0942 88.2095 93.4757 91.3865 68.633 9.1687 79.6449 74.7434 85.7795 105.7561 76.338 13.9513 1236.8493 831.5749 831.5749 762.2952 115.3057 304.6215 176.6615 210.0856 354.8053 1243.8991 326.7964 448.8998 283.2753 119.2446 378.6548 210.6911 284.6987 1256.8564;
	3.9163 52.9175 93.0666 120.7812 15.2599 33.9642 27.5249 18.9744 27.9193 31.2119 57.6947 86.0691 129.5766 65.1703 186.3857 70.2197 87.1245 92.3259 89.6561 69.9575 9.175 79.2498 75.524 88.1353 105.5857 76.1693 14.0464 1240.6909 813.2877 813.2877 723.9965 114.5109 298.8536 180.0708 204.3177 347.0027 1224.0929 309.2499 451.3386 282.8188 119.625 376.7762 207.0062 281.5884 1236.8438;
	3.9269 53.0611 94.8257 120.9361 15.3672 33.5351 23.8767 18.7981 27.9645 30.8018 56.9366 84.9382 127.8739 65.0435 180.2981 67.9263 84.2789 89.3105 84.9461 69.3508 7.9589 78.2486 75.7526 88.3944 104.8928 76.1257 14.0405 1234.5343 797.2606 797.2606 718.0625 113.6745 283.1535 178.5092 203.9202 340.1645 1218.2272 298.6832 450.781 280.9628 119.1356 372.0164 204.2728 284.4091 1230.9171;
	3.9046 52.7592 94.0034 120.6163 15.4064 34.1175 25.6754 18.6775 28.2895 30.877 57.0756 85.1455 128.1861 66.5337 179.169 67.5009 83.7511 88.7512 84.1531 69.5953 8.5585 79.6075 75.5942 89.3163 105.037 75.0995 13.8781 1205.9822 787.9254 787.9254 708.9483 112.2793 280.5104 179.1385 208.5922 336.1815 1129.0216 295.4363 467.9673 281.3492 119.3047 378.4768 204.1162 284.327 1140.7823;
	3.8617 52.1796 94.0841 116.0996 15.3516 32.0622 23.5179 18.2835 28.1901 30.0862 55.6139 82.965 124.9033 65.2326 191.3918 72.1058 89.4646 94.8057 84.4371 70.3283 7.8393 74.8118 74.3494 86.7075 104.2357 65.8408 12.7482 1199.2919 743.4488 743.4488 606.0277 109.1971 281.4569 181.0253 204.5129 317.2048 1130.3785 272.8306 457.7508 279.2027 115.1539 355.6769 193.2694 265.9932 1142.1533;
	3.8388 51.8703 94.1648 111.6733 15.3847 31.2287 19.7697 13.4114 27.9959 28.3467 52.3985 78.1683 117.6819 64.2657 195.4589 73.638 91.3657 96.8203 87.025 69.1376 6.5899 72.8669 73.0421 84.5688 100.1689 72.4236 9.5609 1245.1315 715.1272 715.1272 594.6949 108.3099 290.0833 177.9604 201.4816 305.121 1229.9778 274.5768 453.7371 268.3095 114.2951 346.4303 178.3347 251.1491 1242.7901;
