function windprofile = ex_wind_profilesh1
%EX_WIND_PROFILE_D  Example wind_load_nyiso profile data for deterministic unit commitment.
% 2022.03.12
% Andres F. Ramirez


%% define constants
[GEN_BUS, PG, QG, QMAX, QMIN, VG, MBASE, GEN_STATUS, PMAX, PMIN, ...
    MU_PMAX, MU_PMIN, MU_QMAX, MU_QMIN, PC1, PC2, QC1MIN, QC1MAX, ...
    QC2MIN, QC2MAX, RAMP_AGC, RAMP_10, RAMP_30, RAMP_Q, APF] = idx_gen;
[CT_LABEL, CT_PROB, CT_TABLE, CT_TBUS, CT_TGEN, CT_TBRCH, CT_TAREABUS, ...
    CT_TAREAGEN, CT_TAREABRCH, CT_ROW, CT_COL, CT_CHGTYPE, CT_REP, ...
    CT_REL, CT_ADD, CT_NEWVAL, CT_TLOAD, CT_TAREALOAD, CT_LOAD_ALL_PQ, ...
    CT_LOAD_FIX_PQ, CT_LOAD_DIS_PQ, CT_LOAD_ALL_P, CT_LOAD_FIX_P, ...
    CT_LOAD_DIS_P, CT_TGENCOST, CT_TAREAGENCOST, CT_MODCOST_F, ...
    CT_MODCOST_X] = idx_ct;

windprofile = struct( ...
    'type', 'mpcData', ...
    'table', CT_TGEN, ...
    'rows', [1:45], ...
    'col', PMAX, ...
    'chgtype', 1, ...
    'values', [] );
windprofile.values(:,1,:) = [
	3.5441 47.8891 90.9561 111.0542 14.3115 31.4147 27.8897 18.1861 26.7341 29.228 54.0275 80.5984 121.3405 68.9552 190.9739 71.9483 89.2692 94.5987 81.8308 70.2347 9.2966 73.3009 75.0074 84.6069 102.3387 74.7737 13.3073 1288.7309 766.7561 766.7561 529.6997 109.1699 272.7692 180.7844 216.1839 327.1493 1251.4623 211.2819 436.9919 274.1215 113.2627 348.4933 185.6171 273.8437 1264.4984;
	3.6713 49.6068 89.6489 110.6625 14.5543 30.8893 23.7027 18.4066 25.7482 29.3427 54.2396 80.9149 121.8169 65.4812 179.6781 67.6927 83.9891 89.0034 78.565 68.6281 7.9009 72.075 72.8873 86.0432 102.3888 74.743 13.3866 1266.8471 758.9766 758.9766 568.2198 103.3102 261.8835 176.6488 205.2923 323.83 1203.8822 216.6942 399.1491 274.2558 115.9095 342.6653 162.5768 273.7458 1216.4226;
	3.6495 49.3125 90.4533 111.0604 14.4951 31.9483 20.6513 18.2188 25.9051 29.7657 55.0215 82.0813 123.5729 64.3769 186.552 70.2824 87.2022 92.4083 81.8195 68.5714 6.8838 74.5461 72.1157 87.0383 101.5512 75.6755 13.4388 1271.5007 781.7503 781.7503 607.7966 94.1547 272.7317 176.5029 201.8304 333.5468 1263.7132 230.2244 391.5899 272.0121 114.325 354.4134 174.8926 262.9736 1276.8768;
	3.6348 49.1142 90.2868 113.0341 15.0452 31.6838 21.4027 18.8279 26.312 29.8288 55.1381 82.2552 123.8348 67.4005 193.3055 72.8267 90.3591 95.7536 81.7298 69.3276 7.1342 73.9288 72.4799 88.2537 103.1468 75.4424 13.6053 1271.8694 779.0944 779.0944 580.932 96.6334 272.4326 178.4493 211.3097 332.4136 1252.442 245.3152 416.2762 276.2861 113.3829 351.4784 143.6504 273.036 1265.4882;
	3.696 49.9411 90.4764 110.4916 14.9296 32.1895 30.9331 18.7555 27.6387 30.8828 57.0864 85.1617 128.2105 67.0254 199.3079 75.0881 93.1649 98.7269 84.0825 71.4812 10.311 75.1089 73.6789 85.7412 101.8981 75.032 13.6495 1263.4413 797.0121 797.0121 638.3989 102.0255 280.2752 183.9929 210.1337 340.0585 1265.1007 249.9329 463.3577 272.9413 117.4865 357.0892 175.9666 269.8403 1278.2788;
	3.8216 51.6387 91.867 111.5698 15.2248 33.0999 30.5837 18.4931 28.1017 30.5122 56.4014 84.1398 126.672 68.7575 200.1986 75.4237 93.5812 99.1682 84.0796 71.2562 10.1946 77.2332 73.1558 87.0424 100.9746 74.8535 13.4195 1244.6188 803.2678 803.2678 689.4319 97.3283 280.2654 183.4136 215.5641 342.7276 1228.2413 241.7787 461.0286 270.4678 118.3473 367.1885 174.8351 275.2743 1241.0355;
	3.8819 52.4534 91.3209 112.5156 15.2082 33.98 31.5786 18.7737 28.3901 30.6983 56.7453 84.6528 127.4443 67.3272 200.1979 75.4234 93.5809 99.1678 85.5384 72.4589 10.5262 79.2867 73.533 85.4131 99.3256 72.6825 13.347 1244.7345 805.5537 805.5537 730.9139 100.2852 285.128 186.5095 211.08 343.7029 1285.2524 275.6882 466.9524 266.0508 118.5315 376.9516 166.0105 271.3472 1298.6404;
	3.883 52.4685 90.6016 114.9439 14.9832 34.1174 30.2484 18.7666 28.4131 30.7681 56.8743 84.8453 127.7341 66.9442 191.9501 72.3161 89.7255 95.0823 79.0322 69.0749 10.0828 79.6072 74.7703 87.9329 101.3362 73.7139 13.2785 1266.4854 824.1517 824.1517 728.579 107.6038 263.4408 177.7991 209.8791 351.638 1302.6252 292.6086 470.6348 271.4363 118.4464 378.4754 176.3851 273.2255 1316.1942;
	3.8356 51.8279 93.282 117.1952 14.9989 33.9187 31.6172 19.025 27.2935 30.929 57.1718 85.2891 128.4022 66.7453 197.4075 74.3721 92.2765 97.7856 89.4506 70.0897 10.5391 79.1437 73.1846 88.8595 102.0752 75.6599 13.4478 1283.5612 799.298 799.298 739.2768 113.9019 298.1688 180.4111 209.2556 341.0338 1293.807 293.2034 458.0864 273.4158 120.6442 376.272 203.8459 282.7536 1307.2841;
	3.8755 52.3661 92.3038 118.4024 15.0495 33.6403 26.9343 18.6761 27.4768 31.0493 57.3942 85.6208 128.9017 67.2769 197.0123 74.2233 92.0918 97.5898 90.0433 69.4417 8.9781 78.4941 73.5728 89.2113 99.4804 72.5286 13.2123 1259.5203 801.3948 801.3948 728.4083 116.8629 300.1442 178.7431 210.9221 341.9284 1234.7173 315.3596 456.3109 266.4655 118.5026 373.1836 209.7573 281.0246 1247.579;
	3.9092 52.8224 94.6524 120.7184 15.0406 33.8134 30.2618 18.9316 28.3675 31.3316 57.916 86.3992 130.0736 68.591 201.2131 75.8059 94.0554 99.6707 91.5082 72.0849 10.0873 78.8979 74.8275 89.4087 102.4158 73.4297 13.8612 1278.6749 812.6098 812.6098 759.7686 116.9713 305.0275 185.5467 215.0421 346.7135 1294.6318 320.4207 475.1739 274.328 121.3683 375.1032 215.4154 281.8371 1308.1175;
	3.9166 52.9222 92.3212 120.1895 14.8678 34.0959 27.9675 18.8137 28.0219 29.479 54.4914 81.2905 122.3824 67.4976 203.5919 76.7021 95.1674 100.849 92.232 71.7294 9.3225 79.5571 72.5168 89.1192 100.9091 70.2034 13.4273 1269.9278 810.7956 810.7956 747.6397 119.6575 307.4401 184.6318 211.6141 345.9395 1282.2916 324.9539 469.5069 270.2922 120.8264 378.2371 209.104 280.4036 1295.6488;
	3.8274 51.7169 88.2119 114.9181 14.67 32.1726 28.6002 18.2867 27.968 30.4433 56.274 83.9497 126.3858 66.8004 200.1955 75.4225 93.5798 99.1666 92.0639 68.7862 9.5334 75.0695 73.2225 83.3238 97.6555 72.527 13.2606 1269.2771 826.6468 826.6468 725.5464 117.8394 306.8798 177.0559 209.4283 352.7026 1287.7594 323.6007 458.9031 261.5773 121.2926 356.9017 208.78 268.5579 1301.1736;
	3.8242 51.6737 88.636 117.5149 14.6831 32.3144 26.8384 18.6289 27.3679 29.3713 54.2923 80.9935 121.9352 66.7467 199.2951 75.0833 93.1589 98.7206 92.6069 71.6616 8.9461 75.4004 74.3524 85.0671 97.1115 73.8974 13.708 1289.7852 799.769 799.769 683.4834 118.783 308.6897 184.457 209.2598 341.2348 1278.7529 308.4607 447.9687 260.12 120.1926 358.4748 202.9191 272.5213 1292.0732;
	3.7992 51.3361 90.828 117.7261 14.6571 32.3796 24.6163 18.4468 27.755 29.1605 53.9027 80.4122 121.0601 67.0207 196.2887 73.9506 91.7536 97.2314 92.7958 71.2842 8.2054 75.5524 73.7308 87.2625 98.5019 72.6737 13.4122 1298.5596 796.2677 796.2677 748.1571 116.2254 309.3195 183.4858 210.119 339.7409 1268.3473 323.6611 459.4916 263.8443 120.5353 359.1978 204.5539 268.4176 1281.5592;
	3.8177 51.5856 90.3955 116.8773 14.9117 32.0452 26.09 18.7798 27.7133 28.8679 53.3618 79.6053 119.8453 66.182 191.7089 72.2252 89.6128 94.9628 91.2094 71.373 8.6967 74.772 71.6109 87.21 102.4319 73.0661 13.4671 1261.4037 770.3282 770.3282 684.7631 109.9263 304.0314 183.7144 207.4894 328.6733 1215.2453 311.9498 466.4044 274.3713 118.6349 355.4876 199.4096 276.5549 1227.9041;
	3.7165 50.2177 89.658 111.3442 14.1989 30.0326 22.3458 18.3023 26.4393 29.6789 54.8609 81.8417 123.2123 63.9874 189.0195 71.212 88.3556 93.6306 90.4195 69.0904 7.4486 70.0761 72.4826 84.7421 102.4645 62.8254 12.6159 1233.5705 737.0402 737.0402 657.5627 111.636 301.3984 177.8388 200.609 314.4705 1177.1741 313.6179 448.343 274.4585 117.3311 333.1617 187.333 254.1655 1189.4363;
	3.7861 51.1589 93.0155 110.234 14.4678 28.2511 19.6049 13.9599 26.4768 29.7147 54.9272 81.9406 123.3612 64.4163 183.7179 69.2147 85.8775 91.0045 90.2655 67.923 6.535 65.9192 74.4605 85.8717 101.8783 74.1986 9.7264 1252.2896 723.591 723.591 623.3496 110.0311 300.885 174.8341 201.954 308.7322 1227.9694 286.6088 442.0284 272.8884 117.5676 313.3986 173.3011 239.179 1240.7608;
