function solarprofile = ex_solar_profilesh1
%EX_WIND_PROFILE_D  Example wind_load_nyiso profile data for deterministic unit commitment.
% 2022.03.12
% Andres F. Ramirez


%% define constants
[GEN_BUS, PG, QG, QMAX, QMIN, VG, MBASE, GEN_STATUS, PMAX, PMIN, ...
    MU_PMAX, MU_PMIN, MU_QMAX, MU_QMIN, PC1, PC2, QC1MIN, QC1MAX, ...
    QC2MIN, QC2MAX, RAMP_AGC, RAMP_10, RAMP_30, RAMP_Q, APF] = idx_gen;
[CT_LABEL, CT_PROB, CT_TABLE, CT_TBUS, CT_TGEN, CT_TBRCH, CT_TAREABUS, ...
    CT_TAREAGEN, CT_TAREABRCH, CT_ROW, CT_COL, CT_CHGTYPE, CT_REP, ...
    CT_REL, CT_ADD, CT_NEWVAL, CT_TLOAD, CT_TAREALOAD, CT_LOAD_ALL_PQ, ...
    CT_LOAD_FIX_PQ, CT_LOAD_DIS_PQ, CT_LOAD_ALL_P, CT_LOAD_FIX_P, ...
    CT_LOAD_DIS_P, CT_TGENCOST, CT_TAREAGENCOST, CT_MODCOST_F, ...
    CT_MODCOST_X] = idx_ct;

solarprofile = struct( ...
    'type', 'mpcData', ...
    'table', CT_TGEN, ...
    'rows', [1:12], ...
    'col', PMAX, ...
    'chgtype', 1, ...
    'values', [] );
solarprofile.values(:,1,:) = [
	0.0 0.0 0.0 0.0 0.0 0.0 0.0 0.0 0.0 0.0 0.0 0.0;
	0.0 0.0 0.0 0.0 0.0 0.0 0.0 0.0 0.0 0.0 0.0 0.0;
	0.0 0.0 0.0 0.0 0.0 0.0 0.0 0.0 0.0 0.0 0.0 0.0;
	0.0 0.0 0.0 0.0 0.0 0.0 0.0 0.0 0.0 0.0 0.0 0.0;
	0.0 0.0 0.0 0.0 0.0 0.0 0.0 0.0 0.0 0.0 0.0 0.0;
	1.0163 0.8373 0.7048 0.0 0.0 10.4456 1.3057 4.604 0.8254 0.0 0.0 0.0;
	9.2348 6.7323 5.8911 4.0245 7.6246 137.7231 17.2154 33.7405 136.2706 98.9968 41.8543 179.2838;
	17.3413 11.2549 10.6284 4.8561 6.4817 282.4821 35.3103 40.1472 149.2217 166.3738 78.4995 301.3039;
	22.8674 16.2495 13.1555 5.7665 5.8901 315.5017 39.4377 48.7545 162.6846 162.8427 86.4036 294.9092;
	25.1952 16.3279 11.8181 0.7748 5.9239 207.0436 25.8804 58.623 186.5864 57.4024 39.2248 103.9561;
	25.3971 16.3092 13.1639 1.0173 6.7788 325.4372 40.6797 65.2045 226.9948 92.6145 39.8326 167.7255;
	24.1276 15.4899 13.6641 1.5539 6.3258 377.2409 47.1551 64.391 228.7295 170.2208 50.3894 308.2709;
	19.7944 8.9551 12.7881 4.3777 3.5519 337.1851 42.1481 58.7212 149.291 202.502 106.5756 366.7323;
	16.8025 6.0362 10.8401 3.9015 3.2187 264.4668 33.0583 47.0564 107.6481 200.3862 105.9164 362.9007;
	13.9333 6.5958 6.6205 1.9725 3.4551 141.6523 17.7065 38.5992 97.7922 135.8892 103.2623 246.0962;
	7.4232 5.3911 4.7381 0.5718 5.1466 91.3658 11.4207 19.8063 127.0566 40.8183 81.1467 73.9221;
	1.283 1.0638 0.9874 0.7584 1.2426 89.0379 11.1297 11.4152 38.8469 11.2077 16.5451 20.2971;
	0.0 0.0 0.0 0.0 0.0 0.0 0.0 0.0 0.0 0.0 0.0 0.0;
	0.0 0.0 0.0 0.0 0.0 0.0 0.0 0.0 0.0 0.0 0.0 0.0;
	0.0 0.0 0.0 0.0 0.0 0.0 0.0 0.0 0.0 0.0 0.0 0.0;
	0.0 0.0 0.0 0.0 0.0 0.0 0.0 0.0 0.0 0.0 0.0 0.0;
	0.0 0.0 0.0 0.0 0.0 0.0 0.0 0.0 0.0 0.0 0.0 0.0;
	0.0 0.0 0.0 0.0 0.0 0.0 0.0 0.0 0.0 0.0 0.0 0.0;
	0.0 0.0 0.0 0.0 0.0 0.0 0.0 0.0 0.0 0.0 0.0 0.0;
];
