function windprofile = ex_wind_profilesh1
%EX_WIND_PROFILE_D  Example wind_load_nyiso profile data for deterministic unit commitment.
% 2022.03.12
% Andres F. Ramirez


%% define constants
[GEN_BUS, PG, QG, QMAX, QMIN, VG, MBASE, GEN_STATUS, PMAX, PMIN, ...
    MU_PMAX, MU_PMIN, MU_QMAX, MU_QMIN, PC1, PC2, QC1MIN, QC1MAX, ...
    QC2MIN, QC2MAX, RAMP_AGC, RAMP_10, RAMP_30, RAMP_Q, APF] = idx_gen;
[CT_LABEL, CT_PROB, CT_TABLE, CT_TBUS, CT_TGEN, CT_TBRCH, CT_TAREABUS, ...
    CT_TAREAGEN, CT_TAREABRCH, CT_ROW, CT_COL, CT_CHGTYPE, CT_REP, ...
    CT_REL, CT_ADD, CT_NEWVAL, CT_TLOAD, CT_TAREALOAD, CT_LOAD_ALL_PQ, ...
    CT_LOAD_FIX_PQ, CT_LOAD_DIS_PQ, CT_LOAD_ALL_P, CT_LOAD_FIX_P, ...
    CT_LOAD_DIS_P, CT_TGENCOST, CT_TAREAGENCOST, CT_MODCOST_F, ...
    CT_MODCOST_X] = idx_ct;

windprofile = struct( ...
    'type', 'mpcData', ...
    'table', CT_TGEN, ...
    'rows', [1:45], ...
    'col', PMAX, ...
    'chgtype', 1, ...
    'values', [] );
windprofile.values(:,1,:) = [
	3.7392 50.5255 89.2039 109.5284 14.4415 31.8489 29.3363 17.6854 27.1434 28.5247 52.7275 78.6591 118.4208 69.0906 187.2934 70.5617 87.5488 92.7756 75.6287 69.4298 9.7788 74.3142 73.2083 78.3385 99.0743 71.7569 12.9936 1274.2841 817.4354 817.4354 627.0971 113.4112 252.0957 178.7124 216.6082 348.7724 1283.3959 244.1598 444.7968 265.3777 114.7601 353.3107 193.5735 273.0532 1296.7646;
	3.8098 51.4794 89.8145 109.548 14.6554 32.1505 26.6072 17.7863 26.637 29.4399 54.4193 81.1828 122.2203 68.936 171.6377 64.6635 80.2307 85.0206 78.5409 70.2204 8.8691 75.0179 71.9922 82.2147 97.7659 70.9307 13.0559 1299.7232 829.5022 829.5022 676.6432 106.8632 261.8029 180.7474 216.1238 353.9209 1280.9892 240.7683 452.0681 261.8731 114.9649 356.6567 190.0446 264.3596 1294.3329;
	3.7526 50.7059 88.6484 108.2618 14.5625 33.1426 22.7504 14.7761 26.75 29.5758 54.6705 81.5576 122.7846 69.8612 172.8529 65.1213 80.7987 85.6225 80.3625 68.6629 7.5835 77.3327 71.129 65.9384 96.4876 72.6405 12.8808 1284.9296 813.4693 813.4693 687.129 102.858 267.8751 176.7384 219.0243 347.0802 1301.6199 247.5176 418.3156 258.4489 115.2781 367.6616 191.247 259.0773 1315.1785;
	3.6253 48.9855 88.3033 110.03 14.5795 32.2368 24.7433 15.7247 27.0229 30.1369 55.7076 83.1048 125.1139 69.8145 191.6599 72.2068 89.5899 94.9385 84.0011 69.5209 8.2478 75.2192 72.2559 79.6758 96.8684 71.0957 12.1756 1266.6009 822.8809 822.8809 706.1125 104.7236 280.0038 178.9469 218.8778 351.0959 1281.5977 276.6816 436.0138 259.4689 115.2427 357.6135 154.4027 273.6624 1294.9477;
	3.7178 50.2358 87.6909 108.5807 14.6104 32.7034 29.9988 12.7859 26.2992 30.6746 56.7015 84.5874 127.3459 67.8842 194.2184 73.1706 90.7858 96.2058 78.6643 71.3881 9.9996 76.3078 74.4512 80.192 96.748 71.3396 12.2511 1285.7277 775.8199 775.8199 696.1038 107.8035 262.2145 183.7533 212.8261 331.0165 1267.5098 266.546 445.0559 259.1464 111.9298 362.7893 186.1969 262.9316 1280.7131;
	3.5769 48.3321 86.6235 97.449 14.2564 32.1343 27.6723 14.8616 25.8018 30.2441 55.9057 83.4003 125.5587 65.834 197.5038 74.4084 92.3215 97.8333 84.8894 71.0972 9.2241 74.9799 72.894 68.8687 96.0199 69.7912 12.2452 1259.8824 747.0915 747.0915 675.3666 103.902 282.9647 183.0045 206.3985 318.759 1190.1351 247.7361 435.3637 257.1963 111.1117 356.476 161.4181 261.7429 1202.5324;
	3.6284 49.0274 87.1274 110.3236 14.8031 32.8619 29.8113 15.2713 26.7877 30.705 56.7577 84.6713 127.4722 67.1413 195.1017 73.5034 91.1987 96.6434 86.2161 72.5331 9.9371 76.6777 73.0238 81.9358 96.8351 68.9052 12.0369 1270.8047 759.1366 759.1366 720.7886 108.7676 287.3868 186.7005 210.4971 323.8983 1255.3249 294.9108 446.0026 259.3796 112.3049 364.5477 155.5522 257.7359 1268.4012;
	3.8499 52.0204 92.8806 117.9594 15.0963 34.322 28.0417 17.3107 26.6757 30.3799 56.1567 83.7748 126.1225 67.8534 196.9445 74.1977 92.0601 97.5562 86.3403 70.1731 9.3472 80.0848 73.0643 85.9573 100.3162 70.8186 12.6965 1298.7858 803.1054 803.1054 721.785 107.5783 287.801 180.6258 212.7294 342.6583 1258.9004 302.5672 451.0599 268.7041 113.6679 380.7458 179.1548 269.7058 1272.0139;
	3.7709 50.9531 88.6567 115.0179 15.0193 34.0149 30.5428 16.8755 27.3019 30.5052 56.3883 84.1203 126.6426 69.2601 196.7552 74.1264 91.9716 97.4625 89.0641 70.5077 10.1809 79.3681 73.44 84.4146 98.4493 69.9321 12.1204 1320.2115 839.9572 839.9572 776.0654 112.0219 296.8803 181.4869 217.1397 358.3817 1286.6831 315.2481 463.0392 263.7035 117.6621 377.3385 210.3647 260.7369 1300.086;
	3.7939 51.2646 92.3913 116.964 15.054 33.3528 25.4885 17.7743 26.8876 29.8455 55.169 82.3012 123.904 66.2702 194.0661 73.1133 90.7146 96.1304 89.0979 70.2451 8.4962 77.8232 72.6939 87.365 102.7988 71.0902 12.6703 1335.0064 830.9278 830.9278 797.8691 118.1861 296.993 180.8111 207.7659 354.5292 1282.039 343.2921 449.5378 275.3539 116.648 369.9936 213.2285 268.403 1295.3935;
	3.8134 51.5271 90.3979 115.3808 15.3042 32.9953 28.8463 17.9449 27.2196 30.7123 56.7713 84.6916 127.5028 65.6773 193.5414 72.9156 90.4694 95.8705 88.3515 72.0846 9.6154 76.9889 72.6413 85.7051 99.9599 69.8209 12.9728 1333.8132 839.9337 839.9337 809.2603 117.9067 294.505 185.5459 205.9072 358.3717 1305.7344 343.2769 472.5209 267.7499 115.893 366.0274 215.6019 264.5284 1319.3358;
	3.6526 49.3545 89.3744 116.389 14.9147 32.2472 26.776 17.8727 27.1586 29.1343 53.8543 80.3401 120.9515 65.479 192.0496 72.3536 89.772 95.1315 89.6746 69.8721 8.9253 75.2436 72.3833 86.4225 99.3589 67.1087 13.0037 1283.5698 827.5688 827.5688 802.827 116.5988 298.9153 179.8509 205.2856 353.096 1280.9443 341.8472 468.8134 266.1399 117.9692 357.7295 211.2488 261.5572 1294.2875;
	3.6408 49.1951 91.717 110.3952 14.967 32.3968 25.9156 18.0905 26.6983 30.2951 56.0001 83.5412 125.7708 64.3477 190.4279 71.7426 89.014 94.3282 89.8935 70.0981 8.6385 75.5925 72.0084 83.4424 100.4035 72.0966 13.1704 1292.168 846.1171 846.1171 790.5486 112.3038 299.6449 180.4326 201.7386 361.01 1297.3393 336.6151 458.2706 268.9379 117.3623 359.3883 209.2774 270.6706 1310.8533;
	3.6947 49.9241 88.2378 110.3793 14.8315 32.852 24.9 17.6361 26.2861 28.6968 53.0456 79.1336 119.1351 63.8827 192.4356 72.499 89.9525 95.3228 89.3635 71.7221 8.3 76.6546 73.2333 85.4193 100.0878 70.8644 12.9757 1285.3782 814.6369 814.6369 749.5433 114.804 297.8783 184.6128 200.2808 347.5784 1251.7867 334.0762 438.077 268.0924 115.9568 364.4378 205.604 270.2589 1264.8262;
	3.62 48.9137 88.9747 111.3864 14.2762 31.8706 21.3721 18.3844 25.794 27.6328 51.0789 76.1996 114.7181 59.987 190.2691 71.6828 88.9397 94.2496 87.7899 71.4742 7.124 74.3647 73.5375 86.7213 102.9221 74.0099 13.2745 1280.5189 815.2305 815.2305 775.4401 119.0183 292.6331 183.9748 188.0672 347.8317 1264.8794 342.8673 410.3317 275.6843 117.1774 353.5512 204.5127 268.8227 1278.0552;
	3.6721 49.6181 88.4481 111.507 14.2904 31.6649 23.1464 18.3127 26.6862 28.3983 52.4938 78.3105 117.896 63.5187 172.5333 65.0009 80.6493 85.4642 86.2718 69.3519 7.7155 73.8847 70.853 86.3426 102.282 70.613 12.8743 1269.5321 802.0909 802.0909 733.6895 119.8284 287.5726 178.5119 199.1396 342.2254 1203.5094 331.4533 420.3211 273.9695 117.2928 351.2688 202.8833 273.3759 1216.046;
	3.6564 49.4066 86.3778 99.7685 14.0481 29.4253 21.1339 16.5834 26.7632 29.8929 55.2566 82.432 124.1009 64.8455 192.1918 72.4071 89.8385 95.202 88.6677 70.7326 7.0446 68.6589 73.5686 81.7831 97.0883 56.5609 10.9618 1206.9664 785.6251 785.6251 685.2487 114.3597 295.559 182.0659 203.2994 335.2001 1199.0445 322.3243 438.7428 260.0579 113.4332 326.4242 182.4715 247.0976 1211.5345;
	3.6416 49.2057 86.9191 100.3313 14.3689 28.8756 19.2997 12.4236 27.7563 29.1877 53.953 80.4873 121.1731 65.8691 193.374 72.8525 90.3911 95.7876 91.8986 70.9356 6.4332 67.3765 71.5146 82.4101 98.0411 70.5728 9.1939 1203.1564 748.3772 748.3772 645.2471 112.6928 306.3288 182.5884 206.5086 319.3076 1203.5527 294.7881 448.7589 262.61 114.0733 320.327 178.0307 236.903 1216.0897;
