function loadprofile = ex_load_profilesh1
%EX_LOAD_PROFILE  Example load profile data file for stochastic unit commitment.
% 2022.03.12
% Andres F. Ramirez

%% define constants
[CT_LABEL, CT_PROB, CT_TABLE, CT_TBUS, CT_TGEN, CT_TBRCH, CT_TAREABUS, ...
    CT_TAREAGEN, CT_TAREABRCH, CT_ROW, CT_COL, CT_CHGTYPE, CT_REP, ...
    CT_REL, CT_ADD, CT_NEWVAL, CT_TLOAD, CT_TAREALOAD, CT_LOAD_ALL_PQ, ...
    CT_LOAD_FIX_PQ, CT_LOAD_DIS_PQ, CT_LOAD_ALL_P, CT_LOAD_FIX_P, ...
    CT_LOAD_DIS_P, CT_TGENCOST, CT_TAREAGENCOST, CT_MODCOST_F, ...
    CT_MODCOST_X] = idx_ct;

loadprofile = struct( ...
    'type', 'mpcData', ...
    'table', CT_TAREALOAD, ...
    'rows', [1:11], ...
    'col', CT_LOAD_ALL_P, ...
    'chgtype', 1, ...
    'values', [] );
loadprofile.values(:,1,:) = [
	1489.9373 890.631 1531.7436 560.2712 791.3193 1087.7257 863.4195 229.1 504.9843 4390.512 1666.6516;
	1492.0161 884.7905 1529.0818 549.654 770.4796 1053.3 847.3 230.2 490.3879 4289.6963 1618.6322;
	1502.0899 892.7921 1525.0231 567.234 757.4 1051.2376 833.8445 222.1907 481.2076 4222.8633 1618.0106;
	1529.8917 917.2009 1550.3654 580.3618 775.7341 1104.2703 866.0 235.3 503.1933 4296.6197 1676.2082;
	1611.5036 987.0542 1671.1753 581.4281 847.8 1162.6804 912.9812 254.4668 539.1221 4530.7643 1779.2816;
	1652.6 1040.1877 1733.0293 599.6434 866.1736 1243.4222 939.9809 253.8095 558.8634 4638.4798 1830.8021;
	1706.1 1093.233 1793.3 611.6388 892.1432 1297.0673 977.1417 258.7493 583.196 4813.8487 1913.6522;
	1760.4235 1098.8015 1800.3588 625.6327 950.6258 1338.5722 988.3515 279.0999 611.0666 5078.7779 1871.3759;
	1782.4842 1089.515 1751.1867 612.9851 977.4467 1300.8615 999.9897 290.4697 634.4841 5243.2178 1882.6777;
	1795.6157 1117.0635 1773.2723 609.2575 972.1288 1327.9048 1029.2992 302.5778 647.5531 5307.3868 1977.0855;
	1811.4206 1115.0495 1747.8915 610.4 938.5004 1308.6136 987.1378 282.571 625.7186 5234.3634 1824.8261;
	1805.1475 1099.2 1709.8312 590.9873 925.5872 1298.943 937.9847 266.5499 628.7408 5162.6693 1799.8605;
	1774.5112 1104.9562 1680.2927 591.4044 941.1483 1281.6936 940.8 280.0 606.4004 5224.7134 1804.832;
	1714.0 1082.6208 1699.4285 602.9 931.7106 1283.9 923.5392 262.312 581.7 5156.0401 1741.9246;
	1709.7 1085.6983 1711.6 590.9415 931.9287 1279.1945 955.8307 265.9399 585.4228 5069.7442 1756.2922;
	1735.5885 1103.4 1756.7435 597.9475 966.526 1335.7359 1020.4175 297.2337 609.856 5176.4919 1978.0287;
	1677.5041 1086.1 1792.2159 602.1 974.3639 1319.2638 1036.7 319.3329 633.0 5253.7687 2035.6154;
	1724.5956 1103.3779 1826.517 623.4581 979.0 1390.1046 1101.1598 321.7917 664.3439 5341.8753 2140.8403;
	1791.1108 1132.816 1861.5168 618.1 982.462 1397.491 1096.7555 312.9 670.676 5324.2406 2099.5598;
	1747.6118 1097.7057 1766.9391 614.644 920.3831 1344.3271 1069.8954 317.9549 657.291 5284.5726 2076.5298;
	1644.2525 1033.0 1691.4511 584.7484 875.9512 1275.8 1021.1 285.1 624.8 4793.2116 1804.4739;
	1570.9234 977.6 1591.5474 582.6 804.256 1188.4817 964.1 282.2212 594.1696 4819.5443 1769.7747;
	1537.0 942.6745 1601.4299 570.7273 841.0392 1209.9455 1013.4423 275.2051 602.6703 5000.5574 1875.9409;
	1531.043 926.7 1545.6962 561.0024 827.3 1160.0868 945.5049 258.8939 571.6633 4831.8572 1818.2679;
];
