function solarprofile = ex_solar_profilesh1
%EX_WIND_PROFILE_D  Example wind_load_nyiso profile data for deterministic unit commitment.
% 2022.03.12
% Andres F. Ramirez


%% define constants
[GEN_BUS, PG, QG, QMAX, QMIN, VG, MBASE, GEN_STATUS, PMAX, PMIN, ...
    MU_PMAX, MU_PMIN, MU_QMAX, MU_QMIN, PC1, PC2, QC1MIN, QC1MAX, ...
    QC2MIN, QC2MAX, RAMP_AGC, RAMP_10, RAMP_30, RAMP_Q, APF] = idx_gen;
[CT_LABEL, CT_PROB, CT_TABLE, CT_TBUS, CT_TGEN, CT_TBRCH, CT_TAREABUS, ...
    CT_TAREAGEN, CT_TAREABRCH, CT_ROW, CT_COL, CT_CHGTYPE, CT_REP, ...
    CT_REL, CT_ADD, CT_NEWVAL, CT_TLOAD, CT_TAREALOAD, CT_LOAD_ALL_PQ, ...
    CT_LOAD_FIX_PQ, CT_LOAD_DIS_PQ, CT_LOAD_ALL_P, CT_LOAD_FIX_P, ...
    CT_LOAD_DIS_P, CT_TGENCOST, CT_TAREAGENCOST, CT_MODCOST_F, ...
    CT_MODCOST_X] = idx_ct;

solarprofile = struct( ...
    'type', 'mpcData', ...
    'table', CT_TGEN, ...
    'rows', [1:12], ...
    'col', PMAX, ...
    'chgtype', 1, ...
    'values', [] );
solarprofile.values(:,1,:) = [
	0.0 0.0 0.0 0.0 0.0 0.0 0.0 0.0 0.0 0.0 0.0 0.0;
	0.0 0.0 0.0 0.0 0.0 0.0 0.0 0.0 0.0 0.0 0.0 0.0;
	0.0 0.0 0.0 0.0 0.0 0.0 0.0 0.0 0.0 0.0 0.0 0.0;
	0.0 0.0 0.0 0.0 0.0 0.0 0.0 0.0 0.0 0.0 0.0 0.0;
	0.0 0.0 0.0 0.0 0.0 0.0 0.0 0.0 0.0 0.0 0.0 0.0;
	1.019 0.829 0.7083 0.0 0.0 9.4835 1.1854 4.1882 0.4191 0.0 0.0 0.0;
	18.4249 15.8366 10.3653 1.1675 3.4434 123.5422 15.4428 29.9888 56.2892 38.1148 19.2758 69.0262;
	20.4609 17.1841 13.2559 4.503 6.1532 160.3912 20.0489 48.2345 164.3606 125.2547 82.1385 226.8371;
	23.1021 16.8852 13.8 7.2863 7.4131 273.7737 34.2217 54.0267 226.3694 223.1973 124.4894 404.2116;
	25.2049 16.4242 13.8 4.7442 7.6734 387.8875 48.4859 50.4961 263.4407 157.6541 86.5313 285.5126;
	26.0279 16.7383 13.8119 5.3016 9.8392 398.388 49.7985 46.7513 267.2135 107.5003 41.9916 194.6836;
	26.2845 16.8195 13.8 5.0794 10.3695 393.5063 49.1883 41.639 254.8523 133.4019 48.9307 241.5917;
	24.2691 15.9644 13.4455 1.5637 6.3612 362.8712 45.3589 42.3566 221.0937 186.1207 124.048 337.0657;
	19.9602 15.5009 12.7506 0.562 4.2486 375.8952 46.9869 47.4021 226.3055 203.962 154.3506 369.3764;
	12.5478 11.5456 10.066 0.3241 3.1303 389.3926 48.6741 54.6923 216.3497 143.0694 132.1828 259.0995;
	6.7235 4.9648 5.6002 0.4492 3.4921 354.9023 44.3628 45.6172 224.1397 32.8061 43.7589 59.4121;
	1.3122 1.0424 0.8173 0.8138 1.7876 78.6873 9.8359 14.5817 45.1891 6.3857 11.3275 11.5645;
	0.0 0.0 0.0 0.0 0.0 0.0 0.0 0.0 0.0 0.0 0.0 0.0;
	0.0 0.0 0.0 0.0 0.0 0.0 0.0 0.0 0.0 0.0 0.0 0.0;
	0.0 0.0 0.0 0.0 0.0 0.0 0.0 0.0 0.0 0.0 0.0 0.0;
	0.0 0.0 0.0 0.0 0.0 0.0 0.0 0.0 0.0 0.0 0.0 0.0;
	0.0 0.0 0.0 0.0 0.0 0.0 0.0 0.0 0.0 0.0 0.0 0.0;
	0.0 0.0 0.0 0.0 0.0 0.0 0.0 0.0 0.0 0.0 0.0 0.0;
	0.0 0.0 0.0 0.0 0.0 0.0 0.0 0.0 0.0 0.0 0.0 0.0;
];
