function solarprofile = ex_solar_profilesh1
%EX_WIND_PROFILE_D  Example wind_load_nyiso profile data for deterministic unit commitment.
% 2022.03.12
% Andres F. Ramirez


%% define constants
[GEN_BUS, PG, QG, QMAX, QMIN, VG, MBASE, GEN_STATUS, PMAX, PMIN, ...
    MU_PMAX, MU_PMIN, MU_QMAX, MU_QMIN, PC1, PC2, QC1MIN, QC1MAX, ...
    QC2MIN, QC2MAX, RAMP_AGC, RAMP_10, RAMP_30, RAMP_Q, APF] = idx_gen;
[CT_LABEL, CT_PROB, CT_TABLE, CT_TBUS, CT_TGEN, CT_TBRCH, CT_TAREABUS, ...
    CT_TAREAGEN, CT_TAREABRCH, CT_ROW, CT_COL, CT_CHGTYPE, CT_REP, ...
    CT_REL, CT_ADD, CT_NEWVAL, CT_TLOAD, CT_TAREALOAD, CT_LOAD_ALL_PQ, ...
    CT_LOAD_FIX_PQ, CT_LOAD_DIS_PQ, CT_LOAD_ALL_P, CT_LOAD_FIX_P, ...
    CT_LOAD_DIS_P, CT_TGENCOST, CT_TAREAGENCOST, CT_MODCOST_F, ...
    CT_MODCOST_X] = idx_ct;

solarprofile = struct( ...
    'type', 'mpcData', ...
    'table', CT_TGEN, ...
    'rows', [1:12], ...
    'col', PMAX, ...
    'chgtype', 1, ...
    'values', [] );
solarprofile.values(:,1,:) = [
	0.0 0.0 0.0 0.0 0.0 0.0 0.0 0.0 0.0 0.0 0.0 0.0;
	0.0 0.0 0.0 0.0 0.0 0.0 0.0 0.0 0.0 0.0 0.0 0.0;
	0.0 0.0 0.0 0.0 0.0 0.0 0.0 0.0 0.0 0.0 0.0 0.0;
	0.0 0.0 0.0 0.0 0.0 0.0 0.0 0.0 0.0 0.0 0.0 0.0;
	0.0 0.0 0.0 0.0 0.0 0.0 0.0 0.0 0.0 0.0 0.0 0.0;
	1.0929 0.8456 0.7143 0.0 0.0 9.4835 1.1854 4.1882 0.6268 0.0 0.0 0.0;
	5.3966 2.2874 1.5588 1.3979 0.9812 217.7801 27.2225 29.5875 160.6023 33.1826 30.6656 60.094;
	17.1229 7.928 7.7958 2.476 2.182 337.2191 42.1524 50.1641 189.8264 76.9101 69.0611 139.2847;
	23.225 15.5802 13.5959 5.9198 3.6137 364.5286 45.5661 56.01 186.1954 189.3046 119.6677 342.8318;
	23.3861 15.5278 12.816 5.8773 4.2257 306.5212 38.3152 46.4691 138.0272 184.7765 139.9334 334.6313;
	20.7629 15.4851 11.2349 7.6156 7.5679 369.0844 46.1355 57.6621 166.3019 169.6634 146.3408 307.2615;
	22.4407 16.2894 12.8194 7.6207 8.5202 424.105 53.0131 64.5516 194.3275 118.6915 125.5243 214.951;
	24.8941 15.9982 13.5323 4.8301 3.1647 435.2574 54.4072 61.8756 221.0923 34.289 66.0754 62.0976;
	22.707 16.0493 13.7435 3.3772 1.3509 413.3432 51.6679 50.1439 216.4936 23.5035 55.0172 42.565;
	15.6074 12.2269 10.8659 2.6024 0.4979 334.4636 41.8079 23.992 189.1696 18.7738 57.9275 33.9995;
	2.1394 1.9458 1.6723 4.3975 1.0191 168.0961 21.012 6.5371 189.3027 13.5095 41.2303 24.4658;
	1.2042 0.9656 0.7817 1.595 1.1873 77.5368 9.6921 11.6647 49.6248 10.026 7.5257 18.1572;
	0.0 0.0 0.0 0.0 0.0 0.0 0.0 0.0 0.0 0.0 0.0 0.0;
	0.0 0.0 0.0 0.0 0.0 0.0 0.0 0.0 0.0 0.0 0.0 0.0;
	0.0 0.0 0.0 0.0 0.0 0.0 0.0 0.0 0.0 0.0 0.0 0.0;
	0.0 0.0 0.0 0.0 0.0 0.0 0.0 0.0 0.0 0.0 0.0 0.0;
	0.0 0.0 0.0 0.0 0.0 0.0 0.0 0.0 0.0 0.0 0.0 0.0;
	0.0 0.0 0.0 0.0 0.0 0.0 0.0 0.0 0.0 0.0 0.0 0.0;
	0.0 0.0 0.0 0.0 0.0 0.0 0.0 0.0 0.0 0.0 0.0 0.0;
];
