function solarprofile = ex_solar_profilesh1
%EX_WIND_PROFILE_D  Example wind_load_nyiso profile data for deterministic unit commitment.
% 2022.03.12
% Andres F. Ramirez


%% define constants
[GEN_BUS, PG, QG, QMAX, QMIN, VG, MBASE, GEN_STATUS, PMAX, PMIN, ...
    MU_PMAX, MU_PMIN, MU_QMAX, MU_QMIN, PC1, PC2, QC1MIN, QC1MAX, ...
    QC2MIN, QC2MAX, RAMP_AGC, RAMP_10, RAMP_30, RAMP_Q, APF] = idx_gen;
[CT_LABEL, CT_PROB, CT_TABLE, CT_TBUS, CT_TGEN, CT_TBRCH, CT_TAREABUS, ...
    CT_TAREAGEN, CT_TAREABRCH, CT_ROW, CT_COL, CT_CHGTYPE, CT_REP, ...
    CT_REL, CT_ADD, CT_NEWVAL, CT_TLOAD, CT_TAREALOAD, CT_LOAD_ALL_PQ, ...
    CT_LOAD_FIX_PQ, CT_LOAD_DIS_PQ, CT_LOAD_ALL_P, CT_LOAD_FIX_P, ...
    CT_LOAD_DIS_P, CT_TGENCOST, CT_TAREAGENCOST, CT_MODCOST_F, ...
    CT_MODCOST_X] = idx_ct;

solarprofile = struct( ...
    'type', 'mpcData', ...
    'table', CT_TGEN, ...
    'rows', [1:12], ...
    'col', PMAX, ...
    'chgtype', 1, ...
    'values', [] );
solarprofile.values(:,1,:) = [
	0.0 0.0 0.0 0.0 0.0 0.0 0.0 0.0 0.0 0.0 0.0 0.0;
	0.0 0.0 0.0 0.0 0.0 0.0 0.0 0.0 0.0 0.0 0.0 0.0;
	0.0 0.0 0.0 0.0 0.0 0.0 0.0 0.0 0.0 0.0 0.0 0.0;
	0.0 0.0 0.0 0.0 0.0 0.0 0.0 0.0 0.0 0.0 0.0 0.0;
	0.0 0.0 0.0 0.0 0.0 0.0 0.0 0.0 0.0 0.0 0.0 0.0;
	1.0373 0.8373 0.7146 0.0 0.0 9.4835 1.1854 4.2549 0.4583 0.0 0.0 0.0;
	9.0312 9.3607 5.756 4.3154 1.9849 173.6301 21.7038 30.5593 67.4738 29.5458 0.0 53.5076;
	20.8575 16.5419 12.249 8.4313 6.7911 355.973 44.4966 41.2516 76.55 165.8413 7.0662 300.3395;
	23.531 16.6251 13.8 9.7924 9.2771 402.5302 50.3163 45.4318 86.7642 260.1362 14.881 471.1082;
	11.7288 12.9438 9.3893 6.5055 7.1775 376.7548 47.0943 46.1451 60.3938 96.3994 38.6332 174.5798;
	7.8444 12.5624 6.4048 5.7728 6.2647 410.0808 51.2601 57.7664 124.8659 79.6437 49.4465 144.2352;
	18.9007 15.8316 9.7032 5.8498 5.4603 431.7107 53.9638 63.2833 139.126 92.5158 54.7863 167.5466;
	22.8818 15.9262 13.3437 6.6365 4.053 366.7857 45.8482 61.8098 28.2209 121.8304 63.4308 220.6357;
	15.2725 13.0759 11.9495 6.212 4.0436 309.5327 38.6916 50.6647 14.7799 142.6566 78.5244 258.352;
	2.68 3.7597 3.6058 6.7069 3.642 156.2042 19.5255 25.4827 16.8874 112.0752 79.9636 202.9689;
	0.0704 0.0 0.2785 5.8806 4.219 51.8972 6.4871 5.2069 47.6767 55.8885 112.4876 101.2143;
	1.1859 0.9594 0.7439 1.3306 1.5286 69.3172 8.6646 11.2814 42.1965 20.1865 29.2352 36.5579;
	0.0 0.0 0.0 0.0 0.0 0.0 0.0 0.0 0.0 0.0 0.0 0.0;
	0.0 0.0 0.0 0.0 0.0 0.0 0.0 0.0 0.0 0.0 0.0 0.0;
	0.0 0.0 0.0 0.0 0.0 0.0 0.0 0.0 0.0 0.0 0.0 0.0;
	0.0 0.0 0.0 0.0 0.0 0.0 0.0 0.0 0.0 0.0 0.0 0.0;
	0.0 0.0 0.0 0.0 0.0 0.0 0.0 0.0 0.0 0.0 0.0 0.0;
	0.0 0.0 0.0 0.0 0.0 0.0 0.0 0.0 0.0 0.0 0.0 0.0;
	0.0 0.0 0.0 0.0 0.0 0.0 0.0 0.0 0.0 0.0 0.0 0.0;
];
