function solarprofile = ex_solar_profilesh1
%EX_WIND_PROFILE_D  Example wind_load_nyiso profile data for deterministic unit commitment.
% 2022.03.12
% Andres F. Ramirez


%% define constants
[GEN_BUS, PG, QG, QMAX, QMIN, VG, MBASE, GEN_STATUS, PMAX, PMIN, ...
    MU_PMAX, MU_PMIN, MU_QMAX, MU_QMIN, PC1, PC2, QC1MIN, QC1MAX, ...
    QC2MIN, QC2MAX, RAMP_AGC, RAMP_10, RAMP_30, RAMP_Q, APF] = idx_gen;
[CT_LABEL, CT_PROB, CT_TABLE, CT_TBUS, CT_TGEN, CT_TBRCH, CT_TAREABUS, ...
    CT_TAREAGEN, CT_TAREABRCH, CT_ROW, CT_COL, CT_CHGTYPE, CT_REP, ...
    CT_REL, CT_ADD, CT_NEWVAL, CT_TLOAD, CT_TAREALOAD, CT_LOAD_ALL_PQ, ...
    CT_LOAD_FIX_PQ, CT_LOAD_DIS_PQ, CT_LOAD_ALL_P, CT_LOAD_FIX_P, ...
    CT_LOAD_DIS_P, CT_TGENCOST, CT_TAREAGENCOST, CT_MODCOST_F, ...
    CT_MODCOST_X] = idx_ct;

solarprofile = struct( ...
    'type', 'mpcData', ...
    'table', CT_TGEN, ...
    'rows', [1:12], ...
    'col', PMAX, ...
    'chgtype', 1, ...
    'values', [] );
solarprofile.values(:,1,:) = [
	0.0 0.0 0.0 0.0 0.0 0.0 0.0 0.0 0.0 0.0 0.0 0.0;
	0.0 0.0 0.0 0.0 0.0 0.0 0.0 0.0 0.0 0.0 0.0 0.0;
	0.0 0.0 0.0 0.0 0.0 0.0 0.0 0.0 0.0 0.0 0.0 0.0;
	0.0 0.0 0.0 0.0 0.0 0.0 0.0 0.0 0.0 0.0 0.0 0.0;
	0.0 0.0 0.0 0.0 0.0 0.0 0.0 0.0 0.0 0.0 0.0 0.0;
	1.0268 0.8207 0.6949 0.0 0.0 9.4835 1.1854 4.2253 0.4191 0.0 0.0 0.0;
	3.8383 6.0938 3.1917 4.0305 2.6149 24.7154 3.0894 10.1146 9.5672 23.6345 17.3362 42.8023;
	11.6738 13.6298 8.571 8.0492 6.8667 240.0292 30.0036 36.0479 46.8581 140.2749 32.9124 254.0386;
	21.1262 16.6083 13.7322 9.9895 9.5977 361.3308 45.1664 54.2033 105.6316 269.5796 87.9709 488.2102;
	25.1502 16.3661 13.8 8.335 9.2287 324.6135 40.5767 57.8811 105.1492 210.0169 127.7268 380.3418;
	23.62 16.5136 13.8 9.2793 8.4171 265.9339 33.2417 41.5981 75.5274 160.8741 128.6022 291.344;
	21.446 16.5172 13.8 8.285 6.6322 270.4457 33.8057 24.9551 73.7266 78.7887 92.399 142.6867;
	18.4654 15.9177 13.3801 2.945 2.4337 322.1345 40.2668 53.6636 103.9913 18.9534 25.9281 34.3246;
	16.0776 15.3413 12.8939 1.3413 2.4065 333.3456 41.6682 61.1458 115.6043 17.8223 22.2179 32.2764;
	10.6689 12.516 10.0717 0.9504 2.6555 316.1356 39.5169 58.1389 105.8832 27.0833 21.5129 49.048;
	3.7367 6.7669 4.2228 2.3852 4.2586 227.7969 28.4746 17.0804 89.6757 29.12 20.4631 52.7365;
	1.283 1.1468 0.8173 1.6228 1.6656 88.7203 11.09 11.2314 35.3605 10.1346 0.0 18.3538;
	0.0 0.0 0.0 0.0 0.0 0.0 0.0 0.0 0.0 0.0 0.0 0.0;
	0.0 0.0 0.0 0.0 0.0 0.0 0.0 0.0 0.0 0.0 0.0 0.0;
	0.0 0.0 0.0 0.0 0.0 0.0 0.0 0.0 0.0 0.0 0.0 0.0;
	0.0 0.0 0.0 0.0 0.0 0.0 0.0 0.0 0.0 0.0 0.0 0.0;
	0.0 0.0 0.0 0.0 0.0 0.0 0.0 0.0 0.0 0.0 0.0 0.0;
	0.0 0.0 0.0 0.0 0.0 0.0 0.0 0.0 0.0 0.0 0.0 0.0;
	0.0 0.0 0.0 0.0 0.0 0.0 0.0 0.0 0.0 0.0 0.0 0.0;
];
