function loadprofile = ex_load_profilesh1
%EX_LOAD_PROFILE  Example load profile data file for stochastic unit commitment.
% 2022.03.12
% Andres F. Ramirez

%% define constants
[CT_LABEL, CT_PROB, CT_TABLE, CT_TBUS, CT_TGEN, CT_TBRCH, CT_TAREABUS, ...
    CT_TAREAGEN, CT_TAREABRCH, CT_ROW, CT_COL, CT_CHGTYPE, CT_REP, ...
    CT_REL, CT_ADD, CT_NEWVAL, CT_TLOAD, CT_TAREALOAD, CT_LOAD_ALL_PQ, ...
    CT_LOAD_FIX_PQ, CT_LOAD_DIS_PQ, CT_LOAD_ALL_P, CT_LOAD_FIX_P, ...
    CT_LOAD_DIS_P, CT_TGENCOST, CT_TAREAGENCOST, CT_MODCOST_F, ...
    CT_MODCOST_X] = idx_ct;

loadprofile = struct( ...
    'type', 'mpcData', ...
    'table', CT_TAREALOAD, ...
    'rows', [1:11], ...
    'col', CT_LOAD_ALL_P, ...
    'chgtype', 1, ...
    'values', [] );
loadprofile.values(:,1,:) = [
	1523.8661 887.8159 1531.1846 533.0244 730.7 1069.7254 842.2 257.9678 494.5932 4546.7 1806.7783;
	1506.0255 884.2392 1511.7811 530.9362 720.0613 1053.3 836.2362 252.442 489.0058 4412.163 1768.8219;
	1500.9877 886.2 1541.9893 526.5852 728.3989 1028.4087 828.0 260.9682 486.9 4343.9027 1746.3017;
	1537.9096 927.6871 1586.3212 531.0298 752.9461 1044.4097 859.4193 274.4818 508.2706 4529.5478 1870.153;
	1583.0239 988.8104 1731.8467 563.9726 829.7024 1126.8996 920.6342 289.962 537.3459 4707.485 1944.6466;
	1714.8874 1065.8661 1865.8742 591.6179 914.55 1205.5 975.2 317.9564 584.5667 5005.5892 2052.9065;
	1720.4662 1094.6375 1903.5505 598.6688 970.0346 1265.9 1018.6119 319.9375 580.6 5149.666 2114.4792;
	1777.595 1105.7023 1914.5429 605.4 967.8135 1299.6563 1062.735 341.1653 591.9568 5277.1809 2113.0799;
	1814.3684 1121.5139 1931.183 592.3 962.1582 1320.3389 1097.3445 333.5936 616.8919 5430.6701 2184.2;
	1806.2844 1115.2229 1893.5471 594.6892 926.8 1296.3858 1079.9045 313.1 620.9836 5390.0446 2094.7493;
	1793.185 1098.8763 1911.3215 576.5 914.7112 1313.8 1091.7608 312.6374 607.176 5428.2216 2069.0105;
	1769.5289 1102.8593 1900.2427 572.7104 872.6531 1251.8993 1066.9747 295.3 594.9 5348.688 1956.7348;
	1712.0289 1070.4516 1854.4174 571.6815 863.4709 1225.7079 1052.1732 307.7822 606.7272 5343.1354 1986.3718;
	1669.5144 1078.9402 1802.701 587.3364 844.6 1219.4352 1040.4913 325.5118 604.6964 5421.5184 1976.9832;
	1722.2913 1104.4498 1838.0787 591.3757 830.7517 1245.904 1047.7 308.4354 597.1346 5376.2595 2013.5642;
	1708.3132 1120.5635 1862.9964 596.0358 854.4072 1307.6 1089.6174 317.5 597.5646 5462.5432 2107.7388;
	1723.7704 1097.2979 1846.0796 612.8 882.4484 1301.7055 1024.1494 310.255 567.006 5418.1818 2057.9538;
	1802.4852 1148.2442 2001.4984 616.4522 1001.4 1384.4832 1064.9 316.5 609.4 5523.9836 2209.8304;
	1845.5509 1153.2052 1982.7648 622.1 975.1386 1359.483 1072.1753 338.6129 612.4689 5562.1 2271.8978;
	1828.9345 1117.1727 1884.967 603.8136 915.1516 1301.0996 1068.2941 316.4603 595.1016 5470.3917 2202.7363;
	1771.8189 1034.3886 1776.2304 591.2274 845.028 1217.8354 1013.1 301.1027 563.2071 5255.8144 2073.2364;
	1657.1729 966.8 1643.4926 574.4 792.6531 1138.6517 956.1555 293.0599 556.2271 5078.9337 1982.921;
	1616.5128 929.5532 1642.8039 578.4154 826.4384 1101.6956 907.6779 297.304 480.2302 4945.5138 1896.9115;
	1628.8 922.4871 1650.016 605.9409 826.0 1091.9433 884.7 303.395 464.4873 4804.7889 1847.7467;
];
