function windprofile = ex_wind_profilesh1
%EX_WIND_PROFILE_D  Example wind_load_nyiso profile data for deterministic unit commitment.
% 2022.03.12
% Andres F. Ramirez


%% define constants
[GEN_BUS, PG, QG, QMAX, QMIN, VG, MBASE, GEN_STATUS, PMAX, PMIN, ...
    MU_PMAX, MU_PMIN, MU_QMAX, MU_QMIN, PC1, PC2, QC1MIN, QC1MAX, ...
    QC2MIN, QC2MAX, RAMP_AGC, RAMP_10, RAMP_30, RAMP_Q, APF] = idx_gen;
[CT_LABEL, CT_PROB, CT_TABLE, CT_TBUS, CT_TGEN, CT_TBRCH, CT_TAREABUS, ...
    CT_TAREAGEN, CT_TAREABRCH, CT_ROW, CT_COL, CT_CHGTYPE, CT_REP, ...
    CT_REL, CT_ADD, CT_NEWVAL, CT_TLOAD, CT_TAREALOAD, CT_LOAD_ALL_PQ, ...
    CT_LOAD_FIX_PQ, CT_LOAD_DIS_PQ, CT_LOAD_ALL_P, CT_LOAD_FIX_P, ...
    CT_LOAD_DIS_P, CT_TGENCOST, CT_TAREAGENCOST, CT_MODCOST_F, ...
    CT_MODCOST_X] = idx_ct;

windprofile = struct( ...
    'type', 'mpcData', ...
    'table', CT_TGEN, ...
    'rows', [1:45], ...
    'col', PMAX, ...
    'chgtype', 1, ...
    'values', [] );
windprofile.values(:,1,:) = [
	3.7452 50.6062 89.0915 114.7473 14.669 31.4188 29.1411 17.925 27.3822 28.97 53.5506 79.887 120.2694 66.6078 197.734 74.4951 92.4291 97.9473 87.0913 69.5373 9.7137 73.3106 74.5532 85.127 103.1634 73.741 13.0853 1262.3117 721.9214 721.9214 596.5695 111.6611 290.3045 178.9893 208.8243 308.0198 1250.884 218.891 457.1176 276.3306 120.1009 348.5394 193.2374 275.4625 1263.914;
	3.8804 52.4324 91.0934 115.7496 15.2672 32.5115 28.4714 17.9982 27.8275 30.699 56.7467 84.655 127.4476 66.2823 195.3494 73.5967 91.3145 96.7661 88.9431 69.6117 9.4905 75.8603 74.9741 86.5957 101.1627 72.242 13.0909 1298.1651 767.7083 767.7083 649.9847 110.5904 296.477 179.1806 207.804 327.5555 1267.0687 221.7564 472.4344 270.9716 120.9234 360.6613 198.1634 274.6743 1280.2674;
	3.8041 51.4018 87.7169 112.6434 15.0066 31.9906 23.019 17.7422 27.0289 30.8462 57.0187 85.0607 128.0585 63.811 194.9647 73.4518 91.1347 96.5755 89.2581 70.6716 7.673 74.6447 73.836 85.2341 98.2113 73.9438 13.186 1305.643 757.9516 757.9516 686.199 99.9484 297.5271 181.9088 200.0562 323.3927 1297.9237 224.3741 435.2796 263.0661 120.2096 354.8821 194.7764 263.5351 1311.4437;
	3.6571 49.4153 86.5957 110.7123 14.3651 31.3879 25.0795 16.3932 26.3927 30.5776 56.5222 84.32 126.9433 63.9364 195.604 73.6927 91.4335 96.8922 88.0167 70.439 8.3598 73.2384 72.2594 85.6352 97.0733 69.3973 12.7657 1334.5341 763.778 763.778 655.9658 98.0335 293.3889 181.3102 200.4494 325.8786 1281.5271 237.0038 443.943 260.0177 118.7527 348.1962 155.2 260.5921 1294.8763;
	3.7555 50.7453 87.5471 110.9273 14.7077 32.1031 31.7403 15.958 27.2153 30.2351 55.8891 83.3756 125.5215 64.1228 194.8587 73.4119 91.0851 96.523 88.4135 71.1128 10.5801 74.9071 72.5623 83.0389 97.5864 69.9379 12.2661 1297.0151 763.7933 763.7933 692.1814 98.955 294.7117 183.0445 201.0338 325.8852 1264.9066 238.3543 467.6914 261.392 121.8491 356.1299 195.3099 262.6663 1278.0827;
	3.7484 50.6487 90.2104 112.5058 14.7859 32.5193 30.2668 16.5952 27.4503 30.3004 56.0099 83.5557 125.7926 64.2762 196.4457 74.0098 91.827 97.3092 89.7474 70.3468 10.0889 75.8784 72.7492 85.6793 97.7495 69.1921 12.4785 1309.7339 771.8673 771.8673 696.8869 101.9198 299.158 181.0729 201.5147 329.33 1261.2165 239.7193 454.888 261.8291 122.1947 360.7478 189.1779 267.4472 1274.3542;
	3.7558 50.7485 91.0404 112.0788 14.4568 33.2001 31.2159 16.4948 27.1866 30.8893 57.0983 85.1795 128.2373 63.0942 198.0528 74.6152 92.5782 98.1052 91.507 71.6007 10.4053 77.4668 73.6987 86.2707 99.812 67.6339 12.5487 1278.0087 740.9206 740.9206 671.6894 107.1492 305.0235 184.3003 197.8089 316.1261 1207.9412 262.396 452.4383 267.3536 121.0375 368.2994 168.586 259.6881 1220.524;
	3.6932 49.9039 91.4926 114.9487 14.5871 33.6273 29.4102 16.7168 26.1876 30.0049 55.4636 82.7408 124.5658 65.7863 196.6208 74.0757 91.9088 97.3959 92.7116 68.0986 9.8034 78.4637 72.4848 87.7301 101.4622 66.6641 11.9262 1284.1777 769.8775 769.8775 697.8098 114.4604 309.0385 175.2858 206.2489 328.4811 1225.3158 256.248 440.2885 271.7737 120.6376 373.0388 178.3313 263.8191 1238.0795;
	3.8549 52.0875 92.8548 116.9731 15.2432 33.9178 31.7244 17.51 27.1631 30.9319 57.1771 85.297 128.4141 65.844 195.5433 73.6698 91.4051 96.8621 92.8274 70.6084 10.5748 79.1414 74.7476 87.7581 102.6891 68.9709 12.5822 1305.4949 808.342 808.342 745.3148 118.26 309.4246 181.7462 206.4299 344.8926 1289.5671 266.8987 469.1548 275.0602 122.5373 376.261 208.2088 267.7116 1303.0001;
	3.8029 51.385 88.8104 112.7119 14.9923 33.0586 26.2492 17.2629 26.0321 28.8664 53.3591 79.6013 119.8393 63.1313 193.0093 72.7151 90.2206 95.607 92.1497 72.0548 8.7497 77.1368 73.9593 86.2887 99.9546 69.5696 13.0297 1293.0048 813.6092 813.6092 741.2999 117.8866 307.1658 185.4693 197.9251 347.1399 1268.7892 282.0583 445.2497 267.7356 120.7886 366.7304 215.8621 262.4235 1282.0057;
	3.8412 51.9032 88.9766 115.404 14.9971 33.5596 28.5607 17.5538 26.9839 30.3978 56.1899 83.8244 126.1971 65.2802 194.6238 73.3234 90.9753 96.4067 91.2467 71.987 9.5202 78.3056 73.9311 86.4476 100.4442 68.367 13.2567 1267.6863 812.1329 812.1329 744.9319 116.8895 304.1555 185.2946 204.6622 346.51 1310.8644 305.1574 454.6723 269.0469 121.4938 372.2874 217.0502 259.776 1324.5193;
	3.8341 51.807 86.7157 115.8281 15.1736 32.6119 26.1046 17.3172 26.1566 28.392 52.4823 78.2932 117.87 65.0299 192.4516 72.505 89.96 95.3307 91.3654 69.0792 8.7015 76.0945 72.9378 85.7907 99.4383 59.4593 12.9939 1324.3314 801.11 801.11 742.8868 119.7459 304.5513 177.8101 203.8776 341.8069 1319.7561 317.5578 461.6069 266.3525 121.9405 361.775 218.0676 257.6596 1333.5036;
	3.7777 51.0448 87.151 114.7937 14.6871 32.403 26.4656 17.2614 25.725 27.5988 51.016 76.1058 114.5768 65.5953 189.1497 71.261 88.4165 93.6951 91.9552 67.8478 8.8219 75.607 71.1309 81.5036 97.6557 63.4551 12.9791 1304.7336 819.2061 819.2061 768.4645 118.6565 306.5172 174.6405 205.6503 349.528 1322.4647 348.3546 448.3131 261.5778 119.7795 359.4575 217.8889 261.1492 1336.2403;
	3.7127 50.1663 87.5822 115.0728 14.2515 32.7753 23.5282 17.4631 20.2605 27.2976 50.4592 75.2751 113.3263 64.2345 189.5345 71.406 88.5964 93.8857 89.7071 69.9679 7.8427 76.4757 72.1436 83.3419 97.8653 68.6673 13.2933 1258.125 800.5592 800.5592 772.806 117.9045 299.0238 180.0974 201.3838 341.5719 1303.5588 335.9498 434.5324 262.1391 120.7136 363.5873 209.8966 266.6303 1317.1376;
	3.8508 52.0329 89.9755 113.6324 14.2253 32.5078 22.3594 18.0071 26.0818 27.1944 50.2685 74.9907 112.8981 65.0593 187.6257 70.6869 87.7041 92.9402 89.247 69.3257 7.4531 75.8516 72.9017 85.5078 98.133 68.6381 13.3412 1255.8129 787.4792 787.4792 764.4819 119.7832 297.4898 178.4446 203.9698 335.9911 1273.2461 344.4112 448.7479 262.8561 118.8729 360.6202 207.8288 271.7909 1286.5091;
	3.8662 52.2406 88.2433 113.826 14.3536 32.6576 24.0421 17.8597 26.4103 28.3509 52.4063 78.1799 117.6993 66.2487 190.7523 71.8648 89.1656 94.4889 91.4562 69.4376 8.014 76.201 69.8637 85.5491 97.885 59.5839 12.8342 1224.153 770.7071 770.7071 715.251 114.3902 304.854 178.7324 207.6987 328.835 1201.6843 320.07 453.2557 262.1919 121.0182 362.2814 203.9719 268.746 1214.2018;
	3.805 51.4141 87.4263 109.4484 14.2042 28.6971 21.4661 16.8964 25.9755 27.5372 50.902 75.9358 114.3209 67.4559 200.587 75.57 93.7628 99.3605 91.497 70.2503 7.1554 66.9599 67.9711 80.9307 96.5332 48.4372 10.9699 1177.3177 722.5747 722.5747 636.547 112.1342 304.9899 180.8245 211.4835 308.2986 1157.196 325.1738 448.6154 258.5712 119.3566 318.3467 195.3253 247.4658 1169.2501;
	3.8283 51.7287 90.6023 108.2642 14.3652 29.3421 18.7131 13.1984 25.7476 26.5621 49.0997 73.247 110.273 67.4622 187.7323 70.727 87.7539 92.993 87.7584 70.2225 6.2377 68.4649 69.9811 82.9971 98.4722 67.9664 9.606 1251.8134 715.2461 715.2461 635.7867 109.8002 292.5279 180.7529 211.5031 305.1717 1241.0282 286.9397 448.4432 263.7649 121.4823 325.5015 189.3135 234.3515 1253.9556;
