function windprofile = ex_wind_profilesh1
%EX_WIND_PROFILE_D  Example wind_load_nyiso profile data for deterministic unit commitment.
% 2022.03.12
% Andres F. Ramirez


%% define constants
[GEN_BUS, PG, QG, QMAX, QMIN, VG, MBASE, GEN_STATUS, PMAX, PMIN, ...
    MU_PMAX, MU_PMIN, MU_QMAX, MU_QMIN, PC1, PC2, QC1MIN, QC1MAX, ...
    QC2MIN, QC2MAX, RAMP_AGC, RAMP_10, RAMP_30, RAMP_Q, APF] = idx_gen;
[CT_LABEL, CT_PROB, CT_TABLE, CT_TBUS, CT_TGEN, CT_TBRCH, CT_TAREABUS, ...
    CT_TAREAGEN, CT_TAREABRCH, CT_ROW, CT_COL, CT_CHGTYPE, CT_REP, ...
    CT_REL, CT_ADD, CT_NEWVAL, CT_TLOAD, CT_TAREALOAD, CT_LOAD_ALL_PQ, ...
    CT_LOAD_FIX_PQ, CT_LOAD_DIS_PQ, CT_LOAD_ALL_P, CT_LOAD_FIX_P, ...
    CT_LOAD_DIS_P, CT_TGENCOST, CT_TAREAGENCOST, CT_MODCOST_F, ...
    CT_MODCOST_X] = idx_ct;

windprofile = struct( ...
    'type', 'mpcData', ...
    'table', CT_TGEN, ...
    'rows', [1:45], ...
    'col', PMAX, ...
    'chgtype', 1, ...
    'values', [] );
windprofile.values(:,1,:) = [
	3.6733 49.6343 93.2898 112.9544 14.9937 32.1838 27.9535 18.4378 26.4882 26.8468 49.6259 74.0321 111.4549 69.1404 188.8954 71.1653 88.2976 93.5691 82.71 69.5771 9.3178 75.0954 73.1684 88.1834 105.9924 75.7992 13.3211 1320.4345 751.4736 751.4736 548.7626 117.0572 275.6999 179.0917 216.7646 320.6287 1246.0098 220.8227 465.1424 283.9081 114.6129 357.0251 193.9012 280.9991 1258.9891;
	3.6893 49.85 91.746 110.7454 14.5801 30.4838 23.6356 18.386 25.7188 26.4144 48.8266 72.8397 109.6597 68.2111 185.958 70.0586 86.9245 92.1141 83.5118 72.4605 7.8785 71.1288 71.2759 89.3243 104.8507 74.487 13.4238 1322.1986 759.1207 759.1207 570.497 113.024 278.3728 186.5135 213.8509 323.8915 1259.453 221.7297 443.9648 280.8502 113.9957 338.1667 174.6671 274.764 1272.5723;
	3.6525 49.3528 90.9759 111.543 14.6916 32.2825 20.8017 18.2089 26.3027 28.7093 53.0686 79.1679 119.1869 69.1826 195.7875 73.7618 91.5193 96.9831 86.2676 71.648 6.9339 75.3257 71.1518 89.7151 106.1614 76.5838 13.7604 1281.6399 746.6908 746.6908 603.597 103.0433 287.5586 184.4222 216.8967 318.5881 1255.7721 219.2915 418.0974 284.3609 115.5241 358.1201 182.1716 269.5704 1268.853;
	3.6888 49.8439 91.9634 114.8991 15.0203 33.0647 23.9217 18.3071 26.9961 28.2734 52.2629 77.9659 117.3773 69.4481 199.9853 75.3433 93.4815 99.0625 86.7018 71.2963 7.9739 77.1509 70.3915 88.9287 105.0932 75.8364 13.7175 1325.3486 771.6654 771.6654 620.8895 100.9221 289.006 183.517 217.7291 329.2439 1272.7855 235.7255 442.0829 281.4996 115.954 366.7976 152.8853 278.2004 1286.0437;
	3.776 51.0217 92.4709 114.7008 14.9119 32.5774 30.0854 18.1214 26.7391 30.1703 55.7694 83.1969 125.2525 69.3558 205.4987 77.4204 96.0587 101.7935 90.7747 73.7548 10.0285 76.014 73.8147 87.4682 104.0799 74.6332 13.4101 1283.2444 766.5067 766.5067 648.3495 107.2044 302.5823 189.8451 217.4398 327.0429 1267.264 234.6382 465.3755 278.7853 116.9731 361.3921 177.3648 271.1688 1280.4647;
	3.8249 51.6831 93.5302 115.2968 15.083 33.499 28.9836 18.5756 27.0044 29.5953 54.7065 81.6113 122.8653 69.3166 202.5648 76.3151 94.6873 100.3402 91.024 73.7572 9.6612 78.1642 73.1413 88.9378 105.0454 72.2601 13.7151 1280.6468 742.5139 742.5139 646.447 108.4224 303.4132 189.8512 217.317 316.8059 1214.7072 233.7844 464.7157 281.3717 117.281 371.6151 177.2298 273.3836 1227.3604;
	3.7941 51.2669 91.2898 114.2566 14.3485 32.5902 29.8296 18.3465 27.2508 28.596 52.8592 78.8555 118.7166 68.4903 198.158 74.6549 92.6274 98.1574 90.3064 73.1825 9.9432 76.0437 72.9734 85.7264 102.2997 71.6104 13.3601 1250.9497 717.0027 717.0027 624.5647 105.742 301.0214 188.3719 214.7263 305.9212 1213.6493 255.8975 457.9377 274.017 114.7282 361.5335 156.961 257.782 1226.2915;
	3.8744 52.3511 90.0049 115.3887 14.7179 33.3439 28.6528 17.7727 27.7474 29.6395 54.7882 81.7332 123.0489 68.3833 200.7787 75.6422 93.8524 99.4555 90.6897 72.3874 9.5509 77.8025 73.4772 88.1469 101.6904 70.4634 13.0309 1302.2868 750.4516 750.4516 546.9064 102.6313 302.2989 186.3255 214.3909 320.1927 1250.9377 233.6922 465.6527 272.3849 114.4604 369.8953 172.0139 267.6523 1263.9683;
	3.8799 52.4263 87.2935 110.714 14.9061 33.524 30.5252 17.0399 27.8463 30.4237 56.2377 83.8955 126.3043 68.8216 197.1094 74.2598 92.1372 97.6379 90.344 71.5727 10.1751 78.2227 72.9122 85.0537 97.5121 64.9399 12.374 1343.6401 781.4891 781.4891 608.6626 114.9196 301.1467 184.2282 215.765 333.4354 1313.0526 275.7394 470.7431 261.1933 116.1031 371.8932 201.351 261.8625 1326.7302;
	3.8173 51.5807 89.5416 111.3989 15.1789 33.77 26.5236 17.04 28.2762 30.1696 55.7681 83.1951 125.2497 67.5605 195.3 73.5781 91.2914 96.7416 87.1482 69.7187 8.8412 78.7968 72.4198 84.2993 95.1346 65.9793 12.0071 1321.4558 827.2647 827.2647 676.5303 118.1364 290.4941 179.4561 211.8113 352.9663 1282.7831 314.7218 472.6801 254.8248 117.46 374.6223 203.4811 264.1298 1296.1454;
	3.8724 52.325 87.2236 115.9553 15.0992 34.5174 28.5474 17.3686 28.0683 29.7165 54.9306 81.9456 123.3687 65.0788 195.8513 73.7858 91.5491 97.0147 88.2472 71.8294 9.5158 80.5406 70.6964 83.4179 96.6963 66.4554 12.0014 1311.7259 806.1831 806.1831 712.5214 114.8356 294.1572 184.889 204.0309 343.9714 1297.6999 298.8654 461.8464 259.0079 118.8104 382.9131 213.0492 262.0114 1311.2176;
	3.8602 52.1602 87.8644 118.2968 15.2194 34.9839 28.073 17.6243 28.4005 28.9462 53.5066 79.8213 120.1705 67.3707 197.5412 74.4225 92.339 97.8518 86.6634 71.1993 9.3577 81.6292 72.321 86.1914 98.0322 68.2302 12.8582 1324.9228 798.0769 798.0769 742.5497 118.3616 288.878 183.2672 211.2162 340.5128 1309.2536 330.244 474.4288 262.5862 120.9741 388.0886 214.9304 260.81 1322.8916;
	3.7801 51.0768 87.8345 114.8772 15.1119 34.1572 27.1665 17.8389 28.0442 30.3599 56.1199 83.7198 126.0398 68.5129 197.0076 74.2215 92.0896 97.5875 88.5137 70.4391 9.0555 79.7002 72.7993 83.6365 99.4064 70.9421 13.2575 1290.5172 789.2282 789.2282 723.6681 112.5439 295.0456 181.3103 214.7972 336.7374 1279.7133 328.624 455.6757 266.2671 119.9511 378.9175 210.2225 260.1913 1293.0436;
	3.7116 50.1516 86.5689 114.4152 14.9728 33.7421 27.426 17.4533 27.84 29.8088 55.1011 82.1999 123.7516 68.7989 196.6333 74.0805 91.9147 97.4021 85.978 72.4392 9.142 78.7316 73.4306 84.5448 96.1523 69.7448 13.2263 1294.4476 792.4005 792.4005 747.3155 115.0407 286.5933 186.4586 215.694 338.0909 1295.9058 341.8673 463.4984 257.5508 115.4126 374.3128 206.091 256.5708 1309.4048;
	3.7874 51.1757 86.9096 114.5217 14.7444 33.9546 24.5076 17.6852 27.3576 29.1596 53.9011 80.4098 121.0565 68.3787 188.4708 71.0053 88.0991 93.3588 85.1366 69.1395 8.1692 79.2275 73.8948 86.7012 97.2625 69.4688 13.5455 1305.5834 783.0922 783.0922 749.6904 110.5698 283.7888 177.9653 214.3764 334.1193 1290.8125 329.1533 449.7651 260.5247 120.3804 376.67 206.5923 259.1762 1304.2585;
	3.8321 51.7796 86.9487 115.1894 15.012 32.7039 25.9094 18.0423 27.6145 28.8214 53.2759 79.4772 119.6525 69.4504 190.8952 71.9187 89.2324 94.5597 87.8017 71.7014 8.6365 76.3091 70.0459 86.3247 97.9513 69.1253 13.7813 1286.9756 764.7892 764.7892 711.1833 109.2441 292.6722 184.5595 217.7364 326.31 1223.1693 314.8307 454.8551 262.3695 121.817 362.795 201.2075 258.8313 1235.9106;
	3.711 50.1443 87.9042 114.2621 14.5947 30.3142 24.3769 18.0806 27.8289 28.8771 53.3789 79.6308 119.8837 68.8218 190.6893 71.8411 89.1361 94.4577 88.1399 71.0831 8.1256 70.7332 66.3054 83.8143 97.234 59.1742 13.6601 1235.2562 713.4417 713.4417 612.7614 103.288 293.7996 182.9681 215.7656 304.4018 1132.7816 324.1183 464.1665 260.4483 120.2312 336.2857 186.4367 255.5568 1144.5814;
	3.5993 48.6351 86.5232 104.7955 14.175 26.4844 19.5906 12.956 25.8942 28.2445 52.2096 77.8864 117.2576 67.8521 178.6536 67.3067 83.5102 88.4959 86.4431 69.3095 6.5302 61.7969 69.2867 82.1178 95.0922 66.4577 10.236 1222.673 669.6157 669.6157 597.3635 99.4852 288.1437 178.4029 212.7254 285.7027 1143.3723 299.613 444.7345 254.7113 117.3984 293.8001 159.9949 240.0005 1155.2824;
