function windprofile = ex_wind_profilesh1
%EX_WIND_PROFILE_D  Example wind_load_nyiso profile data for deterministic unit commitment.
% 2022.03.12
% Andres F. Ramirez


%% define constants
[GEN_BUS, PG, QG, QMAX, QMIN, VG, MBASE, GEN_STATUS, PMAX, PMIN, ...
    MU_PMAX, MU_PMIN, MU_QMAX, MU_QMIN, PC1, PC2, QC1MIN, QC1MAX, ...
    QC2MIN, QC2MAX, RAMP_AGC, RAMP_10, RAMP_30, RAMP_Q, APF] = idx_gen;
[CT_LABEL, CT_PROB, CT_TABLE, CT_TBUS, CT_TGEN, CT_TBRCH, CT_TAREABUS, ...
    CT_TAREAGEN, CT_TAREABRCH, CT_ROW, CT_COL, CT_CHGTYPE, CT_REP, ...
    CT_REL, CT_ADD, CT_NEWVAL, CT_TLOAD, CT_TAREALOAD, CT_LOAD_ALL_PQ, ...
    CT_LOAD_FIX_PQ, CT_LOAD_DIS_PQ, CT_LOAD_ALL_P, CT_LOAD_FIX_P, ...
    CT_LOAD_DIS_P, CT_TGENCOST, CT_TAREAGENCOST, CT_MODCOST_F, ...
    CT_MODCOST_X] = idx_ct;

windprofile = struct( ...
    'type', 'mpcData', ...
    'table', CT_TGEN, ...
    'rows', [1:45], ...
    'col', PMAX, ...
    'chgtype', 1, ...
    'values', [] );
windprofile.values(:,1,:) = [
	3.8442 51.9429 88.4788 115.0998 14.8757 33.3565 29.5727 17.8053 27.2329 28.071 51.8889 77.408 116.5374 65.5284 193.3355 72.838 90.3731 95.7685 79.4492 69.9077 9.8576 77.8318 70.7954 86.2469 104.1537 71.7076 13.3889 1239.7961 781.2956 781.2956 591.9448 110.8449 264.8305 179.9427 205.4404 333.3528 1247.2431 223.8859 451.3133 278.983 113.4503 370.0346 199.2172 272.6391 1260.2352;
	3.7775 51.0423 86.262 111.1134 14.8742 32.7019 26.4302 17.2434 27.2281 29.5377 54.5999 81.4523 122.6261 65.0398 182.1193 68.6124 85.1302 90.2126 79.8399 68.7949 8.8101 76.3045 71.1889 84.4262 98.9892 69.8256 12.9227 1276.8717 819.5063 819.5063 645.1733 105.9537 266.133 177.0782 203.9084 349.656 1249.078 220.9985 451.8606 265.1498 112.0166 362.7733 181.2163 260.2573 1262.0892;
	3.6727 49.6269 80.7945 109.8787 14.1056 32.3549 21.7176 14.9618 26.6082 30.2522 55.9208 83.4229 125.5927 63.5808 188.281 70.9338 88.0104 93.2648 80.3291 68.3641 7.2392 75.4948 71.0173 83.6304 96.1098 73.1697 12.8932 1254.1092 791.7561 791.7561 664.989 98.7792 267.7637 175.9694 199.3343 337.8159 1258.2094 211.7609 419.6071 257.437 111.1437 358.9239 176.2951 248.7784 1271.3158;
	3.6142 48.8355 79.7515 110.6347 14.1138 31.8351 23.8663 15.7762 27.2602 29.9004 55.2705 82.4527 124.1321 67.1207 192.2667 72.4354 89.8735 95.2391 83.6077 69.413 7.9554 74.2819 70.8982 84.5641 96.298 69.3947 12.5577 1261.5217 789.8049 789.8049 668.0601 101.8063 278.6924 178.6692 210.4325 336.9834 1253.9848 231.1595 437.1557 257.941 111.0004 353.1574 146.7534 261.6823 1267.0472;
	3.7103 50.1341 86.9868 113.2373 14.1253 32.1632 30.2115 16.4766 26.9176 30.4478 56.2823 83.9621 126.4045 68.5657 195.018 73.4719 91.1596 96.602 85.5664 71.1594 10.0705 75.0474 73.6008 82.5875 97.1256 70.3224 12.815 1237.9471 744.6736 744.6736 638.4859 104.5097 285.2213 183.1644 214.9628 317.7274 1201.3447 219.8204 462.6259 260.1578 112.2185 356.7968 178.5585 263.9512 1213.8587;
	3.6959 49.9391 87.0029 117.1576 13.9929 33.4494 28.2899 17.5217 27.2919 30.7689 56.8759 84.8477 127.7378 67.0887 203.069 76.5051 94.923 100.59 88.1171 71.2461 9.43 78.0487 74.1296 83.0158 97.7979 69.2111 12.8779 1235.4284 723.3839 723.3839 641.8925 110.195 293.7236 183.3878 210.3322 308.6438 1114.7462 222.6024 455.189 261.9586 112.6997 371.0657 180.0785 259.064 1126.3581;
	3.8026 51.382 86.4518 116.4595 14.0958 32.6335 29.4218 17.4961 27.046 30.2669 55.948 83.4634 125.6536 65.7061 201.9141 76.0699 94.3831 100.0179 89.0368 70.9795 9.8073 76.1449 73.1368 80.428 96.2954 69.0404 13.1048 1230.5456 715.3301 715.3301 644.651 108.2439 296.7893 182.7014 205.9976 305.2075 1160.2043 252.7113 444.8857 257.9342 112.6417 362.0148 166.798 251.8472 1172.2898;
	3.8937 52.6131 88.2231 115.2769 14.5028 33.9006 29.9578 17.1707 27.4862 30.3928 56.1807 83.8105 126.1762 68.2525 201.9976 76.1014 94.4221 100.0593 87.2471 69.4519 9.9859 79.1014 73.6232 84.2075 96.8572 68.2482 12.6383 1266.9556 791.6497 791.6497 699.3329 111.5515 290.8235 178.7693 213.9807 337.7705 1226.5011 267.4669 471.4528 259.4391 112.2992 376.0707 180.7468 259.7654 1239.2772;
	3.9207 52.9776 89.6461 114.0788 15.0371 34.5941 30.8332 17.7604 26.7112 30.5824 56.5311 84.3332 126.9632 66.2735 200.4403 75.5147 93.6942 99.2879 89.0636 69.8542 10.2777 80.7195 73.5742 85.0575 98.9089 70.1092 12.87 1331.9181 794.5877 794.5877 739.6177 116.191 296.8787 179.8049 207.7764 339.0241 1268.2249 266.9982 456.1273 264.9347 115.0326 383.7636 210.032 263.5438 1281.4356;
	3.8772 52.3899 91.5667 114.3424 14.8482 32.5165 22.5686 18.0773 26.2603 30.194 55.8132 83.2623 125.3509 65.4046 197.3471 74.3494 92.2483 97.7556 84.7863 68.9544 7.5229 75.8718 73.0155 86.538 98.2175 70.8669 13.3046 1283.4323 818.0203 818.0203 781.624 119.9898 282.6209 177.4888 205.0522 349.022 1241.3532 314.701 441.7194 263.0827 108.2145 360.716 212.0617 263.2841 1254.284;
	3.8789 52.4123 88.4022 113.1472 14.9368 32.5266 25.9044 18.4039 27.1528 30.7026 56.7533 84.6647 127.4623 64.5279 194.9687 73.4533 91.1365 96.5775 85.8692 71.2362 8.6348 75.8954 72.0762 84.8188 98.5368 71.5286 13.9259 1293.1988 822.9122 822.9122 787.5428 116.1802 286.2307 183.3621 202.3036 351.1092 1265.809 317.3739 459.7718 263.9377 108.7265 360.8284 209.8094 259.8802 1278.9945;
	3.8979 52.6691 90.1781 117.4112 14.8864 33.3087 25.4245 18.8793 27.1733 29.5737 54.6666 81.5519 122.7759 66.3893 195.1827 73.534 91.2366 96.6835 87.0115 69.4456 8.4748 77.7203 71.2587 89.2058 102.9101 72.4961 13.843 1289.0806 830.4575 830.4575 790.7532 120.0225 290.0382 178.7531 208.1395 354.3285 1272.8706 330.9797 468.342 275.6522 116.7691 369.5044 215.003 259.9321 1286.1297;
	3.8529 52.0615 90.4519 115.1501 14.8064 33.4056 28.0107 18.6544 27.1125 30.0548 55.5558 82.8783 124.7728 67.156 190.7053 71.8471 89.1436 94.4656 86.5337 69.5898 9.3369 77.9463 71.6628 83.1288 101.9313 71.6812 13.77 1328.785 840.4371 840.4371 795.1988 118.5598 288.4457 179.1244 210.5432 358.5865 1309.99 335.5241 476.1756 273.0302 116.5832 370.5791 217.4857 264.1274 1323.6357;
	3.844 51.9402 90.7375 115.4164 14.3894 33.7513 27.3715 18.281 27.8515 29.5386 54.6017 81.4551 122.6301 68.9275 187.1437 70.5053 87.4788 92.7014 85.8673 71.9413 9.1238 78.7531 72.7108 86.483 101.173 70.53 13.9626 1335.2605 815.9589 815.9589 787.2647 116.861 286.2242 185.177 216.0969 348.1425 1292.0655 328.8962 472.7363 270.9992 114.3817 374.4148 215.6634 263.9489 1305.5245;
	3.896 52.6435 93.8344 115.7308 14.4855 32.9023 24.3183 18.2941 28.232 29.2352 54.0408 80.6182 121.3702 65.6607 186.8045 70.3775 87.3202 92.5334 85.7389 71.5177 8.1061 76.7719 73.373 88.4308 103.2962 71.3854 14.0295 1315.0459 810.0988 810.0988 773.8936 120.4592 285.7964 184.0868 205.8551 345.6422 1272.6374 329.1379 475.3343 276.6864 114.2324 364.9957 212.3163 274.6149 1285.8941;
	3.7931 51.2532 92.0896 114.354 14.2023 32.7555 25.2437 18.198 28.1243 29.6171 54.7467 81.6713 122.9557 65.4264 175.1187 65.975 81.8578 86.7448 86.744 71.1112 8.4146 76.4295 69.4484 86.3591 100.3996 71.6788 13.8903 1295.8266 807.5495 807.5495 742.0066 116.9786 289.1465 183.0403 205.1205 344.5545 1235.9421 316.2849 469.8631 268.9275 114.7694 363.3675 200.9308 272.6185 1248.8165;
	3.8434 51.9323 90.8117 111.3028 14.3576 30.5304 23.2254 17.5323 28.2742 29.4845 54.5016 81.3056 122.4052 67.0926 189.7833 71.4997 88.7126 94.0089 86.5237 69.1988 7.7418 71.2375 68.9759 82.0864 97.0286 57.6125 13.2455 1257.221 780.7968 780.7968 696.0996 116.2581 288.4124 178.1179 210.3444 333.14 1203.1236 313.5991 465.4228 259.8981 113.0806 338.6835 195.4001 260.7869 1215.6562;
	3.7128 50.1686 92.602 110.8149 14.479 27.9981 19.271 13.1064 27.9247 28.8433 53.3165 79.5377 119.7436 67.268 186.3176 70.1941 87.0927 92.2922 86.3633 67.8672 6.4237 65.3288 69.8716 81.7936 97.1785 66.9548 10.1767 1255.728 731.1727 731.1727 650.8564 113.645 287.8778 174.6903 210.8942 311.967 1223.8391 278.9703 445.0071 260.2997 112.1839 310.592 177.3056 235.256 1236.5874;
