function windprofile = ex_wind_profilesh1
%EX_WIND_PROFILE_D  Example wind_load_nyiso profile data for deterministic unit commitment.
% 2022.03.12
% Andres F. Ramirez


%% define constants
[GEN_BUS, PG, QG, QMAX, QMIN, VG, MBASE, GEN_STATUS, PMAX, PMIN, ...
    MU_PMAX, MU_PMIN, MU_QMAX, MU_QMIN, PC1, PC2, QC1MIN, QC1MAX, ...
    QC2MIN, QC2MAX, RAMP_AGC, RAMP_10, RAMP_30, RAMP_Q, APF] = idx_gen;
[CT_LABEL, CT_PROB, CT_TABLE, CT_TBUS, CT_TGEN, CT_TBRCH, CT_TAREABUS, ...
    CT_TAREAGEN, CT_TAREABRCH, CT_ROW, CT_COL, CT_CHGTYPE, CT_REP, ...
    CT_REL, CT_ADD, CT_NEWVAL, CT_TLOAD, CT_TAREALOAD, CT_LOAD_ALL_PQ, ...
    CT_LOAD_FIX_PQ, CT_LOAD_DIS_PQ, CT_LOAD_ALL_P, CT_LOAD_FIX_P, ...
    CT_LOAD_DIS_P, CT_TGENCOST, CT_TAREAGENCOST, CT_MODCOST_F, ...
    CT_MODCOST_X] = idx_ct;

windprofile = struct( ...
    'type', 'mpcData', ...
    'table', CT_TGEN, ...
    'rows', [1:45], ...
    'col', PMAX, ...
    'chgtype', 1, ...
    'values', [] );
windprofile.values(:,1,:) = [
	3.6789 49.7104 89.2561 115.13 14.0173 32.7957 28.6657 18.3557 26.0405 27.547 50.9203 75.963 114.3619 66.59 189.0131 71.2096 88.3527 93.6274 87.4252 72.1427 9.5552 76.5234 72.5958 82.7212 101.1099 73.3412 13.4108 1276.3933 747.1674 747.1674 553.1255 107.1173 291.4174 185.6955 208.7686 318.7914 1225.0448 215.3283 440.9729 270.83 120.4459 363.8139 190.0977 274.2103 1237.8057;
	3.6758 49.6686 88.1748 111.0557 13.9615 32.3353 24.55 17.8793 23.5458 28.2489 52.2176 77.8984 117.2756 65.6916 175.7421 66.2098 82.1492 87.0536 82.841 71.9423 8.1833 75.449 71.0686 84.8115 97.6829 72.5409 13.0524 1292.7439 715.4396 715.4396 544.3745 93.5137 276.1366 185.1797 205.9521 305.2542 1173.3106 186.9986 433.8989 261.6506 117.9895 358.706 171.0816 272.7724 1185.5326;
	3.7655 50.8803 88.9914 111.9023 14.2011 33.8206 21.0162 17.5097 25.8359 29.5936 54.7033 81.6065 122.8582 64.4 187.8047 70.7543 87.7878 93.0288 80.184 72.453 7.0054 78.9147 73.2119 84.8716 97.1902 74.2868 13.0625 1251.9958 726.7412 726.7412 568.8926 87.82 267.2801 186.4943 201.9027 310.0762 1210.3853 189.1869 412.1054 260.3308 116.9903 375.1831 184.2828 266.7425 1222.9935;
	3.5977 48.6127 87.0512 114.2142 13.9622 31.9265 23.1381 17.3202 26.2508 30.5761 56.5195 84.316 126.9373 64.5576 193.5149 72.9056 90.457 95.8574 85.2252 72.1942 7.7127 74.4951 72.0574 85.2455 97.3988 71.9143 13.0082 1278.5402 707.8668 707.8668 589.5006 98.7235 284.0842 185.8281 202.3968 302.0232 1221.1199 220.6105 432.6948 260.8897 113.5141 354.1708 135.0742 268.3378 1233.8399;
	3.4676 46.8548 86.4399 110.5059 13.9353 31.174 29.2509 16.4249 26.193 30.592 56.5488 84.3597 127.0031 63.1586 195.6722 73.7184 91.4654 96.926 85.216 72.412 9.7503 72.7393 73.6678 80.2778 96.5031 71.341 12.7951 1251.0937 699.9439 699.9439 606.3764 97.4482 284.0532 186.3886 198.0106 298.6427 1163.5036 217.0285 439.2113 258.4904 111.757 345.8235 128.0409 249.2719 1175.6235;
	3.5855 48.4483 86.1726 111.1831 13.7544 32.1158 28.9934 17.2997 26.7385 29.8894 55.2502 82.4224 124.0865 65.0086 196.1928 73.9145 91.7087 97.1839 81.9671 71.3065 9.6645 74.9369 72.4613 78.038 96.3702 70.0766 12.8633 1251.2181 751.3193 751.3193 634.564 101.8661 273.2235 183.543 203.8109 320.5629 1165.5204 222.6064 446.5364 258.1345 112.5191 356.2714 167.4266 255.034 1177.6612;
	3.5854 48.4468 86.2729 112.3826 13.9959 32.8989 31.1111 17.0935 27.0017 30.0556 55.5573 82.8806 124.7762 64.4825 197.9866 74.5903 92.5472 98.0724 85.385 72.7571 10.3704 76.7641 71.8153 82.2281 96.3933 67.342 12.9306 1208.6814 743.3474 743.3474 682.5915 99.3843 284.6165 187.2769 202.1613 317.1616 1192.0454 256.4375 471.9711 258.1965 112.9125 364.9582 158.2675 244.9648 1204.4625;
	3.7432 50.5783 87.2734 116.6729 14.3932 34.5768 30.5746 17.8308 28.1189 30.7888 56.9126 84.9025 127.8202 66.6878 199.2219 75.0557 93.1247 98.6843 87.5675 71.8067 10.1915 80.6793 71.6692 85.8957 96.9332 70.6 13.2805 1252.63 793.8389 793.8389 735.607 110.2981 291.8918 184.8306 209.0752 338.7046 1255.7077 275.3132 479.0936 259.6425 114.755 383.5723 178.156 253.9512 1268.788;
	3.8099 51.4801 88.7483 116.9816 14.6999 33.8799 31.6386 18.4084 27.9167 31.1369 57.5561 85.8624 129.2653 63.0904 199.0963 75.0084 93.0659 98.6221 90.6517 73.2312 10.5462 79.0531 72.5692 85.3094 99.9504 70.2879 13.3449 1271.3644 800.5445 800.5445 738.5151 113.8305 302.1724 188.4974 197.7971 341.5657 1255.5147 281.1173 477.5286 267.7242 119.1508 375.841 203.1012 259.7037 1268.593;
	3.8887 52.5453 92.2595 119.1985 14.9773 34.0559 26.9793 17.9442 28.3459 31.174 57.6247 85.9648 129.4195 66.2036 199.3736 75.1129 93.1956 98.7595 88.2513 72.854 8.9931 79.4638 73.0189 86.1739 99.4583 69.6846 13.378 1268.8417 819.6181 819.6181 730.6621 115.6865 294.1709 187.5263 207.5573 349.7037 1259.3752 313.1176 478.9002 266.4061 122.3652 377.7935 213.6107 264.9166 1272.4937;
	3.667 49.5497 86.5703 113.3058 14.4125 32.1152 26.9785 16.7174 27.73 31.2865 57.8326 86.2749 129.8864 64.4232 195.5326 73.6658 91.4001 96.8569 88.5593 73.2371 8.9928 74.9355 73.4658 82.0708 96.5192 64.4345 13.2563 1290.2573 795.7593 795.7593 714.0277 115.1812 295.1975 188.5125 201.9754 339.524 1260.5297 305.4473 466.2986 258.5336 117.8471 356.2649 202.117 257.1035 1273.6602;
	3.6785 49.705 88.2009 116.8916 14.6605 33.267 25.7794 16.7155 27.6288 30.7552 56.8506 84.8099 127.6808 64.6581 199.9288 75.322 93.4551 99.0345 91.143 71.8336 8.5931 77.6229 72.4341 84.919 97.4516 66.904 13.4665 1282.7142 789.8151 789.8151 695.7618 116.0918 303.8101 184.8999 202.7119 336.9878 1262.7023 279.6597 472.775 261.0311 119.8229 369.0417 207.4435 263.8079 1275.8554;
	3.7044 50.0551 88.4695 113.2406 15.0748 33.4227 25.991 17.2432 27.8928 30.7268 56.7981 84.7315 127.5629 64.1759 202.8869 76.4365 94.8378 100.4998 91.9859 72.0656 8.6637 77.9863 72.6131 81.9232 98.2289 70.1763 13.6086 1292.0051 798.1875 798.1875 688.9072 113.5054 306.6195 185.497 201.2 340.56 1267.8387 307.9603 463.4425 263.1131 118.2847 370.7694 209.5091 270.2409 1281.0453;
	3.72 50.2657 90.0062 114.747 14.6591 33.3812 26.0539 17.4634 28.1012 30.2079 55.8388 83.3004 125.4084 63.693 201.9562 76.0858 94.4028 100.0388 92.4284 72.8224 8.6846 77.8896 74.1351 84.2263 96.6953 71.8626 13.5503 1312.2163 796.6059 796.6059 752.1085 119.8519 308.0948 187.445 199.6863 339.8852 1258.2412 319.9946 466.3147 259.0052 114.5413 370.3092 203.321 269.7568 1271.3479;
	3.6316 49.0704 88.9633 111.0994 14.2763 32.9996 23.0467 17.4116 27.8243 29.2303 54.0318 80.6049 121.3502 64.512 202.5995 76.3282 94.7035 100.3574 92.5327 72.2685 7.6822 76.999 74.5821 85.4682 96.9757 70.0696 13.3056 1292.1597 784.854 784.854 747.9393 118.7651 308.4425 186.0192 202.2537 334.871 1235.7027 325.3914 463.6068 259.7563 117.2698 366.0751 202.8954 262.6483 1248.5746;
	3.6323 49.0802 86.8624 110.9106 14.7791 32.0437 24.1252 17.4504 27.6648 27.142 50.1716 74.8462 112.6806 63.389 189.9719 71.5708 88.8008 94.1023 87.8814 69.94 8.0417 74.7687 70.395 84.3748 97.1592 67.5575 13.3704 1270.5173 784.1928 784.1928 708.1004 115.1939 292.9379 180.0258 198.7332 334.5889 1200.9871 301.5587 451.1765 260.2478 115.2208 355.4718 198.9792 274.5732 1213.4974;
	3.7891 51.1989 92.8386 113.5229 15.2329 32.1967 21.688 18.132 28.165 28.5686 52.8086 78.78 118.6029 63.3207 197.743 74.4985 92.4334 97.9518 86.3649 71.2518 7.2293 75.1257 72.7549 82.705 102.701 60.789 13.3425 1212.5792 765.7898 765.7898 650.4129 115.1791 287.8831 183.4022 198.5191 326.737 1165.1549 292.313 439.3708 275.092 114.2901 357.1689 196.3513 272.5583 1177.292;
	3.7709 50.9532 93.117 112.2913 15.3336 29.8018 18.0079 13.1535 28.1937 28.5867 52.8421 78.8301 118.6782 65.6065 191.0817 71.9889 89.3196 94.6521 83.766 69.7477 6.0026 69.5375 73.3096 81.5682 99.2334 71.1174 10.9644 1231.6491 747.4147 747.4147 645.9078 114.1928 279.2201 179.5307 205.6851 318.8969 1215.2253 290.8844 443.5862 265.8037 118.6497 330.6011 184.7548 247.5904 1227.8839;
