function solarprofile = ex_solar_profilesh1
%EX_WIND_PROFILE_D  Example wind_load_nyiso profile data for deterministic unit commitment.
% 2022.03.12
% Andres F. Ramirez


%% define constants
[GEN_BUS, PG, QG, QMAX, QMIN, VG, MBASE, GEN_STATUS, PMAX, PMIN, ...
    MU_PMAX, MU_PMIN, MU_QMAX, MU_QMIN, PC1, PC2, QC1MIN, QC1MAX, ...
    QC2MIN, QC2MAX, RAMP_AGC, RAMP_10, RAMP_30, RAMP_Q, APF] = idx_gen;
[CT_LABEL, CT_PROB, CT_TABLE, CT_TBUS, CT_TGEN, CT_TBRCH, CT_TAREABUS, ...
    CT_TAREAGEN, CT_TAREABRCH, CT_ROW, CT_COL, CT_CHGTYPE, CT_REP, ...
    CT_REL, CT_ADD, CT_NEWVAL, CT_TLOAD, CT_TAREALOAD, CT_LOAD_ALL_PQ, ...
    CT_LOAD_FIX_PQ, CT_LOAD_DIS_PQ, CT_LOAD_ALL_P, CT_LOAD_FIX_P, ...
    CT_LOAD_DIS_P, CT_TGENCOST, CT_TAREAGENCOST, CT_MODCOST_F, ...
    CT_MODCOST_X] = idx_ct;

solarprofile = struct( ...
    'type', 'mpcData', ...
    'table', CT_TGEN, ...
    'rows', [1:12], ...
    'col', PMAX, ...
    'chgtype', 1, ...
    'values', [] );
solarprofile.values(:,1,:) = [
	0.0 0.0 0.0 0.0 0.0 0.0 0.0 0.0 0.0 0.0 0.0 0.0;
	0.0 0.0 0.0 0.0 0.0 0.0 0.0 0.0 0.0 0.0 0.0 0.0;
	0.0 0.0 0.0 0.0 0.0 0.0 0.0 0.0 0.0 0.0 0.0 0.0;
	0.0 0.0 0.0 0.0 0.0 0.0 0.0 0.0 0.0 0.0 0.0 0.0;
	0.0 0.0 0.0 0.0 0.0 0.0 0.0 0.0 0.0 0.0 0.0 0.0;
	1.0111 0.8207 0.6949 0.0 0.0 9.4835 1.1854 4.1882 0.4504 0.0 0.0 0.0;
	4.1624 4.4722 2.5946 2.0596 6.409 281.5203 35.19 45.1427 152.8701 35.8334 27.4645 64.8945;
	6.6456 10.5597 7.2629 2.0921 8.0985 384.0246 48.0031 58.1529 237.9237 174.1846 33.994 315.4493;
	12.8744 16.1976 13.5284 3.4318 8.3456 420.527 52.5659 63.8398 258.1267 298.7265 59.6085 540.9954;
	22.9537 16.2741 13.8 3.813 7.8646 439.1672 54.8959 61.0966 247.792 280.4221 106.9074 507.8462;
	21.0916 15.7348 13.6087 5.3335 7.2601 423.8439 52.9805 57.2355 230.6611 269.403 127.7687 487.8904;
	20.7912 15.6342 12.7217 5.4854 6.1657 408.0817 51.0102 56.5446 209.149 259.3555 134.873 469.6944;
	23.8958 15.9262 12.8085 2.6864 4.2277 403.9847 50.4981 65.7751 160.2857 207.4702 109.4415 375.7298;
	21.7671 15.9368 12.6977 1.7738 4.2572 419.0048 52.3756 68.4457 143.8891 211.0521 99.4736 382.2167;
	17.0452 13.4889 9.6274 1.6934 4.5697 423.3809 52.9226 66.8527 131.7437 162.8494 79.9058 294.9212;
	5.6572 5.8558 2.43 2.917 5.2335 362.3792 45.2974 37.6132 164.1319 60.0285 46.2392 108.712;
	1.1859 1.003 0.7461 0.9273 1.1604 82.624 10.328 11.2814 42.7146 15.621 9.7408 28.2897;
	0.0 0.0 0.0 0.0 0.0 0.0 0.0 0.0 0.0 0.0 0.0 0.0;
	0.0 0.0 0.0 0.0 0.0 0.0 0.0 0.0 0.0 0.0 0.0 0.0;
	0.0 0.0 0.0 0.0 0.0 0.0 0.0 0.0 0.0 0.0 0.0 0.0;
	0.0 0.0 0.0 0.0 0.0 0.0 0.0 0.0 0.0 0.0 0.0 0.0;
	0.0 0.0 0.0 0.0 0.0 0.0 0.0 0.0 0.0 0.0 0.0 0.0;
	0.0 0.0 0.0 0.0 0.0 0.0 0.0 0.0 0.0 0.0 0.0 0.0;
	0.0 0.0 0.0 0.0 0.0 0.0 0.0 0.0 0.0 0.0 0.0 0.0;
];
