function windprofile = ex_wind_profilesh1
%EX_WIND_PROFILE_D  Example wind_load_nyiso profile data for deterministic unit commitment.
% 2022.03.12
% Andres F. Ramirez


%% define constants
[GEN_BUS, PG, QG, QMAX, QMIN, VG, MBASE, GEN_STATUS, PMAX, PMIN, ...
    MU_PMAX, MU_PMIN, MU_QMAX, MU_QMIN, PC1, PC2, QC1MIN, QC1MAX, ...
    QC2MIN, QC2MAX, RAMP_AGC, RAMP_10, RAMP_30, RAMP_Q, APF] = idx_gen;
[CT_LABEL, CT_PROB, CT_TABLE, CT_TBUS, CT_TGEN, CT_TBRCH, CT_TAREABUS, ...
    CT_TAREAGEN, CT_TAREABRCH, CT_ROW, CT_COL, CT_CHGTYPE, CT_REP, ...
    CT_REL, CT_ADD, CT_NEWVAL, CT_TLOAD, CT_TAREALOAD, CT_LOAD_ALL_PQ, ...
    CT_LOAD_FIX_PQ, CT_LOAD_DIS_PQ, CT_LOAD_ALL_P, CT_LOAD_FIX_P, ...
    CT_LOAD_DIS_P, CT_TGENCOST, CT_TAREAGENCOST, CT_MODCOST_F, ...
    CT_MODCOST_X] = idx_ct;

windprofile = struct( ...
    'type', 'mpcData', ...
    'table', CT_TGEN, ...
    'rows', [1:45], ...
    'col', PMAX, ...
    'chgtype', 1, ...
    'values', [] );
windprofile.values(:,1,:) = [
	3.6226 48.9499 87.602 109.9439 14.3258 30.719 25.1574 17.7732 23.7126 28.0125 51.7806 77.2465 116.2942 63.5918 197.0599 74.2412 92.114 97.6134 87.2466 73.0753 8.3858 71.6777 72.5107 83.5889 101.4573 72.9908 13.213 1227.4753 738.6637 738.6637 540.2976 103.7575 290.8219 188.096 199.3689 315.1632 1196.5931 217.7361 418.2872 271.7607 115.3312 340.7761 191.6089 272.6617 1209.0577;
	3.567 48.1981 88.6388 110.1589 14.007 29.5695 20.2048 17.9429 23.3685 28.7644 53.1706 79.3201 119.4159 64.5994 192.6858 72.5933 90.0694 95.4467 87.5542 73.4827 6.7349 68.9956 71.4261 85.1472 100.7434 72.4296 13.0755 1246.6969 767.9223 767.9223 583.6972 94.094 291.8473 189.1446 202.528 327.6468 1165.4121 209.3562 423.0508 269.8483 115.2552 328.0248 178.3283 262.8276 1177.5518;
	3.5661 48.1856 90.0389 112.4013 14.0715 29.827 18.1844 17.8976 24.7034 29.1807 53.9402 80.4681 121.1443 62.7678 190.5553 71.7906 89.0735 94.3913 87.5325 72.1546 6.0615 69.5964 69.0903 87.5837 103.6762 74.9405 12.9941 1234.7831 743.2268 743.2268 584.1318 88.9442 291.7751 185.7262 196.7855 317.1101 1193.8839 220.4907 366.2396 277.7041 116.881 330.8812 176.4338 264.2117 1206.3201;
	3.5833 48.4178 89.899 113.7924 14.2201 30.6632 21.2614 17.8868 25.9036 29.6956 54.8918 81.8878 123.2816 65.4589 197.6855 74.4768 92.4065 97.9233 88.1291 72.9789 7.0871 71.5475 70.7044 88.2925 104.2338 73.6993 13.0977 1264.9037 756.2846 756.2846 592.3581 92.1897 293.7636 187.8479 205.2224 322.6814 1218.4574 237.0221 416.5472 279.1978 117.2986 340.157 155.5281 276.0049 1231.1497;
	3.7257 50.3427 92.3435 118.3814 14.4806 32.095 29.0758 18.0617 26.2928 30.5145 56.4056 84.1461 126.6814 65.2573 198.1266 74.6431 92.6127 98.1418 89.2702 73.5213 9.6919 74.8884 73.4994 86.1039 104.5343 73.0982 13.1883 1199.0561 750.1877 750.1877 630.7514 97.892 297.5673 189.244 204.5906 320.0801 1162.6737 235.0419 448.3655 280.0027 119.4128 356.0407 196.521 270.6929 1174.7849;
	3.679 49.7116 90.5528 115.2514 14.6833 32.3951 27.3808 18.6601 26.3114 29.7102 54.9188 81.9281 123.3422 65.5174 203.5582 76.6894 95.1516 100.8323 87.4856 73.6341 9.1269 75.5886 72.7235 87.7873 103.4658 73.734 13.4161 1206.0014 735.4724 735.4724 679.2994 99.4604 291.6187 189.5344 205.406 313.8016 1109.8549 234.6051 435.6575 277.1406 117.2474 359.3698 179.1284 269.764 1121.4159;
	3.6266 49.0027 91.0296 110.6538 14.4182 32.1954 29.342 18.5097 25.9624 29.5188 54.565 81.4002 122.5476 66.61 202.3333 76.2279 94.579 100.2256 88.9622 73.6448 9.7807 75.1226 72.6087 85.1474 100.0408 72.9178 13.4792 1176.0334 738.2817 738.2817 689.7209 101.8258 296.5405 189.5619 208.8315 315.0002 1187.3993 269.8878 441.7787 267.9663 115.1515 357.1542 157.3157 256.7764 1199.7681;
	3.6977 49.9634 87.8891 110.1534 14.7344 32.3175 29.1728 17.7025 26.246 30.1629 55.7557 83.1765 125.2218 69.6339 204.8482 77.1754 95.7546 101.4713 91.3932 73.7629 9.7243 75.4074 73.5738 85.5401 97.1982 70.1854 12.9809 1251.2202 781.1455 781.1455 743.0808 112.67 304.644 189.8659 218.3117 333.2887 1256.8191 291.2105 455.8137 260.3523 117.733 358.5083 176.2552 249.9667 1269.911;
	3.7264 50.3517 89.7327 113.5033 14.8643 32.3518 30.008 17.9184 26.7885 30.8807 57.0824 85.1557 128.2015 69.57 203.4937 76.6651 95.1215 100.8004 92.5041 72.7862 10.0027 75.4876 73.2041 86.9914 100.1158 71.6207 13.0671 1272.5855 785.2442 785.2442 740.2179 115.9679 308.3469 187.352 218.1114 335.0375 1256.7074 309.2775 454.7301 268.1674 120.8744 358.8895 202.5373 260.5872 1269.7981;
	3.7368 50.4925 93.449 117.9592 15.1796 32.7542 24.3089 18.761 27.6677 30.3755 56.1487 83.7628 126.1045 69.4037 197.1796 74.2863 92.17 97.6727 91.8143 71.5977 8.103 76.4265 73.8716 89.6175 103.9094 74.3568 13.6377 1235.6492 791.1924 791.1924 745.1094 114.6313 306.0476 184.2926 217.5899 337.5754 1203.4309 305.9803 440.2321 278.3288 122.0078 363.3536 206.458 267.5029 1215.9666;
	3.6605 49.4616 92.4438 114.8972 14.8726 32.7126 25.891 18.492 27.099 30.4123 56.2167 83.8642 126.2571 68.7602 195.4116 73.6202 91.3435 96.7969 91.1615 71.7107 8.6303 76.3293 73.2481 88.756 101.3424 71.9774 13.7168 1238.9271 802.2633 802.2633 749.7654 116.2126 303.8715 184.5834 215.5725 342.299 1249.9509 305.6603 441.7745 271.4528 119.9593 362.8915 206.1177 268.9281 1262.9712;
	3.6959 49.9399 88.48 116.3379 14.9418 33.4062 24.2454 17.8015 27.1839 29.432 54.4045 81.1609 122.1873 68.5535 199.8957 75.3096 93.4396 99.0181 90.2826 71.3466 8.0818 77.9479 74.4255 87.1714 99.2783 68.9812 13.3053 1240.5357 800.7871 800.7871 738.4145 116.8327 300.9419 183.6464 214.9246 341.6692 1250.4429 315.9629 450.4253 265.9241 120.8399 370.5864 212.0126 267.0756 1263.4684;
	3.7583 50.7836 92.2814 119.0257 15.1606 34.0274 25.9817 18.8119 27.2248 30.8244 56.9785 85.0007 127.9681 69.1248 193.2917 72.8215 90.3526 95.7468 90.9408 68.4583 8.6606 79.3972 75.1718 87.9746 103.8554 72.9983 13.908 1251.4736 833.2688 833.2688 702.72 116.127 303.1359 176.2119 216.7157 355.528 1273.7991 312.2675 453.2854 278.184 122.4873 377.4768 212.9385 275.9347 1287.0678;
	3.8974 52.6628 92.3626 119.0189 15.1579 34.9795 24.9613 18.767 27.8363 31.0439 57.3841 85.6058 128.879 69.1779 197.4104 74.3732 92.2779 97.787 88.408 71.5218 8.3204 81.6188 75.8323 87.5846 103.2033 74.1413 13.9445 1273.8229 813.0046 813.0046 705.3759 117.4321 294.6933 184.0972 216.8819 346.882 1277.6963 294.7068 453.8877 276.4374 122.7631 388.039 210.3399 276.077 1291.0056;
	3.9212 52.9837 94.4309 120.7466 15.0681 35.1204 22.8367 19.0078 27.0377 29.8276 55.1359 82.252 123.8299 67.1047 202.9033 76.4426 94.8455 100.5079 88.397 72.1822 7.6122 81.9475 75.4403 88.5499 104.4396 73.16 13.9127 1311.7111 807.7968 807.7968 748.7111 114.6183 294.6568 185.7972 210.3821 344.66 1291.7577 316.3745 465.4739 279.749 121.0057 389.6019 213.966 274.5242 1305.2135;
	3.9276 53.0701 95.2687 120.9838 15.3745 34.9912 24.349 19.157 27.4734 30.6497 56.6555 84.5189 127.2428 69.2327 196.8238 74.1522 92.0037 97.4964 88.1929 71.6919 8.1163 81.6461 75.6834 89.859 106.5271 74.2767 13.9182 1303.0609 803.46 803.46 736.5405 117.7415 293.9764 184.5351 217.0537 342.8096 1257.2206 311.7417 468.3484 285.3403 121.7087 388.1688 213.8 282.934 1270.3167;
	3.7494 50.662 93.4909 119.7994 14.5521 32.6514 21.5678 18.1556 27.3166 30.7601 56.8597 84.8234 127.7012 68.6033 205.1101 77.274 95.877 101.601 87.982 72.9857 7.1893 76.1865 75.7934 88.5098 105.0255 55.0971 12.8134 1243.2426 758.2511 758.2511 639.2962 110.5835 293.2733 187.8654 215.0805 323.5205 1191.1636 275.003 465.6011 281.3184 120.5468 362.2124 202.6797 255.2604 1203.5716;
	3.7035 50.0418 92.6382 112.7659 14.4807 30.0858 18.0179 13.5603 26.5228 30.1524 55.7363 83.1476 125.1783 66.665 203.0663 76.504 94.9217 100.5886 86.5093 71.5251 6.006 70.2002 75.416 85.9563 101.959 68.8894 10.1041 1271.1539 739.6554 739.6554 624.6233 105.9666 288.3643 184.1058 209.0039 315.5863 1251.0098 273.1468 449.0944 273.1043 116.846 333.7516 182.2727 242.9336 1264.0411;
