function loadprofile = ex_load_profilesh1
%EX_LOAD_PROFILE  Example load profile data file for stochastic unit commitment.
% 2022.03.12
% Andres F. Ramirez

%% define constants
[CT_LABEL, CT_PROB, CT_TABLE, CT_TBUS, CT_TGEN, CT_TBRCH, CT_TAREABUS, ...
    CT_TAREAGEN, CT_TAREABRCH, CT_ROW, CT_COL, CT_CHGTYPE, CT_REP, ...
    CT_REL, CT_ADD, CT_NEWVAL, CT_TLOAD, CT_TAREALOAD, CT_LOAD_ALL_PQ, ...
    CT_LOAD_FIX_PQ, CT_LOAD_DIS_PQ, CT_LOAD_ALL_P, CT_LOAD_FIX_P, ...
    CT_LOAD_DIS_P, CT_TGENCOST, CT_TAREAGENCOST, CT_MODCOST_F, ...
    CT_MODCOST_X] = idx_ct;

loadprofile = struct( ...
    'type', 'mpcData', ...
    'table', CT_TAREALOAD, ...
    'rows', [1:11], ...
    'col', CT_LOAD_ALL_P, ...
    'chgtype', 1, ...
    'values', [] );
loadprofile.values(:,1,:) = [
	1515.5916 875.0 1441.8573 552.6587 645.07 1071.9 818.9 261.0214 456.0 4393.4261 1749.0071;
	1498.7652 868.0734 1428.7042 538.9375 638.0807 1083.0663 802.2713 248.1 447.5014 4247.9548 1654.7699;
	1529.2761 886.1976 1440.3774 543.3 666.3688 1094.2198 805.1159 250.9613 455.6135 4243.8 1678.1634;
	1539.6107 922.8 1519.2132 550.817 688.6919 1111.4788 807.3652 248.6 438.6951 4279.0054 1713.0;
	1584.8378 952.6477 1588.4752 577.0049 712.9188 1178.8072 852.7336 261.5139 469.8144 4475.4816 1819.7719;
	1647.282 1007.9787 1670.4713 580.8452 780.8769 1208.7969 871.9133 266.7 496.958 4601.5422 1859.7503;
	1681.8384 1001.855 1743.1435 595.7 831.4 1266.8426 933.3668 282.4729 547.0568 4733.8531 1941.3939;
	1740.6077 1011.9707 1846.024 595.3008 872.4 1285.1 952.2403 304.127 583.8218 4894.3814 1995.2;
	1764.2099 1041.1321 1897.3105 590.4192 894.5472 1294.9472 958.7871 301.3379 585.5436 4755.6633 1990.3849;
	1775.0859 1049.8514 1884.3395 570.2 862.8148 1305.2267 910.5 294.5786 581.2059 3840.8129 1854.4053;
	1767.7787 1041.6 1853.2367 567.3133 856.3132 1360.2048 888.6989 287.4935 582.9823 4160.1255 1885.7274;
	1748.3066 1026.1 1800.9674 555.8 834.9497 1221.4 778.6356 249.5603 550.9709 3429.0826 1769.2979;
	1693.2782 1004.9996 1780.8 569.0353 803.5972 1200.3695 795.0707 262.8995 544.9951 3565.6416 1700.1972;
	1700.403 991.4 1734.1983 570.8147 822.4195 1184.5418 709.849 265.5776 514.1 4312.0212 1741.4642;
	1709.4306 1023.9244 1740.4435 567.0 828.733 1267.2 884.5818 276.5427 528.2704 4876.4433 1936.5604;
	1776.2027 1061.8267 1824.8 588.9487 873.8 1327.4238 940.3914 306.6605 513.2193 5219.1585 2011.5809;
	1827.7341 1069.6702 1881.7986 583.4 916.1905 1382.4971 969.7033 335.8988 476.1778 5223.7003 2044.0237;
	1864.58 1141.2243 1941.6742 587.4778 981.0441 1460.3317 1088.9548 339.4446 590.3198 5456.6446 2252.3177;
	1858.3621 1154.7773 1944.5479 584.6968 974.4 1432.5 1074.5095 339.1458 579.1402 5401.4277 2203.0691;
	1840.0517 1115.6213 1856.5684 557.1434 912.8661 1373.68 1060.0949 337.0394 572.7872 5307.3763 2156.6002;
	1818.8176 1029.1997 1767.9431 538.6646 892.3483 1322.1197 1010.5034 317.9267 554.677 5099.9901 2082.8767;
	1720.9778 960.6061 1629.7 535.5004 811.6236 1207.4404 920.3445 294.8 512.6897 4748.4759 1929.1415;
	1576.8256 919.6043 1585.3165 554.3167 801.8935 1134.7518 888.3048 251.6044 461.7009 4803.7504 1856.0917;
	1595.2108 903.5 1562.1389 534.3867 772.6054 1068.9436 846.2517 243.9854 452.813 4585.4043 1776.7907;
];
