function windprofile = ex_wind_profilesh1
%EX_WIND_PROFILE_D  Example wind_load_nyiso profile data for deterministic unit commitment.
% 2022.03.12
% Andres F. Ramirez


%% define constants
[GEN_BUS, PG, QG, QMAX, QMIN, VG, MBASE, GEN_STATUS, PMAX, PMIN, ...
    MU_PMAX, MU_PMIN, MU_QMAX, MU_QMIN, PC1, PC2, QC1MIN, QC1MAX, ...
    QC2MIN, QC2MAX, RAMP_AGC, RAMP_10, RAMP_30, RAMP_Q, APF] = idx_gen;
[CT_LABEL, CT_PROB, CT_TABLE, CT_TBUS, CT_TGEN, CT_TBRCH, CT_TAREABUS, ...
    CT_TAREAGEN, CT_TAREABRCH, CT_ROW, CT_COL, CT_CHGTYPE, CT_REP, ...
    CT_REL, CT_ADD, CT_NEWVAL, CT_TLOAD, CT_TAREALOAD, CT_LOAD_ALL_PQ, ...
    CT_LOAD_FIX_PQ, CT_LOAD_DIS_PQ, CT_LOAD_ALL_P, CT_LOAD_FIX_P, ...
    CT_LOAD_DIS_P, CT_TGENCOST, CT_TAREAGENCOST, CT_MODCOST_F, ...
    CT_MODCOST_X] = idx_ct;

windprofile = struct( ...
    'type', 'mpcData', ...
    'table', CT_TGEN, ...
    'rows', [1:45], ...
    'col', PMAX, ...
    'chgtype', 1, ...
    'values', [] );
windprofile.values(:,1,:) = [
	3.8986 52.6788 93.2212 116.9677 15.2459 32.6002 27.3531 18.4933 25.5268 29.1519 53.8868 80.3885 121.0245 67.8277 196.1366 73.8933 91.6824 97.156 85.1017 73.4297 9.1177 76.0672 74.191 83.8367 103.0196 72.9116 13.3006 1272.137 775.329 775.329 595.8426 108.5858 283.6723 189.0083 212.6491 330.807 1252.1279 214.7676 446.5012 275.9455 121.0108 361.6452 207.6894 281.7353 1265.1709;
	3.8504 52.0268 93.7963 114.4767 15.2448 32.0922 24.3876 18.5545 25.8761 29.7377 54.9698 82.0041 123.4567 67.8078 188.0653 70.8525 87.9096 93.1579 86.1361 71.6223 8.1292 74.8817 73.5507 84.7115 101.0413 72.9505 13.4239 1271.9481 794.931 794.931 645.6074 107.497 287.1202 184.356 212.5865 339.1706 1260.619 224.5754 456.1057 270.6462 119.345 356.0091 198.1425 278.1238 1273.7504;
	3.8475 51.9888 92.811 114.9378 15.3231 32.2575 20.9024 17.934 26.4832 30.0728 55.589 82.9279 124.8475 68.2172 190.3578 71.7162 88.9812 94.2935 89.7814 69.2616 6.9675 75.2675 71.2655 85.3666 100.7622 73.6745 13.0247 1245.4659 786.7957 786.7957 672.1226 98.3971 299.2712 178.2794 213.8703 335.6995 1266.9211 232.3522 437.4761 269.8989 120.8965 357.8432 198.5711 266.9885 1280.1182;
	3.7172 50.2278 90.8704 112.5146 15.2739 32.4058 21.8372 18.2284 27.0023 30.5075 56.3927 84.1268 126.6525 68.4517 198.3372 74.7224 92.7111 98.2461 91.8138 70.4801 7.2791 75.6136 71.6206 85.5705 100.9509 71.7361 13.035 1267.6524 801.1739 801.1739 680.2846 101.5434 306.046 181.4159 214.6053 341.8342 1281.379 259.8853 444.0865 270.4041 117.8148 359.4887 166.4285 271.0117 1294.7267;
	3.767 50.9009 88.5026 110.2731 14.9722 32.9328 30.5336 18.2139 27.2385 30.6677 56.6888 84.5686 127.3175 65.9104 197.0952 74.2545 92.1306 97.6309 91.3567 71.1281 10.1779 76.8433 72.6409 82.0875 99.0884 72.1883 13.0948 1265.426 820.9753 820.9753 726.1781 107.7468 304.5222 183.084 206.6382 350.2828 1297.2811 262.5831 469.0585 265.4155 114.5293 365.3351 201.8092 265.927 1310.7944;
	3.6772 49.6871 90.7676 111.7191 14.5202 33.4301 27.4709 18.371 24.6021 29.4496 54.4372 81.2095 122.2605 63.3425 201.3337 75.8513 94.1118 99.7304 89.4495 71.488 9.157 78.0036 72.1913 83.5792 98.0463 72.2777 13.4497 1270.1505 801.0844 801.0844 747.3314 109.0294 298.165 184.0103 198.5872 341.796 1250.0561 269.1661 435.4317 262.624 114.8134 370.8512 184.397 272.1057 1263.0775;
	3.658 49.4281 88.07 109.8668 14.3786 32.8014 28.7184 17.7473 25.5389 28.9376 53.4907 79.7976 120.1348 64.2019 196.5316 74.0421 91.8671 97.3517 86.3338 71.2933 9.5728 76.5365 71.1719 81.9054 96.6416 70.677 12.9923 1239.5836 795.3369 795.3369 750.6261 106.9781 287.7795 183.5092 201.2816 339.3437 1268.4848 301.785 437.3238 258.8615 112.5092 363.8764 164.8218 268.065 1281.6982;
	3.6768 49.6815 87.415 112.1542 14.4864 33.5519 28.6366 17.7955 25.3297 29.8732 55.2202 82.3777 124.0191 65.4393 202.5058 76.2929 94.6597 100.311 87.7649 72.7888 9.5455 78.2878 73.9729 84.4857 98.2494 69.6066 13.0838 1259.2007 806.902 806.902 741.6041 110.5749 292.5497 187.3585 205.161 344.2782 1252.3916 306.3667 445.5335 263.1681 113.5199 372.2027 176.613 269.8469 1265.4373;
	3.7426 50.571 88.0583 112.6101 15.0655 34.1801 30.9314 17.8786 26.4966 30.4712 56.3256 84.0267 126.5017 66.7987 198.5811 74.8143 92.8251 98.3669 91.8597 71.8236 10.3105 79.7536 73.9327 82.5343 98.4403 70.5251 13.036 1269.0628 822.0944 822.0944 735.6208 116.4794 306.1989 184.8742 209.4229 350.7603 1266.1659 302.3964 455.818 263.6794 117.4537 379.1716 207.6702 270.0907 1279.3552;
	3.796 51.2917 88.6886 112.2427 15.2132 33.8358 25.1429 18.4829 26.7059 29.812 55.107 82.2088 123.7649 66.9267 198.2094 74.6742 92.6514 98.1828 88.858 71.8459 8.381 78.9501 73.4725 85.6597 100.5353 72.2175 13.2375 1258.0363 836.6365 836.6365 745.555 117.2679 296.1934 184.9314 209.8242 356.9649 1284.3567 324.9252 451.1814 269.2909 121.0646 375.3513 213.5262 270.3378 1297.7354;
	3.9144 52.8927 90.0699 115.4421 15.3141 34.3118 27.6362 18.314 26.9392 30.6457 56.6482 84.5079 127.2262 67.6845 196.4735 74.0202 91.8399 97.3229 88.0753 72.3953 9.2121 80.0608 73.6192 85.0343 100.2941 70.7295 13.4566 1255.0675 842.0485 842.0485 798.5988 114.9716 293.5843 186.3457 212.2 359.274 1335.1826 329.2633 459.0961 268.6448 122.947 380.632 217.6251 273.1871 1349.0907;
	3.93 53.103 93.7684 118.9111 15.4113 34.8366 28.7145 18.3211 28.0999 30.689 56.7282 84.6273 127.4059 68.0454 200.738 75.6269 93.8334 99.4354 91.9059 72.9684 9.5715 81.2855 74.6671 86.9014 103.7024 69.7298 13.1207 1251.5222 849.2419 849.2419 821.3637 119.0292 306.3528 187.8208 213.3317 362.3432 1339.6262 345.9553 477.2384 277.7744 123.277 386.4545 217.7023 272.5005 1353.5806;
	3.9261 53.0502 92.9359 120.0387 15.342 34.8686 28.6626 18.6559 26.7947 30.3562 56.1129 83.7094 126.0241 67.6261 200.1617 75.4098 93.564 99.1499 92.1027 73.0888 9.5542 81.3602 73.3462 85.2224 104.3783 72.8576 13.8374 1259.6534 840.5656 840.5656 791.4472 117.1749 307.009 188.1308 212.0169 358.6413 1328.2008 357.283 477.5877 279.5847 123.0651 386.8095 218.0146 276.0607 1342.0362;
	3.9277 53.0716 92.1752 119.3788 15.1852 34.7407 27.7686 18.1488 26.5814 29.5268 54.5799 81.4225 122.5811 68.9265 198.2512 74.69 92.6709 98.2035 92.2661 72.5333 9.2562 81.0617 74.2758 86.2535 104.4907 74.1336 13.5162 1302.2172 851.6504 851.6504 811.4212 117.7307 307.5538 186.7009 216.0939 363.3708 1327.3575 341.9652 478.5913 279.8857 123.718 385.3904 210.3528 277.9959 1341.1841;
	3.913 52.8728 88.4423 114.4074 15.2964 34.7303 22.6683 17.6351 25.9354 29.311 54.1809 80.8272 121.6849 66.7996 192.5659 72.5481 90.0134 95.3873 90.3755 69.9858 7.5561 81.0375 74.5295 86.7832 100.9977 71.5002 13.2291 1266.431 830.2455 830.2455 804.6354 115.4224 301.2516 180.1437 209.4258 354.2381 1271.3388 338.1084 468.9903 270.5297 121.7785 385.2752 212.441 272.5969 1284.5819;
	3.9302 53.1053 90.1142 114.5593 15.4001 34.4949 23.3253 18.0932 26.0891 29.5791 54.6765 81.5666 122.7981 66.6217 187.4299 70.6131 87.6126 92.8432 87.6614 68.5606 7.7751 80.4881 72.9329 87.0408 102.4272 73.0255 13.1892 1282.8609 821.0726 821.0726 764.75 115.6359 292.2048 176.4752 208.868 350.3243 1224.7951 325.9103 469.5498 274.3586 122.0707 382.6636 208.1702 279.0778 1237.5533;
	3.9255 53.0424 93.5048 116.1032 15.4056 33.0035 22.6231 18.5314 27.351 29.7175 54.9324 81.9483 123.3727 69.3726 191.7246 72.2311 89.6201 94.9706 86.5238 67.2346 7.541 77.0081 71.179 87.5201 103.5505 64.0345 13.0867 1247.4695 791.6196 791.6196 741.876 112.0821 288.4128 173.0622 217.4924 337.7577 1185.7065 329.9436 475.3849 277.3674 121.0081 366.1187 198.4847 262.1112 1198.0576;
	3.9214 52.9864 92.9167 112.7473 15.3163 30.7356 20.0048 14.686 27.4514 30.251 55.9186 83.4195 125.5876 68.1148 188.6121 71.0585 88.1652 93.4288 87.5835 63.4066 6.6683 71.7163 73.4575 85.8413 102.8319 74.9492 10.8875 1256.3245 770.7466 770.7466 706.6118 111.4596 291.9451 163.2088 213.5491 328.8519 1251.4984 302.3062 470.8235 275.4425 118.2119 340.9597 189.1267 240.7516 1264.5349;
