function solarprofile = ex_solar_profilesh1
%EX_WIND_PROFILE_D  Example wind_load_nyiso profile data for deterministic unit commitment.
% 2022.03.12
% Andres F. Ramirez


%% define constants
[GEN_BUS, PG, QG, QMAX, QMIN, VG, MBASE, GEN_STATUS, PMAX, PMIN, ...
    MU_PMAX, MU_PMIN, MU_QMAX, MU_QMIN, PC1, PC2, QC1MIN, QC1MAX, ...
    QC2MIN, QC2MAX, RAMP_AGC, RAMP_10, RAMP_30, RAMP_Q, APF] = idx_gen;
[CT_LABEL, CT_PROB, CT_TABLE, CT_TBUS, CT_TGEN, CT_TBRCH, CT_TAREABUS, ...
    CT_TAREAGEN, CT_TAREABRCH, CT_ROW, CT_COL, CT_CHGTYPE, CT_REP, ...
    CT_REL, CT_ADD, CT_NEWVAL, CT_TLOAD, CT_TAREALOAD, CT_LOAD_ALL_PQ, ...
    CT_LOAD_FIX_PQ, CT_LOAD_DIS_PQ, CT_LOAD_ALL_P, CT_LOAD_FIX_P, ...
    CT_LOAD_DIS_P, CT_TGENCOST, CT_TAREAGENCOST, CT_MODCOST_F, ...
    CT_MODCOST_X] = idx_ct;

solarprofile = struct( ...
    'type', 'mpcData', ...
    'table', CT_TGEN, ...
    'rows', [1:12], ...
    'col', PMAX, ...
    'chgtype', 1, ...
    'values', [] );
solarprofile.values(:,1,:) = [
	0.0 0.0 0.0 0.0 0.0 0.0 0.0 0.0 0.0 0.0 0.0 0.0;
	0.0 0.0 0.0 0.0 0.0 0.0 0.0 0.0 0.0 0.0 0.0 0.0;
	0.0 0.0 0.0 0.0 0.0 0.0 0.0 0.0 0.0 0.0 0.0 0.0;
	0.0 0.0 0.0 0.0 0.0 0.0 0.0 0.0 0.0 0.0 0.0 0.0;
	0.0 0.0 0.0 0.0 0.0 0.0 0.0 0.0 0.0 0.0 0.0 0.0;
	1.0417 0.845 0.7166 0.0 0.0 9.4835 1.1854 4.3178 0.4191 0.0 0.0 0.0;
	9.0115 7.042 5.721 1.2633 1.4494 15.1811 1.8976 13.4964 7.0763 68.1503 19.6115 123.4205;
	12.3029 10.6988 7.7047 1.4931 3.1206 89.6367 11.2046 39.5985 38.7246 171.461 37.808 310.517;
	16.9283 15.6518 11.8495 2.0122 3.8992 221.5781 27.6973 52.5812 103.2111 255.9551 80.4604 463.5362;
	24.2774 16.3391 13.7934 1.2361 2.1253 164.8515 20.6064 54.5623 76.7232 207.5139 109.51 375.8089;
	25.6841 16.5136 13.8153 1.0255 1.819 115.105 14.3881 53.9019 55.2961 222.1142 124.1166 402.2502;
	26.1254 16.6808 14.0436 0.7415 1.5433 125.2045 15.6506 54.7327 55.594 222.4009 128.4504 402.7693;
	25.2989 16.1949 13.6647 0.6072 1.17 315.8792 39.4849 62.2385 45.4873 177.4376 98.3612 321.3406;
	22.1443 15.894 13.3633 0.8324 1.7442 361.8915 45.2364 63.5772 52.3076 170.012 88.5593 307.8927;
	15.8381 11.9546 10.0985 1.3423 2.0078 394.4193 49.3024 64.3168 53.2196 178.6602 70.9221 323.5547;
	8.1795 4.0486 3.2352 1.989 3.2022 390.6477 48.831 60.4159 93.3234 176.082 49.6311 318.8856;
	1.5549 1.0455 0.8173 0.7592 1.1019 92.3246 11.5406 16.5316 45.4699 67.2346 13.6435 121.7623;
	0.0 0.0 0.0 0.0 0.0 0.0 0.0 0.0 0.0 0.0 0.0 0.0;
	0.0 0.0 0.0 0.0 0.0 0.0 0.0 0.0 0.0 0.0 0.0 0.0;
	0.0 0.0 0.0 0.0 0.0 0.0 0.0 0.0 0.0 0.0 0.0 0.0;
	0.0 0.0 0.0 0.0 0.0 0.0 0.0 0.0 0.0 0.0 0.0 0.0;
	0.0 0.0 0.0 0.0 0.0 0.0 0.0 0.0 0.0 0.0 0.0 0.0;
	0.0 0.0 0.0 0.0 0.0 0.0 0.0 0.0 0.0 0.0 0.0 0.0;
	0.0 0.0 0.0 0.0 0.0 0.0 0.0 0.0 0.0 0.0 0.0 0.0;
];
