function windprofile = ex_wind_profilesh1
%EX_WIND_PROFILE_D  Example wind_load_nyiso profile data for deterministic unit commitment.
% 2022.03.12
% Andres F. Ramirez


%% define constants
[GEN_BUS, PG, QG, QMAX, QMIN, VG, MBASE, GEN_STATUS, PMAX, PMIN, ...
    MU_PMAX, MU_PMIN, MU_QMAX, MU_QMIN, PC1, PC2, QC1MIN, QC1MAX, ...
    QC2MIN, QC2MAX, RAMP_AGC, RAMP_10, RAMP_30, RAMP_Q, APF] = idx_gen;
[CT_LABEL, CT_PROB, CT_TABLE, CT_TBUS, CT_TGEN, CT_TBRCH, CT_TAREABUS, ...
    CT_TAREAGEN, CT_TAREABRCH, CT_ROW, CT_COL, CT_CHGTYPE, CT_REP, ...
    CT_REL, CT_ADD, CT_NEWVAL, CT_TLOAD, CT_TAREALOAD, CT_LOAD_ALL_PQ, ...
    CT_LOAD_FIX_PQ, CT_LOAD_DIS_PQ, CT_LOAD_ALL_P, CT_LOAD_FIX_P, ...
    CT_LOAD_DIS_P, CT_TGENCOST, CT_TAREAGENCOST, CT_MODCOST_F, ...
    CT_MODCOST_X] = idx_ct;

windprofile = struct( ...
    'type', 'mpcData', ...
    'table', CT_TGEN, ...
    'rows', [1:45], ...
    'col', PMAX, ...
    'chgtype', 1, ...
    'values', [] );
windprofile.values(:,1,:) = [
	3.582 48.401 86.8121 113.4108 14.7745 31.8471 27.6451 18.4712 27.3433 28.3135 52.3371 78.0767 117.544 69.8334 204.8558 77.1782 95.7582 101.4751 88.1191 73.6973 9.215 74.3099 72.7986 83.8012 100.0685 72.8046 13.5554 1295.1061 816.0286 816.0286 584.2284 107.8825 293.7302 189.6971 218.9373 348.1722 1248.9899 229.5093 440.193 268.0406 117.3043 353.2904 190.9857 273.6428 1262.0002;
	3.7276 50.368 87.3018 113.047 15.2394 31.9056 25.2033 18.4712 26.816 28.4644 52.616 78.4928 118.1704 69.5657 200.6679 75.6005 93.8006 99.4006 87.5279 73.6678 8.4011 74.4464 71.1937 85.3292 99.0177 71.1028 13.5862 1305.7261 824.9607 824.9607 622.4685 106.3286 291.7596 189.621 218.0979 351.9832 1282.0377 221.0219 438.3874 265.226 115.0205 353.9394 187.2427 272.4576 1295.3923;
	3.7992 51.3362 89.241 115.0899 15.2732 33.5463 21.3389 17.9869 27.4589 28.9864 53.5808 79.9321 120.3373 68.4404 205.2251 77.3174 95.9308 101.658 88.1065 73.3774 7.113 78.2748 71.3957 87.6295 100.0568 74.0255 13.2659 1265.1 807.6701 807.6701 653.9313 94.8556 293.6883 188.8737 214.5698 344.6059 1285.923 213.9355 402.1502 268.0094 116.318 372.1408 193.8179 264.5002 1299.3181;
	3.817 51.5759 90.2242 115.0078 15.2992 33.1741 22.7936 17.7484 27.427 29.4541 54.4454 81.2219 122.2791 67.7233 205.9375 77.5858 96.2638 102.0109 89.1357 73.8659 7.5979 77.4062 72.1269 87.1317 99.6477 71.4126 13.2324 1294.3218 802.7357 802.7357 666.3062 99.3321 297.1189 190.1311 212.3217 342.5006 1278.9335 234.215 429.8535 266.9134 117.4883 368.011 155.902 272.1768 1292.2558;
	3.8609 52.1688 90.026 116.4024 15.2449 33.8179 30.294 18.255 27.7612 29.9282 55.3218 82.5292 124.2473 65.9117 205.9046 77.5733 96.2484 101.9946 90.0878 73.9573 10.098 78.9084 72.4679 85.6992 101.8733 74.0373 13.4364 1257.2677 802.0401 802.0401 692.1803 111.725 300.2928 190.3663 206.642 342.2038 1265.6305 248.7922 448.4127 272.8748 113.0984 375.1529 187.036 271.759 1278.8142;
	3.8692 52.2812 92.5498 119.3759 15.1229 34.3321 28.0307 18.3603 26.5121 30.3005 56.0101 83.556 125.7931 64.6494 206.0267 77.6194 96.3055 102.0551 89.3595 73.7911 9.3436 80.1082 73.7316 89.3642 103.8126 72.3827 13.5461 1225.9097 784.5047 784.5047 711.9073 113.5847 297.8649 189.9385 202.6846 334.722 1161.6012 241.5843 433.902 278.0696 115.2938 380.8574 176.8694 270.9324 1173.7013;
	3.8719 52.3179 91.6764 119.657 15.0655 34.4216 30.8714 18.8757 26.7323 29.1607 53.9031 80.4128 121.061 63.2769 206.1929 77.682 96.3832 102.1374 88.7877 73.563 10.2905 80.317 72.4755 88.4957 103.8535 74.8102 13.9237 1187.1729 773.378 773.378 689.213 112.796 295.9589 189.3513 198.3815 329.9746 1202.0434 274.1864 444.2981 278.1791 114.3981 381.85 162.1295 268.7447 1214.5647;
	3.8589 52.1422 87.9857 117.3254 14.7333 33.3647 30.8461 18.4062 26.8287 29.1087 53.807 80.2694 120.8451 66.5368 205.6698 77.4849 96.1387 101.8783 90.3484 72.8231 10.282 77.8509 73.3753 86.5769 100.9466 73.1835 13.3514 1261.4961 787.7996 787.7996 710.1624 114.6458 301.1612 187.4468 208.6019 336.1278 1244.8925 276.9701 458.8202 270.3928 113.9271 370.1252 162.004 265.5632 1257.8602;
	3.8257 51.6931 86.6823 116.2953 14.6997 33.1465 31.3128 18.6256 26.8121 30.3007 56.0104 83.5565 125.7938 67.5427 205.512 77.4254 96.0649 101.8001 92.635 72.8542 10.4376 77.3419 74.6007 85.8311 100.6687 71.2039 13.5033 1277.6288 784.1442 784.1442 721.7451 118.5342 308.7835 187.5269 211.7553 334.5682 1263.3517 292.2804 446.9259 269.6484 116.1109 367.7053 197.4057 260.8502 1276.5116;
	3.8115 51.5014 87.3601 113.8568 14.6003 33.1204 25.4993 18.4568 26.1894 30.1381 55.7099 83.1082 125.119 66.1719 202.9262 76.4513 94.8562 100.5192 92.7975 72.631 8.4998 77.2809 74.392 87.2862 100.6363 69.7984 13.2739 1244.3842 805.1988 805.1988 732.4029 119.572 309.325 186.9524 207.4577 343.5515 1239.0803 305.9215 434.4805 269.5614 116.2459 367.4154 199.2444 261.5736 1251.9874;
	3.8996 52.6922 86.9347 114.6309 14.7588 33.729 28.5037 17.3103 27.1739 30.8403 57.0079 85.0446 128.0341 66.5601 201.1688 75.7892 94.0347 99.6487 91.5013 73.417 9.5012 78.701 74.0273 85.5696 98.6109 69.5289 12.5426 1277.6213 803.4654 803.4654 700.5846 116.7833 305.0043 188.9756 208.6748 342.8119 1275.4366 321.9493 453.8689 264.1365 117.5528 374.167 211.1989 261.8412 1288.7224;
	3.8589 52.1428 87.7718 114.021 14.8133 32.5494 25.061 17.7786 26.6086 29.8289 55.1383 82.2555 123.8352 68.066 204.3718 76.9959 95.5319 101.2353 91.4596 73.5363 8.3537 75.9487 73.8548 86.8877 101.2207 69.859 12.7926 1290.5717 793.688 793.688 734.7071 120.2567 304.8653 189.2826 213.3961 338.6402 1264.4278 329.0192 457.4958 271.1269 116.995 361.0818 206.6238 260.7947 1277.599;
	3.7151 50.1985 85.1002 97.0055 14.669 30.0744 27.1575 17.49 26.1256 29.5578 54.6372 81.508 122.7098 67.6934 200.5459 75.5545 93.7436 99.3402 90.7414 73.4052 9.0525 70.1737 74.0392 80.8227 97.0772 70.0761 12.4598 1268.1887 803.9413 803.9413 756.7592 117.5676 302.4713 188.9452 212.228 343.015 1271.8051 338.4958 457.2944 260.0283 114.9107 333.6257 199.9599 254.4282 1285.0531;
	3.6722 49.6192 82.2901 101.8403 14.3086 31.8935 25.8693 17.3975 26.0769 28.8535 53.3353 79.5658 119.7858 66.2014 200.0986 75.386 93.5344 99.1186 91.9232 73.8618 8.6231 74.4182 73.3279 82.19 93.159 69.9048 12.8332 1276.7152 792.143 792.143 718.258 119.6107 306.4107 190.1205 207.5504 337.981 1248.9814 341.8154 448.5902 249.5332 113.2218 353.8052 196.2696 258.7808 1261.9916;
	3.7224 50.2972 84.3384 101.5816 14.716 31.8982 22.6428 17.7022 26.8789 28.8411 53.3123 79.5315 119.7342 66.0999 193.5939 72.9354 90.4939 95.8965 91.7458 73.8962 7.5476 74.4291 74.3432 83.7934 96.505 70.0517 12.9874 1271.0006 784.6658 784.6658 698.3379 120.5024 305.8194 190.2091 207.2321 334.7907 1239.5401 324.8992 458.916 258.4954 115.39 353.8574 198.1354 259.4914 1252.452;
	3.8949 52.6286 87.3731 111.7383 15.3584 32.9895 24.5271 18.0311 27.4736 28.5201 52.719 78.6464 118.4018 66.829 192.5152 72.529 89.9897 95.3622 91.0667 73.3886 8.1757 76.9755 72.6312 85.5809 99.4984 69.201 12.9567 1249.0772 765.8217 765.8217 697.8324 118.6814 303.5558 188.9026 209.518 326.7506 1172.1562 321.7759 468.4981 266.5135 116.9404 365.9635 203.788 271.2517 1184.3661;
	3.7912 51.2273 87.8687 107.0798 14.9459 30.9043 22.1232 17.6083 27.2109 27.957 51.6781 77.0935 116.0639 65.7914 194.7134 73.3571 91.0172 96.451 90.0324 72.212 7.3744 72.11 72.183 83.832 98.3449 55.5779 12.153 1179.9265 715.903 715.903 655.3781 116.9452 300.1079 185.8739 206.2649 305.452 1131.1644 318.3146 460.9708 263.4238 116.102 342.8315 186.8904 252.5804 1142.9473;
	3.8859 52.5065 90.0105 103.4703 15.2473 29.5502 20.1491 12.2168 28.026 28.5009 52.6835 78.5935 118.322 67.2968 201.5202 75.9216 94.199 99.8228 91.5846 72.9356 6.7164 68.9505 72.7748 83.5057 98.1593 69.865 8.1753 1161.0518 726.6357 726.6357 657.9071 117.0299 305.2822 187.7363 210.9847 310.0312 1205.2089 296.9523 475.3615 262.9267 113.5266 327.8106 176.2127 238.8145 1217.7631;
