function windprofile = ex_wind_profilesh1
%EX_WIND_PROFILE_D  Example wind_load_nyiso profile data for deterministic unit commitment.
% 2022.03.12
% Andres F. Ramirez


%% define constants
[GEN_BUS, PG, QG, QMAX, QMIN, VG, MBASE, GEN_STATUS, PMAX, PMIN, ...
    MU_PMAX, MU_PMIN, MU_QMAX, MU_QMIN, PC1, PC2, QC1MIN, QC1MAX, ...
    QC2MIN, QC2MAX, RAMP_AGC, RAMP_10, RAMP_30, RAMP_Q, APF] = idx_gen;
[CT_LABEL, CT_PROB, CT_TABLE, CT_TBUS, CT_TGEN, CT_TBRCH, CT_TAREABUS, ...
    CT_TAREAGEN, CT_TAREABRCH, CT_ROW, CT_COL, CT_CHGTYPE, CT_REP, ...
    CT_REL, CT_ADD, CT_NEWVAL, CT_TLOAD, CT_TAREALOAD, CT_LOAD_ALL_PQ, ...
    CT_LOAD_FIX_PQ, CT_LOAD_DIS_PQ, CT_LOAD_ALL_P, CT_LOAD_FIX_P, ...
    CT_LOAD_DIS_P, CT_TGENCOST, CT_TAREAGENCOST, CT_MODCOST_F, ...
    CT_MODCOST_X] = idx_ct;

windprofile = struct( ...
    'type', 'mpcData', ...
    'table', CT_TGEN, ...
    'rows', [1:45], ...
    'col', PMAX, ...
    'chgtype', 1, ...
    'values', [] );
windprofile.values(:,1,:) = [
	3.8984 52.6761 91.6232 117.9318 14.9336 32.3803 29.8205 18.6813 28.4796 28.7162 53.0815 79.1871 119.2158 66.3821 190.8681 71.9085 89.2197 94.5463 80.1715 70.1587 9.9402 75.5539 75.6958 88.8668 104.823 73.0251 13.5129 1262.2295 775.4748 775.4748 512.9841 99.0351 267.2382 180.5887 208.1167 330.8693 1217.7723 199.3808 465.1681 280.7758 114.7374 359.2049 200.0768 280.5588 1230.4575;
	3.8414 51.9064 91.6893 114.5738 14.5502 32.0243 28.4547 18.9899 28.3521 28.1044 51.9506 77.5 116.6759 67.3371 182.1656 68.6298 85.1518 90.2355 81.6614 69.7669 9.4849 74.7234 72.2842 89.7216 104.1758 71.6313 13.7288 1311.3502 809.3435 809.3435 578.8518 101.5557 272.2048 179.5801 211.111 345.3199 1251.8228 214.1143 471.1588 279.0424 113.8934 355.2565 183.3749 269.9318 1264.8626;
	3.7717 50.964 91.3509 115.107 14.6785 32.863 24.0869 18.4254 28.4135 28.9601 53.5322 79.8596 120.2281 63.4146 198.4341 74.7589 92.7564 98.2941 87.0007 69.3923 8.029 76.6804 72.9865 89.4509 103.4981 74.6034 13.2396 1294.7117 795.0731 795.0731 648.1598 98.0416 290.0024 178.6159 198.8132 339.2312 1280.5353 229.9612 447.0372 277.2272 114.8457 364.5605 180.7272 266.1035 1293.8742;
	3.5797 48.3702 88.0282 113.4731 14.3988 31.2353 25.503 17.7627 28.1295 28.582 52.8333 78.8169 118.6584 64.2418 198.5161 74.7898 92.7947 98.3347 87.6817 68.8162 8.501 72.8825 72.5462 87.9459 99.9087 71.5031 13.1288 1311.0821 800.2311 800.2311 649.7548 110.6088 292.2722 177.133 201.4068 341.4319 1281.5174 257.3413 458.7945 267.6127 112.2451 346.5041 145.3616 263.4665 1294.8666;
	3.6741 49.6456 89.2615 111.5753 14.4253 32.0421 31.5535 17.3486 28.2766 29.9275 55.3205 82.5273 124.2444 64.4291 201.195 75.799 94.0469 99.6617 86.9374 70.9946 10.5178 74.765 75.0745 84.69 99.0471 72.2767 12.9431 1289.4698 790.9147 790.9147 681.7972 111.1097 289.7915 182.7402 201.9939 337.4569 1307.9123 248.6333 469.1757 265.3047 111.3209 355.454 183.7769 260.5448 1321.5364;
	3.5834 48.4202 87.6531 112.4699 14.314 32.0515 30.8573 17.0272 28.2989 29.9104 55.289 82.4803 124.1736 65.5141 205.5092 77.4244 96.0636 101.7987 92.0095 70.7095 10.2858 74.7868 74.9752 84.5355 96.8785 70.5061 12.9442 1286.4989 764.0112 764.0112 679.6401 113.9537 306.6985 182.0065 205.3955 325.9781 1261.2057 239.7414 468.4588 259.4961 112.0264 355.5576 174.783 266.9092 1274.3433;
	3.6705 49.5966 89.9974 110.6724 14.5162 31.9468 32.2312 17.4223 28.0503 30.2774 55.9674 83.4923 125.6972 65.9731 202.7981 76.403 94.7963 100.4558 89.8242 71.3816 10.7437 74.5425 74.0611 83.9637 96.0824 71.2187 12.925 1271.7319 759.4384 759.4384 704.5795 111.6078 299.414 183.7364 206.8346 324.0271 1282.5958 288.8508 471.9417 257.3637 112.0132 354.3964 165.1696 262.0805 1295.9562;
	3.69 49.8598 89.8942 115.3673 14.425 33.1688 32.0291 17.4612 28.2978 30.6097 56.5815 84.4085 127.0766 67.8906 198.1115 74.6374 92.6056 98.1343 88.2394 68.1679 10.6764 77.3938 74.2094 86.1817 96.504 71.0282 12.582 1293.0245 784.0443 784.0443 710.4896 115.1454 294.1312 175.4643 212.8463 334.5256 1303.4396 307.1316 473.6545 258.4928 113.5793 367.952 184.3159 269.2933 1317.017;
	3.6832 49.7675 88.5154 113.6767 14.514 33.4959 32.4822 16.4332 28.3389 30.2905 55.9915 83.5283 125.7513 67.8794 197.775 74.5106 92.4483 97.9676 90.6405 70.1126 10.8274 78.157 72.6679 84.4912 96.5846 70.1093 11.9684 1325.1863 797.312 797.312 743.1429 120.2595 302.1349 180.4701 212.8111 340.1865 1332.4756 328.9425 477.5324 258.7088 115.4187 371.5808 205.8587 265.9255 1346.3556;
	3.8019 51.3718 92.0455 115.8035 15.0566 33.466 29.1164 15.8249 28.3558 30.5527 56.4763 84.2515 126.8401 66.6659 196.9665 74.206 92.0704 97.5672 89.037 69.7548 9.7055 78.0872 74.0699 87.131 97.5858 70.3643 11.9726 1291.0839 813.1334 813.1334 701.299 121.7466 296.7901 179.549 209.0065 346.9369 1291.029 338.8584 477.5813 261.3906 116.1676 371.249 213.584 276.3875 1304.4773;
	3.7674 50.9065 88.4648 112.453 14.7971 32.6504 30.6938 13.0442 28.4116 30.3352 56.0742 83.6517 125.9372 66.7049 195.736 73.7424 91.4952 96.9576 90.511 71.1299 10.2313 76.1844 72.3528 83.9456 82.1628 67.2049 11.7191 1310.2905 810.0918 810.0918 688.6224 119.9276 301.7033 183.0886 209.129 345.6392 1296.9843 333.399 479.1639 220.0789 117.1677 362.2023 211.6115 268.5655 1310.4946;
	3.7711 50.9559 87.1082 111.4924 15.0142 32.7643 29.2395 13.3042 28.2681 28.5017 52.685 78.5957 118.3254 67.5536 196.2147 73.9227 91.719 97.1947 89.487 69.4957 9.7465 76.4499 70.7584 84.8406 81.5148 62.5425 11.0736 1273.6517 819.0769 819.0769 688.9527 117.2046 298.2899 178.882 211.7895 349.4728 1261.7405 326.6429 475.2183 218.3431 119.1876 363.4649 210.558 262.4825 1274.8837;
	3.6586 49.4362 86.5556 109.6579 14.947 32.1652 29.0991 13.6317 27.3583 29.6843 54.8711 81.8568 123.235 67.8087 195.3029 73.5792 91.2927 96.7431 91.7684 68.7755 9.6997 75.0522 70.4384 81.2434 79.6686 68.4847 9.6021 1279.2283 816.0298 816.0298 687.9484 113.8703 305.8948 177.0284 212.5895 348.1727 1260.7386 329.005 466.3849 213.3979 117.3692 356.8198 208.2196 260.2718 1273.8713;
	3.8825 52.4615 90.5048 114.9217 15.0246 32.9849 28.2478 16.856 26.896 28.7681 53.1774 79.3302 119.4312 68.1076 192.1796 72.4026 89.8328 95.196 91.9366 71.9063 9.4159 76.9648 69.9796 85.4704 97.4234 70.128 12.4587 1303.7837 785.4225 785.4225 653.2098 116.1257 306.4555 185.0871 213.5266 335.1136 1250.1861 316.7452 461.1138 260.9556 116.2989 365.9126 208.3328 274.3841 1263.2089;
	3.8496 52.0168 92.6291 114.7047 14.8948 33.0874 24.686 17.3439 27.1854 28.7015 53.0543 79.1465 119.1546 69.5152 190.2335 71.6694 88.9231 94.2319 89.6273 70.575 8.2287 77.204 73.0715 87.3446 99.3524 70.7269 12.4496 1327.9371 788.4482 788.4482 700.166 116.8558 298.7576 181.6602 217.9396 336.4046 1289.5364 316.2997 461.4133 266.1224 114.5625 367.0499 208.9937 269.2518 1302.9691;
	3.837 51.8466 93.0631 110.4507 15.1459 32.6863 24.8039 17.1391 26.9376 29.9695 55.3982 82.6432 124.4188 69.5307 182.1067 68.6077 85.1243 90.2064 87.8451 69.6279 8.268 76.268 71.9201 86.7532 97.3141 68.8755 11.7939 1280.6943 764.5253 764.5253 709.521 117.5643 292.8169 179.2225 217.9882 326.1974 1195.0209 296.2752 459.2222 260.6629 113.5617 362.5998 200.3451 273.0419 1207.469;
	3.8713 52.3092 93.6279 107.44 15.3404 31.2915 22.7319 13.689 26.6569 28.3462 52.3975 78.1668 117.6797 67.4118 190.0835 71.6129 88.853 94.1576 85.1782 67.7548 7.5773 73.0134 69.9612 84.8331 97.492 54.5467 10.0418 1251.9224 748.3224 748.3224 676.7575 112.643 283.9274 174.401 211.3451 319.2842 1198.9468 299.4178 449.6251 261.1393 112.4082 347.1266 196.3235 257.9719 1211.4359;
	3.8877 52.5319 93.1228 106.9136 15.3835 31.9667 19.5392 12.0673 27.8311 30.3171 56.0407 83.6017 125.8618 68.5629 195.5568 73.6749 91.4114 96.8688 86.5226 69.439 6.5131 74.5889 73.1433 88.2846 100.5774 69.2091 8.2251 1278.148 749.8766 749.8766 672.4144 114.1735 288.4087 178.7361 214.9539 319.9474 1253.963 292.4759 458.6825 269.4036 115.1876 354.6167 186.0485 248.1402 1267.0251;
