function solarprofile = ex_solar_profilesh1
%EX_WIND_PROFILE_D  Example wind_load_nyiso profile data for deterministic unit commitment.
% 2022.03.12
% Andres F. Ramirez


%% define constants
[GEN_BUS, PG, QG, QMAX, QMIN, VG, MBASE, GEN_STATUS, PMAX, PMIN, ...
    MU_PMAX, MU_PMIN, MU_QMAX, MU_QMIN, PC1, PC2, QC1MIN, QC1MAX, ...
    QC2MIN, QC2MAX, RAMP_AGC, RAMP_10, RAMP_30, RAMP_Q, APF] = idx_gen;
[CT_LABEL, CT_PROB, CT_TABLE, CT_TBUS, CT_TGEN, CT_TBRCH, CT_TAREABUS, ...
    CT_TAREAGEN, CT_TAREABRCH, CT_ROW, CT_COL, CT_CHGTYPE, CT_REP, ...
    CT_REL, CT_ADD, CT_NEWVAL, CT_TLOAD, CT_TAREALOAD, CT_LOAD_ALL_PQ, ...
    CT_LOAD_FIX_PQ, CT_LOAD_DIS_PQ, CT_LOAD_ALL_P, CT_LOAD_FIX_P, ...
    CT_LOAD_DIS_P, CT_TGENCOST, CT_TAREAGENCOST, CT_MODCOST_F, ...
    CT_MODCOST_X] = idx_ct;

solarprofile = struct( ...
    'type', 'mpcData', ...
    'table', CT_TGEN, ...
    'rows', [1:12], ...
    'col', PMAX, ...
    'chgtype', 1, ...
    'values', [] );
solarprofile.values(:,1,:) = [
	0.0 0.0 0.0 0.0 0.0 0.0 0.0 0.0 0.0 0.0 0.0 0.0;
	0.0 0.0 0.0 0.0 0.0 0.0 0.0 0.0 0.0 0.0 0.0 0.0;
	0.0 0.0 0.0 0.0 0.0 0.0 0.0 0.0 0.0 0.0 0.0 0.0;
	0.0 0.0 0.0 0.0 0.0 0.0 0.0 0.0 0.0 0.0 0.0 0.0;
	0.0 0.0 0.0 0.0 0.0 0.0 0.0 0.0 0.0 0.0 0.0 0.0;
	1.0295 0.8581 0.7066 0.0 0.0 15.0963 1.887 4.7269 2.5197 0.0 0.0 0.0;
	5.8015 6.9628 3.2914 1.6389 3.5516 309.8845 38.7356 29.0803 169.1516 195.3599 101.0401 353.7979;
	1.0974 7.303 1.9798 4.4168 7.2537 344.0188 43.0024 45.6193 222.2089 179.6447 188.7686 325.3377;
	1.8335 10.8887 7.7251 8.8273 9.9525 368.9212 46.1152 49.922 233.6451 225.9126 200.7099 409.1291;
	17.427 14.9255 13.473 10.7144 11.1529 322.3442 40.293 44.645 177.9675 196.3291 197.74 355.5533;
	20.0613 15.7352 13.5902 7.5247 10.3302 290.8137 36.3517 40.2963 115.6794 255.4903 213.2883 462.6944;
	17.1904 13.7088 11.907 4.9033 9.0412 268.6781 33.5848 42.2852 52.2096 317.2806 233.8934 574.5971;
	3.4451 4.0703 4.3647 4.7282 7.2285 266.1084 33.2635 61.209 66.0864 325.8973 254.652 590.2019;
	6.6832 4.3371 5.0348 4.9608 6.9263 298.386 37.2982 63.2122 103.5099 305.4656 237.8196 553.2001;
	11.8123 8.719 7.9016 6.4442 6.5743 315.7098 39.4637 64.223 114.2558 192.9424 167.6029 349.4198;
	14.2627 13.8955 9.8764 4.8106 5.4498 362.3873 45.2984 55.484 134.5277 52.3504 37.4018 94.8068;
	1.6768 1.8299 1.2845 0.8545 1.3458 92.8171 11.6021 17.1207 38.3787 15.3622 8.3887 27.821;
	0.0 0.0 0.0 0.0 0.0 0.0 0.0 0.0 0.0 0.0 0.0 0.0;
	0.0 0.0 0.0 0.0 0.0 0.0 0.0 0.0 0.0 0.0 0.0 0.0;
	0.0 0.0 0.0 0.0 0.0 0.0 0.0 0.0 0.0 0.0 0.0 0.0;
	0.0 0.0 0.0 0.0 0.0 0.0 0.0 0.0 0.0 0.0 0.0 0.0;
	0.0 0.0 0.0 0.0 0.0 0.0 0.0 0.0 0.0 0.0 0.0 0.0;
	0.0 0.0 0.0 0.0 0.0 0.0 0.0 0.0 0.0 0.0 0.0 0.0;
	0.0 0.0 0.0 0.0 0.0 0.0 0.0 0.0 0.0 0.0 0.0 0.0;
];
