function loadprofile = ex_load_profilesh1
%EX_LOAD_PROFILE  Example load profile data file for stochastic unit commitment.
% 2022.03.12
% Andres F. Ramirez

%% define constants
[CT_LABEL, CT_PROB, CT_TABLE, CT_TBUS, CT_TGEN, CT_TBRCH, CT_TAREABUS, ...
    CT_TAREAGEN, CT_TAREABRCH, CT_ROW, CT_COL, CT_CHGTYPE, CT_REP, ...
    CT_REL, CT_ADD, CT_NEWVAL, CT_TLOAD, CT_TAREALOAD, CT_LOAD_ALL_PQ, ...
    CT_LOAD_FIX_PQ, CT_LOAD_DIS_PQ, CT_LOAD_ALL_P, CT_LOAD_FIX_P, ...
    CT_LOAD_DIS_P, CT_TGENCOST, CT_TAREAGENCOST, CT_MODCOST_F, ...
    CT_MODCOST_X] = idx_ct;

loadprofile = struct( ...
    'type', 'mpcData', ...
    'table', CT_TAREALOAD, ...
    'rows', [1:11], ...
    'col', CT_LOAD_ALL_P, ...
    'chgtype', 1, ...
    'values', [] );
loadprofile.values(:,1,:) = [
	1449.2846 892.7647 1499.6303 532.049 770.1257 1090.1 812.4615 265.1411 486.4 4440.0965 1692.3;
	1430.2 880.8512 1454.5 531.1 746.0071 1061.6611 803.3114 262.8872 482.2092 4337.8085 1653.9778;
	1418.7275 888.8828 1488.5411 522.3039 773.3533 1076.6197 808.35 254.5455 483.4497 4322.2063 1646.974;
	1447.7742 910.1 1541.3396 531.1548 797.262 1116.3365 814.7608 261.4816 498.7855 4345.4064 1666.2868;
	1504.5839 960.0822 1621.2328 541.3985 829.2655 1142.9265 866.1482 288.5443 525.7641 4551.8654 1818.8303;
	1558.831 993.2573 1667.6851 564.6796 893.9 1230.9442 918.4 309.2554 529.2083 4775.5087 1865.6839;
	1600.6355 1020.4928 1680.824 575.8018 885.2109 1253.6941 933.1177 307.8 540.6 4919.9402 1924.9005;
	1678.4313 1002.7266 1668.9511 590.703 889.2 1285.7962 947.4077 310.78 552.2297 5001.8124 1989.9371;
	1637.3745 986.8251 1683.9671 576.8679 886.044 1240.9546 927.7575 318.4 574.7 5270.9596 2005.1534;
	1661.5764 931.6605 1674.4208 570.063 900.507 1233.3384 950.5281 305.4939 567.5117 5149.4 1926.0127;
	1642.0607 953.6332 1627.8298 571.3108 850.5127 1148.2796 954.8723 300.7212 589.8629 5224.1567 1963.4671;
	1615.9825 890.5668 1582.1262 556.9 846.9912 1143.2058 947.5621 288.1 573.754 5075.5664 1895.0188;
	1589.1324 875.8771 1540.5541 560.0926 861.7857 1137.527 983.6937 305.9588 575.8364 5090.1154 1922.075;
	1610.9319 876.7812 1562.0329 552.9 866.4179 1154.7014 952.4202 302.8849 567.8147 5079.7538 1919.5448;
	1598.4545 966.2134 1648.3889 547.34 907.5366 1198.5416 968.3 309.3 548.8042 5074.9503 1928.389;
	1543.0939 972.5292 1701.4381 562.6 933.7396 1264.6843 968.4762 291.4 453.2773 5042.0157 2004.1398;
	1589.9751 1021.1176 1699.2459 560.7107 965.3019 1292.5154 971.2526 298.7 433.5994 4960.7386 2080.3678;
	1665.0793 1086.5129 1753.3125 571.1283 1001.2672 1344.9131 1045.5066 333.3331 569.7128 5373.6504 2270.7136;
	1756.7398 1114.5935 1830.0137 598.4312 996.1579 1321.4053 1046.2001 326.9 528.7585 5279.8914 2204.2687;
	1773.1 1068.473 1794.8194 586.9 955.2437 1283.6682 1038.8611 322.2232 575.7325 5177.952 2175.01;
	1692.5541 1006.1077 1709.3943 550.1 882.3694 1219.6512 1010.8242 311.04 569.922 5015.7139 2107.6739;
	1618.7685 947.6124 1640.8614 543.056 831.2663 1155.1144 963.9776 298.094 554.5 4961.4899 2033.934;
	1577.7782 926.6648 1605.5012 559.1855 805.6993 1140.6282 879.583 261.2631 494.0791 4697.5609 1850.3624;
	1553.3 936.9 1622.4831 568.1367 779.7824 1134.7185 858.3784 246.588 461.6864 4467.1113 1738.7442;
];
