function loadprofile = ex_load_profilesh1
%EX_LOAD_PROFILE  Example load profile data file for stochastic unit commitment.
% 2022.03.12
% Andres F. Ramirez

%% define constants
[CT_LABEL, CT_PROB, CT_TABLE, CT_TBUS, CT_TGEN, CT_TBRCH, CT_TAREABUS, ...
    CT_TAREAGEN, CT_TAREABRCH, CT_ROW, CT_COL, CT_CHGTYPE, CT_REP, ...
    CT_REL, CT_ADD, CT_NEWVAL, CT_TLOAD, CT_TAREALOAD, CT_LOAD_ALL_PQ, ...
    CT_LOAD_FIX_PQ, CT_LOAD_DIS_PQ, CT_LOAD_ALL_P, CT_LOAD_FIX_P, ...
    CT_LOAD_DIS_P, CT_TGENCOST, CT_TAREAGENCOST, CT_MODCOST_F, ...
    CT_MODCOST_X] = idx_ct;

loadprofile = struct( ...
    'type', 'mpcData', ...
    'table', CT_TAREALOAD, ...
    'rows', [1:11], ...
    'col', CT_LOAD_ALL_P, ...
    'chgtype', 1, ...
    'values', [] );
loadprofile.values(:,1,:) = [
	1536.4003 897.6771 1528.9 555.7 694.7 1107.6417 788.6096 230.8488 485.3366 4330.6689 1640.8745;
	1507.3642 878.9363 1482.095 534.8 670.8576 1120.4189 779.0933 216.0802 470.2 4207.283 1606.37;
	1528.3 902.4932 1530.1329 536.9062 693.6758 1135.8646 802.8592 208.5107 482.3773 4260.0071 1640.4685;
	1568.1148 927.5924 1566.4363 540.1967 715.0486 1179.7311 803.9042 227.7701 500.2072 4252.9969 1669.5398;
	1645.8603 982.8 1673.4807 562.6474 794.5765 1226.7078 831.0821 242.4 525.0 4464.0512 1768.9285;
	1712.6842 1054.082 1800.0504 600.4431 886.3985 1305.9789 935.4 264.0108 581.5002 4703.9065 1940.6;
	1733.7091 1089.7513 1884.5167 605.3 969.369 1377.2307 1001.9598 261.3903 618.7518 4943.8098 2037.6435;
	1802.8735 1108.3576 1891.2225 603.6402 972.4834 1414.5548 1052.025 265.0009 630.6359 5090.3716 2108.9916;
	1834.1505 1137.2 1912.1595 594.9843 991.9836 1446.1973 1089.3007 277.2584 651.278 5274.9639 2232.743;
	1797.18 1110.9448 1884.0293 582.0608 984.8323 1441.2315 1026.7378 271.3 658.1344 5273.2289 2131.8375;
	1771.5813 1107.9772 1850.8847 582.7 965.0325 1380.4398 1063.138 285.8519 663.2092 5448.0049 2211.6265;
	1725.8224 1098.2599 1760.2 576.0214 925.7745 1392.4742 1025.6254 283.3677 643.3 5310.6487 2225.0298;
	1707.7825 1054.4927 1680.7246 575.0302 878.6651 1331.8166 948.8 266.0413 604.131 5163.2814 2079.5;
	1745.5705 1057.5219 1683.6424 561.9903 881.7146 1328.6395 946.5 282.5777 606.8712 5218.9051 2055.599;
	1767.2465 1075.8052 1757.9726 550.8263 928.1581 1377.4404 1031.8863 278.8722 618.5213 5258.4822 2100.8853;
	1730.6901 1064.4214 1707.1757 562.7 921.1 1402.117 1061.1243 290.9 651.0533 5297.7155 2188.2252;
	1757.1755 1089.371 1749.7042 573.8333 942.6071 1390.6379 1062.3374 305.346 634.782 5241.5047 2156.9596;
	1822.3037 1137.8 1833.2399 582.2512 966.2293 1447.0913 1102.3076 316.698 662.7 5347.655 2300.3688;
	1922.0945 1169.7154 1873.1711 583.8116 945.4434 1418.3751 1119.5 319.1 671.8255 5426.2191 2298.9815;
	1843.2878 1112.7214 1807.6374 568.1619 902.0138 1360.404 1071.335 310.6189 646.9 5232.2212 2237.9421;
	1784.7511 1071.5162 1722.6158 558.7491 875.503 1341.9 1017.8239 307.2454 617.6936 5160.622 2135.3712;
	1689.3124 1003.5846 1641.9264 546.4775 829.2052 1248.097 975.9 300.8 630.3586 5039.5413 2083.685;
	1609.3653 979.4806 1602.5622 545.5345 802.4248 1224.8633 935.3072 282.4781 601.4408 4827.4053 1917.7354;
	1626.3522 959.9572 1600.098 565.5199 800.3206 1210.2741 901.0433 275.5 577.8512 4641.455 1802.6682;
];
