function solarprofile = ex_solar_profilesh1
%EX_WIND_PROFILE_D  Example wind_load_nyiso profile data for deterministic unit commitment.
% 2022.03.12
% Andres F. Ramirez


%% define constants
[GEN_BUS, PG, QG, QMAX, QMIN, VG, MBASE, GEN_STATUS, PMAX, PMIN, ...
    MU_PMAX, MU_PMIN, MU_QMAX, MU_QMIN, PC1, PC2, QC1MIN, QC1MAX, ...
    QC2MIN, QC2MAX, RAMP_AGC, RAMP_10, RAMP_30, RAMP_Q, APF] = idx_gen;
[CT_LABEL, CT_PROB, CT_TABLE, CT_TBUS, CT_TGEN, CT_TBRCH, CT_TAREABUS, ...
    CT_TAREAGEN, CT_TAREABRCH, CT_ROW, CT_COL, CT_CHGTYPE, CT_REP, ...
    CT_REL, CT_ADD, CT_NEWVAL, CT_TLOAD, CT_TAREALOAD, CT_LOAD_ALL_PQ, ...
    CT_LOAD_FIX_PQ, CT_LOAD_DIS_PQ, CT_LOAD_ALL_P, CT_LOAD_FIX_P, ...
    CT_LOAD_DIS_P, CT_TGENCOST, CT_TAREAGENCOST, CT_MODCOST_F, ...
    CT_MODCOST_X] = idx_ct;

solarprofile = struct( ...
    'type', 'mpcData', ...
    'table', CT_TGEN, ...
    'rows', [1:12], ...
    'col', PMAX, ...
    'chgtype', 1, ...
    'values', [] );
solarprofile.values(:,1,:) = [
	0.0 0.0 0.0 0.0 0.0 0.0 0.0 0.0 0.0 0.0 0.0 0.0;
	0.0 0.0 0.0 0.0 0.0 0.0 0.0 0.0 0.0 0.0 0.0 0.0;
	0.0 0.0 0.0 0.0 0.0 0.0 0.0 0.0 0.0 0.0 0.0 0.0;
	0.0 0.0 0.0 0.0 0.0 0.0 0.0 0.0 0.0 0.0 0.0 0.0;
	0.0 0.0 0.0 0.0 0.0 0.0 0.0 0.0 0.0 0.0 0.0 0.0;
	1.0111 0.8215 0.7045 0.0 0.0 12.1379 1.5172 4.1882 0.4191 0.0 0.0 0.0;
	7.5134 6.9907 6.5292 0.2773 0.8119 285.0521 35.6315 32.5809 38.3004 64.1219 21.1977 116.1251;
	18.9599 14.4237 12.8667 1.6477 2.5688 351.752 43.969 52.9584 90.2694 194.1391 89.8998 351.587;
	23.837 16.6083 13.8091 5.9212 5.4844 395.0082 49.376 64.0886 180.4211 288.6214 142.0724 522.6951;
	25.2049 16.3661 13.8 5.3927 8.34 427.2163 53.402 71.8108 263.4105 233.9471 168.6916 423.6795;
	24.6451 16.504 13.8005 7.1166 8.4488 423.3594 52.9199 70.3571 272.5059 255.4207 193.1141 462.5685;
	23.407 16.0464 13.8 8.9716 7.9844 417.2676 52.1585 67.9427 264.433 287.5936 206.9509 520.8338;
	21.4701 13.9895 13.4455 7.9841 6.5827 423.3928 52.9241 70.9254 189.4491 315.438 235.645 571.2601;
	19.0857 12.0389 13.0916 4.9359 6.5001 438.7095 54.8387 71.6565 174.0221 317.5353 203.4446 575.0583;
	14.3269 10.4417 10.0668 2.4656 6.1294 442.4931 55.3116 69.383 162.4624 222.4519 162.6502 402.8617;
	7.9626 6.621 5.5607 0.7434 3.8536 381.9971 47.7496 37.8458 147.9858 48.4923 45.5809 87.8199;
	1.5348 1.059 0.8559 0.885 1.0675 88.1909 11.0239 11.2314 34.3706 14.1541 16.1053 25.6332;
	0.0 0.0 0.0 0.0 0.0 0.0 0.0 0.0 0.0 0.0 0.0 0.0;
	0.0 0.0 0.0 0.0 0.0 0.0 0.0 0.0 0.0 0.0 0.0 0.0;
	0.0 0.0 0.0 0.0 0.0 0.0 0.0 0.0 0.0 0.0 0.0 0.0;
	0.0 0.0 0.0 0.0 0.0 0.0 0.0 0.0 0.0 0.0 0.0 0.0;
	0.0 0.0 0.0 0.0 0.0 0.0 0.0 0.0 0.0 0.0 0.0 0.0;
	0.0 0.0 0.0 0.0 0.0 0.0 0.0 0.0 0.0 0.0 0.0 0.0;
	0.0 0.0 0.0 0.0 0.0 0.0 0.0 0.0 0.0 0.0 0.0 0.0;
];
