function windprofile = ex_wind_profilesh1
%EX_WIND_PROFILE_D  Example wind_load_nyiso profile data for deterministic unit commitment.
% 2022.03.12
% Andres F. Ramirez


%% define constants
[GEN_BUS, PG, QG, QMAX, QMIN, VG, MBASE, GEN_STATUS, PMAX, PMIN, ...
    MU_PMAX, MU_PMIN, MU_QMAX, MU_QMIN, PC1, PC2, QC1MIN, QC1MAX, ...
    QC2MIN, QC2MAX, RAMP_AGC, RAMP_10, RAMP_30, RAMP_Q, APF] = idx_gen;
[CT_LABEL, CT_PROB, CT_TABLE, CT_TBUS, CT_TGEN, CT_TBRCH, CT_TAREABUS, ...
    CT_TAREAGEN, CT_TAREABRCH, CT_ROW, CT_COL, CT_CHGTYPE, CT_REP, ...
    CT_REL, CT_ADD, CT_NEWVAL, CT_TLOAD, CT_TAREALOAD, CT_LOAD_ALL_PQ, ...
    CT_LOAD_FIX_PQ, CT_LOAD_DIS_PQ, CT_LOAD_ALL_P, CT_LOAD_FIX_P, ...
    CT_LOAD_DIS_P, CT_TGENCOST, CT_TAREAGENCOST, CT_MODCOST_F, ...
    CT_MODCOST_X] = idx_ct;

windprofile = struct( ...
    'type', 'mpcData', ...
    'table', CT_TGEN, ...
    'rows', [1:45], ...
    'col', PMAX, ...
    'chgtype', 1, ...
    'values', [] );
windprofile.values(:,1,:) = [
	3.7584 50.7837 93.8095 120.5814 15.1981 32.3301 29.1837 18.8774 27.5499 27.084 50.0644 74.6862 112.4396 66.6711 199.7144 75.2412 93.3549 98.9283 85.4777 69.6805 9.7279 75.437 72.5295 89.3097 106.3907 73.6238 13.6922 1266.2744 704.5361 704.5361 560.3721 111.4123 284.9255 179.3578 209.0229 300.6021 1192.7887 205.688 434.9115 284.9752 119.7507 358.6491 203.6546 285.9705 1205.2136;
	3.6588 49.438 91.0933 117.6727 14.9394 31.7715 25.2047 18.5694 27.0255 28.6332 52.9281 78.9583 118.8713 67.3302 200.3216 75.47 93.6387 99.2291 87.5014 69.9603 8.4016 74.1335 72.5232 89.3812 105.6303 72.2316 13.6594 1287.3576 722.7113 722.7113 620.1624 110.069 291.6712 180.078 211.0891 308.3568 1172.4161 212.1328 443.8909 282.9383 116.7941 352.4519 185.3701 279.0934 1184.6288;
	3.6299 49.0481 92.8991 116.9548 14.7798 31.9325 20.4236 18.7983 27.0556 29.5431 54.6099 81.4672 122.6485 65.6381 199.9009 75.3115 93.4421 99.0207 90.1829 70.0475 6.8079 74.5092 73.2483 89.8754 106.0202 75.9173 13.8984 1304.404 722.1563 722.1563 643.9398 104.3303 300.6097 180.3026 205.7843 308.12 1237.9326 224.9744 402.2363 283.9827 119.2219 354.238 184.8968 276.7256 1250.8277;
	3.6636 49.5038 91.4192 118.3883 14.4881 32.2609 22.2922 18.9571 26.7206 30.2824 55.9766 83.5061 125.718 66.4077 198.8331 74.9092 92.9429 98.4917 91.7139 69.6976 7.4307 75.2753 72.4412 89.6939 106.3998 73.888 14.0527 1316.5149 728.2199 728.2199 639.3819 104.6614 305.713 179.4018 208.197 310.7072 1265.4206 231.3011 421.1147 284.9995 121.1991 357.8805 157.5904 276.7147 1278.6021;
	3.6925 49.894 89.918 117.512 14.8256 32.3101 29.0946 18.8132 26.8929 30.8165 56.9638 84.9788 127.9352 65.0646 194.6748 73.3426 90.9992 96.4319 88.2311 70.671 9.6982 75.3902 73.7785 89.3342 103.8647 72.1106 13.9613 1268.002 706.787 706.787 665.6055 109.8708 294.1038 181.9072 203.9863 301.5625 1213.7929 231.2239 438.5526 278.209 118.9726 358.4266 186.2894 267.3371 1226.4366;
	3.6997 49.9909 92.1413 119.7273 14.98 33.5444 27.8866 18.9964 27.0736 29.8009 55.0865 82.1782 123.7189 65.8854 198.2528 74.6906 92.6716 98.2043 89.7607 69.9703 9.2955 78.2702 72.366 89.9318 104.3869 71.2834 13.9125 1301.8588 739.9939 739.9939 694.8775 114.9259 299.2025 180.1036 206.5598 315.7307 1217.8715 245.1385 437.359 279.6077 118.3597 372.1187 183.4446 275.8921 1230.5577;
	3.7955 51.2853 94.5076 120.5725 15.1776 33.2339 30.4648 19.0679 27.7805 30.4467 56.2802 83.959 126.3999 66.2496 194.9486 73.4458 91.1272 96.5676 88.9827 70.9931 10.1549 77.5457 73.5091 90.108 104.8652 75.1521 13.9357 1274.1584 741.5313 741.5313 725.4946 110.31 296.609 182.7364 207.7015 316.3867 1240.3455 277.5507 450.1181 280.8889 119.3551 368.6744 172.6583 269.9434 1253.2658;
	3.6722 49.62 90.8177 119.5813 15.0627 33.6273 28.3643 18.38 26.1528 30.0136 55.4796 82.7646 124.6017 68.4238 196.009 73.8453 91.6228 97.0928 89.0625 69.2545 9.4548 78.4637 72.534 89.0538 100.9397 72.3245 13.4658 1250.826 735.7883 735.7883 702.7896 117.2087 296.8749 178.2612 214.5177 313.9364 1239.8078 286.3868 439.4683 270.3741 117.7843 373.0387 174.8858 269.9591 1252.7225;
	3.7571 50.7665 91.3801 119.0864 15.338 33.8827 30.3182 17.9156 27.5503 30.9311 57.1758 85.295 128.4111 69.1181 195.5347 73.6666 91.4011 96.8579 90.344 70.4074 10.1061 79.0596 75.6257 88.8548 102.5803 69.3055 13.3846 1292.3729 787.688 787.688 756.7173 121.5443 301.1465 181.2289 216.6945 336.0802 1312.6054 302.3318 460.1479 274.7687 122.4229 375.8719 207.5397 272.3208 1326.2783;
	3.5792 48.3628 92.4729 119.132 15.2684 32.895 23.7978 18.1132 26.8247 29.2499 54.068 80.6589 121.4315 66.492 194.5758 73.3053 90.9529 96.3829 86.6792 71.036 7.9326 76.755 74.2549 89.4554 104.806 73.8584 13.2229 1259.4849 792.347 792.347 724.8149 118.1943 288.9307 182.8469 208.4615 338.068 1277.4099 311.212 449.745 280.7303 121.806 364.9151 204.8521 275.1966 1290.7163;
	3.581 48.3876 89.5918 116.7551 15.2252 32.7447 25.7976 17.6002 26.4748 30.211 55.8446 83.3092 125.4216 64.0638 196.8466 74.1608 92.0143 97.5077 86.4312 71.8722 8.5992 76.4042 73.3035 88.2256 100.8612 71.0734 13.039 1247.8382 777.9505 777.9505 706.628 117.2756 288.1041 184.9994 200.8488 331.9255 1269.4614 299.1491 442.2718 270.164 119.6677 363.2475 210.3487 267.7625 1282.6849;
	3.6556 49.3949 88.2024 114.9942 15.2412 33.5865 26.0001 16.802 26.7771 28.2917 52.2968 78.0165 117.4535 64.2042 201.3652 75.8632 94.1265 99.746 86.1856 71.1258 8.6667 78.3684 72.3839 87.8416 101.1292 64.3117 12.7258 1259.2915 764.0169 764.0169 710.4232 117.7036 287.2852 183.078 201.2889 325.9806 1262.5663 319.211 453.2947 270.8818 120.5034 372.5859 213.8537 262.8728 1275.7181;
	3.5897 48.5051 88.113 113.2741 15.3961 33.4156 24.7139 15.3403 25.7665 27.8314 51.446 76.7473 115.5426 63.9499 199.4512 75.1421 93.2318 98.7979 86.7248 70.6986 8.238 77.9697 70.616 82.9066 99.951 69.8389 12.2698 1264.356 797.6222 797.6222 719.6298 119.6466 289.0828 181.9785 200.4917 340.3188 1261.2145 333.5773 435.601 267.7259 119.2789 370.6904 215.7786 264.4592 1274.3521;
	3.7113 50.1472 88.0937 116.5645 15.2008 33.6084 25.6694 17.3945 25.7695 26.9066 49.7365 74.197 111.7032 64.3 202.1116 76.1444 94.4754 100.1158 85.1694 72.5601 8.5565 78.4197 71.2911 84.0363 97.7474 71.1934 12.9435 1280.0561 786.4575 786.4575 740.6155 120.5075 283.8981 186.7699 201.5891 335.5552 1258.6719 328.6664 434.0479 261.8233 116.2572 372.8294 208.8099 270.5968 1271.783;
	3.7291 50.3887 90.1972 116.2511 14.8153 33.2751 22.2608 17.8444 25.7772 28.6718 52.9994 79.0647 119.0315 63.4648 199.7187 75.2428 93.3569 98.9304 84.7187 71.9837 7.4203 77.6418 72.7966 86.8761 103.2962 73.7835 13.2719 1225.3233 763.1742 763.1742 706.4017 115.1912 282.3958 185.2861 198.9706 325.621 1170.1499 308.3287 441.0514 276.6863 118.2131 369.1314 205.7089 277.4989 1182.3389;
	3.6351 49.1181 87.0821 112.1114 14.8453 31.9785 23.4138 17.3878 26.6006 29.6608 54.8275 81.7918 123.1371 64.4689 196.0786 73.8715 91.6553 97.1273 86.9448 72.3311 7.8046 74.6166 73.8739 86.8437 101.543 70.0033 12.6361 1174.425 738.5888 738.5888 706.3879 112.4756 289.8161 186.1805 202.1186 315.1312 1116.0457 281.5932 435.9094 271.9903 117.8137 354.7487 196.3112 270.5936 1127.6712;
	3.6869 49.8177 85.9862 101.9406 14.695 29.2885 22.1261 15.1522 27.5458 28.8188 53.271 79.4699 119.6415 62.9077 204.5377 77.0584 95.6095 101.3175 87.3508 71.203 7.3754 68.3398 72.2467 82.9843 98.1366 53.9968 10.9702 1144.9127 675.3116 675.3116 631.638 112.7507 291.1693 183.2767 197.2241 288.133 1078.9272 289.7953 444.6874 262.866 113.8509 324.9069 186.8006 254.2685 1090.166;
	3.5656 48.1793 86.9944 103.4366 14.7427 27.9267 17.3219 12.0797 26.4598 28.0058 51.7683 77.2281 116.2665 63.4681 197.0462 74.236 92.1076 97.6066 86.8871 69.0354 5.774 65.1622 74.099 84.1494 100.918 69.2575 9.3677 1136.7244 637.718 637.718 598.4757 104.2832 289.6237 177.6973 198.9809 272.093 1102.0085 254.0467 445.5285 270.3159 114.7804 309.7997 163.9302 231.8921 1113.4877;
