function loadprofile = ex_load_profilesh1
%EX_LOAD_PROFILE  Example load profile data file for stochastic unit commitment.
% 2022.03.12
% Andres F. Ramirez

%% define constants
[CT_LABEL, CT_PROB, CT_TABLE, CT_TBUS, CT_TGEN, CT_TBRCH, CT_TAREABUS, ...
    CT_TAREAGEN, CT_TAREABRCH, CT_ROW, CT_COL, CT_CHGTYPE, CT_REP, ...
    CT_REL, CT_ADD, CT_NEWVAL, CT_TLOAD, CT_TAREALOAD, CT_LOAD_ALL_PQ, ...
    CT_LOAD_FIX_PQ, CT_LOAD_DIS_PQ, CT_LOAD_ALL_P, CT_LOAD_FIX_P, ...
    CT_LOAD_DIS_P, CT_TGENCOST, CT_TAREAGENCOST, CT_MODCOST_F, ...
    CT_MODCOST_X] = idx_ct;

loadprofile = struct( ...
    'type', 'mpcData', ...
    'table', CT_TAREALOAD, ...
    'rows', [1:11], ...
    'col', CT_LOAD_ALL_P, ...
    'chgtype', 1, ...
    'values', [] );
loadprofile.values(:,1,:) = [
	1531.7583 840.2999 1439.9553 554.3635 705.4521 1046.7007 830.3001 196.6275 517.4538 3949.2717 1688.8474;
	1513.2437 825.6064 1407.2161 541.1 681.1505 1022.934 801.2841 196.0244 491.0605 4018.9043 1673.7123;
	1521.3569 853.5021 1472.9 545.0375 729.4981 1063.4663 815.479 193.239 492.996 3992.2841 1664.7926;
	1568.9622 855.7096 1460.9127 552.6357 718.9683 1067.8727 826.4252 202.9056 486.8388 4081.5201 1699.0752;
	1665.6868 944.628 1647.4412 586.601 830.3037 1173.8 891.6488 241.1 526.2 4367.4608 1840.0478;
	1755.7896 977.8 1755.6824 589.9137 897.0989 1233.8 963.0 273.1088 568.4 4649.2587 1926.4376;
	1746.9864 1028.5345 1808.4924 602.8263 906.4059 1305.9419 1028.8452 310.0324 601.2551 5034.1645 2073.3821;
	1800.1497 1061.4323 1868.8504 596.6208 946.0643 1368.5473 1073.6899 321.7 631.5259 5207.965 2121.6307;
	1820.2217 1058.9 1875.2669 599.6145 943.7974 1374.7179 1100.7288 343.7468 639.2871 5341.3726 2140.0604;
	1803.5 1016.3606 1827.4453 583.8078 907.2 1349.9307 1076.7695 352.7238 649.3 5358.2962 2153.466;
	1788.7407 1023.3312 1780.3011 587.0239 897.8647 1361.6966 1027.1632 329.1663 623.1272 5297.5886 2002.4436;
	1756.3758 1009.9872 1758.0706 585.1495 876.5837 1287.0639 1046.2857 318.53 613.1984 5270.6695 1958.5687;
	1781.8168 1011.4432 1680.6759 583.0544 833.5346 1256.9 1022.3077 291.8181 582.9355 5240.8381 1884.5945;
	1745.5105 997.7489 1651.1526 585.8353 866.1825 1257.3 976.4123 261.8893 566.6221 5046.9172 1867.1833;
	1742.4201 1001.5684 1653.9559 584.2081 892.0638 1321.2876 1011.3244 272.9139 590.5145 5154.5783 1992.9097;
	1755.9345 1046.1039 1721.7578 593.3617 919.7714 1347.9296 1015.8882 311.7075 598.0579 5242.0766 2168.8151;
	1780.2027 1075.6659 1746.0232 602.3207 936.3363 1345.241 1068.1696 324.3679 613.6774 5370.6092 2220.1012;
	1884.6158 1142.1 1865.9581 612.2268 1001.6086 1425.7643 1127.0287 342.3767 647.6895 5468.0691 2348.6945;
	1864.9714 1120.7277 1873.1566 614.8719 978.9631 1385.9603 1119.6988 340.594 642.9239 5385.8734 2316.9806;
	1893.3536 1125.0689 1839.0 613.5552 896.9908 1346.681 1088.5573 338.9128 634.7464 5335.2013 2249.075;
	1790.2199 1049.4878 1717.2337 594.2529 818.7005 1261.3067 1024.4711 315.2 602.6485 5089.3404 2105.1681;
	1707.5084 989.6726 1619.2115 579.2251 787.4384 1170.612 993.9443 297.777 581.6496 4873.9268 2037.5201;
	1699.8343 996.647 1642.891 567.6844 824.5 1165.5512 974.3366 275.2 560.2579 4604.1346 1891.7736;
	1613.1415 955.4 1610.1557 556.1722 821.704 1128.0493 913.7176 267.5 519.5 4505.9442 1809.3854;
];
