function solarprofile = ex_solar_profilesh1
%EX_WIND_PROFILE_D  Example wind_load_nyiso profile data for deterministic unit commitment.
% 2022.03.12
% Andres F. Ramirez


%% define constants
[GEN_BUS, PG, QG, QMAX, QMIN, VG, MBASE, GEN_STATUS, PMAX, PMIN, ...
    MU_PMAX, MU_PMIN, MU_QMAX, MU_QMIN, PC1, PC2, QC1MIN, QC1MAX, ...
    QC2MIN, QC2MAX, RAMP_AGC, RAMP_10, RAMP_30, RAMP_Q, APF] = idx_gen;
[CT_LABEL, CT_PROB, CT_TABLE, CT_TBUS, CT_TGEN, CT_TBRCH, CT_TAREABUS, ...
    CT_TAREAGEN, CT_TAREABRCH, CT_ROW, CT_COL, CT_CHGTYPE, CT_REP, ...
    CT_REL, CT_ADD, CT_NEWVAL, CT_TLOAD, CT_TAREALOAD, CT_LOAD_ALL_PQ, ...
    CT_LOAD_FIX_PQ, CT_LOAD_DIS_PQ, CT_LOAD_ALL_P, CT_LOAD_FIX_P, ...
    CT_LOAD_DIS_P, CT_TGENCOST, CT_TAREAGENCOST, CT_MODCOST_F, ...
    CT_MODCOST_X] = idx_ct;

solarprofile = struct( ...
    'type', 'mpcData', ...
    'table', CT_TGEN, ...
    'rows', [1:12], ...
    'col', PMAX, ...
    'chgtype', 1, ...
    'values', [] );
solarprofile.values(:,1,:) = [
	0.0 0.0 0.0 0.0 0.0 0.0 0.0 0.0 0.0 0.0 0.0 0.0;
	0.0 0.0 0.0 0.0 0.0 0.0 0.0 0.0 0.0 0.0 0.0 0.0;
	0.0 0.0 0.0 0.0 0.0 0.0 0.0 0.0 0.0 0.0 0.0 0.0;
	0.0 0.0 0.0 0.0 0.0 0.0 0.0 0.0 0.0 0.0 0.0 0.0;
	0.0 0.0 0.0 0.0 0.0 0.0 0.0 0.0 0.0 0.0 0.0 0.0;
	1.019 0.8269 0.7032 0.0 0.0 9.4835 1.1854 4.1882 0.4191 0.0 0.0 0.0;
	10.4975 9.2046 6.0328 2.6867 3.4877 90.4513 11.3064 20.9433 99.4657 63.5829 22.9893 115.149;
	23.4554 16.5471 13.5692 7.8846 9.2838 251.8486 31.4811 43.1428 68.3612 200.473 160.1044 363.0579;
	25.8286 16.769 13.9607 9.741 11.6065 310.2549 38.7819 48.6354 36.3354 327.6324 233.0934 593.3443;
	25.3614 16.3661 13.589 5.8762 9.8683 242.5079 30.3135 37.6152 66.5764 269.4565 181.8417 487.9873;
	25.6144 16.4933 11.6446 5.867 9.1366 148.7819 18.5977 38.7602 116.0109 279.4761 167.3267 506.1329;
	25.3763 16.0625 10.9516 5.9153 8.1385 144.2922 18.0365 46.8165 141.4692 265.751 157.6557 481.2766;
	21.483 12.6911 11.0492 3.8225 5.1591 211.9375 26.4922 61.9331 130.6128 138.0417 45.4788 249.9944;
	17.7267 8.6488 10.3178 2.7441 4.1121 278.884 34.8605 62.7377 138.2282 91.3151 23.5274 165.3722;
	12.8639 6.5117 5.6291 1.7872 2.8537 276.047 34.5059 59.7345 152.6806 62.2227 13.941 112.6856;
	6.1244 2.3748 2.5337 1.8643 2.0763 124.5601 15.57 41.8171 172.8995 43.5959 13.0137 78.9525;
	1.3408 0.9887 0.8253 1.0583 1.244 62.2353 7.7794 12.0431 33.244 22.9989 13.3998 41.6512;
	0.0 0.0 0.0 0.0 0.0 0.0 0.0 0.0 0.0 0.0 0.0 0.0;
	0.0 0.0 0.0 0.0 0.0 0.0 0.0 0.0 0.0 0.0 0.0 0.0;
	0.0 0.0 0.0 0.0 0.0 0.0 0.0 0.0 0.0 0.0 0.0 0.0;
	0.0 0.0 0.0 0.0 0.0 0.0 0.0 0.0 0.0 0.0 0.0 0.0;
	0.0 0.0 0.0 0.0 0.0 0.0 0.0 0.0 0.0 0.0 0.0 0.0;
	0.0 0.0 0.0 0.0 0.0 0.0 0.0 0.0 0.0 0.0 0.0 0.0;
	0.0 0.0 0.0 0.0 0.0 0.0 0.0 0.0 0.0 0.0 0.0 0.0;
];
