function loadprofile = ex_load_profilesh1
%EX_LOAD_PROFILE  Example load profile data file for stochastic unit commitment.
% 2022.03.12
% Andres F. Ramirez

%% define constants
[CT_LABEL, CT_PROB, CT_TABLE, CT_TBUS, CT_TGEN, CT_TBRCH, CT_TAREABUS, ...
    CT_TAREAGEN, CT_TAREABRCH, CT_ROW, CT_COL, CT_CHGTYPE, CT_REP, ...
    CT_REL, CT_ADD, CT_NEWVAL, CT_TLOAD, CT_TAREALOAD, CT_LOAD_ALL_PQ, ...
    CT_LOAD_FIX_PQ, CT_LOAD_DIS_PQ, CT_LOAD_ALL_P, CT_LOAD_FIX_P, ...
    CT_LOAD_DIS_P, CT_TGENCOST, CT_TAREAGENCOST, CT_MODCOST_F, ...
    CT_MODCOST_X] = idx_ct;

loadprofile = struct( ...
    'type', 'mpcData', ...
    'table', CT_TAREALOAD, ...
    'rows', [1:11], ...
    'col', CT_LOAD_ALL_P, ...
    'chgtype', 1, ...
    'values', [] );
loadprofile.values(:,1,:) = [
	1562.7313 888.7481 1516.9701 519.3466 756.9 1075.4524 816.6125 254.5832 449.192 4282.5378 1728.7685;
	1552.5248 903.0823 1535.4861 536.6206 761.6282 1105.3 807.2 263.6202 435.3789 4315.0904 1721.7123;
	1547.6506 902.9 1533.4 514.7 754.8903 1088.335 797.9624 264.3195 426.5073 4285.9903 1706.8892;
	1598.7113 930.9294 1576.9725 524.7944 774.8258 1124.4097 816.8614 279.9523 443.0925 4338.4839 1763.3428;
	1655.8962 986.2463 1680.0771 538.718 841.5976 1166.9829 856.3394 287.8419 458.9493 4517.1564 1836.9423;
	1752.105 1034.9 1756.174 543.0755 846.276 1209.7997 880.551 306.2075 485.4656 4711.2016 1901.1;
	1818.4023 1069.0747 1814.8921 553.8 877.6 1266.7978 916.0487 313.6429 527.065 4959.9421 1981.9326;
	1778.1 1070.389 1809.3681 552.2255 892.1384 1286.3896 888.2674 316.7609 524.7643 4511.8442 1896.2252;
	1764.1 1067.4295 1782.9804 531.2815 873.3859 1247.9881 919.0851 311.895 495.259 4823.4489 1836.7187;
	1782.124 1085.3 1821.372 558.3658 894.0 1220.841 900.2137 305.4707 532.1538 4943.8845 1597.8504;
	1747.5 1085.2 1779.4875 558.2507 871.2813 1157.5833 780.3372 307.6146 414.1585 4657.5045 1586.4954;
	1729.4909 1061.1 1711.3197 555.2 843.2114 1120.4152 820.6703 305.8432 374.6152 4571.3585 1511.6952;
	1725.5911 1062.9293 1668.7319 549.9 848.255 1124.2015 872.0339 307.5 406.8723 4583.828 1360.8551;
	1751.8812 1062.2 1696.1787 556.1838 856.9562 1187.3138 915.0956 323.2817 470.443 4660.2418 1595.8215;
	1765.8933 1069.7474 1662.1417 562.7 851.4645 1202.8761 921.7838 297.8058 481.8819 4647.5221 1578.7181;
	1770.4805 1071.6748 1662.8806 585.1954 840.2163 1273.6927 912.5108 312.4525 539.7746 4513.5897 1704.2607;
	1792.7 1086.1 1737.2005 584.8409 853.0404 1280.9084 960.384 311.8 568.3141 4468.6842 1834.3952;
	1818.507 1115.4885 1849.5642 593.9101 946.9219 1358.9547 1025.8154 337.0 621.7031 4969.4961 2158.4086;
	1902.3637 1121.4619 1878.5501 609.7546 944.1899 1366.5 1023.4249 335.991 599.5874 4977.0897 2116.2719;
	1847.2495 1072.5508 1793.166 591.428 921.5303 1333.6494 991.4324 319.1203 590.4 4719.0542 2084.5806;
	1782.6469 1014.5142 1729.9 556.1655 849.4631 1279.7 970.9019 307.2667 543.6892 4685.9168 1967.5865;
	1672.0261 957.3806 1643.2008 567.9152 794.5884 1201.3073 878.4721 282.263 530.4947 4423.3278 1778.6706;
	1684.9839 919.6897 1600.1018 585.3 795.3901 1153.5297 799.8441 276.9 479.3299 4399.615 1768.9839;
	1595.139 873.0417 1617.1178 574.9861 772.2 1136.01 804.0823 253.3361 465.3024 4467.0762 1725.5301;
];
