function windprofile = ex_wind_profilesh1
%EX_WIND_PROFILE_D  Example wind_load_nyiso profile data for deterministic unit commitment.
% 2022.03.12
% Andres F. Ramirez


%% define constants
[GEN_BUS, PG, QG, QMAX, QMIN, VG, MBASE, GEN_STATUS, PMAX, PMIN, ...
    MU_PMAX, MU_PMIN, MU_QMAX, MU_QMIN, PC1, PC2, QC1MIN, QC1MAX, ...
    QC2MIN, QC2MAX, RAMP_AGC, RAMP_10, RAMP_30, RAMP_Q, APF] = idx_gen;
[CT_LABEL, CT_PROB, CT_TABLE, CT_TBUS, CT_TGEN, CT_TBRCH, CT_TAREABUS, ...
    CT_TAREAGEN, CT_TAREABRCH, CT_ROW, CT_COL, CT_CHGTYPE, CT_REP, ...
    CT_REL, CT_ADD, CT_NEWVAL, CT_TLOAD, CT_TAREALOAD, CT_LOAD_ALL_PQ, ...
    CT_LOAD_FIX_PQ, CT_LOAD_DIS_PQ, CT_LOAD_ALL_P, CT_LOAD_FIX_P, ...
    CT_LOAD_DIS_P, CT_TGENCOST, CT_TAREAGENCOST, CT_MODCOST_F, ...
    CT_MODCOST_X] = idx_ct;

windprofile = struct( ...
    'type', 'mpcData', ...
    'table', CT_TGEN, ...
    'rows', [1:45], ...
    'col', PMAX, ...
    'chgtype', 1, ...
    'values', [] );
windprofile.values(:,1,:) = [
	3.6797 49.7209 86.6994 109.7792 14.0424 31.9298 28.1537 17.9484 25.804 28.3418 52.3893 78.1546 117.6613 66.1328 187.068 70.4768 87.4434 92.6639 63.7916 64.9033 9.3846 74.5029 73.5466 81.8343 101.3271 73.7076 13.069 1299.4511 765.4065 765.4065 575.6511 112.5814 212.6385 167.0613 207.3354 326.5734 1242.2928 239.4838 438.2304 271.4119 114.6073 354.2079 185.3597 270.9933 1255.2333;
	3.6393 49.175 86.3135 98.7102 13.9613 30.8612 26.3261 17.4611 26.2774 28.4853 52.6547 78.5505 118.2573 66.5589 177.5456 66.8893 82.9923 87.947 67.2083 65.129 8.7754 72.0096 72.0237 83.0395 97.4055 71.0908 12.8098 1324.3484 774.6921 774.6921 589.3867 105.7332 224.0275 167.6423 208.671 330.5353 1266.4988 226.1027 436.2563 260.9077 113.0963 342.3541 162.3783 261.52 1279.6915;
	3.6204 48.9196 89.1412 110.549 14.3844 31.8598 22.0963 17.416 25.8472 29.8131 55.1091 82.2119 123.7696 65.2924 187.1302 70.5002 87.4725 92.6947 80.8204 65.3545 7.3654 74.3395 71.956 84.8673 98.4037 73.9042 13.0623 1287.4563 719.3485 719.3485 574.2753 92.4198 269.4015 168.2226 204.7005 306.922 1282.0455 217.4228 389.2853 263.5814 113.2473 353.4314 172.5295 259.9704 1295.4001;
	3.6348 49.114 89.1254 111.5417 14.4278 32.4784 23.5222 17.4845 26.5791 30.3064 56.0209 83.5722 125.8175 67.5312 193.627 72.9479 90.5094 95.9129 87.5491 68.7975 7.8407 75.783 74.2277 86.1516 100.6154 72.7056 13.1768 1304.1628 761.9663 761.9663 604.8301 95.7468 291.8304 177.085 211.7196 325.1056 1294.8674 236.6256 430.7547 269.5055 113.6572 360.294 146.3978 264.8011 1308.3556;
	3.6989 49.98 87.9659 110.1564 14.5641 31.866 30.0509 16.4626 27.0998 30.8423 57.0116 85.05 128.0424 68.5563 196.0589 73.8641 91.6461 97.1176 89.5557 70.7671 10.017 74.3539 75.5718 82.5367 100.0663 72.1844 12.908 1260.6203 776.2562 776.2562 665.1242 99.6136 298.5192 182.1546 214.9333 331.2026 1271.3935 225.3048 447.4794 268.0348 113.7303 353.4998 163.5339 252.2104 1284.6372;
	3.6549 49.3859 88.2538 113.5392 14.1241 32.4747 28.9611 17.4114 27.2398 31.0576 57.4095 85.6436 128.936 69.5905 200.5236 75.5461 93.7331 99.3291 88.937 71.0407 9.6537 75.7742 75.7709 83.3083 99.7505 71.0426 12.9242 1289.1696 756.6439 756.6439 715.5853 106.3115 296.4568 182.8588 218.1756 322.8347 1266.8406 244.9337 441.8034 267.1889 114.4719 360.2521 160.7537 256.8533 1280.0369;
	3.5747 48.3025 88.0155 113.7871 14.3648 32.723 29.7681 17.8556 26.4753 30.5857 56.5372 84.3423 126.9769 69.2383 197.4225 74.3778 92.2835 97.793 91.0589 72.4592 9.9227 76.3536 75.1063 82.8981 99.4906 72.2071 13.0366 1316.7041 766.1819 766.1819 746.0104 103.1187 303.5296 186.51 217.0713 326.9043 1312.5785 284.0262 446.3092 266.4927 113.6919 363.007 155.7656 253.9239 1326.2512;
	3.7039 50.0481 88.3078 116.9666 14.3021 33.2234 29.2972 17.9209 26.829 30.7754 56.8878 84.8654 127.7644 69.3325 194.8184 73.3967 91.0663 96.5031 91.2593 68.1684 9.7657 77.5213 75.2105 85.7611 100.4055 71.8324 13.0089 1301.146 764.2276 764.2276 743.0495 100.6729 304.1975 175.4656 217.3667 326.0704 1295.1234 293.947 453.1781 268.9433 112.61 368.5586 163.3247 262.7144 1308.6142;
	3.8011 51.3614 92.872 117.6603 14.6613 33.3608 31.5245 18.7437 26.8518 30.939 57.1903 85.3167 128.4439 69.73 200.8245 75.6594 93.8738 99.4782 92.7161 69.1004 10.5082 77.8418 74.7951 85.7998 102.1742 72.9439 13.3585 1338.5456 822.3931 822.3931 817.4478 115.7231 309.0537 177.8646 218.6131 350.8877 1356.5089 336.8736 462.2968 273.6808 116.5228 370.0823 193.7468 270.3951 1370.6392;
	3.5928 48.5465 93.0086 113.7477 14.7615 31.9654 25.2013 18.5507 26.4596 30.2769 55.9664 83.4908 125.695 69.1366 195.6784 73.7207 91.4683 96.929 89.6766 68.0454 8.4004 74.5858 73.552 87.6807 103.6346 72.7086 13.1245 1316.4186 828.5095 828.5095 802.5442 118.413 298.9219 175.149 216.7527 353.4974 1336.0145 345.0562 450.162 277.5927 115.3256 354.6023 196.5903 265.7018 1349.9313;
	3.5818 48.3975 89.0969 112.2161 14.2388 31.9081 26.9954 18.1909 26.6631 30.5141 56.4048 84.1449 126.6797 66.2928 192.1258 72.3823 89.8076 95.1693 91.873 69.8251 8.9985 74.4523 73.5559 84.6608 99.23 69.8209 13.3305 1343.3561 829.1744 829.1744 821.4197 120.4979 306.2433 179.73 207.8368 353.7811 1360.5572 348.2612 460.2974 265.7946 114.3207 353.9676 179.5705 259.5853 1374.7297;
	3.6651 49.5234 90.1617 115.7874 14.6248 32.2999 25.9118 18.5495 27.2941 29.8086 55.1007 82.1994 123.7507 68.9791 192.7187 72.6057 90.0848 95.463 89.1557 67.3491 8.6373 75.3663 72.4347 85.9709 101.0355 71.0459 13.3675 1283.5699 805.6516 805.6516 793.3776 118.1034 297.1855 173.3567 216.2587 343.7447 1335.1682 329.0711 470.0097 270.6308 119.9477 358.313 196.8564 259.6928 1349.0762;
	3.6638 49.5062 89.6562 110.0898 14.8957 32.5976 24.9507 18.2919 25.8769 29.016 53.6356 80.0138 120.4603 67.765 193.8893 73.0467 90.632 96.0428 90.3783 67.2574 8.3169 76.061 70.1761 81.7198 102.6757 72.3175 13.4173 1286.21 793.6715 793.6715 762.2089 116.6995 301.2611 173.1207 212.4525 338.6332 1297.4173 324.8715 445.9677 275.0241 117.7376 361.6159 205.075 260.3131 1310.9321;
	3.6086 48.7603 89.4303 113.3252 14.5125 32.0519 22.6728 18.489 26.0707 29.134 53.8537 80.3391 120.9501 66.1398 191.5887 72.1799 89.5566 94.9033 89.5513 69.3791 7.5576 74.7878 69.7544 85.2806 103.7478 71.7615 13.7541 1243.013 740.5795 740.5795 727.3378 112.6173 298.5042 178.5821 207.3573 315.9806 1231.5801 294.2399 451.4931 277.8958 116.1833 355.5627 183.1061 263.5474 1244.4091;
	3.6608 49.4659 90.7558 115.3209 14.8578 33.3843 20.905 18.4317 26.4577 29.0249 53.6521 80.0384 120.4974 65.826 187.4724 70.6291 87.6324 92.8642 87.0662 66.3202 6.9683 77.8967 70.8427 86.704 103.9284 70.616 13.6888 1242.702 748.6326 748.6326 745.1214 117.4184 290.2206 170.7084 206.3735 319.4166 1202.562 299.8399 456.3261 278.3796 118.1774 370.3434 197.2768 260.7823 1215.0887;
	3.6484 49.2973 91.4035 114.8017 15.0989 32.7495 21.4859 17.6846 25.8065 29.9184 55.3037 82.5022 124.2066 65.6046 179.8883 67.7719 84.0873 89.1075 86.5684 67.8603 7.162 76.4154 70.5584 86.3464 100.9867 70.5312 13.013 1199.4561 719.7817 719.7817 690.8115 112.7611 288.5612 174.6725 205.6793 307.1069 1126.2647 280.7853 451.8438 270.5 117.5631 363.3006 196.7598 261.8128 1137.9967;
	3.9214 52.9861 93.5588 112.5535 15.3728 33.1417 23.0165 17.1677 26.9663 30.5209 56.4175 84.1638 126.7081 64.9722 189.6588 71.4528 88.6544 93.9473 89.5494 67.3712 7.6722 77.3307 72.6766 86.8191 102.9148 55.6533 12.2402 1230.1125 747.719 747.719 676.1745 111.3157 298.498 173.4137 203.6968 319.0268 1182.7324 296.992 465.4634 275.6646 113.2998 367.6523 200.864 250.3263 1195.0525;
	3.7581 50.7797 91.6881 106.5023 14.7933 30.9923 20.1094 12.4396 27.1693 29.0307 53.6627 80.0543 120.5212 64.6697 187.0848 70.4831 87.4513 92.6722 90.4924 64.9751 6.7031 72.3154 70.6022 87.7456 99.5067 65.4105 10.3458 1181.3921 683.1534 683.1534 624.2012 106.1488 301.6412 167.2461 202.7483 291.4788 1163.7123 264.6397 461.0186 266.5359 115.2858 343.8082 186.3306 228.5365 1175.8343;
