function solarprofile = ex_solar_profilesh1
%EX_WIND_PROFILE_D  Example wind_load_nyiso profile data for deterministic unit commitment.
% 2022.03.12
% Andres F. Ramirez


%% define constants
[GEN_BUS, PG, QG, QMAX, QMIN, VG, MBASE, GEN_STATUS, PMAX, PMIN, ...
    MU_PMAX, MU_PMIN, MU_QMAX, MU_QMIN, PC1, PC2, QC1MIN, QC1MAX, ...
    QC2MIN, QC2MAX, RAMP_AGC, RAMP_10, RAMP_30, RAMP_Q, APF] = idx_gen;
[CT_LABEL, CT_PROB, CT_TABLE, CT_TBUS, CT_TGEN, CT_TBRCH, CT_TAREABUS, ...
    CT_TAREAGEN, CT_TAREABRCH, CT_ROW, CT_COL, CT_CHGTYPE, CT_REP, ...
    CT_REL, CT_ADD, CT_NEWVAL, CT_TLOAD, CT_TAREALOAD, CT_LOAD_ALL_PQ, ...
    CT_LOAD_FIX_PQ, CT_LOAD_DIS_PQ, CT_LOAD_ALL_P, CT_LOAD_FIX_P, ...
    CT_LOAD_DIS_P, CT_TGENCOST, CT_TAREAGENCOST, CT_MODCOST_F, ...
    CT_MODCOST_X] = idx_ct;

solarprofile = struct( ...
    'type', 'mpcData', ...
    'table', CT_TGEN, ...
    'rows', [1:12], ...
    'col', PMAX, ...
    'chgtype', 1, ...
    'values', [] );
solarprofile.values(:,1,:) = [
	0.0 0.0 0.0 0.0 0.0 0.0 0.0 0.0 0.0 0.0 0.0 0.0;
	0.0 0.0 0.0 0.0 0.0 0.0 0.0 0.0 0.0 0.0 0.0 0.0;
	0.0 0.0 0.0 0.0 0.0 0.0 0.0 0.0 0.0 0.0 0.0 0.0;
	0.0 0.0 0.0 0.0 0.0 0.0 0.0 0.0 0.0 0.0 0.0 0.0;
	0.0 0.0 0.0 0.0 0.0 0.0 0.0 0.0 0.0 0.0 0.0 0.0;
	1.0573 1.0634 0.7407 0.0 0.0 10.1307 1.2663 5.5145 4.0505 0.0 0.0 0.0;
	8.1477 7.4442 4.4139 1.8013 3.44 141.3161 17.6645 41.8864 107.0616 146.4903 129.996 265.2947;
	17.0063 14.0069 11.0538 6.6823 6.8494 251.0879 31.386 48.5479 183.2855 294.9853 205.3703 534.2202;
	22.601 16.6083 13.8 10.7056 8.5165 303.8588 37.9824 47.5945 213.8532 343.2097 222.6486 621.5548;
	24.2621 16.3661 13.8 10.2577 8.5869 281.6536 35.2067 19.9402 180.3635 292.6944 241.8555 530.0714;
	25.6144 16.5136 13.8 9.2247 8.468 356.3683 44.546 46.3974 203.904 259.8662 188.1345 470.6193;
	25.8362 16.5986 13.9033 7.4323 7.5283 382.85 47.8563 58.8608 221.4946 240.2446 155.9928 435.0844;
	24.954 16.1469 13.735 5.2269 4.5437 325.8801 40.735 68.429 163.5603 179.3325 116.9292 324.7722;
	21.543 16.0076 13.466 4.2303 4.2976 250.7103 31.3388 63.381 87.3313 156.3546 125.386 283.1591;
	14.1386 12.5244 10.0964 2.965 4.5729 179.6789 22.4599 56.0742 34.2648 111.9732 126.6086 202.7842;
	4.3051 6.7028 3.0257 1.8386 6.091 154.8983 19.3623 34.2736 13.0763 35.0974 52.0987 63.5615;
	1.4845 1.4463 0.9799 0.8734 1.9845 88.715 11.0894 17.3569 32.6157 6.8847 1.8431 12.4683;
	0.0 0.0 0.0 0.0 0.0 0.0 0.0 0.0 0.0 0.0 0.0 0.0;
	0.0 0.0 0.0 0.0 0.0 0.0 0.0 0.0 0.0 0.0 0.0 0.0;
	0.0 0.0 0.0 0.0 0.0 0.0 0.0 0.0 0.0 0.0 0.0 0.0;
	0.0 0.0 0.0 0.0 0.0 0.0 0.0 0.0 0.0 0.0 0.0 0.0;
	0.0 0.0 0.0 0.0 0.0 0.0 0.0 0.0 0.0 0.0 0.0 0.0;
	0.0 0.0 0.0 0.0 0.0 0.0 0.0 0.0 0.0 0.0 0.0 0.0;
	0.0 0.0 0.0 0.0 0.0 0.0 0.0 0.0 0.0 0.0 0.0 0.0;
];
