function loadprofile = ex_load_profilesh1
%EX_LOAD_PROFILE  Example load profile data file for stochastic unit commitment.
% 2022.03.12
% Andres F. Ramirez

%% define constants
[CT_LABEL, CT_PROB, CT_TABLE, CT_TBUS, CT_TGEN, CT_TBRCH, CT_TAREABUS, ...
    CT_TAREAGEN, CT_TAREABRCH, CT_ROW, CT_COL, CT_CHGTYPE, CT_REP, ...
    CT_REL, CT_ADD, CT_NEWVAL, CT_TLOAD, CT_TAREALOAD, CT_LOAD_ALL_PQ, ...
    CT_LOAD_FIX_PQ, CT_LOAD_DIS_PQ, CT_LOAD_ALL_P, CT_LOAD_FIX_P, ...
    CT_LOAD_DIS_P, CT_TGENCOST, CT_TAREAGENCOST, CT_MODCOST_F, ...
    CT_MODCOST_X] = idx_ct;

loadprofile = struct( ...
    'type', 'mpcData', ...
    'table', CT_TAREALOAD, ...
    'rows', [1:11], ...
    'col', CT_LOAD_ALL_P, ...
    'chgtype', 1, ...
    'values', [] );
loadprofile.values(:,1,:) = [
	1551.6248 891.169 1379.3532 547.9524 738.4614 1082.9412 806.3566 235.5412 449.0326 4531.301 1734.7946;
	1503.8 876.9723 1365.8348 553.9999 724.0658 1054.5577 790.6134 234.0497 439.1586 4430.9682 1691.8837;
	1543.2019 898.0 1373.0712 557.0229 724.6688 1096.26 806.1861 248.5213 446.3747 4422.0551 1746.2057;
	1570.2 944.3652 1469.969 561.414 767.4465 1158.0286 832.4 253.8029 474.1948 4454.9385 1813.0634;
	1658.0037 990.0845 1580.4523 568.5632 805.2155 1224.3865 889.6 263.992 506.7 4687.2795 1893.1284;
	1696.9424 1028.9258 1670.4385 598.1959 851.5648 1258.5035 912.3 261.4935 513.7085 4856.0309 1940.5681;
	1765.0 1070.6291 1788.4601 614.6529 933.2651 1334.4641 993.2811 304.269 549.3 5126.3315 2074.2552;
	1775.8664 1077.0 1768.0909 608.8634 977.7503 1374.9897 1010.78 286.9877 571.94 5266.0589 2087.9117;
	1835.0484 1129.8662 1868.5245 610.3 994.1831 1401.6506 1066.5803 292.2647 596.8363 5415.2029 2170.9455;
	1840.7283 1134.2363 1828.7142 604.7256 1001.4226 1403.3175 1087.3 299.4355 617.4087 5585.413 2263.0736;
	1763.7044 1107.8663 1795.7304 597.1102 968.561 1393.2696 1087.393 301.8 631.091 5690.9743 2196.5434;
	1699.0571 1077.3908 1745.3051 607.8 945.9927 1387.6596 1068.3965 278.1 613.3 5589.6151 2062.371;
	1686.0983 1043.3077 1736.3604 601.1619 925.8052 1323.9372 1047.2397 274.3552 617.1576 5608.6511 2104.9165;
	1657.568 1046.6072 1742.3194 592.2747 932.6 1267.451 1036.1445 274.6865 593.624 5593.2434 2090.172;
	1715.2567 1078.4256 1811.3266 599.0005 984.8802 1303.2539 1040.4 305.4404 611.454 5728.5674 2153.8168;
	1722.0921 1090.7097 1825.0442 583.3 975.5 1350.862 1067.7383 309.9182 606.8577 5637.2984 2226.8882;
	1753.1734 1146.9279 1896.6803 604.5725 1006.4 1380.2681 1116.5919 320.7732 614.4224 5750.4439 2297.0107;
	1817.9167 1189.4587 1947.5575 632.9549 1044.8122 1422.5 1167.4702 337.7 647.3592 5875.575 2422.4;
	1866.5462 1245.9938 1969.1532 613.8 1066.4233 1389.9376 1124.2245 343.8249 649.8467 5889.6638 2404.2749;
	1802.5065 1179.4742 1886.1362 610.3659 1004.3969 1354.5533 1096.1645 324.4 620.1007 5561.1684 2278.3961;
	1733.6315 1097.2679 1790.6602 583.6672 943.9793 1278.865 1021.5942 294.4669 597.1722 5302.2632 2137.6717;
	1653.4191 1045.4451 1704.4 580.5741 899.6615 1208.3043 959.8 274.0824 572.0921 5079.6485 1993.8761;
	1559.3417 952.4414 1592.8384 584.2406 852.1 1186.5325 917.3 257.8099 544.7695 4972.2457 1886.9703;
	1570.2552 935.7 1569.2006 587.7 828.5523 1159.8984 884.5382 239.9915 518.7 4786.9959 1793.3;
];
