function windprofile = ex_wind_profilesh1
%EX_WIND_PROFILE_D  Example wind_load_nyiso profile data for deterministic unit commitment.
% 2022.03.12
% Andres F. Ramirez


%% define constants
[GEN_BUS, PG, QG, QMAX, QMIN, VG, MBASE, GEN_STATUS, PMAX, PMIN, ...
    MU_PMAX, MU_PMIN, MU_QMAX, MU_QMIN, PC1, PC2, QC1MIN, QC1MAX, ...
    QC2MIN, QC2MAX, RAMP_AGC, RAMP_10, RAMP_30, RAMP_Q, APF] = idx_gen;
[CT_LABEL, CT_PROB, CT_TABLE, CT_TBUS, CT_TGEN, CT_TBRCH, CT_TAREABUS, ...
    CT_TAREAGEN, CT_TAREABRCH, CT_ROW, CT_COL, CT_CHGTYPE, CT_REP, ...
    CT_REL, CT_ADD, CT_NEWVAL, CT_TLOAD, CT_TAREALOAD, CT_LOAD_ALL_PQ, ...
    CT_LOAD_FIX_PQ, CT_LOAD_DIS_PQ, CT_LOAD_ALL_P, CT_LOAD_FIX_P, ...
    CT_LOAD_DIS_P, CT_TGENCOST, CT_TAREAGENCOST, CT_MODCOST_F, ...
    CT_MODCOST_X] = idx_ct;

windprofile = struct( ...
    'type', 'mpcData', ...
    'table', CT_TGEN, ...
    'rows', [1:45], ...
    'col', PMAX, ...
    'chgtype', 1, ...
    'values', [] );
windprofile.values(:,1,:) = [
	3.708 50.1029 90.8053 114.4057 14.0536 31.2624 27.6193 18.355 27.1779 28.3392 52.3845 78.1474 117.6504 68.1147 186.094 70.1098 86.9881 92.1814 78.4467 69.1274 9.2064 72.9455 72.5769 86.602 102.7002 72.978 13.4926 1240.9488 781.3246 781.3246 555.6531 113.4685 261.4889 177.9341 213.5489 333.3652 1232.8967 223.3467 443.3881 275.0898 118.926 346.8038 188.4569 270.2974 1245.7394;
	3.6765 49.6779 88.8165 114.4724 14.0235 30.6603 24.8322 17.8372 26.8645 29.5065 54.5423 81.3664 122.4967 66.3438 176.2018 66.383 82.3641 87.2813 82.4335 69.5067 8.2774 71.5408 72.6331 87.1298 99.3905 71.0288 13.1835 1270.5464 799.8711 799.8711 599.1288 112.441 274.7784 178.9105 207.9966 341.2783 1236.5647 212.7592 453.3641 266.2247 119.615 340.1253 156.1701 257.4912 1249.4456;
	3.7849 51.1418 92.3493 117.0369 14.4292 32.6074 21.4258 18.1924 28.2987 30.847 57.0202 85.063 128.0618 67.5056 189.4272 71.3656 88.5462 93.8325 87.6709 68.5507 7.1419 76.0838 73.1527 88.5868 100.9664 74.8237 13.6829 1268.7498 788.0208 788.0208 637.3065 99.925 292.2362 176.4496 211.6391 336.2222 1238.9643 227.2259 441.1205 270.4457 116.1284 361.7243 173.3504 263.7187 1251.8701;
	3.7478 50.6412 93.1542 118.3109 14.5623 32.9233 21.6219 17.6566 27.6298 30.8615 57.0471 85.103 128.1221 67.1939 196.2373 73.9313 91.7295 97.2059 88.5919 70.3397 7.2073 76.8211 74.3659 88.1849 101.5056 72.1052 13.0982 1265.2749 764.5492 764.5492 621.9967 103.455 295.3063 181.0545 210.662 326.2077 1238.5926 242.4681 437.8595 271.89 117.2892 365.2293 145.26 270.9503 1251.4946;
	3.6868 49.8174 90.4795 111.2069 14.6083 32.2589 29.7288 16.5793 28.1707 30.9764 57.2594 85.4198 128.5991 66.0025 192.7547 72.6192 90.1016 95.4808 85.3204 71.4769 9.9096 75.2708 74.3675 86.4196 99.1617 71.7401 12.889 1236.3341 753.4034 753.4034 605.732 106.5242 284.4014 183.9818 206.9267 321.4521 1209.3284 218.4397 451.1199 265.6117 115.4164 357.8587 165.9958 260.5489 1221.9256;
	3.6119 48.8041 86.8062 109.5462 14.2188 32.0953 27.5413 16.1469 27.6219 30.2438 55.9052 83.3996 125.5577 66.2817 196.7598 74.1281 91.9738 97.4647 85.2314 69.5796 9.1804 74.889 73.6378 84.3678 97.0125 69.2042 12.7279 1234.7508 741.0862 741.0862 650.8636 112.3943 284.1047 179.0981 207.8021 316.1968 1145.8441 221.4384 434.2194 259.8549 114.4034 356.0437 156.4106 253.108 1157.78;
	3.5847 48.4369 87.3502 109.9523 14.3256 32.0865 29.5959 16.4881 27.1334 30.6911 56.7321 84.6331 127.4147 68.4815 195.7007 73.7291 91.4787 96.9401 85.7024 71.5439 9.8653 74.8685 73.8891 84.5759 98.1356 69.3154 12.7357 1230.039 738.6469 738.6469 620.7669 110.7402 285.6748 184.1542 214.6987 315.156 1172.9199 239.8341 443.4783 262.8632 115.7138 355.9464 138.2102 256.551 1185.1378;
	3.6506 49.328 86.3094 104.0948 14.3328 32.4254 28.5436 17.047 26.9349 30.6633 56.6807 84.5564 127.2992 69.6097 193.5595 72.9224 90.4778 95.8795 86.8328 67.7292 9.5145 75.6593 72.789 86.6036 98.4596 71.448 12.7723 1265.2491 766.3157 766.3157 674.7451 117.2225 289.4428 174.3351 218.2357 326.9614 1222.0166 251.5255 436.5386 263.731 112.9991 359.7061 149.9374 263.2412 1234.7459;
	3.8626 52.1928 88.1402 111.3213 15.2034 33.2493 30.7723 17.9156 27.985 31.0767 57.4448 85.6963 129.0153 69.7791 192.9026 72.6749 90.1708 95.5541 91.1415 69.6127 10.2574 77.5817 73.2748 87.0645 100.1394 72.3587 13.0115 1313.6145 809.8318 809.8318 741.6794 122.9115 303.8049 179.1833 218.767 345.5282 1278.3237 281.3263 456.3454 268.2306 121.2228 368.8457 197.4481 271.266 1291.6396;
	3.9215 52.9877 92.2357 115.8924 15.1478 34.5664 24.3167 18.7035 27.5688 31.232 57.7318 86.1245 129.66 69.2693 194.527 73.2869 90.9301 96.3587 90.6562 71.622 8.1056 80.6549 74.905 89.6597 103.1781 73.9975 13.7373 1275.0534 813.7857 813.7857 727.891 122.7016 302.1873 184.3553 217.1685 347.2152 1254.943 288.8024 448.4579 276.3699 123.5896 383.4562 201.3119 270.9465 1268.0153;
	3.924 53.0221 92.3703 118.1409 15.0439 33.6725 26.2554 18.3928 27.9611 31.2607 57.785 86.2038 129.7793 69.6235 199.5982 75.1974 93.3005 98.8707 89.9452 72.955 8.7518 78.5691 75.1143 86.6625 101.2697 70.9643 13.4668 1304.9551 829.9747 829.9747 772.3598 122.859 299.8172 187.7864 218.2792 354.1225 1299.2643 295.0911 442.6818 271.2581 123.3079 373.54 203.2765 265.2496 1312.7983;
	3.924 53.0213 93.6197 118.7342 15.1998 33.4899 25.2163 18.7944 27.7693 30.4233 56.237 83.8946 126.3029 69.7878 199.8558 75.2945 93.421 98.9983 90.8965 72.5501 8.4054 78.1431 74.6992 87.6964 103.4764 69.4706 13.753 1303.1924 847.2488 847.2488 806.3602 123.7817 302.9885 186.7442 218.7941 361.4928 1291.4087 317.1709 448.641 277.1689 123.7494 371.5144 202.3644 273.5608 1304.8609;
	3.8894 52.555 93.8252 115.666 15.1483 34.0027 24.0838 18.9462 27.6105 31.1061 57.4991 85.7774 129.1374 69.7243 198.4498 74.7648 92.7637 98.3019 91.4396 73.633 8.0279 79.3396 75.5292 87.6152 104.3292 72.6071 13.9396 1313.9078 847.4985 847.4985 786.2812 121.3235 304.7987 189.5314 218.595 361.5994 1314.7661 314.2092 435.6765 279.4533 123.6035 377.203 204.5311 267.2816 1328.4615;
	3.8869 52.5205 94.3007 118.5702 15.1254 33.7943 24.5663 18.9951 27.5433 30.952 57.2143 85.3525 128.4977 69.1949 199.8893 75.3071 93.4366 99.0149 91.205 72.8816 8.1888 78.8533 75.0541 89.9857 105.7188 74.5965 14.1099 1305.0503 832.7456 832.7456 754.5479 121.6143 304.0167 187.5974 216.9354 355.3048 1276.5332 312.0016 430.3318 283.1752 121.5035 374.891 201.9915 277.6893 1289.8304;
	3.7841 51.132 94.0134 117.6023 14.7211 33.0639 20.9586 19.0086 26.8418 29.6601 54.8262 81.79 123.1344 68.312 197.2175 74.3005 92.1877 97.6914 89.6457 72.786 6.9862 77.1492 74.785 90.1 105.7843 74.0166 14.0398 1257.7184 796.1432 796.1432 697.3848 117.5085 298.8189 187.3512 214.1674 339.6877 1217.7565 314.0401 412.4561 283.3509 120.2357 366.7893 199.006 276.4833 1230.4415;
	3.7015 50.015 93.0072 118.0724 14.7345 32.5324 22.4236 18.4094 26.3627 28.6567 52.9714 79.023 118.9686 64.6424 187.2215 70.5346 87.5152 92.74 89.9625 72.3886 7.4745 75.9089 71.2645 89.8806 105.7774 69.6178 13.6279 1222.6293 788.8977 788.8977 660.866 111.3571 299.8752 186.3284 202.6627 336.5963 1138.8674 291.3065 365.0502 283.3323 121.6163 360.8926 194.0028 271.9929 1150.7306;
	3.777 51.0349 92.7019 115.6773 14.9161 30.1258 22.1186 18.3564 26.6476 28.5456 52.7661 78.7167 118.5076 64.4399 188.7004 71.0918 88.2065 93.4725 90.3976 70.3592 7.3729 70.2935 71.0402 89.0849 104.0323 60.5363 12.6808 1208.873 760.0434 760.0434 612.8884 114.5354 301.3252 181.1048 202.0279 324.2852 1136.0765 296.3899 421.6163 278.6578 116.052 334.1952 187.2709 259.7562 1147.9106;
	3.8259 51.6968 89.6699 111.05 14.6311 28.627 19.2328 12.835 26.8221 28.2928 52.2989 78.0196 117.4581 65.1988 189.4338 71.3681 88.5493 93.8358 92.1356 69.9647 6.4109 66.7964 71.8147 87.7662 104.056 67.5117 9.4439 1215.9594 701.3793 701.3793 619.7606 114.1202 307.1187 180.0893 204.4071 299.2552 1170.7832 281.0361 428.7993 278.7215 120.012 317.5693 173.6242 242.7868 1182.9789;
