function windprofile = ex_wind_profilesh1
%EX_WIND_PROFILE_D  Example wind_load_nyiso profile data for deterministic unit commitment.
% 2022.03.12
% Andres F. Ramirez


%% define constants
[GEN_BUS, PG, QG, QMAX, QMIN, VG, MBASE, GEN_STATUS, PMAX, PMIN, ...
    MU_PMAX, MU_PMIN, MU_QMAX, MU_QMIN, PC1, PC2, QC1MIN, QC1MAX, ...
    QC2MIN, QC2MAX, RAMP_AGC, RAMP_10, RAMP_30, RAMP_Q, APF] = idx_gen;
[CT_LABEL, CT_PROB, CT_TABLE, CT_TBUS, CT_TGEN, CT_TBRCH, CT_TAREABUS, ...
    CT_TAREAGEN, CT_TAREABRCH, CT_ROW, CT_COL, CT_CHGTYPE, CT_REP, ...
    CT_REL, CT_ADD, CT_NEWVAL, CT_TLOAD, CT_TAREALOAD, CT_LOAD_ALL_PQ, ...
    CT_LOAD_FIX_PQ, CT_LOAD_DIS_PQ, CT_LOAD_ALL_P, CT_LOAD_FIX_P, ...
    CT_LOAD_DIS_P, CT_TGENCOST, CT_TAREAGENCOST, CT_MODCOST_F, ...
    CT_MODCOST_X] = idx_ct;

windprofile = struct( ...
    'type', 'mpcData', ...
    'table', CT_TGEN, ...
    'rows', [1:45], ...
    'col', PMAX, ...
    'chgtype', 1, ...
    'values', [] );
windprofile.values(:,1,:) = [
	3.7029 50.0346 88.1206 113.8538 14.2286 31.6927 28.0432 18.4774 27.2379 27.9406 51.6478 77.0483 115.9958 66.3912 198.2615 74.6939 92.6757 98.2086 87.3478 72.1716 9.3477 73.9497 75.2035 84.3996 102.1513 71.0256 13.3963 1242.4344 765.2122 765.2122 564.6349 110.8607 291.1595 185.77 208.1454 326.4905 1233.5181 231.1138 457.2326 273.6197 114.5942 351.5782 178.0929 268.3876 1246.3672;
	3.7593 50.797 87.2484 111.0017 14.2405 30.8451 24.5486 18.1829 26.4644 28.2282 52.1793 77.8413 117.1896 65.4234 187.5489 70.658 87.6682 92.9021 86.6773 72.6752 8.1829 71.972 73.2684 84.2538 97.6706 69.6387 13.1265 1238.5209 787.839 787.839 630.8892 106.8413 288.9243 187.0661 205.1111 336.1446 1212.3119 237.3104 444.4761 261.6178 115.6878 342.1755 177.0554 266.3293 1224.9401;
	3.795 51.2788 87.5231 110.5635 14.5117 32.1017 21.244 17.881 26.0917 28.4339 52.5596 78.4086 118.0437 67.0395 195.9689 73.8302 91.6041 97.073 86.8778 71.54 7.0813 74.904 71.4623 84.9475 96.9235 72.6424 13.1935 1238.8155 770.2388 770.2388 646.4637 94.1052 289.5928 184.1443 210.1777 328.6352 1275.4034 246.6206 422.6328 259.6165 117.8114 356.115 183.7945 260.8452 1288.6889;
	3.7349 50.4662 88.5585 109.8145 14.7685 30.5078 21.5629 17.6784 25.8414 28.502 52.6855 78.5965 118.3265 66.1412 192.0068 72.3374 89.752 95.1103 85.1024 71.0564 7.1876 71.1848 70.4023 85.631 96.823 70.19 13.3232 1244.611 720.0546 720.0546 601.827 103.054 283.6747 182.8994 207.3614 307.2233 1220.7001 255.5253 417.8203 259.3472 115.6539 338.4328 147.9184 274.5757 1233.4158;
	3.7159 50.2102 89.9323 111.1589 14.6963 31.2309 29.513 17.6088 26.659 29.3835 54.3149 81.0271 121.9859 66.9003 200.4458 75.5168 93.6968 99.2906 89.6728 73.2218 9.8377 72.8721 73.4882 84.3909 97.7897 71.2491 13.3103 1189.2937 728.829 728.829 644.1549 105.1632 298.9094 188.4732 209.7414 310.967 1202.0396 266.8465 467.0552 261.9367 123.1415 346.4549 172.0271 263.6277 1214.5608;
	3.712 50.1577 86.8822 112.0136 14.2204 32.1795 28.6974 17.6674 27.3926 28.8217 53.2765 79.4781 119.6538 67.8137 205.3886 77.379 96.0072 101.739 89.3307 73.1632 9.5658 75.0854 73.1291 84.4685 96.9196 69.4554 13.103 1271.0757 749.953 749.953 681.4629 107.8522 297.7691 188.3222 212.605 319.9799 1213.0427 264.0986 466.6332 259.6061 121.1057 356.9776 163.0829 262.6072 1225.6786;
	3.7303 50.4043 88.4274 110.5146 14.1159 32.0015 30.2989 18.2213 27.5012 30.2605 55.936 83.4456 125.6268 66.2303 205.6251 77.4681 96.1178 101.8562 91.9011 73.8582 10.0996 74.6702 74.1783 85.055 98.3388 70.0248 13.2538 1260.2238 743.5583 743.5583 676.4684 106.3705 306.337 190.1113 207.6408 317.2516 1237.198 286.5406 471.3828 263.4074 119.9005 355.0032 148.9986 258.4493 1250.0855;
	3.8589 52.1422 92.1975 116.1534 14.4464 32.5929 28.4136 18.8735 27.6101 30.3128 56.0327 83.5898 125.844 69.1709 205.0568 77.254 95.8521 101.5747 90.9464 73.6353 9.4712 76.05 74.8185 89.5377 104.2135 74.1727 13.6802 1328.2766 776.0481 776.0481 690.2836 109.118 303.1548 189.5375 216.8601 331.1139 1294.0619 293.1596 461.3626 279.1433 122.3147 361.5634 156.912 271.4925 1307.5417;
	3.915 52.9008 91.214 111.0094 15.1537 32.3152 29.9718 17.9659 27.3685 29.7755 55.0396 82.1083 123.6136 69.8282 203.2473 76.5722 95.0063 100.6783 91.0524 73.3116 9.9906 75.4021 72.4898 88.6304 101.976 70.5586 13.0486 1311.997 809.8967 809.8967 740.2267 114.7733 303.5081 188.7043 218.921 345.5559 1317.3806 318.7185 462.8827 273.15 121.0618 358.483 200.76 268.7049 1331.1033;
	3.9249 53.0338 94.006 117.7053 15.351 32.9123 24.7408 18.5711 27.9181 29.3377 54.2303 80.9009 121.7959 69.4561 199.8304 75.2849 93.4091 98.9857 91.4102 69.9435 8.2469 76.7953 73.3837 89.8761 104.5444 69.7954 13.5987 1330.4757 845.0706 845.0706 763.6985 117.1541 304.7006 180.0348 217.7541 360.5635 1325.4197 335.9976 465.8439 280.0297 121.841 365.1069 208.3482 271.7448 1339.2262;
	3.9035 52.7448 93.0445 119.2638 15.041 32.7205 27.223 18.394 28.2287 30.5969 56.558 84.3734 127.0237 69.5821 201.3138 75.8438 94.1025 99.7206 90.5744 71.9907 9.0743 76.3478 74.124 88.8015 102.6787 69.0321 13.6998 1349.3634 845.7838 845.7838 798.3936 114.7825 301.9147 185.3042 218.1493 360.8677 1352.4035 339.6027 474.4394 275.0322 122.2436 362.9793 212.163 272.5675 1366.4911;
	3.8993 52.6883 93.7542 120.6698 15.2021 32.4505 26.6288 18.1268 28.1839 29.893 55.2568 82.4322 124.1013 69.42 200.142 75.4024 93.5548 99.1401 90.8636 71.8377 8.8763 75.7179 75.1008 89.3636 102.75 63.7873 13.4465 1313.4589 808.4165 808.4165 785.5485 117.343 302.8786 184.9104 217.6411 344.9244 1315.15 332.1349 476.775 275.2232 122.0446 359.9847 208.7389 271.1254 1328.8495;
	3.9218 52.9921 94.607 119.985 15.2713 33.6029 28.4631 18.1942 28.4015 30.5055 56.389 84.1212 126.644 69.7624 201.9234 76.0735 94.3875 100.0225 90.4558 70.6604 9.4877 78.4067 74.9288 87.7979 103.6834 70.8657 13.5701 1303.3769 826.7161 826.7161 797.4643 114.6164 301.5195 181.8802 218.7147 352.7322 1321.1729 343.3526 475.7802 277.7234 122.5717 372.7677 215.9379 272.1501 1334.9351;
	3.9227 53.0044 95.3289 119.3833 15.3734 34.0306 27.1343 18.2061 28.3731 29.9685 55.3963 82.6404 124.4146 69.4002 200.0969 75.3853 93.5337 99.1178 87.1695 72.1636 9.0448 79.4048 75.1911 87.6863 99.8897 72.0969 13.7105 1304.772 796.2306 796.2306 772.8337 115.079 290.5649 185.7493 217.5791 339.7251 1307.3921 326.6516 471.6039 267.5616 121.0788 377.5133 212.6455 281.1857 1321.0107;
	3.9291 53.0904 95.3152 120.6188 15.3568 34.4634 24.1636 18.9587 28.4085 29.6185 54.7493 81.6752 122.9616 69.5683 193.2412 72.8025 90.329 95.7218 86.4289 71.4951 8.0545 80.4147 74.7528 89.314 102.143 75.0684 14.1212 1347.9219 781.9971 781.9971 747.687 113.1997 288.0963 184.0286 218.1062 333.6521 1298.8664 318.1216 463.6949 273.5973 123.2402 382.3144 207.7804 284.0767 1312.3963;
	3.9222 52.9974 94.7547 120.3022 15.0293 33.4748 24.8266 18.7474 28.314 29.5748 54.6686 81.5548 122.7803 69.6506 189.148 71.2604 88.4157 93.6943 85.8475 71.01 8.2755 78.1078 73.5959 88.222 101.9874 73.206 13.5669 1303.58 785.8912 785.8912 715.5405 110.1805 286.1584 182.7798 218.364 335.3136 1241.8451 302.2632 467.4976 273.1804 123.6504 371.3469 203.9499 281.8794 1254.781;
	3.9278 53.0729 94.7242 115.7266 15.0404 33.4871 22.5229 18.0352 27.9511 28.3369 52.3802 78.141 117.6409 69.9087 199.7316 75.2477 93.3629 98.9368 87.8501 71.4567 7.5076 78.1367 71.6156 86.5366 100.118 59.5172 12.7813 1297.8666 777.5049 777.5049 676.157 111.1025 292.8338 183.9296 219.1733 331.7354 1244.7242 314.7965 468.2037 268.1733 121.3844 371.484 201.1307 267.3435 1257.6901;
	3.9323 53.1342 95.0209 117.2349 15.3217 32.4032 20.7881 14.1398 28.0399 29.0811 53.756 80.1934 120.7308 69.9757 194.7695 73.3783 91.0434 96.4788 88.9526 70.0199 6.9294 75.6075 72.043 86.642 101.4016 70.5061 11.0652 1273.7075 731.2594 731.2594 650.1014 106.7687 296.5086 180.2313 219.3833 312.004 1250.9851 290.692 469.3096 271.6115 120.9402 359.4597 200.5926 254.2783 1264.0162;
