function solarprofile = ex_solar_profilesh1
%EX_WIND_PROFILE_D  Example wind_load_nyiso profile data for deterministic unit commitment.
% 2022.03.12
% Andres F. Ramirez


%% define constants
[GEN_BUS, PG, QG, QMAX, QMIN, VG, MBASE, GEN_STATUS, PMAX, PMIN, ...
    MU_PMAX, MU_PMIN, MU_QMAX, MU_QMIN, PC1, PC2, QC1MIN, QC1MAX, ...
    QC2MIN, QC2MAX, RAMP_AGC, RAMP_10, RAMP_30, RAMP_Q, APF] = idx_gen;
[CT_LABEL, CT_PROB, CT_TABLE, CT_TBUS, CT_TGEN, CT_TBRCH, CT_TAREABUS, ...
    CT_TAREAGEN, CT_TAREABRCH, CT_ROW, CT_COL, CT_CHGTYPE, CT_REP, ...
    CT_REL, CT_ADD, CT_NEWVAL, CT_TLOAD, CT_TAREALOAD, CT_LOAD_ALL_PQ, ...
    CT_LOAD_FIX_PQ, CT_LOAD_DIS_PQ, CT_LOAD_ALL_P, CT_LOAD_FIX_P, ...
    CT_LOAD_DIS_P, CT_TGENCOST, CT_TAREAGENCOST, CT_MODCOST_F, ...
    CT_MODCOST_X] = idx_ct;

solarprofile = struct( ...
    'type', 'mpcData', ...
    'table', CT_TGEN, ...
    'rows', [1:12], ...
    'col', PMAX, ...
    'chgtype', 1, ...
    'values', [] );
solarprofile.values(:,1,:) = [
	0.0 0.0 0.0 0.0 0.0 0.0 0.0 0.0 0.0 0.0 0.0 0.0;
	0.0 0.0 0.0 0.0 0.0 0.0 0.0 0.0 0.0 0.0 0.0 0.0;
	0.0 0.0 0.0 0.0 0.0 0.0 0.0 0.0 0.0 0.0 0.0 0.0;
	0.0 0.0 0.0 0.0 0.0 0.0 0.0 0.0 0.0 0.0 0.0 0.0;
	0.0 0.0 0.0 0.0 0.0 0.0 0.0 0.0 0.0 0.0 0.0 0.0;
	1.0295 0.8435 0.7614 0.0 0.0 10.6404 1.33 4.2549 0.4191 0.0 0.0 0.0;
	3.4531 3.0934 2.7366 1.3081 4.1507 197.5213 24.6902 27.2785 105.4927 147.2119 19.4091 266.6016;
	19.4547 16.5429 12.8122 3.3536 4.8666 295.1115 36.8889 61.7204 165.6134 251.6 44.3607 455.6491;
	24.979 17.2071 14.1039 6.6016 4.4365 346.8082 43.351 69.2104 194.6016 284.0776 79.0137 514.4662;
	25.2049 16.3661 13.8 5.0774 5.068 356.9746 44.6218 60.4854 208.0742 129.4803 41.0571 234.4896;
	22.6466 16.1654 13.7583 6.2126 7.7428 347.4423 43.4303 56.1717 205.209 155.1076 87.5845 280.9008;
	21.745 15.6679 13.6663 6.9356 9.2982 322.2999 40.2875 56.1827 198.3015 223.1979 146.2687 404.2128;
	22.7061 15.9262 13.4455 5.2183 9.3215 302.5485 37.8186 64.0427 169.39 250.7977 109.9145 454.1961;
	20.4101 15.7059 13.1916 3.7235 8.9299 309.3473 38.6684 64.6298 166.0151 230.1792 83.2499 416.8559;
	14.0548 11.738 8.8409 1.9448 8.8979 288.9971 36.1246 60.4962 159.4819 137.0227 41.6526 248.1489;
	5.4084 2.4605 1.6736 1.9921 10.6916 160.7935 20.0992 35.2594 164.3779 41.8219 22.0281 75.7397;
	1.6491 1.0935 0.8423 1.1452 2.2601 62.7398 7.8425 14.0133 39.9461 16.5077 13.6427 29.8955;
	0.0 0.0 0.0 0.0 0.0 0.0 0.0 0.0 0.0 0.0 0.0 0.0;
	0.0 0.0 0.0 0.0 0.0 0.0 0.0 0.0 0.0 0.0 0.0 0.0;
	0.0 0.0 0.0 0.0 0.0 0.0 0.0 0.0 0.0 0.0 0.0 0.0;
	0.0 0.0 0.0 0.0 0.0 0.0 0.0 0.0 0.0 0.0 0.0 0.0;
	0.0 0.0 0.0 0.0 0.0 0.0 0.0 0.0 0.0 0.0 0.0 0.0;
	0.0 0.0 0.0 0.0 0.0 0.0 0.0 0.0 0.0 0.0 0.0 0.0;
	0.0 0.0 0.0 0.0 0.0 0.0 0.0 0.0 0.0 0.0 0.0 0.0;
];
