function loadprofile = ex_load_profilesh1
%EX_LOAD_PROFILE  Example load profile data file for stochastic unit commitment.
% 2022.03.12
% Andres F. Ramirez

%% define constants
[CT_LABEL, CT_PROB, CT_TABLE, CT_TBUS, CT_TGEN, CT_TBRCH, CT_TAREABUS, ...
    CT_TAREAGEN, CT_TAREABRCH, CT_ROW, CT_COL, CT_CHGTYPE, CT_REP, ...
    CT_REL, CT_ADD, CT_NEWVAL, CT_TLOAD, CT_TAREALOAD, CT_LOAD_ALL_PQ, ...
    CT_LOAD_FIX_PQ, CT_LOAD_DIS_PQ, CT_LOAD_ALL_P, CT_LOAD_FIX_P, ...
    CT_LOAD_DIS_P, CT_TGENCOST, CT_TAREAGENCOST, CT_MODCOST_F, ...
    CT_MODCOST_X] = idx_ct;

loadprofile = struct( ...
    'type', 'mpcData', ...
    'table', CT_TAREALOAD, ...
    'rows', [1:11], ...
    'col', CT_LOAD_ALL_P, ...
    'chgtype', 1, ...
    'values', [] );
loadprofile.values(:,1,:) = [
	1525.0613 824.2853 1377.6934 533.5989 701.4429 1009.0238 824.1 247.0929 508.0845 4386.0898 1734.394;
	1514.7284 810.9921 1380.403 537.3124 705.1572 983.6587 784.9309 225.6393 479.5042 4218.716 1660.8645;
	1493.2 827.3068 1434.4997 538.7771 716.6 1033.9259 795.7647 237.6072 485.673 4253.3529 1672.2447;
	1488.2769 825.1209 1444.3865 534.0059 728.3912 1056.6879 811.0 239.7475 500.1 4323.3792 1707.8399;
	1558.1 900.8748 1554.6055 541.495 789.1239 1148.7924 873.6274 265.1024 545.1 4516.4254 1847.2689;
	1624.9618 976.9761 1673.619 543.1324 857.3894 1202.0527 944.5 292.7 581.3597 4695.686 1968.4;
	1685.0223 1019.59 1760.5742 565.6481 896.2881 1249.624 996.8286 294.4781 611.1004 4938.4549 2046.3504;
	1758.3017 1055.5617 1799.1852 552.7295 900.5066 1292.2606 994.4282 270.6706 616.4 4788.5881 2028.2264;
	1780.4 1061.2031 1811.855 558.7787 925.2849 1286.8542 1010.9043 277.9144 633.4 5076.3393 2071.8691;
	1796.3 1053.0351 1815.871 543.5386 915.3064 1293.8 993.6 278.3 638.3211 4990.564 1979.6;
	1724.9111 1016.4036 1752.7304 533.0991 905.3988 1187.4703 947.5638 276.5782 614.5467 5039.1625 1893.3992;
	1712.4633 1016.4176 1724.0455 526.0669 933.1068 1228.4827 954.1645 286.5949 643.5356 5179.0014 2000.4366;
	1726.6375 1018.944 1680.711 539.3638 871.7702 1248.4701 942.7447 294.1718 628.6583 5147.2377 1997.6282;
	1743.5945 1004.2677 1703.7509 515.0353 902.6912 1263.5984 983.1764 303.6504 643.9 5218.8115 2052.3287;
	1751.5598 1048.2384 1762.3743 521.2681 923.8091 1322.2207 1023.9392 317.231 714.6545 5313.3037 2184.9728;
	1775.3367 1089.4056 1851.4329 482.1157 979.2072 1366.771 1079.9933 315.0 690.0 5388.173 2371.3704;
	1757.6573 1091.3954 1845.9691 528.3688 994.9037 1399.4841 1089.279 321.2694 653.0553 5429.8899 2585.3806;
	1814.6863 1128.5457 1879.8927 535.4119 1014.129 1420.3389 1118.6955 318.2424 676.4197 5523.9695 2561.3706;
	1828.2151 1146.3 1893.4715 541.7973 1016.3216 1386.08 1110.6656 320.6956 680.8205 5457.7538 2474.3225;
	1789.143 1092.4959 1827.8403 543.891 985.8914 1348.1514 1076.3325 337.5 667.0 5310.7186 2340.2437;
	1736.75 1031.1377 1771.0505 545.5848 937.0784 1276.9392 1044.7983 324.4644 638.3348 5235.0343 2281.5708;
	1632.2064 993.3 1700.8882 533.7762 866.2411 1245.5654 970.9 296.4306 598.7154 4993.5242 2056.8833;
	1615.4472 951.8358 1625.714 543.0023 817.4 1198.7941 949.2 271.4 556.4222 4880.8386 1978.3355;
	1583.8188 927.982 1598.2061 557.536 796.2911 1167.9609 929.655 267.027 540.8 4719.3144 1929.0066;
];
