function loadprofile = ex_load_profilesh1
%EX_LOAD_PROFILE  Example load profile data file for stochastic unit commitment.
% 2022.03.12
% Andres F. Ramirez

%% define constants
[CT_LABEL, CT_PROB, CT_TABLE, CT_TBUS, CT_TGEN, CT_TBRCH, CT_TAREABUS, ...
    CT_TAREAGEN, CT_TAREABRCH, CT_ROW, CT_COL, CT_CHGTYPE, CT_REP, ...
    CT_REL, CT_ADD, CT_NEWVAL, CT_TLOAD, CT_TAREALOAD, CT_LOAD_ALL_PQ, ...
    CT_LOAD_FIX_PQ, CT_LOAD_DIS_PQ, CT_LOAD_ALL_P, CT_LOAD_FIX_P, ...
    CT_LOAD_DIS_P, CT_TGENCOST, CT_TAREAGENCOST, CT_MODCOST_F, ...
    CT_MODCOST_X] = idx_ct;

loadprofile = struct( ...
    'type', 'mpcData', ...
    'table', CT_TAREALOAD, ...
    'rows', [1:11], ...
    'col', CT_LOAD_ALL_P, ...
    'chgtype', 1, ...
    'values', [] );
loadprofile.values(:,1,:) = [
	1478.3 865.3158 1568.6644 540.5217 712.8375 1050.6342 809.343 282.9166 465.3093 4610.156 1683.4312;
	1482.0138 856.5 1555.9985 539.7393 714.6498 1063.2578 821.1059 264.2589 462.3667 4566.8604 1651.4923;
	1434.1 857.1376 1528.7437 539.6426 695.7831 1034.0939 792.397 254.6548 453.5909 4448.4211 1646.0919;
	1515.2084 889.7553 1590.4362 556.4507 752.7 1056.547 835.1462 271.7471 467.7155 4575.8118 1691.3;
	1580.9984 945.9 1697.1027 558.2611 819.4598 1127.0 863.6 287.0404 467.0279 4618.59 1769.6232;
	1679.6438 1021.0 1838.2252 555.4913 891.3023 1227.2082 939.4834 315.8738 497.7041 4919.1082 1868.1234;
	1710.5639 1053.8292 1937.766 570.7 951.1219 1309.4884 1008.2917 319.9324 570.627 5210.5695 2039.7467;
	1746.2 1122.6 2010.2306 577.946 990.5459 1350.0398 1064.8064 345.5781 606.3 5798.513 2167.996;
	1782.1689 1147.3798 2007.4971 583.6428 973.3414 1378.6897 1066.2064 327.0701 619.8889 5762.1461 2176.4921;
	1748.7566 1119.7421 2000.3058 588.7718 941.4944 1359.7229 1044.8059 305.1409 628.5482 5841.5285 2155.8867;
	1719.9679 1089.1141 1938.2714 581.613 906.0858 1296.419 1021.2969 291.8 606.7683 5663.5294 2086.2724;
	1716.0517 1077.3701 1890.6055 567.0379 937.4592 1282.3 1003.6808 292.6 606.1462 5606.3265 2038.1896;
	1683.9462 1059.8619 1898.244 549.7259 917.9016 1218.1459 978.227 291.9841 603.4278 5566.7601 1981.5356;
	1707.77 1043.6267 1875.0738 545.8331 889.8402 1209.9931 975.5 270.389 587.349 5418.8935 1952.8847;
	1676.6939 1027.0127 1830.5246 551.9742 892.3217 1218.5666 995.7583 281.3 599.5833 5525.1258 2038.3487;
	1750.0052 1066.479 1857.0786 552.2929 903.3928 1277.9365 997.7398 291.0628 603.5 5463.7228 2092.8486;
	1777.2669 1102.0 1882.9591 570.1793 918.6 1348.9258 1037.1615 310.2 624.6136 5579.6073 2176.4878;
	1837.26 1142.534 1912.3 587.1172 945.0575 1405.213 1085.0844 301.2 637.5913 5629.7351 2246.9446;
	1903.9976 1158.7466 1960.1194 590.0936 988.9 1413.1 1084.1 320.4164 630.8134 5528.5878 2232.7547;
	1858.6776 1114.1 1909.5 583.1 972.1677 1367.0031 1054.192 295.7 631.5 5420.6482 2136.3428;
	1788.0743 1046.0419 1762.1185 547.9 899.8044 1280.675 1018.1554 270.7267 617.971 5189.473 2055.5404;
	1701.9181 973.6716 1668.7 533.5434 847.7182 1205.9546 957.5554 268.0 587.7 4958.8742 1929.0;
	1660.8168 958.6 1670.7032 585.0099 860.0213 1188.1895 929.7418 255.1 566.4 4888.2053 1836.9677;
	1595.1014 915.8099 1637.8685 584.4 806.8559 1164.9906 927.3561 242.3343 536.0024 4778.009 1752.0751;
];
