function solarprofile = ex_solar_profilesh1
%EX_WIND_PROFILE_D  Example wind_load_nyiso profile data for deterministic unit commitment.
% 2022.03.12
% Andres F. Ramirez


%% define constants
[GEN_BUS, PG, QG, QMAX, QMIN, VG, MBASE, GEN_STATUS, PMAX, PMIN, ...
    MU_PMAX, MU_PMIN, MU_QMAX, MU_QMIN, PC1, PC2, QC1MIN, QC1MAX, ...
    QC2MIN, QC2MAX, RAMP_AGC, RAMP_10, RAMP_30, RAMP_Q, APF] = idx_gen;
[CT_LABEL, CT_PROB, CT_TABLE, CT_TBUS, CT_TGEN, CT_TBRCH, CT_TAREABUS, ...
    CT_TAREAGEN, CT_TAREABRCH, CT_ROW, CT_COL, CT_CHGTYPE, CT_REP, ...
    CT_REL, CT_ADD, CT_NEWVAL, CT_TLOAD, CT_TAREALOAD, CT_LOAD_ALL_PQ, ...
    CT_LOAD_FIX_PQ, CT_LOAD_DIS_PQ, CT_LOAD_ALL_P, CT_LOAD_FIX_P, ...
    CT_LOAD_DIS_P, CT_TGENCOST, CT_TAREAGENCOST, CT_MODCOST_F, ...
    CT_MODCOST_X] = idx_ct;

solarprofile = struct( ...
    'type', 'mpcData', ...
    'table', CT_TGEN, ...
    'rows', [1:12], ...
    'col', PMAX, ...
    'chgtype', 1, ...
    'values', [] );
solarprofile.values(:,1,:) = [
	0.0 0.0 0.0 0.0 0.0 0.0 0.0 0.0 0.0 0.0 0.0 0.0;
	0.0 0.0 0.0 0.0 0.0 0.0 0.0 0.0 0.0 0.0 0.0 0.0;
	0.0 0.0 0.0 0.0 0.0 0.0 0.0 0.0 0.0 0.0 0.0 0.0;
	0.0 0.0 0.0 0.0 0.0 0.0 0.0 0.0 0.0 0.0 0.0 0.0;
	0.0 0.0 0.0 0.0 0.0 0.0 0.0 0.0 0.0 0.0 0.0 0.0;
	1.04 0.8528 0.7767 0.0 0.0 9.4835 1.1854 4.1882 0.4191 0.0 0.0 0.0;
	7.3936 3.6834 3.0853 3.0619 4.5797 227.3705 28.4213 39.0394 104.7357 71.292 36.0844 129.1103;
	12.3361 5.0216 3.5777 8.4182 5.768 399.5877 49.9485 51.9127 194.1332 98.6512 64.9299 178.6578;
	22.8531 15.5748 13.0898 10.7202 5.9708 431.9532 53.9942 57.6126 224.7561 115.7073 91.4268 209.5466;
	26.5158 16.9605 14.1938 9.2568 4.2508 371.8231 46.4779 53.9883 180.8344 91.798 117.546 166.2467;
	26.292 16.7953 13.9903 8.2732 5.0549 340.7842 42.598 52.4183 195.2151 63.3626 145.5038 114.7501;
	25.6544 16.5214 13.8 7.4763 5.0946 306.2996 38.2875 48.6929 195.2528 51.0416 148.415 92.4367;
	22.4647 15.8565 13.1981 6.1229 2.3606 219.1237 27.3905 35.5713 102.7046 39.648 62.6061 71.8028;
	20.329 15.455 12.7566 4.5971 1.7135 198.9536 24.8692 37.3828 62.3163 59.2613 36.041 107.3226;
	15.6627 13.8012 10.3619 3.2931 1.2281 152.6021 19.0753 38.5367 46.4481 92.024 35.5922 166.656;
	7.5088 7.403 5.1762 2.1891 1.7048 75.3435 9.4179 29.3134 71.1371 59.377 42.977 107.532;
	1.1859 0.9651 0.7462 0.8846 1.1047 63.7351 7.9669 11.6697 41.5991 15.4479 13.9905 27.9762;
	0.0 0.0 0.0 0.0 0.0 0.0 0.0 0.0 0.0 0.0 0.0 0.0;
	0.0 0.0 0.0 0.0 0.0 0.0 0.0 0.0 0.0 0.0 0.0 0.0;
	0.0 0.0 0.0 0.0 0.0 0.0 0.0 0.0 0.0 0.0 0.0 0.0;
	0.0 0.0 0.0 0.0 0.0 0.0 0.0 0.0 0.0 0.0 0.0 0.0;
	0.0 0.0 0.0 0.0 0.0 0.0 0.0 0.0 0.0 0.0 0.0 0.0;
	0.0 0.0 0.0 0.0 0.0 0.0 0.0 0.0 0.0 0.0 0.0 0.0;
	0.0 0.0 0.0 0.0 0.0 0.0 0.0 0.0 0.0 0.0 0.0 0.0;
];
