function solarprofile = ex_solar_profilesh1
%EX_WIND_PROFILE_D  Example wind_load_nyiso profile data for deterministic unit commitment.
% 2022.03.12
% Andres F. Ramirez


%% define constants
[GEN_BUS, PG, QG, QMAX, QMIN, VG, MBASE, GEN_STATUS, PMAX, PMIN, ...
    MU_PMAX, MU_PMIN, MU_QMAX, MU_QMIN, PC1, PC2, QC1MIN, QC1MAX, ...
    QC2MIN, QC2MAX, RAMP_AGC, RAMP_10, RAMP_30, RAMP_Q, APF] = idx_gen;
[CT_LABEL, CT_PROB, CT_TABLE, CT_TBUS, CT_TGEN, CT_TBRCH, CT_TAREABUS, ...
    CT_TAREAGEN, CT_TAREABRCH, CT_ROW, CT_COL, CT_CHGTYPE, CT_REP, ...
    CT_REL, CT_ADD, CT_NEWVAL, CT_TLOAD, CT_TAREALOAD, CT_LOAD_ALL_PQ, ...
    CT_LOAD_FIX_PQ, CT_LOAD_DIS_PQ, CT_LOAD_ALL_P, CT_LOAD_FIX_P, ...
    CT_LOAD_DIS_P, CT_TGENCOST, CT_TAREAGENCOST, CT_MODCOST_F, ...
    CT_MODCOST_X] = idx_ct;

solarprofile = struct( ...
    'type', 'mpcData', ...
    'table', CT_TGEN, ...
    'rows', [1:12], ...
    'col', PMAX, ...
    'chgtype', 1, ...
    'values', [] );
solarprofile.values(:,1,:) = [
	0.0 0.0 0.0 0.0 0.0 0.0 0.0 0.0 0.0 0.0 0.0 0.0;
	0.0 0.0 0.0 0.0 0.0 0.0 0.0 0.0 0.0 0.0 0.0 0.0;
	0.0 0.0 0.0 0.0 0.0 0.0 0.0 0.0 0.0 0.0 0.0 0.0;
	0.0 0.0 0.0 0.0 0.0 0.0 0.0 0.0 0.0 0.0 0.0 0.0;
	0.0 0.0 0.0 0.0 0.0 0.0 0.0 0.0 0.0 0.0 0.0 0.0;
	1.1001 0.9387 0.7778 0.0 0.0 9.4835 1.1854 4.7466 0.4191 0.0 0.0 0.0;
	9.383 11.9213 7.9539 1.1386 4.4508 246.589 30.8236 29.7439 83.3842 31.2306 10.632 56.5588;
	21.2973 16.8671 14.0007 2.1029 6.6645 357.9697 44.7462 49.596 90.2775 164.3456 72.304 297.6308;
	24.9443 17.1237 14.3617 4.569 7.9033 395.1487 49.3936 54.4585 86.4075 271.3334 126.164 491.3864;
	26.0838 17.2428 14.3718 4.2981 9.5675 378.0248 47.2531 35.2918 59.6779 222.6983 127.4915 403.308;
	26.1158 17.2909 14.2853 5.3042 11.0329 376.3598 47.045 47.0451 69.849 263.3281 120.2043 476.8888;
	26.002 16.9207 14.0817 5.9656 10.7369 371.907 46.4884 56.8785 72.2712 284.4506 130.2283 515.1417;
	25.16 16.0018 13.4807 5.0816 7.1564 327.7959 40.9745 65.7178 50.5218 176.2284 117.6248 319.1506;
	22.684 15.938 13.3191 4.275 6.0302 318.7255 39.8407 64.5743 59.9968 132.527 118.9728 240.0072;
	15.9933 13.1343 10.4068 3.8252 6.1916 302.9697 37.8712 61.508 70.2549 86.9831 93.2014 157.527;
	4.9195 7.0535 4.5537 4.9874 8.0435 270.4031 33.8004 51.393 105.1491 45.2666 45.2452 81.9782;
	1.2026 1.0569 0.7956 1.5016 2.0486 86.1297 10.7662 18.2519 33.6891 37.8476 14.7626 68.5422;
	0.0 0.0 0.0 0.0 0.0 0.0 0.0 0.0 0.0 0.0 0.0 0.0;
	0.0 0.0 0.0 0.0 0.0 0.0 0.0 0.0 0.0 0.0 0.0 0.0;
	0.0 0.0 0.0 0.0 0.0 0.0 0.0 0.0 0.0 0.0 0.0 0.0;
	0.0 0.0 0.0 0.0 0.0 0.0 0.0 0.0 0.0 0.0 0.0 0.0;
	0.0 0.0 0.0 0.0 0.0 0.0 0.0 0.0 0.0 0.0 0.0 0.0;
	0.0 0.0 0.0 0.0 0.0 0.0 0.0 0.0 0.0 0.0 0.0 0.0;
	0.0 0.0 0.0 0.0 0.0 0.0 0.0 0.0 0.0 0.0 0.0 0.0;
];
