function windprofile = ex_wind_profilesh1
%EX_WIND_PROFILE_D  Example wind_load_nyiso profile data for deterministic unit commitment.
% 2022.03.12
% Andres F. Ramirez


%% define constants
[GEN_BUS, PG, QG, QMAX, QMIN, VG, MBASE, GEN_STATUS, PMAX, PMIN, ...
    MU_PMAX, MU_PMIN, MU_QMAX, MU_QMIN, PC1, PC2, QC1MIN, QC1MAX, ...
    QC2MIN, QC2MAX, RAMP_AGC, RAMP_10, RAMP_30, RAMP_Q, APF] = idx_gen;
[CT_LABEL, CT_PROB, CT_TABLE, CT_TBUS, CT_TGEN, CT_TBRCH, CT_TAREABUS, ...
    CT_TAREAGEN, CT_TAREABRCH, CT_ROW, CT_COL, CT_CHGTYPE, CT_REP, ...
    CT_REL, CT_ADD, CT_NEWVAL, CT_TLOAD, CT_TAREALOAD, CT_LOAD_ALL_PQ, ...
    CT_LOAD_FIX_PQ, CT_LOAD_DIS_PQ, CT_LOAD_ALL_P, CT_LOAD_FIX_P, ...
    CT_LOAD_DIS_P, CT_TGENCOST, CT_TAREAGENCOST, CT_MODCOST_F, ...
    CT_MODCOST_X] = idx_ct;

windprofile = struct( ...
    'type', 'mpcData', ...
    'table', CT_TGEN, ...
    'rows', [1:45], ...
    'col', PMAX, ...
    'chgtype', 1, ...
    'values', [] );
windprofile.values(:,1,:) = [
	3.8311 51.7662 88.2397 113.8727 15.2847 34.4077 29.7557 18.4235 27.9335 28.0299 51.8128 77.2945 116.3665 68.2917 198.0514 74.6147 92.5775 98.1045 86.1833 73.3687 9.9186 80.2847 73.7179 83.3061 100.6855 73.2721 13.1199 1282.1416 801.8273 801.8273 545.8315 105.6067 287.2776 188.8513 214.1038 342.113 1291.219 221.2674 473.022 269.6932 121.973 381.6964 210.5954 276.3512 1304.6692;
	3.8246 51.6794 92.3456 115.2061 15.3265 34.0983 26.6572 18.2157 27.7456 29.2354 54.0411 80.6188 121.3711 68.3353 194.7014 73.3526 91.0116 96.4451 86.6059 73.0677 8.8857 79.5626 73.0801 85.7199 100.3263 74.0954 12.9763 1267.7849 780.2362 780.2362 577.569 98.2868 288.6864 188.0765 214.2404 332.9008 1245.0241 206.9739 471.8421 268.7311 122.6386 378.2635 197.3904 269.0981 1257.9931;
	3.7594 50.7973 92.1306 114.4043 15.2311 34.2842 21.6543 17.9093 27.1988 30.145 55.7225 83.127 125.1473 65.5592 196.6145 74.0734 91.9058 97.3927 89.2579 71.9356 7.2181 79.9964 74.1943 85.6551 98.9433 75.3584 13.364 1251.9711 778.1876 778.1876 632.1513 100.8005 297.5263 185.1625 205.5368 332.0267 1273.086 218.2688 436.7248 265.0266 122.3579 380.326 194.1673 264.0927 1286.3473;
	3.6348 49.1144 91.552 111.4069 14.815 33.4738 23.4182 17.6191 26.86 30.5205 56.4166 84.1625 126.7061 66.223 190.6904 71.8415 89.1367 94.4583 86.0589 71.3856 7.8061 78.1055 74.7874 85.8571 98.1068 72.9281 13.3409 1282.6536 754.4041 754.4041 613.8831 102.7049 286.863 183.7468 207.6179 321.8791 1276.3227 232.6454 439.7532 262.7861 121.9266 371.3357 154.8647 270.3415 1289.6177;
	3.7359 50.4797 94.4538 113.7367 14.9975 34.2348 29.6525 18.4453 27.7105 31.0715 57.4352 85.6821 128.9939 64.5992 194.8408 73.4051 91.0767 96.5142 89.2442 72.3745 9.8842 79.8812 75.2955 84.6685 100.4896 75.1267 13.7041 1232.8038 751.1318 751.1318 644.4069 105.8983 297.4807 186.2922 202.5273 320.4829 1222.8829 234.1329 468.1067 269.1687 119.8908 379.7779 192.2161 275.6701 1235.6213;
	3.856 52.1028 94.8033 116.9293 15.3908 34.5832 28.4098 17.8589 27.8901 30.5574 56.485 84.2644 126.8597 65.558 196.5815 74.0609 91.8904 97.3764 89.5216 70.7476 9.4699 80.6941 74.2103 84.611 97.9114 75.6214 13.5398 1225.9605 750.3102 750.3102 677.79 109.039 298.4054 182.1046 205.5333 320.1323 1226.5545 232.0929 464.2433 262.2626 118.0986 383.643 182.3293 278.1205 1239.3311;
	3.8629 52.1965 93.6846 120.0559 15.377 35.0495 30.9146 17.9389 28.3008 30.9846 57.2745 85.4423 128.633 69.3097 199.2014 75.048 93.1151 98.6742 87.3204 71.922 10.3049 81.7822 74.978 85.8966 100.4421 74.2657 13.4783 1242.8732 766.8581 766.8581 719.1638 107.9518 291.0681 185.1275 217.2952 327.1928 1300.5317 275.7046 479.5484 269.0415 120.6482 388.8159 175.7956 271.9242 1314.0789;
	3.8355 51.8264 91.5735 117.3395 15.2222 35.0267 29.3797 17.3227 28.1484 30.6482 56.6527 84.5147 127.2364 69.7241 200.8631 75.674 93.8918 99.4973 89.6524 70.3215 9.7932 81.7289 74.7775 86.0701 97.3931 72.8025 12.5167 1323.7533 809.0207 809.0207 742.2092 115.8262 298.8414 181.0077 218.5946 345.1822 1335.1448 287.6359 477.9764 260.8742 117.3437 388.5626 193.5627 269.8672 1349.0525;
	3.7857 51.1532 89.2047 114.63 15.2471 34.7238 31.6221 17.2252 28.1126 30.8916 57.1026 85.1859 128.2469 69.4045 200.8273 75.6605 93.8751 99.4796 90.1436 70.6365 10.5407 81.0222 74.8276 85.1716 97.2889 71.4384 12.4184 1310.1797 796.2027 796.2027 755.4203 117.4857 300.4788 181.8185 217.5925 339.7132 1329.0015 295.384 478.4088 260.5954 118.7247 385.2028 213.2944 264.718 1342.8453;
	3.7553 50.7418 90.3723 113.0652 14.9919 34.7818 26.9289 17.0496 27.7449 30.6163 56.5937 84.4267 127.1039 67.2612 198.5368 74.7976 92.8044 98.345 86.7879 69.5289 8.9763 81.1575 74.6249 86.2872 97.6117 70.1854 12.4178 1266.2268 820.6011 820.6011 768.1854 120.3179 289.2929 178.9675 210.8731 350.1231 1302.1199 317.3793 479.1807 261.46 119.3712 385.846 218.0426 260.4575 1315.6836;
	3.8531 52.0642 92.5596 116.2327 15.3678 34.5944 28.6286 17.7739 27.6083 31.3309 57.9146 86.3972 130.0705 65.5626 197.5621 74.4304 92.3488 97.8622 87.5131 70.9543 9.5429 80.7202 75.2056 85.6545 98.2118 70.7063 13.103 1279.9618 825.7619 825.7619 799.7452 121.6644 291.7104 182.6365 205.5477 352.3251 1322.1601 331.6293 475.7916 263.0672 116.314 383.7669 219.2156 264.3338 1335.9326;
	3.82 51.6165 92.4862 117.8727 15.3206 33.0748 26.5917 17.6489 27.261 30.022 55.4952 82.788 124.6368 64.4611 194.9625 73.451 91.1336 96.5744 83.2768 68.7061 8.8639 77.1744 73.7352 87.3254 97.7685 68.6962 13.0366 1252.6687 788.3892 788.3892 779.2503 121.2388 277.5894 176.8496 202.0943 336.3794 1273.273 322.9296 467.0032 261.88 117.8775 366.9092 213.8267 267.6158 1286.5363;
	3.8018 51.3707 93.4188 115.778 15.1646 32.9405 26.267 17.8369 27.1264 30.1105 55.6588 83.032 125.0042 65.0883 199.303 75.0862 93.1625 98.7245 86.6905 69.5803 8.7557 76.8611 73.3321 83.355 98.2701 73.1478 13.2139 1296.195 807.2662 807.2662 793.7693 121.837 288.9682 179.1 204.0606 344.4336 1323.9557 332.1974 450.9234 263.2236 119.1989 365.4199 211.9682 276.4332 1337.7469;
	3.7332 50.4439 91.6967 114.468 14.7437 32.6622 25.9356 17.585 28.014 29.5271 54.5805 81.4233 122.5824 63.9661 190.5382 71.7842 89.0655 94.3829 85.9652 70.9811 8.6452 76.2118 72.5307 84.4532 96.7917 71.9564 13.0849 1311.3794 793.2863 793.2863 794.6368 119.8085 286.5508 182.7055 200.5424 338.4688 1289.3352 325.2124 459.0598 259.2635 115.2342 362.3326 208.4643 270.496 1302.7657;
	3.7334 50.4467 91.1093 113.4521 14.4956 32.6934 22.3596 17.6211 26.7985 29.276 54.1162 80.7308 121.5397 64.1709 193.438 72.8767 90.421 95.8193 85.1376 70.7272 7.4532 76.2846 73.4809 86.6652 96.9718 70.6492 12.946 1295.8067 774.3405 774.3405 765.7657 121.7222 283.7921 182.052 201.1846 330.3853 1258.4655 316.3705 443.5993 259.746 118.297 362.6787 204.8443 274.6444 1271.5745;
	3.7558 50.7488 90.0041 113.7867 14.5826 33.6228 24.5354 17.8422 26.9378 30.3127 56.0326 83.5897 125.8438 63.8359 189.569 71.419 88.6125 93.9028 85.9203 72.287 8.1785 78.4533 69.8974 85.8706 97.6179 71.7286 12.5929 1258.3912 765.564 765.564 741.9459 122.191 286.4011 186.0669 200.1341 326.6406 1173.2107 300.4775 445.7907 261.4766 119.6812 372.9892 206.0676 277.9363 1185.4317;
	3.8252 51.6865 87.5779 107.6495 14.5179 32.1031 23.4827 17.5275 27.591 30.2022 55.8284 83.2849 125.385 63.3503 199.0981 75.0091 93.0668 98.623 88.3839 73.2343 7.8276 74.9073 70.9675 81.966 95.4595 57.308 11.0794 1239.4646 751.6394 751.6394 729.9534 122.5299 294.6129 188.5052 198.6116 320.6995 1196.1943 329.0592 447.1067 255.6952 110.6922 356.1305 200.21 259.223 1208.6546;
	3.8465 51.9744 87.2534 101.7636 15.2474 31.5258 19.6842 13.0311 26.6469 27.9928 51.7443 77.1923 116.2126 65.2948 200.1168 75.3928 93.5429 99.1276 87.9393 72.2226 6.5614 73.5603 69.6424 82.714 95.5532 70.9635 9.3549 1286.5313 738.8993 738.8993 705.5614 121.8755 293.131 185.9011 204.7081 315.2637 1234.7644 312.5354 444.3596 255.9459 112.354 349.7268 184.5154 232.5325 1247.6265;
