function loadprofile = ex_load_profilesh1
%EX_LOAD_PROFILE  Example load profile data file for stochastic unit commitment.
% 2022.03.12
% Andres F. Ramirez

%% define constants
[CT_LABEL, CT_PROB, CT_TABLE, CT_TBUS, CT_TGEN, CT_TBRCH, CT_TAREABUS, ...
    CT_TAREAGEN, CT_TAREABRCH, CT_ROW, CT_COL, CT_CHGTYPE, CT_REP, ...
    CT_REL, CT_ADD, CT_NEWVAL, CT_TLOAD, CT_TAREALOAD, CT_LOAD_ALL_PQ, ...
    CT_LOAD_FIX_PQ, CT_LOAD_DIS_PQ, CT_LOAD_ALL_P, CT_LOAD_FIX_P, ...
    CT_LOAD_DIS_P, CT_TGENCOST, CT_TAREAGENCOST, CT_MODCOST_F, ...
    CT_MODCOST_X] = idx_ct;

loadprofile = struct( ...
    'type', 'mpcData', ...
    'table', CT_TAREALOAD, ...
    'rows', [1:11], ...
    'col', CT_LOAD_ALL_P, ...
    'chgtype', 1, ...
    'values', [] );
loadprofile.values(:,1,:) = [
	1497.4293 849.6324 1459.8435 510.0494 673.6331 1098.2814 810.3816 217.7869 483.2164 4352.9973 1642.7384;
	1474.2154 849.2287 1467.2173 521.7418 691.1979 1102.8 821.5231 206.3676 480.9758 4252.5649 1628.5557;
	1484.8 860.9428 1486.6735 524.308 693.0995 1091.2976 815.7651 209.4 492.1144 4210.6621 1607.2;
	1536.1063 889.4038 1537.623 524.7 740.7703 1142.4738 840.1 231.5802 508.1393 4327.2924 1649.7924;
	1603.9642 923.9158 1629.0459 557.6342 798.3127 1174.8 870.5 244.4 534.3358 4502.3639 1740.9018;
	1653.7069 957.5631 1708.4 562.8962 891.5397 1211.1149 903.3136 265.6 548.4244 4682.9531 1799.6707;
	1697.4456 996.4785 1783.3249 573.3 946.4 1280.0959 970.5525 282.1 587.9 4998.3 1938.7;
	1780.1 1035.2131 1838.0774 546.6664 993.7 1325.7464 1036.6 308.3247 630.0251 5311.0108 2050.0653;
	1837.1879 1070.987 1872.5983 525.9537 1007.6 1308.1 1054.8 300.3026 656.2227 5436.4385 2060.103;
	1814.1 1045.6989 1814.1087 541.4619 965.9265 1269.7061 980.2655 296.9569 654.5222 5433.5863 2044.0245;
	1781.7167 1041.5644 1812.0523 551.564 958.7 1258.7011 1000.7027 299.1269 662.2123 5512.7492 2057.5791;
	1733.753 998.933 1741.6801 542.3 914.893 1210.5977 931.1361 268.7035 619.1 5295.2971 1936.4128;
	1736.0583 1000.6432 1693.269 536.45 887.8607 1187.4748 945.8254 282.4301 636.4443 5339.7 1978.6864;
	1719.5 929.7243 1681.1768 546.6923 897.0967 1162.4319 939.7464 278.3 627.4456 5351.3 1970.0795;
	1709.3176 947.8482 1640.4452 546.0 896.4384 1157.6496 950.1275 258.9984 637.1229 5258.6413 1973.8089;
	1703.0 926.4914 1710.3308 553.4399 902.7133 1223.5099 973.6087 272.857 631.8871 5329.4968 2052.861;
	1683.9776 973.3964 1774.0448 574.4251 969.6733 1279.5503 1021.4706 277.8472 654.1905 5355.2073 2143.5;
	1756.4658 1047.0671 1834.7075 589.2768 989.785 1357.3379 1065.3111 295.8 689.7242 5476.8779 2280.9732;
	1807.2393 1085.9385 1838.8805 592.6159 976.4472 1353.9898 1090.0 308.0 683.7 5400.2155 2245.295;
	1739.9373 1037.0055 1761.5529 583.1 916.9953 1310.6511 1045.4519 306.1324 650.7223 5251.6729 2179.0641;
	1667.077 990.3549 1718.4365 572.2 878.493 1247.1865 994.1517 295.1 627.8801 5109.951 2083.214;
	1571.2846 925.9914 1612.9671 568.1937 803.6292 1174.2568 916.6758 272.6 602.6963 4948.9584 1953.5;
	1572.8198 898.0658 1597.8462 578.8887 782.9978 1149.7478 888.4419 229.1949 573.3979 4693.2 1664.9485;
	1557.9 901.6287 1605.3607 598.3 767.8158 1137.8196 894.4 222.7488 585.5472 4616.4677 1597.9048;
];
