function loadprofile = ex_load_profilesh1
%EX_LOAD_PROFILE  Example load profile data file for stochastic unit commitment.
% 2022.03.12
% Andres F. Ramirez

%% define constants
[CT_LABEL, CT_PROB, CT_TABLE, CT_TBUS, CT_TGEN, CT_TBRCH, CT_TAREABUS, ...
    CT_TAREAGEN, CT_TAREABRCH, CT_ROW, CT_COL, CT_CHGTYPE, CT_REP, ...
    CT_REL, CT_ADD, CT_NEWVAL, CT_TLOAD, CT_TAREALOAD, CT_LOAD_ALL_PQ, ...
    CT_LOAD_FIX_PQ, CT_LOAD_DIS_PQ, CT_LOAD_ALL_P, CT_LOAD_FIX_P, ...
    CT_LOAD_DIS_P, CT_TGENCOST, CT_TAREAGENCOST, CT_MODCOST_F, ...
    CT_MODCOST_X] = idx_ct;

loadprofile = struct( ...
    'type', 'mpcData', ...
    'table', CT_TAREALOAD, ...
    'rows', [1:11], ...
    'col', CT_LOAD_ALL_P, ...
    'chgtype', 1, ...
    'values', [] );
loadprofile.values(:,1,:) = [
	1600.7814 899.6 1533.8876 540.8912 747.4037 1122.6 845.4551 232.6206 496.8495 4351.2812 1650.7531;
	1572.4709 888.1532 1517.5466 536.9405 719.0836 1107.6 845.4 222.8881 483.1505 4283.7146 1652.5732;
	1580.3333 902.7999 1545.8942 546.2319 747.828 1140.1921 852.7738 252.7 490.9286 4319.1324 1671.4524;
	1606.2449 940.9 1608.084 542.6844 765.9 1153.9943 868.7875 255.3692 492.9202 4284.4846 1683.1651;
	1679.1851 993.659 1690.4724 562.6 838.7262 1211.4026 913.0803 277.0731 514.9275 4523.9146 1796.3938;
	1724.6295 1045.3853 1754.3 577.9 888.8787 1255.2426 982.1004 305.0582 558.3458 4826.8501 1929.7776;
	1772.2177 1072.8203 1808.1645 573.9367 918.5 1289.3115 1007.2233 310.4561 580.546 4964.4484 1969.4675;
	1813.3384 1099.1717 1859.2 567.1129 908.6837 1274.1488 1037.4121 306.4274 610.7128 5071.6208 2047.8349;
	1896.9469 1144.9516 1881.0 580.5 935.7 1246.3 1070.2362 318.0638 627.8 5293.8552 2075.8284;
	1862.6395 1142.2068 1897.8 579.8702 941.4838 1241.8862 1067.598 313.1 622.7 5397.3619 2088.1244;
	1829.7735 1139.8302 1843.7562 579.1 911.3888 1212.8911 1058.3224 300.6439 624.6 5406.3 2118.403;
	1821.6823 1102.0093 1757.8 579.8 880.0786 1197.9929 1025.2433 306.8 608.759 5225.5785 2026.7144;
	1775.0146 1075.3424 1673.243 557.4 856.8 1168.357 991.4571 296.6795 596.8 5185.8952 2002.0058;
	1768.2158 1069.6703 1697.8743 543.4485 862.3492 1215.5782 989.0207 279.8 605.1 5199.3416 2058.4974;
	1804.1559 1076.4322 1706.3898 542.6131 867.1365 1243.1554 1009.7391 284.6373 604.1387 5201.9229 2098.8;
	1813.0076 1100.9795 1748.642 556.2686 937.8 1304.8 1033.4292 290.9 609.777 5154.6681 2144.5085;
	1807.5343 1097.4552 1779.7991 572.6076 975.2951 1335.322 1080.6165 322.0132 624.3 5279.9229 2199.125;
	1861.2107 1137.8 1827.1185 597.3329 988.1825 1407.5 1110.3484 320.1136 647.9715 5310.5159 2254.3011;
	1891.0658 1161.5829 1879.045 580.9031 992.6953 1390.7504 1129.1409 326.2 653.1002 5434.3986 2305.7295;
	1851.8039 1115.3674 1829.818 575.1587 955.8929 1357.6019 1084.6 317.9883 643.8 5302.7974 2225.7649;
	1748.165 1072.2 1740.3865 549.2845 891.2976 1283.5425 1027.2631 308.3 606.2226 5183.4058 2106.6895;
	1695.9104 995.856 1629.7 533.7492 829.2785 1203.043 964.468 289.0345 585.3 4925.1452 1982.6551;
	1655.8479 968.7595 1637.3938 581.1735 832.3584 1135.384 942.9022 267.0 606.0772 4900.1443 1929.9076;
	1622.0 946.1213 1636.3702 586.8793 810.5005 1123.2424 914.6411 249.3658 596.928 4710.2138 1894.2831;
];
