function loadprofile = ex_load_profilesh1
%EX_LOAD_PROFILE  Example load profile data file for stochastic unit commitment.
% 2022.03.12
% Andres F. Ramirez

%% define constants
[CT_LABEL, CT_PROB, CT_TABLE, CT_TBUS, CT_TGEN, CT_TBRCH, CT_TAREABUS, ...
    CT_TAREAGEN, CT_TAREABRCH, CT_ROW, CT_COL, CT_CHGTYPE, CT_REP, ...
    CT_REL, CT_ADD, CT_NEWVAL, CT_TLOAD, CT_TAREALOAD, CT_LOAD_ALL_PQ, ...
    CT_LOAD_FIX_PQ, CT_LOAD_DIS_PQ, CT_LOAD_ALL_P, CT_LOAD_FIX_P, ...
    CT_LOAD_DIS_P, CT_TGENCOST, CT_TAREAGENCOST, CT_MODCOST_F, ...
    CT_MODCOST_X] = idx_ct;

loadprofile = struct( ...
    'type', 'mpcData', ...
    'table', CT_TAREALOAD, ...
    'rows', [1:11], ...
    'col', CT_LOAD_ALL_P, ...
    'chgtype', 1, ...
    'values', [] );
loadprofile.values(:,1,:) = [
	1527.8 881.9318 1418.8396 562.6475 622.9005 1033.5 821.9063 240.4 525.8952 4428.5119 1715.102;
	1519.7 880.6 1431.2386 556.5 661.2237 1041.0508 821.4958 256.5281 497.1 4389.1751 1731.7005;
	1511.8 868.6026 1409.7607 560.5 640.919 1041.2936 818.1839 241.1 496.9371 4276.9389 1703.179;
	1548.7243 888.2329 1412.9844 567.4358 655.6509 1063.7674 833.4237 254.0831 502.057 4378.4641 1735.9892;
	1586.3852 949.8151 1568.2315 572.1059 709.4216 1147.3 867.1875 273.2156 535.8375 4615.5669 1842.4526;
	1690.18 1021.6087 1673.7259 588.3739 767.8908 1206.3176 915.7 276.3 558.6 4753.383 1905.7984;
	1684.7755 1032.8351 1679.3633 560.4735 820.7762 1253.6 934.4543 288.5737 582.9529 4917.4849 1970.3473;
	1762.8 1074.0491 1781.7321 569.9 841.0261 1277.4966 981.5774 294.0 600.1979 4997.1838 2022.0882;
	1738.8215 1086.5145 1802.6095 568.2068 822.5979 1291.5627 976.843 312.0801 608.6301 5131.5799 2113.6261;
	1786.7 1121.255 1884.9312 576.1118 812.5472 1305.2582 970.8011 318.2389 609.4927 5344.3428 2093.8595;
	1765.5385 1089.1275 1804.7528 567.5 788.5292 1244.4567 948.2148 298.3595 596.8 5318.84 2042.9965;
	1718.6806 1067.5566 1755.3913 560.2182 792.2264 1205.527 965.649 302.7315 592.1898 5366.5179 1985.9;
	1723.2625 1063.1 1743.2419 573.975 781.0754 1198.1585 954.0071 310.4625 583.7527 5332.9168 2003.7696;
	1716.1743 1051.7621 1712.335 566.1207 751.4727 1182.3984 954.355 311.496 582.6828 5327.9855 1975.1987;
	1713.9903 1044.7 1749.4031 555.2459 794.618 1205.3611 994.1506 312.4169 602.4 5374.7347 2054.2286;
	1733.8332 1064.1163 1791.6289 567.716 835.6551 1210.0434 1007.8912 320.9913 604.2612 5388.051 2136.9;
	1758.3106 1098.1277 1872.0981 594.3739 855.0848 1310.7897 1049.3407 352.8173 626.8411 5420.081 2162.8862;
	1803.144 1148.3 1937.9738 607.3517 897.9628 1370.1302 1127.4 392.1166 647.7896 5586.9564 2285.0;
	1903.9719 1174.9575 1951.5286 610.9488 883.2343 1390.01 1124.38 413.9572 651.5 5578.9734 2298.1277;
	1849.4547 1103.6 1887.8643 611.042 841.9238 1340.8604 1085.9 385.7793 657.9 5407.5322 2247.1813;
	1847.9486 1053.7409 1797.9313 588.4 783.917 1293.4068 1044.8208 395.5034 625.3285 5260.9532 2138.4;
	1726.3239 977.1544 1668.0 570.5006 743.7483 1215.0456 963.2423 380.9053 586.6007 5133.5945 1993.9346;
	1620.931 944.6281 1595.2601 594.6583 730.894 1159.1812 917.1034 293.8527 553.5814 4849.6796 1861.7191;
	1628.2035 949.5 1598.6 592.3 710.9801 1140.5589 894.4 279.4646 538.2 4693.5092 1771.8764;
];
