function windprofile = ex_wind_profilesh1
%EX_WIND_PROFILE_D  Example wind_load_nyiso profile data for deterministic unit commitment.
% 2022.03.12
% Andres F. Ramirez


%% define constants
[GEN_BUS, PG, QG, QMAX, QMIN, VG, MBASE, GEN_STATUS, PMAX, PMIN, ...
    MU_PMAX, MU_PMIN, MU_QMAX, MU_QMIN, PC1, PC2, QC1MIN, QC1MAX, ...
    QC2MIN, QC2MAX, RAMP_AGC, RAMP_10, RAMP_30, RAMP_Q, APF] = idx_gen;
[CT_LABEL, CT_PROB, CT_TABLE, CT_TBUS, CT_TGEN, CT_TBRCH, CT_TAREABUS, ...
    CT_TAREAGEN, CT_TAREABRCH, CT_ROW, CT_COL, CT_CHGTYPE, CT_REP, ...
    CT_REL, CT_ADD, CT_NEWVAL, CT_TLOAD, CT_TAREALOAD, CT_LOAD_ALL_PQ, ...
    CT_LOAD_FIX_PQ, CT_LOAD_DIS_PQ, CT_LOAD_ALL_P, CT_LOAD_FIX_P, ...
    CT_LOAD_DIS_P, CT_TGENCOST, CT_TAREAGENCOST, CT_MODCOST_F, ...
    CT_MODCOST_X] = idx_ct;

windprofile = struct( ...
    'type', 'mpcData', ...
    'table', CT_TGEN, ...
    'rows', [1:45], ...
    'col', PMAX, ...
    'chgtype', 1, ...
    'values', [] );
windprofile.values(:,1,:) = [
	3.7848 51.1409 94.5954 119.6603 15.3111 33.0675 29.4116 18.9464 28.4966 30.6262 56.612 84.454 127.145 69.3878 198.7668 74.8842 92.9119 98.4589 90.8748 73.2182 9.8039 77.1576 75.0157 87.6426 106.6044 75.2963 13.9813 1299.0975 813.2135 813.2135 579.1365 108.8098 302.916 188.4638 217.5402 346.9711 1277.9921 215.5156 474.2631 285.5474 123.3693 366.8292 198.2453 283.443 1291.3045;
	3.8547 52.0853 93.5343 118.8426 15.3126 33.4421 26.4799 18.7001 28.3371 30.8485 57.0229 85.067 128.0679 69.7108 199.0448 74.989 93.0419 98.5966 90.8377 73.5542 8.8266 78.0317 75.2067 88.7763 105.9536 72.3179 13.9419 1314.6995 792.2215 792.2215 627.5338 101.0991 302.7923 189.3287 218.5529 338.0145 1282.3347 211.207 469.225 283.8042 121.0237 370.9849 188.6673 274.6362 1295.6924;
	3.7825 51.1103 89.6751 114.5505 15.0524 34.1469 21.3579 18.7275 28.4277 31.0951 57.4788 85.7471 129.0917 69.9594 205.1136 77.2754 95.8787 101.6028 92.2653 73.4862 7.1193 79.6761 75.3798 87.7211 103.9481 75.2752 13.9025 1339.4901 790.0847 790.0847 648.3631 100.1479 307.551 189.1535 219.3322 337.1028 1320.7576 222.6857 440.502 278.4325 120.8786 378.803 189.6745 262.5109 1334.5155;
	3.7202 50.2686 88.5782 112.5092 14.8163 32.271 23.9114 17.7883 28.4772 30.917 57.1497 85.256 128.3525 69.8321 203.557 76.6889 95.151 100.8317 92.6951 72.1936 7.9705 75.2989 75.2905 87.1107 102.1144 70.6534 13.2475 1323.9138 783.3483 783.3483 667.0732 105.712 308.9838 185.8266 218.9332 334.2286 1306.7355 253.8426 450.9294 273.5206 119.3442 357.9926 158.1661 267.4917 1320.3473;
	3.7365 50.4888 89.4387 111.3526 14.9029 33.4081 31.0613 17.6563 28.4806 31.1618 57.6022 85.9311 129.3688 69.2803 201.6233 75.9604 94.2472 99.8739 91.8525 72.9174 10.3538 77.9522 75.7206 84.9612 101.5584 71.4026 13.0632 1325.5569 798.6589 798.6589 726.5953 114.319 306.1748 187.6896 217.2031 340.7611 1314.9008 258.8257 478.7978 272.0314 118.7091 370.6072 194.4883 268.3264 1328.5977;
	3.7662 50.8891 89.0027 111.3476 14.9424 33.7375 29.6522 18.0497 28.1661 30.8297 56.9882 85.0152 127.9899 68.8665 203.6787 76.7348 95.208 100.892 92.1869 71.9838 9.8841 78.7209 74.2693 87.5963 104.1935 71.1615 13.6086 1351.483 819.2964 819.2964 746.1633 118.0558 307.2896 185.2865 215.9058 349.5665 1297.8299 255.7502 464.3708 279.0897 120.708 374.2614 186.2032 278.8123 1311.349;
	3.633 49.0898 88.3431 110.2645 14.4563 32.3717 29.469 17.4053 26.6746 29.8283 55.1372 82.2538 123.8327 65.7555 204.3291 76.9798 95.512 101.2142 92.6606 72.7862 9.823 75.5339 73.9349 86.6883 101.7576 68.7831 13.082 1320.0893 782.5102 782.5102 734.9377 115.6782 308.8686 187.3518 206.1523 333.871 1286.8943 292.2216 448.3643 272.5651 116.2161 359.1097 154.6201 264.9141 1300.2994;
	3.6585 49.4341 90.197 110.6217 14.5007 33.7515 29.1106 17.7631 27.9972 29.1673 53.9154 80.4311 121.0886 66.9382 203.5923 76.7022 95.1676 100.8492 91.694 70.3377 9.7035 78.7535 71.6678 89.5382 104.0866 69.9825 12.8214 1319.386 779.8087 779.8087 740.0206 116.2886 305.6465 181.0494 209.8603 332.7184 1279.8806 301.9569 460.5296 278.8034 118.2892 374.4167 170.6773 267.2474 1293.2127;
	3.7426 50.5707 91.2358 111.6637 15.1809 33.6835 30.3496 18.1897 28.0959 30.9516 57.2136 85.3514 128.4961 67.9436 202.816 76.4097 94.8047 100.4646 92.7499 70.8731 10.1165 78.5948 73.859 89.6784 104.7373 71.427 13.086 1321.434 796.1808 796.1808 778.5745 119.6591 309.1662 182.4275 213.0123 339.7038 1278.4325 318.2881 462.84 280.5464 123.035 373.6619 200.5169 274.0504 1291.7495;
	3.7734 50.9872 91.9449 114.6016 15.1254 34.1637 24.5824 18.3868 27.4616 30.3478 56.0975 83.6864 125.9895 68.9416 201.8516 76.0464 94.3539 99.9869 90.8514 70.7086 8.1941 79.7153 74.234 89.9354 105.6394 74.068 13.0595 1315.2326 816.1951 816.1951 774.0941 119.364 302.8381 182.0041 216.1413 348.2433 1263.4934 331.1643 464.3162 282.9628 123.178 378.9892 206.9477 277.9553 1276.6548;
	3.7288 50.3841 89.3746 111.8235 14.8807 33.5111 25.499 17.6621 26.5961 30.4975 56.3741 84.0991 126.6107 66.6299 193.3765 72.8535 90.3923 95.7888 89.7754 71.683 8.4997 78.1925 74.9403 88.926 103.612 71.2932 13.0488 1315.8393 838.0503 838.0503 819.1066 119.3894 299.2512 184.5123 208.8936 357.5681 1295.5769 341.4344 447.6633 277.5321 120.7634 371.7496 214.6889 266.6505 1309.0725;
	3.6792 49.7144 89.2924 115.4246 14.8634 33.2676 25.7658 17.9402 27.2674 29.9885 55.4333 82.6956 124.4978 68.2449 192.6257 72.5706 90.0413 95.4169 90.1474 68.6212 8.5886 77.6245 74.1827 89.3334 105.1962 70.3678 13.4366 1318.1934 803.684 803.684 783.7782 122.2591 300.4912 176.6311 213.9571 342.9052 1267.4537 337.3997 463.3828 281.7755 123.6518 369.0491 209.663 272.7471 1280.6563;
	3.7073 50.0943 89.1145 112.7437 14.7207 32.1555 24.6436 17.672 26.4257 29.382 54.3122 81.0231 121.9799 68.2262 192.1361 72.3862 89.8125 95.1744 91.7174 68.6225 8.2145 75.0295 72.3683 84.4503 103.3772 71.5631 13.3609 1283.5342 794.7404 794.7404 737.53 118.544 305.7246 176.6346 213.8983 339.0892 1256.9378 323.1008 450.5207 276.9031 120.0236 356.7119 208.7752 272.8311 1270.0309;
	3.714 50.1842 88.1911 113.6787 14.7501 32.1429 23.6142 17.5448 26.0682 29.46 54.4564 81.2382 122.3037 67.3992 189.6836 71.4622 88.6661 93.9596 86.9443 71.3989 7.8714 75.0002 73.6438 86.8957 102.3583 70.9475 13.288 1298.2021 740.5625 740.5625 733.0859 114.7241 289.8142 183.7809 211.3056 315.9733 1244.699 297.1604 453.1371 274.174 115.9642 356.5724 197.5145 282.0826 1257.6646;
	3.7583 50.7823 89.2081 114.7062 14.8503 32.8604 21.9848 17.482 26.4297 28.997 53.6006 79.9615 120.3817 66.7897 185.8916 70.0336 86.8935 92.0812 85.6528 69.7558 7.3283 76.6743 73.7911 86.5041 100.4737 69.3309 13.1958 1311.6867 736.9759 736.9759 741.3632 113.7763 285.5094 179.5517 209.3949 314.4431 1229.6641 312.5914 456.8545 269.1261 118.2712 364.5315 199.8878 271.9188 1242.4731;
	3.6018 48.6677 87.4149 111.6221 14.6788 30.602 21.8198 17.141 26.4079 29.1759 53.9312 80.4547 121.1242 65.2467 166.9321 62.8907 78.0311 82.6896 85.0851 68.6758 7.2733 71.4047 72.2095 84.6676 97.0458 66.5349 12.7516 1272.9078 755.6658 755.6658 710.3526 111.2846 283.617 176.7717 204.5571 322.4174 1188.1609 302.1498 448.9698 259.9442 114.6538 339.4783 192.1632 262.5719 1200.5376;
	3.7002 49.9979 90.2039 112.4731 14.8662 31.1334 20.8991 17.7685 27.4008 29.7805 55.0488 82.1219 123.6341 66.732 183.8628 69.2692 85.9452 91.0762 86.5093 67.7358 6.9664 72.6446 74.3586 81.953 99.7942 57.7832 12.492 1221.7523 765.3975 765.3975 687.144 110.3565 288.3644 174.352 209.2139 326.5696 1196.5982 311.247 450.9117 267.306 117.5885 345.3731 193.8961 260.0347 1209.0628;
	3.6163 48.8645 87.5737 105.6715 14.5063 29.348 17.2356 13.3162 26.6118 29.5468 54.6167 81.4774 122.6638 65.7029 182.5648 68.7802 85.3384 90.4332 86.7161 67.8053 5.7452 68.4788 71.2533 81.2087 98.2851 69.5963 9.7807 1219.7811 704.6517 704.6517 615.6708 107.8816 289.0538 174.5309 205.9876 300.6514 1202.532 272.7121 450.4932 263.2635 114.6025 325.5676 174.1824 219.8351 1215.0584;
