function windprofile = ex_wind_profilesh1
%EX_WIND_PROFILE_D  Example wind_load_nyiso profile data for deterministic unit commitment.
% 2022.03.12
% Andres F. Ramirez


%% define constants
[GEN_BUS, PG, QG, QMAX, QMIN, VG, MBASE, GEN_STATUS, PMAX, PMIN, ...
    MU_PMAX, MU_PMIN, MU_QMAX, MU_QMIN, PC1, PC2, QC1MIN, QC1MAX, ...
    QC2MIN, QC2MAX, RAMP_AGC, RAMP_10, RAMP_30, RAMP_Q, APF] = idx_gen;
[CT_LABEL, CT_PROB, CT_TABLE, CT_TBUS, CT_TGEN, CT_TBRCH, CT_TAREABUS, ...
    CT_TAREAGEN, CT_TAREABRCH, CT_ROW, CT_COL, CT_CHGTYPE, CT_REP, ...
    CT_REL, CT_ADD, CT_NEWVAL, CT_TLOAD, CT_TAREALOAD, CT_LOAD_ALL_PQ, ...
    CT_LOAD_FIX_PQ, CT_LOAD_DIS_PQ, CT_LOAD_ALL_P, CT_LOAD_FIX_P, ...
    CT_LOAD_DIS_P, CT_TGENCOST, CT_TAREAGENCOST, CT_MODCOST_F, ...
    CT_MODCOST_X] = idx_ct;

windprofile = struct( ...
    'type', 'mpcData', ...
    'table', CT_TGEN, ...
    'rows', [1:45], ...
    'col', PMAX, ...
    'chgtype', 1, ...
    'values', [] );
windprofile.values(:,1,:) = [
	3.7091 50.1178 93.366 117.0606 14.1593 33.1999 29.5355 17.7911 26.3065 27.1452 50.1775 74.855 112.6938 68.3058 190.1076 71.6219 88.8642 94.1696 83.5061 72.2605 9.8452 77.4665 72.1224 84.5333 101.8703 69.6374 12.9024 1278.6326 772.6642 772.6642 555.152 111.4974 278.3536 185.9986 214.148 329.6701 1253.0393 220.3416 461.6922 272.8669 114.4904 368.2981 202.4328 266.5486 1266.0918;
	3.6973 49.9592 88.9524 113.862 13.9813 32.5644 25.7054 17.6623 25.4455 23.3202 43.107 64.3072 96.8141 68.0489 189.386 71.3501 88.5269 93.8121 86.6689 72.2995 8.5685 75.9837 60.4629 85.019 99.9358 66.9651 12.9629 1290.3693 777.4522 777.4522 594.8981 107.0784 288.8965 186.0992 213.3424 331.7129 1252.228 223.7566 456.8386 267.6853 113.3497 361.248 186.3476 260.5932 1265.2721;
	3.7214 50.284 92.3327 117.4761 14.2034 33.2316 21.8023 18.0772 24.8112 27.6034 51.0244 76.1183 114.5957 67.8582 201.0275 75.7359 93.9687 99.5787 87.318 73.4873 7.2674 77.5404 65.0741 86.6856 100.8679 72.5274 13.683 1307.137 754.0715 754.0715 628.527 99.437 291.0599 189.1566 212.7445 321.7372 1289.5015 230.3292 415.8935 270.1819 118.0354 368.6493 190.0354 259.7995 1302.9338;
	3.7302 50.4038 93.2836 118.6363 14.5587 33.0204 24.2023 17.6721 26.2633 29.6513 54.81 81.7657 123.0979 69.6006 202.9934 76.4766 94.8876 100.5525 88.5096 73.3815 8.0674 77.0475 70.6199 86.6583 100.1068 70.199 13.2289 1334.3837 792.9818 792.9818 670.2919 105.1904 295.0321 188.8843 218.2072 338.3389 1314.3392 258.5392 440.6074 268.1432 116.2303 366.3059 160.133 260.6947 1328.0302;
	3.7475 50.6365 91.7063 116.4434 14.3713 32.2221 29.8689 16.5641 26.0257 29.3772 54.3033 81.0099 121.96 69.1563 200.7709 75.6393 93.8487 99.4516 88.5667 73.7114 9.9563 75.1848 72.505 83.7418 98.0829 70.1775 12.8711 1298.6746 777.1118 777.1118 673.775 108.7831 295.2224 189.7334 216.8144 331.5677 1264.7237 253.5066 445.709 262.722 112.6282 357.4502 185.6361 250.7202 1277.8979;
	3.7681 50.9147 91.1819 117.244 14.3511 32.6617 28.8978 17.3543 26.3445 30.3112 56.0298 83.5855 125.8375 69.6098 204.8516 77.1766 95.7562 101.473 87.0752 73.5141 9.6326 76.2107 73.0036 85.7146 96.8497 68.5295 13.2005 1252.7425 765.9636 765.9636 702.6914 112.5759 290.2508 189.2254 218.2362 326.8111 1174.4554 246.9571 440.9287 259.419 113.6252 362.3274 175.5797 258.2335 1186.6893;
	3.5877 48.4777 86.6829 114.9326 13.9713 31.7138 29.8171 16.7256 25.9079 29.5531 54.6284 81.4949 122.6901 66.9302 203.6639 76.7292 95.2011 100.8847 84.7732 73.7553 9.939 73.9989 72.4759 83.2491 93.9945 67.9695 13.0134 1226.4204 724.9797 724.9797 662.925 107.9246 282.5772 189.8462 209.8352 309.3247 1177.1661 269.0491 437.0281 251.7709 112.0997 351.8117 156.6625 220.3655 1189.4283;
	3.7382 50.5114 87.651 116.6092 14.0872 32.3501 30.0658 17.4409 25.7406 30.1648 55.7591 83.1817 125.2295 67.5859 204.3041 76.9704 95.5003 101.2018 85.8489 72.2879 10.0219 75.4835 72.2638 86.0111 97.8182 67.7656 12.9157 1257.3094 751.6915 751.6915 703.7483 111.7869 286.1629 186.0693 211.891 320.7217 1221.1831 280.2324 439.7059 262.013 112.7776 358.8701 176.6125 251.6729 1233.9038;
	3.8197 51.6132 88.673 118.3133 14.5791 32.7704 30.7313 17.7656 25.9114 30.4435 56.2744 83.9503 126.3867 66.9923 203.7241 76.7519 95.2292 100.9145 89.5661 70.8517 10.2438 76.4642 70.8142 85.2283 97.8353 69.1972 13.1145 1313.0839 769.6256 769.6256 743.3405 119.7241 298.5538 182.3725 210.0298 328.3736 1280.0061 302.2125 453.0424 262.0587 115.5453 363.5328 209.8315 262.0675 1293.3395;
	3.8487 52.0038 88.2118 117.855 14.5972 33.4163 24.7553 17.514 25.6908 30.1478 55.7278 83.1349 125.1591 67.4295 204.5491 77.0627 95.6148 101.3232 88.4232 71.9769 8.2518 77.9713 72.86 87.326 99.9573 69.7987 12.9421 1292.0575 813.447 813.447 760.0665 119.7847 294.7439 185.2688 211.4005 347.0707 1277.079 317.7703 436.3768 267.7427 117.3167 370.6978 211.9464 261.4375 1290.3819;
	3.8583 52.134 87.6395 114.0044 14.1835 32.9562 25.2378 17.1835 25.325 30.6978 56.7444 84.6515 127.4423 64.2335 202.4869 76.2858 94.6508 100.3016 88.2548 73.4902 8.4126 76.8977 72.8703 85.4379 98.2873 69.2776 12.855 1266.7185 824.2753 824.2753 792.1722 117.3209 294.1828 189.164 201.3807 351.6908 1279.331 308.5002 434.8415 263.2696 116.8149 365.5938 210.1114 260.5192 1292.6573;
	3.745 50.6036 92.0052 119.073 14.5346 33.5928 23.4619 18.4049 25.8668 29.2775 54.1191 80.735 121.5461 63.9773 199.9762 75.3399 93.4773 99.058 84.8672 70.8547 7.8206 78.3833 71.6864 87.831 100.9361 72.6438 13.6911 1282.1542 803.8025 803.8025 758.3157 119.057 282.8907 182.3801 200.5774 342.9557 1269.1745 288.9972 433.5172 270.3645 120.6637 372.6564 209.6104 262.4578 1282.395;
	3.6822 49.7551 88.0852 114.9018 14.5678 32.1709 24.9505 17.7116 25.7023 28.8553 53.3386 79.5706 119.7931 59.8238 195.2792 73.5703 91.2817 96.7313 84.635 69.198 8.3168 75.0655 66.8792 82.6369 97.8924 71.2777 13.3748 1314.7465 798.2325 798.2325 738.4499 120.2556 282.1168 178.1157 187.5557 340.5792 1274.5344 287.8928 435.6786 262.2118 118.6379 356.8831 207.1314 259.586 1287.8108;
	3.8531 52.0644 90.7449 117.4119 14.7909 33.1394 24.7847 18.8609 25.9885 25.7387 47.5776 70.9764 106.8546 56.9059 189.6376 71.4449 88.6446 93.9368 82.5838 70.7445 8.2616 77.3252 66.5186 87.483 101.7654 75.1219 14.0535 1300.7096 771.6097 771.6097 714.3973 116.9259 275.2795 182.0966 178.4077 329.2201 1243.3689 274.1478 408.6042 272.5858 115.1541 367.6261 202.1814 259.6973 1256.3207;
	3.8472 51.9843 89.4125 115.0396 14.7563 33.4811 18.8078 17.9814 24.9132 28.4265 52.5459 78.3881 118.0129 61.86 192.5497 72.542 90.0058 95.3793 84.7471 72.1042 6.2693 78.1226 73.8577 87.0917 101.5536 73.154 13.5557 1297.5844 739.6784 739.6784 708.6841 114.1336 282.4903 185.5963 193.9395 315.5961 1229.6322 286.5832 349.519 272.0186 117.3893 371.4171 202.5095 260.4611 1242.4409;
	3.8336 51.7999 90.1275 117.3241 14.9499 31.6325 19.5868 18.2421 24.7159 29.1815 53.9416 80.4702 121.1475 57.0616 178.9483 67.4177 83.6479 88.6418 84.6011 70.3679 6.5289 73.8091 71.7609 87.5477 103.3608 72.3356 13.5314 1205.0275 703.9567 703.9567 577.6142 111.4283 282.0035 181.1272 178.896 300.3548 1113.7155 248.2288 374.5995 276.8594 114.0093 350.9094 193.4988 263.7962 1125.3167;
	3.903 52.7387 92.1149 117.9819 15.3404 30.6757 19.761 18.3177 26.6687 29.668 54.8408 81.8116 123.167 62.969 189.4597 71.3779 88.5614 93.8487 74.6817 70.4246 6.587 71.5767 73.156 89.7993 104.4853 60.0456 13.3635 1210.2241 718.8504 718.8504 632.9521 110.3599 248.9391 181.273 197.4164 306.7095 1136.6856 298.5744 432.6167 279.8713 112.7188 340.2961 189.1759 247.3873 1148.5261;
	3.8809 52.4394 92.523 113.0937 15.1495 29.2659 14.6809 14.3357 26.6046 29.8965 55.2632 82.4419 124.1158 65.1525 185.86 70.0217 86.8787 92.0655 72.4024 71.0178 4.8936 68.287 74.8453 87.3369 103.8741 68.4723 11.1954 1146.6136 684.3082 684.3082 612.6636 110.3695 241.3412 182.7999 204.2618 291.9715 1120.7007 280.5667 416.8554 278.2341 116.5364 324.6561 181.8263 228.1081 1132.3746;
