function solarprofile = ex_solar_profilesh1
%EX_WIND_PROFILE_D  Example wind_load_nyiso profile data for deterministic unit commitment.
% 2022.03.12
% Andres F. Ramirez


%% define constants
[GEN_BUS, PG, QG, QMAX, QMIN, VG, MBASE, GEN_STATUS, PMAX, PMIN, ...
    MU_PMAX, MU_PMIN, MU_QMAX, MU_QMIN, PC1, PC2, QC1MIN, QC1MAX, ...
    QC2MIN, QC2MAX, RAMP_AGC, RAMP_10, RAMP_30, RAMP_Q, APF] = idx_gen;
[CT_LABEL, CT_PROB, CT_TABLE, CT_TBUS, CT_TGEN, CT_TBRCH, CT_TAREABUS, ...
    CT_TAREAGEN, CT_TAREABRCH, CT_ROW, CT_COL, CT_CHGTYPE, CT_REP, ...
    CT_REL, CT_ADD, CT_NEWVAL, CT_TLOAD, CT_TAREALOAD, CT_LOAD_ALL_PQ, ...
    CT_LOAD_FIX_PQ, CT_LOAD_DIS_PQ, CT_LOAD_ALL_P, CT_LOAD_FIX_P, ...
    CT_LOAD_DIS_P, CT_TGENCOST, CT_TAREAGENCOST, CT_MODCOST_F, ...
    CT_MODCOST_X] = idx_ct;

solarprofile = struct( ...
    'type', 'mpcData', ...
    'table', CT_TGEN, ...
    'rows', [1:12], ...
    'col', PMAX, ...
    'chgtype', 1, ...
    'values', [] );
solarprofile.values(:,1,:) = [
	0.0 0.0 0.0 0.0 0.0 0.0 0.0 0.0 0.0 0.0 0.0 0.0;
	0.0 0.0 0.0 0.0 0.0 0.0 0.0 0.0 0.0 0.0 0.0 0.0;
	0.0 0.0 0.0 0.0 0.0 0.0 0.0 0.0 0.0 0.0 0.0 0.0;
	0.0 0.0 0.0 0.0 0.0 0.0 0.0 0.0 0.0 0.0 0.0 0.0;
	0.0 0.0 0.0 0.0 0.0 0.0 0.0 0.0 0.0 0.0 0.0 0.0;
	1.0111 0.829 0.7012 0.0 0.0 12.9156 1.6145 5.206 1.0528 0.0 0.0 0.0;
	3.2577 1.7481 2.6839 2.5663 3.4382 237.8703 29.7338 64.6217 82.9936 72.0283 39.8474 130.4437;
	9.9215 6.4021 7.4758 3.3931 4.8675 300.4617 37.5577 48.8987 184.2547 174.0728 92.9005 315.2469;
	17.5361 13.9612 13.3696 6.488 6.7143 335.3309 41.9164 45.3479 230.186 271.1913 131.5979 491.1292;
	21.0562 15.8976 13.8 7.8449 8.5625 352.2505 44.0313 45.4676 209.9262 253.1796 131.9036 458.5098;
	25.6144 16.5136 13.8 7.4443 8.8261 361.2739 45.1592 46.7056 214.9893 237.7357 148.8836 430.5408;
	25.6926 16.5214 13.8 6.6949 7.9104 370.0521 46.2565 41.8207 227.7502 224.9504 155.2645 407.3866;
	22.4231 15.9262 13.4455 5.6952 6.0156 362.7759 45.347 43.3635 197.1063 177.5626 105.4715 321.5669;
	14.7613 13.5535 12.8596 4.5679 5.5665 346.5096 43.3137 43.1758 159.2777 159.8225 49.0441 289.4395;
	7.9622 9.2933 9.5961 3.9954 5.5729 318.4581 39.8073 44.7018 109.5894 118.1764 18.3786 214.0181;
	5.3933 6.6528 5.4478 3.6304 5.5918 232.2627 29.0328 33.0339 95.9863 37.1506 3.1133 67.2799;
	1.6432 1.5083 1.0124 0.9445 1.3461 70.8073 8.8509 11.462 43.6911 3.2504 3.9401 5.8866;
	0.0 0.0 0.0 0.0 0.0 0.0 0.0 0.0 0.0 0.0 0.0 0.0;
	0.0 0.0 0.0 0.0 0.0 0.0 0.0 0.0 0.0 0.0 0.0 0.0;
	0.0 0.0 0.0 0.0 0.0 0.0 0.0 0.0 0.0 0.0 0.0 0.0;
	0.0 0.0 0.0 0.0 0.0 0.0 0.0 0.0 0.0 0.0 0.0 0.0;
	0.0 0.0 0.0 0.0 0.0 0.0 0.0 0.0 0.0 0.0 0.0 0.0;
	0.0 0.0 0.0 0.0 0.0 0.0 0.0 0.0 0.0 0.0 0.0 0.0;
	0.0 0.0 0.0 0.0 0.0 0.0 0.0 0.0 0.0 0.0 0.0 0.0;
];
