function loadprofile = ex_load_profilesh1
%EX_LOAD_PROFILE  Example load profile data file for stochastic unit commitment.
% 2022.03.12
% Andres F. Ramirez

%% define constants
[CT_LABEL, CT_PROB, CT_TABLE, CT_TBUS, CT_TGEN, CT_TBRCH, CT_TAREABUS, ...
    CT_TAREAGEN, CT_TAREABRCH, CT_ROW, CT_COL, CT_CHGTYPE, CT_REP, ...
    CT_REL, CT_ADD, CT_NEWVAL, CT_TLOAD, CT_TAREALOAD, CT_LOAD_ALL_PQ, ...
    CT_LOAD_FIX_PQ, CT_LOAD_DIS_PQ, CT_LOAD_ALL_P, CT_LOAD_FIX_P, ...
    CT_LOAD_DIS_P, CT_TGENCOST, CT_TAREAGENCOST, CT_MODCOST_F, ...
    CT_MODCOST_X] = idx_ct;

loadprofile = struct( ...
    'type', 'mpcData', ...
    'table', CT_TAREALOAD, ...
    'rows', [1:11], ...
    'col', CT_LOAD_ALL_P, ...
    'chgtype', 1, ...
    'values', [] );
loadprofile.values(:,1,:) = [
	1481.3428 830.7305 1444.9026 518.6798 694.145 1069.5794 788.4938 225.547 486.2902 4351.1676 1666.1676;
	1491.1729 819.9711 1431.4884 516.049 691.8 1056.1604 777.1 215.4 465.5283 4259.8293 1608.4335;
	1490.726 818.5014 1445.1038 510.8049 700.2533 1060.0149 782.0241 223.4 455.211 4265.5011 1634.0308;
	1538.5035 825.5921 1514.3225 518.5744 720.2203 1095.129 805.8829 230.1743 461.0155 4290.3704 1658.2182;
	1602.6501 900.2714 1648.1801 515.179 810.2 1183.8559 880.9585 257.651 496.9471 4568.0935 1786.2929;
	1666.5384 905.4252 1637.4257 529.4 802.0086 1238.2677 895.8478 268.8 516.2148 4729.7094 1820.8646;
	1746.3075 962.9044 1766.2755 546.8288 869.9812 1309.7679 963.2607 278.4 561.4243 5007.5663 1943.9502;
	1717.6643 981.3353 1758.583 577.4417 876.63 1302.8074 958.2969 277.2703 571.3163 4974.823 1943.6194;
	1810.1 988.0462 1747.2831 565.8892 876.8294 1294.5 971.9 290.0361 590.3937 5024.2749 1863.5132;
	1794.7396 1017.0811 1770.877 563.1195 885.6686 1290.5245 956.457 297.3703 586.6871 5227.7382 1849.7557;
	1755.3757 1020.6768 1753.911 558.3294 853.3091 1254.1313 946.962 310.7668 596.8 5287.1731 1897.0088;
	1705.6508 974.4915 1729.0467 541.9619 827.3865 1242.8002 922.6 293.205 605.0 5173.3944 1767.4502;
	1692.2105 968.6557 1695.7787 544.0956 806.5756 1225.0555 905.7864 281.5261 599.4 5070.9927 1790.4344;
	1623.4366 876.2961 1633.8207 533.5614 816.7492 1200.1871 904.7904 264.3647 611.7 4976.6073 1796.6868;
	1600.4052 877.3316 1649.9375 536.6137 863.933 1240.0551 952.6602 278.7 623.2981 5086.3273 1899.3731;
	1616.3571 891.9552 1637.3346 544.4087 888.9086 1269.7931 928.0667 271.0493 635.2517 4847.3892 1971.4654;
	1654.1778 954.7051 1723.3556 545.5868 898.3786 1297.5795 971.1591 285.5258 623.1801 5163.4059 1966.4349;
	1734.9925 1051.7 1837.1144 587.7953 1001.5686 1409.347 1050.2281 288.4457 656.9417 5166.5412 2158.568;
	1772.1233 1093.2781 1848.0312 578.8 984.3312 1419.6927 1021.7993 284.8182 657.3 5015.1355 1867.7877;
	1729.2225 1049.6057 1803.0642 584.3389 951.8909 1391.0111 1046.7 302.4637 651.7365 5148.2475 2081.8397;
	1692.0224 978.0534 1676.3839 548.6539 872.5218 1304.585 996.2952 299.1952 626.7898 5033.5394 1898.9545;
	1630.7613 918.7338 1563.2386 526.0346 829.2731 1252.3486 950.4797 280.5953 591.2216 4841.435 1876.8524;
	1520.9618 866.0073 1533.6504 528.2545 840.1099 1153.5798 885.3499 265.3952 550.0 4130.3626 1676.043;
	1502.8249 820.8694 1500.9028 544.359 807.8483 1107.1 830.4916 245.0323 499.6424 3160.5682 1392.8501;
];
