function windprofile = ex_wind_profilesh1
%EX_WIND_PROFILE_D  Example wind_load_nyiso profile data for deterministic unit commitment.
% 2022.03.12
% Andres F. Ramirez


%% define constants
[GEN_BUS, PG, QG, QMAX, QMIN, VG, MBASE, GEN_STATUS, PMAX, PMIN, ...
    MU_PMAX, MU_PMIN, MU_QMAX, MU_QMIN, PC1, PC2, QC1MIN, QC1MAX, ...
    QC2MIN, QC2MAX, RAMP_AGC, RAMP_10, RAMP_30, RAMP_Q, APF] = idx_gen;
[CT_LABEL, CT_PROB, CT_TABLE, CT_TBUS, CT_TGEN, CT_TBRCH, CT_TAREABUS, ...
    CT_TAREAGEN, CT_TAREABRCH, CT_ROW, CT_COL, CT_CHGTYPE, CT_REP, ...
    CT_REL, CT_ADD, CT_NEWVAL, CT_TLOAD, CT_TAREALOAD, CT_LOAD_ALL_PQ, ...
    CT_LOAD_FIX_PQ, CT_LOAD_DIS_PQ, CT_LOAD_ALL_P, CT_LOAD_FIX_P, ...
    CT_LOAD_DIS_P, CT_TGENCOST, CT_TAREAGENCOST, CT_MODCOST_F, ...
    CT_MODCOST_X] = idx_ct;

windprofile = struct( ...
    'type', 'mpcData', ...
    'table', CT_TGEN, ...
    'rows', [1:45], ...
    'col', PMAX, ...
    'chgtype', 1, ...
    'values', [] );
windprofile.values(:,1,:) = [
	3.7889 51.196 90.2612 119.2261 14.9309 31.1318 24.6392 18.1248 26.0767 29.04 53.68 80.08 120.56 68.7876 187.4128 70.6067 87.6046 92.8347 82.3962 71.3671 8.2131 72.6409 73.8209 86.1958 102.6882 74.9574 13.253 1264.9556 777.1735 777.1735 592.1793 113.4407 274.6541 183.699 215.6585 331.594 1271.631 224.2766 434.1988 275.0577 116.9365 345.3554 184.6072 283.217 1284.8772;
	3.8443 51.9452 88.9542 116.9522 14.8023 31.3311 18.9889 18.1702 25.9792 29.0343 53.6695 80.0643 120.5364 67.7221 184.9229 69.6686 86.4407 91.6013 84.1118 70.8528 6.3296 73.1059 73.9174 87.373 101.3414 71.5645 13.3163 1284.786 782.5075 782.5075 639.6843 110.0136 280.3726 182.3752 212.318 333.8699 1289.1851 224.0438 428.0122 271.4502 114.3696 347.5662 168.8846 274.722 1302.6141;
	3.795 51.2785 91.3542 120.1051 15.027 31.9592 18.5619 18.5438 27.2241 29.9712 55.4013 82.6478 124.4258 66.2819 197.6718 74.4717 92.4001 97.9165 84.7623 72.0391 6.1873 74.5714 72.645 89.3676 102.8033 75.7123 13.4555 1249.7136 737.0678 737.0678 618.2585 97.3008 282.5411 185.4288 207.8027 314.4823 1237.8196 213.9415 401.8061 275.3659 119.8004 354.5338 171.4169 275.1108 1250.7136;
	3.7369 50.4934 87.1784 115.6953 14.5687 31.1297 21.625 17.8725 27.0533 30.493 56.3658 84.0867 126.5921 66.3854 197.1236 74.2652 92.1438 97.645 87.9802 71.4022 7.2083 72.636 71.7509 87.0913 99.163 72.8987 13.1683 1278.2779 767.4181 767.4181 648.1827 103.9728 293.2672 183.7895 208.1271 327.4317 1281.7344 244.5521 423.2558 265.6151 117.4888 345.3324 148.1369 270.9474 1295.0858;
	3.7835 51.1237 89.6123 117.4445 15.0282 32.2788 29.225 18.2813 26.7163 30.9252 57.1647 85.2785 128.3863 67.7058 194.2663 73.1887 90.8082 96.2296 89.4752 72.314 9.7417 75.3171 73.5855 88.1403 101.8004 75.1389 13.3884 1285.5601 773.3925 773.3925 667.8931 104.5185 298.2506 186.1365 212.2669 329.9808 1263.4343 233.9316 445.8305 272.6796 118.8775 358.0792 185.0377 265.7549 1276.595;
	3.8577 52.1259 91.2242 119.393 14.8426 33.0432 27.5155 18.6407 26.9473 30.6791 56.7099 84.6 127.3648 68.5067 199.3857 75.1174 93.2012 98.7655 92.8151 72.8691 9.1718 77.1009 73.5133 88.644 102.917 73.9319 13.4856 1286.7397 771.9045 771.9045 712.5599 109.2923 309.3836 187.5652 214.7779 329.3459 1222.2458 226.9994 440.3548 275.6704 120.6813 366.5596 182.3295 268.6144 1234.9775;
	3.7431 50.5779 90.6305 119.0429 14.835 33.2341 29.3477 18.3213 26.829 29.8979 55.2658 82.4456 124.1215 67.4029 198.2584 74.6927 92.6743 98.2071 91.6009 72.2662 9.7826 77.5463 72.5547 88.4033 103.2659 73.1487 13.2202 1317.8115 752.6064 752.6064 699.1891 107.56 305.3362 186.0133 211.3173 321.1121 1270.19 269.6253 442.5194 276.6052 116.468 368.6775 162.6368 267.27 1283.4212;
	3.9 52.6977 93.1401 120.66 15.3427 33.8837 28.0855 18.8366 27.4233 30.6856 56.7218 84.6178 127.3916 68.2188 196.9619 74.2043 92.0682 97.5648 92.542 72.5174 9.3618 79.0619 74.2078 89.4501 105.5271 73.9602 13.5285 1329.5194 760.1738 760.1738 709.7945 107.8482 308.4734 186.6601 213.8752 324.3408 1287.7054 279.5066 438.1101 282.6618 119.5959 375.883 181.5374 275.1158 1301.119;
	3.8675 52.2585 92.4399 120.7945 15.3249 34.9002 31.242 18.7372 27.593 31.033 57.364 85.5758 128.8339 68.2525 195.4201 73.6234 91.3476 96.8011 92.9307 73.0619 10.414 81.4337 74.6622 89.6333 106.2819 74.9156 13.2896 1322.3337 817.768 817.768 758.9937 117.6628 309.7691 188.0616 213.9809 348.9143 1305.4596 304.8288 460.644 284.6837 122.8417 387.1593 210.6017 269.352 1319.0581;
	3.8985 52.6771 94.6136 120.9297 15.3211 35.0544 25.7328 18.7012 27.5445 30.7323 56.8083 84.7467 127.5857 68.7771 195.3513 73.5974 91.3154 96.767 92.0356 73.198 8.5776 81.7937 75.3342 90.0316 106.2402 74.236 13.27 1325.5786 837.2239 837.2239 798.8935 122.5579 306.7852 188.4119 215.6256 357.2155 1292.3126 337.4878 463.0766 284.572 122.5721 388.8706 219.2461 265.4817 1305.7742;
	3.9088 52.8169 93.6801 120.0218 15.3206 34.6699 28.6644 18.687 28.2171 31.312 57.8798 86.3452 129.9923 69.5287 201.8321 76.0391 94.3448 99.9773 91.186 73.7027 9.5548 80.8964 75.5903 88.0839 104.2136 73.0664 13.4205 1287.5947 834.2858 834.2858 811.8269 122.9495 303.9532 189.7108 217.9819 355.962 1302.5812 339.1214 460.7595 279.1437 123.4904 384.6047 217.5656 263.4911 1316.1498;
	3.9196 52.9627 94.8035 120.2977 15.4033 34.9402 27.6408 18.8647 27.8843 31.115 57.5155 85.8019 129.1742 68.3088 197.014 74.2239 92.0926 97.5906 89.6657 72.772 9.2136 81.5272 75.8736 88.8737 105.1556 73.5376 13.9017 1283.2701 822.4972 822.4972 795.5079 120.9675 298.8857 187.3154 214.1574 350.9321 1281.3173 341.8961 476.1044 281.6667 123.1332 387.6038 218.696 266.4543 1294.6643;
	3.8994 52.6894 94.9502 119.6427 15.3635 34.6701 27.8873 19.0011 27.986 31.0207 57.3412 85.5419 128.7828 67.7586 199.0138 74.9773 93.0274 98.5812 90.7214 69.4812 9.2958 80.8969 75.6391 88.2132 106.1025 76.1381 13.8894 1301.5183 804.159 804.159 799.4176 118.3516 302.4047 178.8449 212.4324 343.1078 1310.0008 348.2316 468.5601 284.2033 123.3879 384.6071 217.996 272.8334 1323.6467;
	3.7579 50.7771 93.6669 117.3415 15.1157 33.4293 27.5994 18.6083 27.9117 30.1099 55.6577 83.0304 125.0018 66.6966 196.7757 74.1341 91.9812 97.4726 89.4143 71.6792 9.1998 78.0017 75.3177 85.7189 103.8211 74.5882 13.806 1325.7143 791.5168 791.5168 767.2559 120.2631 298.0476 184.5024 209.103 337.7138 1316.6932 334.9627 466.5922 278.0922 119.6191 370.8424 208.3315 270.1816 1330.4087;
	3.8858 52.5052 94.8378 119.0591 15.1241 34.2362 23.6513 18.9124 28.1409 29.7862 55.0593 82.1377 123.6578 66.9341 192.8526 72.6561 90.1474 95.5293 86.7389 71.747 7.8838 79.8845 75.8145 88.6168 105.4841 74.8527 13.8314 1286.3455 785.8293 785.8293 795.697 118.9447 289.1298 184.677 209.8476 335.2872 1299.9471 340.4899 468.5941 282.5466 123.0592 379.7936 212.0542 271.5837 1313.4882;
	3.8477 51.9903 93.6354 117.5553 15.3082 33.9427 25.278 18.6787 27.5058 29.6424 54.7936 81.7412 123.0609 67.4052 180.4048 67.9665 84.3288 89.3633 86.3826 69.9618 8.426 79.1997 75.3813 86.8547 102.9656 70.135 13.3156 1262.2147 778.929 778.929 758.5159 118.9009 287.9419 180.0818 211.3243 332.343 1263.3273 324.648 468.3072 275.8008 123.3399 376.5379 207.9954 274.2423 1276.4869;
	3.7247 50.3294 91.2911 113.9983 14.9527 31.6331 23.4101 18.1532 27.1484 29.1817 53.9418 80.4706 121.1481 68.9021 187.4043 70.6035 87.6006 92.8305 88.7194 68.3172 7.8034 73.8106 74.588 84.849 104.7097 53.1507 12.5298 1247.5575 782.0119 782.0119 720.7595 116.1764 295.7313 175.8485 216.0175 333.6584 1216.9099 328.5302 466.9534 280.4724 120.1415 350.9165 193.363 246.7609 1229.586;
	3.797 51.3056 94.0862 115.8013 15.0408 30.5009 19.7454 14.9217 27.8244 28.5034 52.688 78.6002 118.3321 67.5839 183.7333 69.2205 85.8847 91.0121 89.0677 69.5867 6.5818 71.1688 74.0254 88.124 106.2258 70.2863 10.8374 1253.3934 744.6922 744.6922 692.084 111.2543 296.8923 179.1164 211.8847 317.7353 1232.307 300.6786 458.6247 284.5333 119.9488 338.3566 184.6881 237.4906 1245.1436;
