function windprofile = ex_wind_profilesh1
%EX_WIND_PROFILE_D  Example wind_load_nyiso profile data for deterministic unit commitment.
% 2022.03.12
% Andres F. Ramirez


%% define constants
[GEN_BUS, PG, QG, QMAX, QMIN, VG, MBASE, GEN_STATUS, PMAX, PMIN, ...
    MU_PMAX, MU_PMIN, MU_QMAX, MU_QMIN, PC1, PC2, QC1MIN, QC1MAX, ...
    QC2MIN, QC2MAX, RAMP_AGC, RAMP_10, RAMP_30, RAMP_Q, APF] = idx_gen;
[CT_LABEL, CT_PROB, CT_TABLE, CT_TBUS, CT_TGEN, CT_TBRCH, CT_TAREABUS, ...
    CT_TAREAGEN, CT_TAREABRCH, CT_ROW, CT_COL, CT_CHGTYPE, CT_REP, ...
    CT_REL, CT_ADD, CT_NEWVAL, CT_TLOAD, CT_TAREALOAD, CT_LOAD_ALL_PQ, ...
    CT_LOAD_FIX_PQ, CT_LOAD_DIS_PQ, CT_LOAD_ALL_P, CT_LOAD_FIX_P, ...
    CT_LOAD_DIS_P, CT_TGENCOST, CT_TAREAGENCOST, CT_MODCOST_F, ...
    CT_MODCOST_X] = idx_ct;

windprofile = struct( ...
    'type', 'mpcData', ...
    'table', CT_TGEN, ...
    'rows', [1:45], ...
    'col', PMAX, ...
    'chgtype', 1, ...
    'values', [] );
windprofile.values(:,1,:) = [
	3.6126 48.8146 93.4998 118.1149 14.7674 32.1501 27.4661 18.0097 26.3789 28.0326 51.8179 77.3021 116.3779 69.1401 189.9141 71.549 88.7738 94.0737 82.789 70.0066 9.1554 75.0169 71.0682 84.738 104.3606 74.5513 13.1038 1321.5415 761.4431 761.4431 610.0115 114.2555 275.9632 180.1971 216.7635 324.8824 1293.2173 223.2075 444.4452 279.5373 115.0237 356.6516 190.3112 283.681 1306.6883;
	3.7739 50.9938 93.7333 116.0026 14.4408 32.2817 25.3915 17.8456 26.1951 28.1417 52.0194 77.6028 116.8305 67.9003 177.3636 66.8207 82.9072 87.8568 84.1177 70.5346 8.4638 75.324 67.911 86.5528 103.6273 72.6471 12.898 1343.9581 781.4176 781.4176 662.4266 111.2507 280.3922 181.5563 212.8766 333.4048 1298.6397 225.085 452.1666 277.5732 112.69 358.1117 181.7941 275.1819 1312.1672;
	3.7654 50.8793 94.1845 116.3639 14.5491 34.0487 21.5955 17.6435 26.1497 29.3579 54.2676 80.9566 121.8797 68.2904 188.9916 71.2015 88.3426 93.6168 90.018 71.1235 7.1985 79.447 68.6954 87.3094 102.3054 74.4366 13.0235 1347.3621 790.0836 790.0836 702.6933 106.9866 300.0602 183.072 214.0995 337.1023 1329.8062 234.1132 429.8498 274.0323 115.038 377.714 186.5425 264.2062 1343.6584;
	3.7958 51.2897 94.8603 117.2832 14.5803 33.7462 22.7252 17.9772 25.7823 30.5054 56.3888 84.1209 126.6436 67.9922 191.4502 72.1278 89.4919 94.8347 86.6711 70.4596 7.5751 78.7411 71.1532 89.144 102.8054 73.3649 13.3569 1355.0292 791.4505 791.4505 684.4948 107.6351 288.9037 181.3632 213.1649 337.6856 1313.8515 253.4499 436.9779 275.3715 115.608 374.3576 153.2935 279.3717 1327.5374;
	3.8083 51.4581 95.1258 117.0631 14.9262 34.2703 29.6102 18.6398 25.843 30.8162 56.9632 84.9779 127.9338 66.0913 192.4886 72.519 89.9772 95.349 87.0745 71.1375 9.8701 79.964 73.4293 89.7645 105.6981 75.3309 13.3147 1303.835 763.5241 763.5241 677.0829 101.6864 290.2485 183.1082 207.2053 325.7703 1264.708 240.6733 450.6897 283.12 115.2821 380.1718 181.3682 278.3678 1277.882;
	3.695 49.9277 93.5297 114.6661 14.9018 33.724 28.6043 18.6261 26.6265 30.0559 55.5579 82.8814 124.7775 64.1352 197.6916 74.4792 92.4093 97.9263 88.1041 70.7991 9.5348 78.6894 71.9098 89.4345 103.9277 73.4811 13.324 1302.4652 760.668 760.668 705.1155 103.4433 293.6804 182.2372 201.0725 324.5517 1221.005 244.461 431.6723 278.3777 113.5308 374.1121 168.3779 281.9008 1233.7238;
	3.557 48.063 88.2785 110.6924 14.5319 32.4783 29.8412 17.7671 26.009 29.7928 55.0716 82.1559 123.6853 66.0109 191.7253 72.2314 89.6204 94.9709 87.0848 71.3915 9.9471 75.7826 72.5059 87.5349 99.6722 72.8454 12.9921 1235.5471 731.7228 731.7228 709.887 104.017 290.2825 183.7619 206.9532 312.2017 1204.5914 275.418 435.3463 266.9792 113.1625 360.2922 148.0622 266.1238 1217.1393;
	3.6543 49.3782 87.9547 111.0149 14.8003 33.3221 29.719 17.4449 27.16 29.0415 53.6828 80.0842 120.5663 68.256 198.6019 74.8221 92.8348 98.3772 90.8433 71.626 9.9063 77.7516 71.3595 87.4291 100.1542 71.3725 12.8808 1265.5251 773.3263 773.3263 733.1578 111.059 302.8111 184.3655 213.9918 329.9525 1263.9659 296.2311 444.2113 268.2702 113.4179 369.6533 164.7891 266.1252 1277.1322;
	3.805 51.4145 91.0462 113.2455 14.8993 34.8037 31.8582 16.8189 27.5375 30.4704 56.3241 84.0244 126.4983 68.5541 196.9704 74.2074 92.0722 97.5691 92.6751 72.6097 10.6194 81.2087 72.6207 88.7999 103.0895 69.3911 11.5437 1285.6241 790.1135 790.1135 769.8451 116.3151 308.9171 186.8976 214.9264 337.1151 1263.1297 302.339 465.6286 276.1326 117.9942 386.0893 202.6199 268.2634 1276.2873;
	3.6789 49.7096 89.2695 110.8045 14.7518 33.9399 27.2 15.8668 27.7886 30.2459 55.9091 83.4054 125.5664 67.7535 203.0116 76.4835 94.8961 100.5616 92.7206 73.866 9.0667 79.1931 73.1203 86.8267 100.2565 67.1094 11.1945 1267.585 806.9338 806.9338 771.8601 119.687 309.0688 190.1312 212.4162 344.2918 1260.453 330.148 462.8528 268.5443 115.1998 376.5068 204.1099 266.8396 1273.5827;
	3.8243 51.6753 91.3898 114.5352 14.7595 33.4585 27.3101 17.1876 26.8451 30.6925 56.7346 84.6368 127.4202 66.4243 198.8059 74.899 92.9302 98.4783 90.3293 73.8735 9.1034 78.0698 74.5766 89.2702 102.5037 70.5674 12.6456 1262.5318 781.4098 781.4098 684.5255 116.9525 301.0977 190.1506 208.2492 333.4015 1249.3589 323.0364 454.5282 274.5635 119.1943 371.1662 210.3603 273.5756 1262.373;
	3.6679 49.5614 88.5971 115.1741 14.5394 32.987 25.1564 16.8011 27.1748 30.2046 55.8327 83.2914 125.3947 67.6485 199.2763 75.0762 93.1501 98.7113 91.7636 72.9857 8.3855 76.9697 75.6625 87.7402 101.027 67.6712 12.4971 1250.4664 761.6097 761.6097 679.2725 115.4104 305.8787 187.8654 212.0873 324.9535 1250.9351 313.0042 453.1467 270.6079 121.9721 365.9359 207.8076 265.2819 1263.9656;
	3.8561 52.1048 91.0723 115.1586 14.7872 33.5488 24.695 17.5953 27.0893 30.4807 56.3432 84.0529 126.5412 68.8659 199.5457 75.1777 93.276 98.8447 91.5236 71.5782 8.2317 78.2805 74.5242 86.7737 103.2851 73.5065 12.872 1253.6667 785.2778 785.2778 684.0425 110.4647 305.0785 184.2425 215.9037 335.0518 1245.9837 327.7139 446.9662 276.6564 120.1591 372.1678 211.5796 265.4857 1258.9627;
	3.8702 52.2954 90.3687 119.5931 14.4922 34.572 27.1752 18.1408 27.7905 30.6757 56.7036 84.5907 127.3508 69.0998 199.0453 74.9892 93.0421 98.5969 90.9662 72.621 9.0584 80.668 75.6877 88.8828 103.3435 75.7126 13.2499 1246.6539 788.9328 788.9328 731.2972 108.4752 303.2208 186.9266 216.6372 336.6113 1266.1127 318.1616 469.6213 276.8129 117.5355 383.5189 210.3372 274.4411 1279.3013;
	3.8958 52.6415 93.8648 119.3291 14.6339 33.853 23.1502 18.5769 26.9855 30.1735 55.7753 83.2057 125.2657 67.8176 198.7553 74.8799 92.9065 98.4532 90.3836 72.0082 7.7167 78.9902 75.3266 89.7705 105.8448 75.4913 13.6193 1234.1229 762.9167 762.9167 698.298 115.6036 301.2787 185.3493 212.6173 325.5111 1224.93 332.6026 464.4581 283.5129 120.9192 375.5422 209.323 281.2635 1237.6897;
	3.8346 51.8132 91.9486 117.7395 15.1441 34.0635 25.6909 17.9497 26.7102 29.2895 54.1411 80.7679 121.5957 67.8299 191.2496 72.0522 89.3981 94.7353 90.6738 71.7953 8.5636 79.4814 71.6221 89.5008 105.4473 71.8403 12.8916 1232.9111 777.9955 777.9955 723.4607 115.601 302.246 184.8012 212.656 331.9447 1229.6487 327.6376 467.0766 282.4482 121.1348 377.8774 205.4353 279.0788 1242.4576;
	3.8874 52.5268 92.8433 113.361 15.3155 32.258 23.2168 17.9057 26.5982 29.1188 53.8257 80.2974 120.8873 67.363 195.9231 73.8129 91.5827 97.0503 91.1953 69.6735 7.7389 75.2687 71.9018 88.738 104.6203 55.9154 12.3679 1176.5446 749.1542 749.1542 689.9379 115.4096 303.9843 179.3399 211.192 319.6391 1198.139 344.6023 459.0107 280.2329 118.2577 357.8488 191.7347 263.1849 1210.6196;
	3.7796 51.0706 92.4461 110.7498 15.1399 30.9485 19.5617 13.9875 26.207 28.6969 53.0458 79.1339 119.1357 65.7223 185.0702 69.7241 86.5096 91.6743 90.5274 67.9598 6.5206 72.2131 71.6417 86.8201 104.6753 67.9482 9.9473 1219.136 707.2898 707.2898 616.9828 114.5921 301.7581 174.9288 206.0484 301.777 1180.6077 301.6002 449.7043 280.3803 118.2774 343.3219 179.7803 242.5419 1192.9057;
