function solarprofile = ex_solar_profilesh1
%EX_WIND_PROFILE_D  Example wind_load_nyiso profile data for deterministic unit commitment.
% 2022.03.12
% Andres F. Ramirez


%% define constants
[GEN_BUS, PG, QG, QMAX, QMIN, VG, MBASE, GEN_STATUS, PMAX, PMIN, ...
    MU_PMAX, MU_PMIN, MU_QMAX, MU_QMIN, PC1, PC2, QC1MIN, QC1MAX, ...
    QC2MIN, QC2MAX, RAMP_AGC, RAMP_10, RAMP_30, RAMP_Q, APF] = idx_gen;
[CT_LABEL, CT_PROB, CT_TABLE, CT_TBUS, CT_TGEN, CT_TBRCH, CT_TAREABUS, ...
    CT_TAREAGEN, CT_TAREABRCH, CT_ROW, CT_COL, CT_CHGTYPE, CT_REP, ...
    CT_REL, CT_ADD, CT_NEWVAL, CT_TLOAD, CT_TAREALOAD, CT_LOAD_ALL_PQ, ...
    CT_LOAD_FIX_PQ, CT_LOAD_DIS_PQ, CT_LOAD_ALL_P, CT_LOAD_FIX_P, ...
    CT_LOAD_DIS_P, CT_TGENCOST, CT_TAREAGENCOST, CT_MODCOST_F, ...
    CT_MODCOST_X] = idx_ct;

solarprofile = struct( ...
    'type', 'mpcData', ...
    'table', CT_TGEN, ...
    'rows', [1:12], ...
    'col', PMAX, ...
    'chgtype', 1, ...
    'values', [] );
solarprofile.values(:,1,:) = [
	0.0 0.0 0.0 0.0 0.0 0.0 0.0 0.0 0.0 0.0 0.0 0.0;
	0.0 0.0 0.0 0.0 0.0 0.0 0.0 0.0 0.0 0.0 0.0 0.0;
	0.0 0.0 0.0 0.0 0.0 0.0 0.0 0.0 0.0 0.0 0.0 0.0;
	0.0 0.0 0.0 0.0 0.0 0.0 0.0 0.0 0.0 0.0 0.0 0.0;
	0.0 0.0 0.0 0.0 0.0 0.0 0.0 0.0 0.0 0.0 0.0 0.0;
	1.0111 0.8207 0.6949 0.0 0.0 11.9127 1.4891 5.3928 0.4816 0.0 0.0 0.0;
	5.4364 5.1034 2.1351 3.3649 3.5807 87.5714 10.9464 31.5816 91.798 43.2391 26.4016 78.3062;
	17.1139 13.9899 10.7667 7.6103 3.3954 286.0142 35.7518 49.477 159.3546 76.6559 75.8033 138.8242;
	22.0867 16.6083 13.8 9.945 3.9019 364.0309 45.5039 57.1604 185.0133 173.2639 122.2831 313.782;
	14.9985 13.7968 11.8276 8.425 5.8955 366.7642 45.8455 61.5627 154.6274 212.5371 135.2067 384.906;
	20.0294 15.5802 11.5113 9.4386 9.1571 374.475 46.8094 67.2795 151.2019 239.5988 157.4845 433.9148;
	25.5352 16.5214 13.5238 9.8064 10.2005 389.5871 48.6984 69.5416 151.6829 240.2445 166.0585 435.0842;
	24.4294 15.9296 13.4455 7.1534 6.8508 375.4453 46.9307 69.0192 90.9261 136.8446 114.0026 247.8265;
	20.9273 15.4598 13.2454 4.3661 4.3827 351.272 43.909 65.6215 68.6801 88.9158 89.6642 161.027;
	8.5473 8.3841 8.9427 2.7072 3.3115 307.0742 38.3843 61.9108 51.869 47.8111 51.051 86.5862;
	0.5014 0.7546 1.3287 3.02 4.6167 182.3751 22.7969 49.1156 53.5884 12.1914 19.9507 22.0787;
	1.1906 1.0041 0.8166 1.6254 2.2164 89.031 11.1289 18.2442 35.4459 7.3402 7.8911 13.2932;
	0.0 0.0 0.0 0.0 0.0 0.0 0.0 0.0 0.0 0.0 0.0 0.0;
	0.0 0.0 0.0 0.0 0.0 0.0 0.0 0.0 0.0 0.0 0.0 0.0;
	0.0 0.0 0.0 0.0 0.0 0.0 0.0 0.0 0.0 0.0 0.0 0.0;
	0.0 0.0 0.0 0.0 0.0 0.0 0.0 0.0 0.0 0.0 0.0 0.0;
	0.0 0.0 0.0 0.0 0.0 0.0 0.0 0.0 0.0 0.0 0.0 0.0;
	0.0 0.0 0.0 0.0 0.0 0.0 0.0 0.0 0.0 0.0 0.0 0.0;
	0.0 0.0 0.0 0.0 0.0 0.0 0.0 0.0 0.0 0.0 0.0 0.0;
];
