function loadprofile = ex_load_profilesh1
%EX_LOAD_PROFILE  Example load profile data file for stochastic unit commitment.
% 2022.03.12
% Andres F. Ramirez

%% define constants
[CT_LABEL, CT_PROB, CT_TABLE, CT_TBUS, CT_TGEN, CT_TBRCH, CT_TAREABUS, ...
    CT_TAREAGEN, CT_TAREABRCH, CT_ROW, CT_COL, CT_CHGTYPE, CT_REP, ...
    CT_REL, CT_ADD, CT_NEWVAL, CT_TLOAD, CT_TAREALOAD, CT_LOAD_ALL_PQ, ...
    CT_LOAD_FIX_PQ, CT_LOAD_DIS_PQ, CT_LOAD_ALL_P, CT_LOAD_FIX_P, ...
    CT_LOAD_DIS_P, CT_TGENCOST, CT_TAREAGENCOST, CT_MODCOST_F, ...
    CT_MODCOST_X] = idx_ct;

loadprofile = struct( ...
    'type', 'mpcData', ...
    'table', CT_TAREALOAD, ...
    'rows', [1:11], ...
    'col', CT_LOAD_ALL_P, ...
    'chgtype', 1, ...
    'values', [] );
loadprofile.values(:,1,:) = [
	1409.255 837.0861 1460.9628 520.643 730.666 1056.2 810.8802 206.3936 507.9736 4215.3532 1632.1232;
	1401.7548 839.9 1439.4454 461.9526 705.6 1013.3176 796.3658 186.5713 493.6779 4160.6321 1615.3737;
	1384.3869 799.341 1410.8203 498.9839 707.977 1006.7576 796.4493 191.7736 500.4896 4128.1516 1589.9186;
	1414.7634 841.7242 1490.9564 515.1518 750.1381 1048.1936 824.0095 215.0984 509.1891 4057.9081 1634.2285;
	1468.1395 893.6005 1611.0452 525.0 828.6279 1100.327 887.044 239.2783 563.1857 4445.4312 1810.4156;
	1550.942 922.5538 1687.3573 567.0 868.8859 1165.5814 918.2471 264.2 577.0263 4602.1733 1869.7516;
	1564.3611 938.2835 1683.5816 576.3276 910.5 1192.9033 910.1119 286.8891 580.6 4802.732 1788.4114;
	1629.0819 986.9992 1717.7889 606.1912 915.1335 1261.6728 969.6404 295.5738 622.7804 5144.4614 1816.2547;
	1665.1404 984.9491 1745.2541 600.507 917.0651 1263.2444 977.6703 303.8274 637.2 5293.5998 1912.3117;
	1624.7782 981.6773 1708.8638 590.602 895.2158 1269.7699 955.8396 295.7154 636.2562 5308.6989 1884.298;
	1605.5817 950.7299 1680.7803 585.2 862.3369 1202.9252 910.5688 315.8006 635.8164 5332.8269 1902.2933;
	1591.4493 939.1005 1657.409 589.8103 877.4676 1184.9844 878.5374 292.6 610.1013 5239.0824 1808.8864;
	1572.2323 931.0818 1605.4289 581.0 841.1159 1066.9756 797.4109 310.3705 617.0899 5205.8971 1819.0397;
	1449.8988 932.013 1582.8497 559.8558 814.9825 994.342 792.6573 311.2 593.8339 5165.3228 1861.6875;
	1530.5724 965.4897 1632.1657 579.1568 821.419 1171.9282 919.9141 328.2599 602.6319 5228.5927 1899.6837;
	1550.2447 1009.3781 1701.1277 577.9108 843.4684 1268.4646 971.9784 336.5344 609.7865 5224.3386 1939.543;
	1600.7016 1030.6027 1786.6409 579.8765 873.1416 1322.3258 960.6609 346.8319 615.629 5217.7618 2091.884;
	1666.4426 1087.3632 1852.0216 596.2 931.1584 1393.3808 1044.8674 348.1427 660.1 5363.8511 2289.166;
	1743.2738 1100.9 1845.0042 602.4 905.9929 1376.4 1031.3381 347.1791 655.1742 5366.3207 2287.9225;
	1723.7343 1060.5996 1759.304 596.0 866.163 1302.2846 991.9628 330.4604 649.6902 5084.6633 2214.1;
	1637.2801 991.0912 1645.0334 570.3 820.0903 1199.6758 919.6276 322.0572 604.601 4890.0608 2085.5682;
	1550.3593 950.676 1598.8 564.2738 775.3303 1147.3677 884.5884 311.2598 592.795 4801.1857 1971.8564;
	1537.5825 910.8698 1523.7327 579.0781 750.1173 1123.8786 895.2056 268.7311 570.8248 4664.8064 1894.3629;
	1477.955 878.1 1489.8088 574.8431 738.0099 1089.5851 876.2423 260.2311 545.1297 4453.3304 1814.423;
];
