function solarprofile = ex_solar_profilesh1
%EX_WIND_PROFILE_D  Example wind_load_nyiso profile data for deterministic unit commitment.
% 2022.03.12
% Andres F. Ramirez


%% define constants
[GEN_BUS, PG, QG, QMAX, QMIN, VG, MBASE, GEN_STATUS, PMAX, PMIN, ...
    MU_PMAX, MU_PMIN, MU_QMAX, MU_QMIN, PC1, PC2, QC1MIN, QC1MAX, ...
    QC2MIN, QC2MAX, RAMP_AGC, RAMP_10, RAMP_30, RAMP_Q, APF] = idx_gen;
[CT_LABEL, CT_PROB, CT_TABLE, CT_TBUS, CT_TGEN, CT_TBRCH, CT_TAREABUS, ...
    CT_TAREAGEN, CT_TAREABRCH, CT_ROW, CT_COL, CT_CHGTYPE, CT_REP, ...
    CT_REL, CT_ADD, CT_NEWVAL, CT_TLOAD, CT_TAREALOAD, CT_LOAD_ALL_PQ, ...
    CT_LOAD_FIX_PQ, CT_LOAD_DIS_PQ, CT_LOAD_ALL_P, CT_LOAD_FIX_P, ...
    CT_LOAD_DIS_P, CT_TGENCOST, CT_TAREAGENCOST, CT_MODCOST_F, ...
    CT_MODCOST_X] = idx_ct;

solarprofile = struct( ...
    'type', 'mpcData', ...
    'table', CT_TGEN, ...
    'rows', [1:12], ...
    'col', PMAX, ...
    'chgtype', 1, ...
    'values', [] );
solarprofile.values(:,1,:) = [
	0.0 0.0 0.0 0.0 0.0 0.0 0.0 0.0 0.0 0.0 0.0 0.0;
	0.0 0.0 0.0 0.0 0.0 0.0 0.0 0.0 0.0 0.0 0.0 0.0;
	0.0 0.0 0.0 0.0 0.0 0.0 0.0 0.0 0.0 0.0 0.0 0.0;
	0.0 0.0 0.0 0.0 0.0 0.0 0.0 0.0 0.0 0.0 0.0 0.0;
	0.0 0.0 0.0 0.0 0.0 0.0 0.0 0.0 0.0 0.0 0.0 0.0;
	1.0163 0.8228 0.6966 0.0 0.0 9.4835 1.1854 4.2691 0.4191 0.0 0.0 0.0;
	5.3882 3.6307 3.3636 0.2421 0.5171 198.613 24.8266 15.7599 83.6736 9.8107 10.7239 17.7673;
	14.6967 12.2261 9.0273 1.2439 3.46 325.7053 40.7132 29.9546 156.1849 57.964 40.1994 104.9731;
	22.8162 16.5835 13.7915 3.6778 5.9841 356.6902 44.5863 37.0997 156.7603 175.7922 97.2868 318.3608;
	25.2049 15.5209 13.8 2.0915 3.2821 174.0224 21.7528 36.5768 32.8154 213.0072 72.2506 385.7574;
	25.6838 16.413 13.8 2.4822 3.9243 83.3817 10.4227 39.3533 21.3667 253.4471 90.0946 458.9942;
	25.6773 16.5214 13.8 2.7856 5.0655 80.1693 10.0212 49.0791 25.0769 284.6832 132.5983 515.563;
	23.0769 14.479 13.4455 1.6947 4.331 98.0023 12.2503 64.172 59.2069 245.3459 118.3401 444.323;
	18.5995 8.6406 13.1924 1.0342 3.3794 177.5826 22.1978 65.7991 87.4492 245.0915 105.4884 443.8623;
	14.7423 6.4897 11.0423 0.7329 1.6123 216.3129 27.0391 63.8046 100.4769 194.1909 75.1737 351.681;
	9.2206 6.1085 6.6713 1.103 0.6391 160.9275 20.1159 41.8783 140.6828 85.5912 44.684 155.0061;
	1.677 1.5088 1.0945 0.8388 0.685 63.6502 7.9563 12.3302 41.8969 22.4158 17.2421 40.5952;
	0.0 0.0 0.0 0.0 0.0 0.0 0.0 0.0 0.0 0.0 0.0 0.0;
	0.0 0.0 0.0 0.0 0.0 0.0 0.0 0.0 0.0 0.0 0.0 0.0;
	0.0 0.0 0.0 0.0 0.0 0.0 0.0 0.0 0.0 0.0 0.0 0.0;
	0.0 0.0 0.0 0.0 0.0 0.0 0.0 0.0 0.0 0.0 0.0 0.0;
	0.0 0.0 0.0 0.0 0.0 0.0 0.0 0.0 0.0 0.0 0.0 0.0;
	0.0 0.0 0.0 0.0 0.0 0.0 0.0 0.0 0.0 0.0 0.0 0.0;
	0.0 0.0 0.0 0.0 0.0 0.0 0.0 0.0 0.0 0.0 0.0 0.0;
];
