function loadprofile = ex_load_profilesh1
%EX_LOAD_PROFILE  Example load profile data file for stochastic unit commitment.
% 2022.03.12
% Andres F. Ramirez

%% define constants
[CT_LABEL, CT_PROB, CT_TABLE, CT_TBUS, CT_TGEN, CT_TBRCH, CT_TAREABUS, ...
    CT_TAREAGEN, CT_TAREABRCH, CT_ROW, CT_COL, CT_CHGTYPE, CT_REP, ...
    CT_REL, CT_ADD, CT_NEWVAL, CT_TLOAD, CT_TAREALOAD, CT_LOAD_ALL_PQ, ...
    CT_LOAD_FIX_PQ, CT_LOAD_DIS_PQ, CT_LOAD_ALL_P, CT_LOAD_FIX_P, ...
    CT_LOAD_DIS_P, CT_TGENCOST, CT_TAREAGENCOST, CT_MODCOST_F, ...
    CT_MODCOST_X] = idx_ct;

loadprofile = struct( ...
    'type', 'mpcData', ...
    'table', CT_TAREALOAD, ...
    'rows', [1:11], ...
    'col', CT_LOAD_ALL_P, ...
    'chgtype', 1, ...
    'values', [] );
loadprofile.values(:,1,:) = [
	1484.3 887.7676 1552.8432 540.4955 648.3618 1168.3384 796.1703 223.4 449.1 4351.8606 1653.7947;
	1479.6806 888.7897 1537.3682 539.5092 616.0813 1147.0672 784.6526 219.5 436.715 4302.3935 1623.1367;
	1489.9993 896.2923 1594.8522 554.1502 662.7604 1154.3699 793.5047 218.3214 425.1938 4299.7049 1636.2943;
	1518.7683 920.5686 1636.2105 559.2246 688.5009 1182.6363 818.2 229.9686 428.1666 4420.5816 1690.8709;
	1590.952 980.6982 1707.1 580.5691 761.1 1277.5705 873.0512 254.827 475.2453 4560.6577 1824.361;
	1640.7433 1044.754 1799.1 592.047 814.826 1310.4919 914.8854 258.5069 490.2565 4754.7134 1899.2;
	1684.3043 1076.5614 1835.7128 595.2738 855.8641 1334.2612 940.7192 261.2 520.0363 4902.9021 1936.0571;
	1707.6258 1121.1416 1893.5758 598.6388 917.6 1374.8635 976.4318 286.8896 554.3325 5104.6502 2031.9367;
	1745.1 1101.838 1911.8143 592.3 940.1 1405.7183 1036.4093 302.5542 561.6048 5364.7638 2110.7486;
	1735.8 1085.3 1889.4995 588.9 944.6 1412.5797 983.3513 265.8722 539.3547 5287.9672 2053.8885;
	1739.6975 1086.4 1866.9828 569.7252 919.33 1368.3027 961.3266 259.7749 563.5941 5277.0604 2062.2272;
	1723.448 1072.5661 1846.9725 575.5 911.6 1330.6 969.4 260.4115 529.8107 5227.1585 1964.7316;
	1680.5998 1053.1261 1832.5221 574.6958 874.4 1284.7 954.4191 265.5 493.8604 5252.1252 2010.5922;
	1657.2 1033.4 1872.3365 579.1593 874.8791 1337.5298 981.6952 253.6442 469.1459 5176.764 2027.5987;
	1713.8 1068.7468 1926.7105 571.0423 880.265 1377.2901 1026.1321 274.7983 458.6146 5258.1528 2108.5551;
	1740.4986 1089.0389 1992.6989 561.8 895.9693 1361.7867 1053.8967 295.0 465.6233 5322.2517 2344.0668;
	1743.8187 1098.3683 2043.0626 556.3714 922.2151 1373.26 1080.1619 304.799 518.153 5350.1142 2298.3146;
	1772.1224 1149.2358 2147.3417 575.5515 1015.8028 1490.5754 1148.6842 317.8558 544.9575 5538.7317 2396.684;
	1838.9447 1131.6554 2091.0259 599.5155 966.7683 1457.1253 1101.5 313.0413 480.8408 5391.2673 2264.3;
	1812.2106 1099.4 1992.1907 589.8091 933.899 1395.238 1072.6774 316.3532 497.7855 5206.7449 2175.9001;
	1761.9266 1066.9189 1889.5103 578.4 869.8 1339.2452 1013.1 288.9 518.9331 5039.7725 2034.6094;
	1703.1622 1013.9853 1828.1048 586.4336 828.241 1273.9242 963.9322 257.4909 479.376 4820.5538 1924.3277;
	1685.8331 992.5581 1774.2133 604.1575 806.026 1209.5379 873.087 244.4415 482.1002 4754.7297 1840.3844;
	1632.6512 947.6156 1732.6692 595.6581 782.4895 1168.1755 844.8426 244.4605 464.507 4626.8983 1776.2;
];
