function windprofile = ex_wind_profilesh1
%EX_WIND_PROFILE_D  Example wind_load_nyiso profile data for deterministic unit commitment.
% 2022.03.12
% Andres F. Ramirez


%% define constants
[GEN_BUS, PG, QG, QMAX, QMIN, VG, MBASE, GEN_STATUS, PMAX, PMIN, ...
    MU_PMAX, MU_PMIN, MU_QMAX, MU_QMIN, PC1, PC2, QC1MIN, QC1MAX, ...
    QC2MIN, QC2MAX, RAMP_AGC, RAMP_10, RAMP_30, RAMP_Q, APF] = idx_gen;
[CT_LABEL, CT_PROB, CT_TABLE, CT_TBUS, CT_TGEN, CT_TBRCH, CT_TAREABUS, ...
    CT_TAREAGEN, CT_TAREABRCH, CT_ROW, CT_COL, CT_CHGTYPE, CT_REP, ...
    CT_REL, CT_ADD, CT_NEWVAL, CT_TLOAD, CT_TAREALOAD, CT_LOAD_ALL_PQ, ...
    CT_LOAD_FIX_PQ, CT_LOAD_DIS_PQ, CT_LOAD_ALL_P, CT_LOAD_FIX_P, ...
    CT_LOAD_DIS_P, CT_TGENCOST, CT_TAREAGENCOST, CT_MODCOST_F, ...
    CT_MODCOST_X] = idx_ct;

windprofile = struct( ...
    'type', 'mpcData', ...
    'table', CT_TGEN, ...
    'rows', [1:45], ...
    'col', PMAX, ...
    'chgtype', 1, ...
    'values', [] );
windprofile.values(:,1,:) = [
	3.768 50.9139 95.191 119.8502 14.9336 33.4235 28.7835 18.6604 27.9079 29.7972 55.0797 82.1681 123.7037 68.2919 200.1919 75.4211 93.5781 99.1648 86.3287 71.7281 9.5945 77.9883 75.1745 88.8783 106.3755 76.2448 14.0381 1310.8786 816.3058 816.3058 626.9782 113.2114 287.7622 184.6282 214.1043 348.2905 1295.8347 236.094 437.0318 284.9343 115.3674 370.7786 204.8452 285.1146 1309.333;
	3.8504 52.0271 94.3687 118.3531 15.2688 33.0555 26.0157 18.0723 28.1329 30.4286 56.2468 83.9092 126.3249 68.1475 185.1489 69.7538 86.5464 91.7133 87.8765 70.1116 8.6719 77.1294 74.8311 85.1469 103.8868 73.3703 13.3301 1283.1456 823.6851 823.6851 657.3483 107.8045 292.9216 180.4676 213.6516 351.439 1283.7499 237.1408 445.5758 278.2683 114.2822 366.6951 201.0868 276.388 1297.1223;
	3.8712 52.3085 94.7117 119.7671 15.3454 34.1931 21.8037 18.1489 28.3358 30.2999 56.0089 83.5543 125.7905 69.1118 197.6249 74.454 92.3781 97.8932 92.4947 71.5477 7.2679 79.7838 74.377 86.7714 102.7451 76.1295 13.6971 1271.4324 817.9889 817.9889 702.7703 104.8957 308.3155 184.1639 216.6749 349.0086 1304.47 244.8876 421.3753 275.21 118.8171 379.3151 208.8091 273.5172 1318.0582;
	3.7849 51.1425 95.095 119.6837 15.3812 33.3964 22.3947 17.6852 27.8952 31.1026 57.4927 85.7678 129.123 67.3915 201.0908 75.7598 93.9983 99.6101 92.7397 73.1348 7.4649 77.9249 74.8422 88.4396 103.0411 73.5191 13.6463 1289.2673 816.288 816.288 701.34 110.2439 309.1324 188.2491 211.2816 348.2829 1294.8686 263.3715 427.8734 276.003 121.6863 370.4771 168.1596 271.6623 1308.3568;
	3.8565 52.11 94.4387 117.0438 15.2469 34.149 30.2476 17.6861 28.0182 31.1906 57.6553 86.0104 129.4882 66.5386 195.9971 73.8408 91.6173 97.087 90.5558 72.6688 10.0825 79.6809 74.6635 84.9417 100.9997 74.0041 13.6438 1250.5811 810.8552 810.8552 726.8236 115.9305 301.8528 187.0498 208.6074 345.9649 1253.8993 253.2005 454.9058 270.535 118.5436 378.8257 203.3348 263.4059 1266.9608;
	3.7581 50.7807 92.0544 115.0194 14.7821 33.8744 29.3905 17.6591 27.7867 30.7923 56.9191 84.9121 127.8347 67.5784 198.5631 74.8075 92.8167 98.358 92.5605 71.9704 9.7968 79.0404 74.1001 86.3421 98.2321 73.7688 13.3635 1273.4753 816.1543 816.1543 764.0932 121.6872 308.535 185.2519 211.8675 348.2258 1253.9308 254.9706 457.7541 263.1217 117.4133 375.7805 193.0443 271.2301 1266.9926;
	3.6914 49.8788 88.7291 113.4927 14.2668 33.0732 29.6079 17.9027 26.7856 30.6095 56.5812 84.408 127.0757 67.6369 193.3826 72.8558 90.3951 95.7918 88.5027 71.5974 9.8693 77.1707 74.1042 84.3319 99.1627 73.385 13.2047 1207.1274 776.1112 776.1112 728.0924 112.4076 295.009 184.2919 212.0508 331.1408 1203.3048 269.6492 448.4092 265.6142 113.1502 366.8917 171.3646 266.0055 1215.8392;
	3.5821 48.4022 86.4831 111.553 14.2377 32.4719 30.5068 16.9477 27.7272 30.5275 56.4296 84.1818 126.7353 69.6635 197.3973 74.3683 92.2718 97.7805 91.4213 69.6164 10.1689 75.7679 74.2045 87.0056 96.8567 71.6875 12.2528 1292.6944 803.1144 803.1144 751.4748 112.0612 304.7378 179.1929 218.4045 342.6621 1277.7428 283.9113 471.5999 259.4377 112.7715 360.2221 178.877 262.3238 1291.0526;
	3.6238 48.9648 87.5235 111.3483 14.4873 32.1317 31.4853 16.598 27.2673 30.9601 57.2293 85.3749 128.5315 69.5681 195.0981 73.5021 91.197 96.6416 91.2152 70.1209 10.4951 74.974 75.2887 86.3307 98.2249 69.0507 12.4271 1319.7191 824.0323 824.0323 782.352 117.0647 304.0507 180.4914 218.1054 351.5871 1283.0347 306.7528 466.1929 263.1023 115.056 356.4477 204.2415 264.4376 1296.3997;
	3.5498 47.9659 85.7713 112.1469 12.6424 30.6352 26.3579 16.9645 27.6002 28.9819 53.5727 79.9199 120.319 68.4984 195.2789 73.5702 91.2816 96.7312 89.5909 70.8642 8.786 71.4822 73.7511 86.1143 97.4249 67.7449 12.4342 1287.0361 821.9838 821.9838 756.5008 118.1983 298.6364 182.4046 214.7517 350.7131 1255.5385 325.3164 458.9199 260.9596 113.8476 339.8466 201.4451 232.6862 1268.6171;
	3.5595 48.0961 87.4935 111.653 14.3311 31.8467 27.9847 18.0314 27.5824 29.875 55.2235 82.3825 124.0265 68.479 196.3293 73.9659 91.7725 97.2515 91.5029 73.0527 9.3282 74.309 73.044 85.2599 98.8377 70.1956 13.165 1268.9546 835.437 835.437 786.9264 118.1224 305.0098 188.0379 214.6908 356.4531 1296.8041 325.7462 463.1732 264.7439 118.5165 353.286 202.0414 253.5417 1310.3124;
	3.6058 48.7228 90.0484 116.0947 14.4949 31.8925 26.6702 18.5566 28.0071 29.5487 54.6204 81.4829 122.672 68.911 200.217 75.4306 93.5898 99.1773 92.2669 72.3795 8.8901 74.4158 75.5612 88.6685 102.5258 69.6304 13.3069 1284.2123 824.7825 824.7825 792.5141 119.8935 307.5562 186.305 216.0454 351.9072 1298.6233 331.6467 467.4398 274.6226 122.1862 353.7937 202.5778 259.5321 1312.1506;
	3.6217 48.9372 91.0547 112.6916 14.5162 31.9041 26.6946 18.1152 27.4056 30.0997 55.6389 83.0022 124.9594 69.1186 201.4406 75.8916 94.1618 99.7834 91.7204 73.4421 8.8982 74.4429 74.3637 86.9099 102.4465 70.8858 13.3106 1304.82 821.769 821.769 756.7983 116.3693 305.7347 189.0401 216.6962 350.6214 1315.5904 331.1925 459.5032 274.4103 117.6859 353.9228 199.2749 261.5616 1329.2944;
	3.5547 48.0319 91.2212 113.3838 14.2016 32.0669 26.7018 18.4988 27.3565 29.5417 54.6074 81.4635 122.6429 68.16 194.7396 73.367 91.0294 96.464 91.8931 72.8603 8.9006 74.8229 74.3109 88.9168 104.0937 72.6884 13.7776 1269.9066 805.5095 805.5095 750.3016 114.1255 306.3104 187.5427 213.6909 343.6841 1283.2125 314.7328 455.8494 278.8224 119.6049 355.7293 188.0463 259.3031 1296.5793;
	3.6191 48.9018 93.7406 112.706 14.8637 32.5852 24.2323 18.4521 28.1377 29.7441 54.9815 82.0216 123.483 66.3179 190.1876 71.6521 88.9017 94.2092 91.5239 71.4085 8.0774 76.0321 74.8765 89.4866 103.1843 74.1805 13.5289 1289.1663 807.4293 807.4293 777.3728 116.3128 305.0798 183.8057 207.9155 344.5032 1260.6114 324.0652 462.1856 276.3865 116.1329 361.4782 194.9361 264.6323 1273.7428;
	3.5956 48.5838 92.6129 110.4646 14.7643 32.7005 26.1948 18.661 27.863 29.4975 54.5256 81.3415 122.4592 66.8793 187.8288 70.7634 87.799 93.0408 91.6349 70.947 8.7316 76.3013 71.5131 89.3211 103.9124 72.9938 13.3748 1287.4408 806.5174 806.5174 748.0755 114.0439 305.4498 182.6178 209.6757 344.1141 1235.867 314.9178 469.4591 278.3368 118.1835 362.758 194.085 268.7692 1248.7406;
	3.5981 48.6177 92.4896 104.7137 14.8308 31.1399 24.5593 17.9105 28.4508 29.8885 55.2485 82.4199 124.0826 68.2743 200.5267 75.5473 93.7346 99.3307 92.7357 72.0481 8.1864 72.6597 71.775 86.9057 101.0953 56.9784 12.3406 1234.1448 790.0494 790.0494 687.8409 110.658 309.1189 185.4519 214.0492 337.0878 1183.6336 320.3731 478.0294 270.7911 118.4288 345.4452 190.3458 257.4138 1195.9631;
	3.7648 50.8701 93.1347 109.2313 14.8756 29.368 23.2185 13.8472 28.4432 29.7985 55.0821 82.1717 123.709 69.1166 199.1519 75.0293 93.0919 98.6497 91.2705 73.2033 7.7395 68.5253 72.5221 87.7119 103.8559 68.7849 10.345 1234.79 751.9152 751.9152 625.9064 110.9534 304.2349 188.4256 216.6898 320.8172 1243.5281 287.0397 478.6545 278.1855 121.44 325.789 179.6733 238.8265 1256.4815;
