function loadprofile = ex_load_profilesh1
%EX_LOAD_PROFILE  Example load profile data file for stochastic unit commitment.
% 2022.03.12
% Andres F. Ramirez

%% define constants
[CT_LABEL, CT_PROB, CT_TABLE, CT_TBUS, CT_TGEN, CT_TBRCH, CT_TAREABUS, ...
    CT_TAREAGEN, CT_TAREABRCH, CT_ROW, CT_COL, CT_CHGTYPE, CT_REP, ...
    CT_REL, CT_ADD, CT_NEWVAL, CT_TLOAD, CT_TAREALOAD, CT_LOAD_ALL_PQ, ...
    CT_LOAD_FIX_PQ, CT_LOAD_DIS_PQ, CT_LOAD_ALL_P, CT_LOAD_FIX_P, ...
    CT_LOAD_DIS_P, CT_TGENCOST, CT_TAREAGENCOST, CT_MODCOST_F, ...
    CT_MODCOST_X] = idx_ct;

loadprofile = struct( ...
    'type', 'mpcData', ...
    'table', CT_TAREALOAD, ...
    'rows', [1:11], ...
    'col', CT_LOAD_ALL_P, ...
    'chgtype', 1, ...
    'values', [] );
loadprofile.values(:,1,:) = [
	1452.5858 894.4554 1543.8908 562.4 762.0342 1179.3662 880.9034 264.5186 541.9428 4669.6262 1767.3167;
	1468.1392 902.5425 1540.765 557.8206 749.9786 1169.2601 865.0848 259.2695 524.0272 4610.9011 1793.0805;
	1470.5843 908.0685 1537.1786 555.9129 761.4729 1140.1397 855.2983 265.8405 522.9163 4628.9573 1770.1236;
	1503.9198 936.0995 1585.3862 561.4 795.0965 1159.7727 880.9964 265.1018 528.6505 4663.3351 1765.6381;
	1585.6432 987.4812 1693.7337 578.9 847.4 1227.0395 939.0481 285.3 554.1313 4752.9177 1837.193;
	1665.8142 1044.6304 1767.2968 607.1452 876.2399 1296.6708 996.7476 300.4 566.8844 5046.5657 1929.7703;
	1712.4936 1089.7405 1844.6212 601.7272 940.1 1348.2821 1045.3548 296.0 597.2981 5165.6365 2038.4937;
	1748.4346 1105.2138 1869.861 605.2 984.6042 1405.4136 1109.289 300.2574 635.6674 5365.0264 2109.7249;
	1774.8 1124.447 1898.6924 596.4431 975.6473 1392.3467 1117.0334 296.7 647.3668 5479.9232 2140.4673;
	1780.923 1107.8048 1930.8 587.7352 975.9685 1410.1909 1153.336 316.7499 656.5763 5576.1887 2162.2058;
	1784.2778 1079.6823 1890.1536 583.5 914.2 1412.1796 1103.026 296.3 649.4905 5494.6307 2120.0009;
	1776.3937 1056.5044 1846.2197 560.8928 889.7822 1399.5735 1096.4274 283.5757 629.6165 5484.4123 2095.2629;
	1731.2432 1016.8083 1751.308 547.7193 822.5293 1294.7336 1010.906 274.395 606.0609 5348.8 1964.0652;
	1763.4065 1024.2 1775.3014 552.8348 874.7443 1344.8454 1043.7493 294.8 620.0491 5307.3884 1998.2;
	1725.873 979.6972 1814.8936 545.8 912.0061 1335.8835 1055.4511 300.1 630.1975 5305.3516 2069.0376;
	1674.9667 969.8617 1850.0595 576.9637 922.6549 1343.4119 1042.8498 318.9108 619.103 5311.4018 2159.4356;
	1694.1128 961.7871 1877.0993 587.4179 942.1002 1368.4392 1053.2929 289.6365 612.9 5183.1865 2124.4456;
	1729.991 1026.2306 1915.8 608.249 973.2502 1425.1639 1096.3367 335.2861 645.3 5292.9474 2244.8;
	1780.7913 1070.9419 1902.1365 627.183 994.3945 1379.4063 1099.391 347.3418 643.4 5322.3151 2270.0856;
	1754.0977 1033.024 1875.3459 605.7856 955.498 1350.6293 1074.3927 337.6524 626.5318 5272.3134 2219.1941;
	1699.0 1003.9922 1775.7098 594.4922 892.9529 1291.086 1033.5136 317.3 613.7362 5173.9626 2163.4741;
	1562.4101 941.6345 1667.5973 592.3131 859.5016 1231.2434 960.9552 298.0289 576.2554 4966.0826 2003.8556;
	1519.2 943.0677 1652.9995 656.0314 857.4908 1195.3317 961.6 277.15 548.1845 4924.8256 1920.6131;
	1520.7925 956.426 1703.8079 654.1209 845.5246 1211.8 918.0292 262.4 533.0 4735.9536 1838.6241;
];
