function solarprofile = ex_solar_profilesh1
%EX_WIND_PROFILE_D  Example wind_load_nyiso profile data for deterministic unit commitment.
% 2022.03.12
% Andres F. Ramirez


%% define constants
[GEN_BUS, PG, QG, QMAX, QMIN, VG, MBASE, GEN_STATUS, PMAX, PMIN, ...
    MU_PMAX, MU_PMIN, MU_QMAX, MU_QMIN, PC1, PC2, QC1MIN, QC1MAX, ...
    QC2MIN, QC2MAX, RAMP_AGC, RAMP_10, RAMP_30, RAMP_Q, APF] = idx_gen;
[CT_LABEL, CT_PROB, CT_TABLE, CT_TBUS, CT_TGEN, CT_TBRCH, CT_TAREABUS, ...
    CT_TAREAGEN, CT_TAREABRCH, CT_ROW, CT_COL, CT_CHGTYPE, CT_REP, ...
    CT_REL, CT_ADD, CT_NEWVAL, CT_TLOAD, CT_TAREALOAD, CT_LOAD_ALL_PQ, ...
    CT_LOAD_FIX_PQ, CT_LOAD_DIS_PQ, CT_LOAD_ALL_P, CT_LOAD_FIX_P, ...
    CT_LOAD_DIS_P, CT_TGENCOST, CT_TAREAGENCOST, CT_MODCOST_F, ...
    CT_MODCOST_X] = idx_ct;

solarprofile = struct( ...
    'type', 'mpcData', ...
    'table', CT_TGEN, ...
    'rows', [1:12], ...
    'col', PMAX, ...
    'chgtype', 1, ...
    'values', [] );
solarprofile.values(:,1,:) = [
	0.0 0.0 0.0 0.0 0.0 0.0 0.0 0.0 0.0 0.0 0.0 0.0;
	0.0 0.0 0.0 0.0 0.0 0.0 0.0 0.0 0.0 0.0 0.0 0.0;
	0.0 0.0 0.0 0.0 0.0 0.0 0.0 0.0 0.0 0.0 0.0 0.0;
	0.0 0.0 0.0 0.0 0.0 0.0 0.0 0.0 0.0 0.0 0.0 0.0;
	0.0 0.0 0.0 0.0 0.0 0.0 0.0 0.0 0.0 0.0 0.0 0.0;
	1.0111 0.8207 0.6949 0.0 0.0 9.4873 1.1859 5.4397 0.4191 0.0 0.0 0.0;
	1.3862 1.5023 0.795 7.6618 7.6984 190.9793 23.8724 55.1571 84.3821 260.1048 28.3824 471.0513;
	6.6416 7.7424 4.5648 10.0391 12.2777 364.6932 45.5867 57.1024 210.4761 240.945 76.6417 436.3529;
	19.4742 16.2997 13.6716 9.9869 12.6371 406.8142 50.8518 61.2709 237.6022 262.701 104.8204 475.7531;
	25.4432 16.3661 13.8911 6.9076 13.3265 373.7082 46.7135 57.5746 152.302 110.9698 59.6453 200.9669;
	25.8116 16.5136 13.8415 8.1182 12.708 356.588 44.5735 52.3771 109.0667 127.22 99.7556 230.3963;
	25.6325 16.5214 13.8 9.7246 12.2913 354.8145 44.3518 47.9829 88.074 167.9782 147.9199 304.2096;
	23.6831 15.9192 13.4218 11.0078 10.4865 335.8828 41.9854 61.1163 61.2883 177.1608 105.8667 320.8392;
	21.0389 14.5608 13.1014 10.9144 9.5284 330.4833 41.3104 62.1398 79.7487 154.5167 77.8294 279.8307;
	15.8025 10.9409 10.3722 10.4625 8.7469 308.5339 38.5667 59.8176 90.6922 110.9333 39.7879 200.9008;
	8.0887 5.2904 5.3425 10.1779 7.9717 224.7255 28.0907 42.556 138.6135 27.1354 13.9256 49.1424;
	1.268 1.0019 0.7956 1.8234 2.1325 81.9737 10.2467 12.5971 50.4762 1.7306 3.9816 3.134;
	0.0 0.0 0.0 0.0 0.0 0.0 0.0 0.0 0.0 0.0 0.0 0.0;
	0.0 0.0 0.0 0.0 0.0 0.0 0.0 0.0 0.0 0.0 0.0 0.0;
	0.0 0.0 0.0 0.0 0.0 0.0 0.0 0.0 0.0 0.0 0.0 0.0;
	0.0 0.0 0.0 0.0 0.0 0.0 0.0 0.0 0.0 0.0 0.0 0.0;
	0.0 0.0 0.0 0.0 0.0 0.0 0.0 0.0 0.0 0.0 0.0 0.0;
	0.0 0.0 0.0 0.0 0.0 0.0 0.0 0.0 0.0 0.0 0.0 0.0;
	0.0 0.0 0.0 0.0 0.0 0.0 0.0 0.0 0.0 0.0 0.0 0.0;
];
