function loadprofile = ex_load_profilesh1
%EX_LOAD_PROFILE  Example load profile data file for stochastic unit commitment.
% 2022.03.12
% Andres F. Ramirez

%% define constants
[CT_LABEL, CT_PROB, CT_TABLE, CT_TBUS, CT_TGEN, CT_TBRCH, CT_TAREABUS, ...
    CT_TAREAGEN, CT_TAREABRCH, CT_ROW, CT_COL, CT_CHGTYPE, CT_REP, ...
    CT_REL, CT_ADD, CT_NEWVAL, CT_TLOAD, CT_TAREALOAD, CT_LOAD_ALL_PQ, ...
    CT_LOAD_FIX_PQ, CT_LOAD_DIS_PQ, CT_LOAD_ALL_P, CT_LOAD_FIX_P, ...
    CT_LOAD_DIS_P, CT_TGENCOST, CT_TAREAGENCOST, CT_MODCOST_F, ...
    CT_MODCOST_X] = idx_ct;

loadprofile = struct( ...
    'type', 'mpcData', ...
    'table', CT_TAREALOAD, ...
    'rows', [1:11], ...
    'col', CT_LOAD_ALL_P, ...
    'chgtype', 1, ...
    'values', [] );
loadprofile.values(:,1,:) = [
	1511.6663 871.6 1514.1306 552.8603 716.7272 1131.239 852.8329 243.0 523.9045 4428.2609 1708.8787;
	1503.4517 864.1018 1501.2845 564.4458 712.1 1112.6431 847.1574 239.8495 506.5865 4310.0316 1670.2105;
	1522.7 881.6281 1546.6075 570.8966 723.9 1135.4665 853.5509 249.4 531.0044 4343.6664 1708.3846;
	1525.531 906.1862 1586.5974 580.175 757.2009 1159.713 876.4089 259.5 522.1167 4345.4851 1740.2837;
	1610.3339 955.7 1662.3 588.4 787.0585 1213.3 915.1482 277.004 538.8139 4598.5951 1847.2725;
	1709.6329 1013.6473 1754.9874 608.3342 856.3952 1282.1289 975.23 298.8939 558.6 4829.9099 1967.0556;
	1761.3715 1044.1116 1818.81 587.5 935.3818 1339.2212 1037.9569 305.5617 613.8311 5098.6522 2081.454;
	1797.4881 1076.8467 1854.8281 579.305 900.5458 1332.1706 1077.7739 315.7559 631.6428 5228.9 2122.1;
	1806.615 1086.4238 1837.7 580.5 893.5617 1317.1 1135.7376 331.4368 659.4514 5398.8585 2207.51;
	1881.2879 1135.1433 1895.422 580.3162 897.1662 1337.8161 1206.6509 361.3489 693.3959 5584.8425 2481.7314;
	1845.1305 1132.2858 1871.3125 577.4 888.514 1371.0317 1228.7562 366.0 692.9815 5575.9833 2392.1508;
	1797.4114 1073.1933 1841.8917 557.3361 886.1808 1330.6 1268.8418 331.5297 708.9639 5624.6522 2531.8451;
	1796.6033 1075.4944 1837.5 555.5919 885.7682 1331.7801 1216.8063 360.9725 730.8835 5598.0202 2439.4885;
	1801.7482 1097.0348 1851.0753 550.9657 898.568 1276.5687 1250.3056 369.6763 707.6837 5704.8376 2492.7725;
	1753.3724 1106.7509 1887.6525 568.715 908.498 1316.089 1216.8038 381.4769 687.4031 5856.2846 2556.836;
	1766.462 1110.5509 1892.9133 571.1481 931.8863 1339.5124 1123.1263 372.3386 727.0351 5554.2868 2353.6053;
	1800.4245 1132.7015 1917.5033 575.5255 945.3179 1375.254 1123.9939 348.3234 706.7214 5696.0048 2492.568;
	1915.7659 1187.5567 2016.8665 584.0393 1015.5225 1491.3357 1197.9028 365.1097 761.489 5877.8755 2639.88;
	1974.9174 1255.5425 2040.022 592.5499 1017.1569 1548.9158 1222.959 379.8326 745.0538 6185.5416 2662.8758;
	1975.6868 1181.0866 1964.3282 582.8946 948.6867 1475.2755 1168.067 351.8343 720.6734 5920.4675 2480.6342;
	1858.4802 1119.9749 1897.2947 570.3 899.518 1376.355 1082.4848 355.8403 692.5586 5737.9394 2397.5158;
	1774.8825 1061.6265 1825.5966 563.8 837.3022 1286.3943 1003.1 342.3933 635.9252 5280.8771 2179.1934;
	1708.0378 1042.9947 1778.61 586.9 809.3901 1281.0617 996.3026 315.5 562.0912 5061.6795 2021.9859;
	1599.8 1056.7493 1746.8304 595.2 792.9135 1272.0653 945.6536 292.0092 533.9121 4853.639 1947.9058;
];
