function loadprofile = ex_load_profilesh1
%EX_LOAD_PROFILE  Example load profile data file for stochastic unit commitment.
% 2022.03.12
% Andres F. Ramirez

%% define constants
[CT_LABEL, CT_PROB, CT_TABLE, CT_TBUS, CT_TGEN, CT_TBRCH, CT_TAREABUS, ...
    CT_TAREAGEN, CT_TAREABRCH, CT_ROW, CT_COL, CT_CHGTYPE, CT_REP, ...
    CT_REL, CT_ADD, CT_NEWVAL, CT_TLOAD, CT_TAREALOAD, CT_LOAD_ALL_PQ, ...
    CT_LOAD_FIX_PQ, CT_LOAD_DIS_PQ, CT_LOAD_ALL_P, CT_LOAD_FIX_P, ...
    CT_LOAD_DIS_P, CT_TGENCOST, CT_TAREAGENCOST, CT_MODCOST_F, ...
    CT_MODCOST_X] = idx_ct;

loadprofile = struct( ...
    'type', 'mpcData', ...
    'table', CT_TAREALOAD, ...
    'rows', [1:11], ...
    'col', CT_LOAD_ALL_P, ...
    'chgtype', 1, ...
    'values', [] );
loadprofile.values(:,1,:) = [
	1516.7275 857.3 1553.1824 550.0797 736.2851 1160.5697 875.5862 245.2558 490.3117 4515.1975 1723.3756;
	1539.5 882.9746 1569.8641 555.8422 750.0 1154.6297 856.2 245.8552 484.6383 4398.4037 1688.9831;
	1552.0213 889.7757 1615.0217 559.6039 748.9633 1154.6825 869.548 252.7895 489.7747 4387.9638 1702.6005;
	1562.2737 906.6 1662.1489 558.6627 796.515 1194.826 880.7 264.1367 497.2 4421.0427 1729.6638;
	1631.8759 944.0 1681.1125 569.3735 827.2 1226.4517 912.0461 276.0754 510.7266 4493.8181 1801.0463;
	1693.5203 1013.8532 1776.2278 575.5996 872.6398 1276.1688 960.5712 287.9 560.6876 4752.6913 1926.8243;
	1704.6235 1049.3662 1852.4442 584.7 918.5 1347.3208 1034.7955 306.106 596.5 5101.7601 2040.4708;
	1793.5273 1088.1 1923.2375 552.5999 961.6449 1425.8016 1085.57 324.9224 617.7864 5450.3583 2065.8301;
	1820.4487 1112.6518 1943.109 571.4944 970.3539 1435.2923 1103.5034 346.4948 602.4 5490.3185 2070.629;
	1822.4683 1104.6172 1917.8199 570.0 943.2292 1378.2353 1077.6328 336.9751 575.4871 5358.1378 1992.6489;
	1793.5256 1077.3 1875.2 555.9116 891.2468 1334.1871 1080.6924 350.1825 567.1635 5428.9871 2055.2886;
	1776.4077 1072.7407 1855.9292 555.2852 891.803 1337.3551 1071.2 369.7334 580.4849 5412.0 2051.1522;
	1760.394 1054.7961 1822.4379 568.1 885.7 1289.9 1041.1269 360.4036 592.9385 5372.3501 2075.6268;
	1734.7005 1017.7324 1777.2141 570.8 855.0567 1281.7 1001.6272 369.3368 576.9 5247.927 1965.7157;
	1729.3915 1029.6371 1828.7156 568.4832 893.5751 1306.8696 999.8098 371.2652 552.2116 5155.7805 1963.4927;
	1770.6729 1063.0416 1875.8091 574.2653 915.4599 1308.1 993.909 339.6108 572.2893 5159.3588 2011.7744;
	1772.6582 1060.1 1872.956 607.203 929.6689 1352.6356 1050.9977 361.2096 611.5702 5238.7033 2141.8;
	1812.4944 1114.3611 1926.566 623.6975 955.731 1403.4981 1086.6146 340.4734 649.667 5330.9763 2270.8884;
	1896.4 1154.5219 1980.594 607.8435 945.3206 1378.7027 1103.3407 344.1899 651.9 5250.5285 2207.8321;
	1827.8804 1068.2082 1840.998 603.1539 911.4758 1302.1664 1076.3262 326.0927 630.8199 5216.5708 2117.211;
	1774.1378 1022.332 1795.3963 591.6307 878.2237 1263.0813 1028.8 311.8991 609.9424 5074.2811 2000.0188;
	1699.8148 991.9981 1733.8046 587.3485 866.5207 1225.4207 978.0816 302.9306 599.0 4969.5848 1953.5181;
	1640.0 960.3 1670.2299 584.4801 865.7399 1251.0253 959.7699 265.9658 561.4745 4747.0771 1840.8389;
	1617.9229 932.9372 1608.6414 600.1452 838.7047 1213.7474 906.3839 252.7507 527.2 4624.237 1741.8;
];
