function windprofile = ex_wind_profilesh1
%EX_WIND_PROFILE_D  Example wind_load_nyiso profile data for deterministic unit commitment.
% 2022.03.12
% Andres F. Ramirez


%% define constants
[GEN_BUS, PG, QG, QMAX, QMIN, VG, MBASE, GEN_STATUS, PMAX, PMIN, ...
    MU_PMAX, MU_PMIN, MU_QMAX, MU_QMIN, PC1, PC2, QC1MIN, QC1MAX, ...
    QC2MIN, QC2MAX, RAMP_AGC, RAMP_10, RAMP_30, RAMP_Q, APF] = idx_gen;
[CT_LABEL, CT_PROB, CT_TABLE, CT_TBUS, CT_TGEN, CT_TBRCH, CT_TAREABUS, ...
    CT_TAREAGEN, CT_TAREABRCH, CT_ROW, CT_COL, CT_CHGTYPE, CT_REP, ...
    CT_REL, CT_ADD, CT_NEWVAL, CT_TLOAD, CT_TAREALOAD, CT_LOAD_ALL_PQ, ...
    CT_LOAD_FIX_PQ, CT_LOAD_DIS_PQ, CT_LOAD_ALL_P, CT_LOAD_FIX_P, ...
    CT_LOAD_DIS_P, CT_TGENCOST, CT_TAREAGENCOST, CT_MODCOST_F, ...
    CT_MODCOST_X] = idx_ct;

windprofile = struct( ...
    'type', 'mpcData', ...
    'table', CT_TGEN, ...
    'rows', [1:45], ...
    'col', PMAX, ...
    'chgtype', 1, ...
    'values', [] );
windprofile.values(:,1,:) = [
	3.8325 51.7853 94.1092 117.6885 14.6053 33.5506 29.5857 18.2002 27.1485 30.0043 55.4625 82.7392 124.5634 68.0768 193.1132 72.7543 90.2692 95.6584 82.6258 71.3135 9.8619 78.2848 75.671 88.4567 104.5966 73.9923 13.1201 1253.1893 768.1009 768.1009 576.4978 107.7251 275.4195 183.561 213.4298 327.723 1238.0154 215.5647 473.7365 280.1693 115.7728 372.1883 187.126 275.1633 1250.9114;
	3.9275 53.0688 95.0939 119.9363 14.7956 33.3597 26.4874 18.786 27.5876 31.1659 57.6096 85.9423 129.3856 69.0897 189.8898 71.5399 88.7624 94.0617 85.3821 73.816 8.8291 77.8392 75.8917 89.5949 104.2749 73.7317 13.7393 1266.4217 757.2846 757.2846 601.6065 103.4991 284.6069 190.0025 216.6057 323.1081 1220.1559 216.1193 476.4379 279.3078 118.0086 370.0699 184.6024 270.9788 1232.8658;
	3.8909 52.5743 91.039 115.4384 14.5225 33.5667 22.146 17.7945 28.1495 30.7915 56.9175 84.9098 127.8312 69.0165 197.6257 74.4543 92.3785 97.8937 89.0458 73.7205 7.382 78.3224 75.8424 86.3087 98.2601 74.3243 13.138 1275.433 778.7785 778.7785 638.375 98.7993 296.8194 189.7568 216.3759 332.2788 1247.462 219.0097 453.4746 263.1967 113.3739 372.3671 180.7251 262.2832 1260.4563;
	3.8683 52.2687 91.0624 117.208 14.5677 32.6821 24.0942 17.2295 27.9618 31.1278 57.5393 85.8373 129.2276 67.8161 202.9393 76.4562 94.8623 100.5257 89.2932 72.9375 8.0314 76.2582 75.5098 86.8205 98.7737 70.1576 12.726 1277.4324 764.1302 764.1302 636.3707 99.5523 297.6441 187.7413 212.6127 326.0289 1269.973 241.0664 464.0651 264.5724 112.631 362.5532 153.7834 266.3105 1283.2019;
	3.7696 50.9353 88.8212 112.6968 14.0907 31.9985 29.9189 14.1097 27.8778 31.0872 57.4642 85.7252 129.0589 66.4036 202.6081 76.3314 94.7075 100.3617 87.2801 73.0524 9.973 74.6633 75.1585 83.3386 96.7895 69.6128 11.4298 1244.2863 708.2359 708.2359 619.4104 91.6915 290.9335 188.0371 208.1842 302.1806 1185.6553 219.1794 470.4005 259.2577 116.884 354.9705 182.4024 250.7242 1198.0059;
	3.8144 51.541 91.2508 114.7957 14.222 33.3664 28.7396 17.3827 27.8564 30.9447 57.2008 85.3323 128.4673 65.7585 204.8119 77.1617 95.7377 101.4534 87.4801 72.7431 9.5799 77.855 75.1193 85.1176 98.3999 69.7805 12.5929 1246.0281 699.7646 699.7646 629.1638 92.0476 291.6005 187.2408 206.1618 298.5662 1134.3245 218.3662 460.7272 263.5711 121.3713 370.1451 175.5577 264.4971 1146.1404;
	3.8479 51.9941 90.9461 117.4427 14.1702 33.4933 31.0211 16.4243 28.3013 30.9286 57.1711 85.2881 128.4007 65.8856 203.7182 76.7496 95.2264 100.9116 87.8806 73.3896 10.3404 78.151 73.7074 84.0965 98.5754 68.7648 12.4642 1227.448 689.2622 689.2622 665.3738 81.6573 292.9355 188.9051 206.5603 294.0852 1176.9393 249.1686 466.0575 264.0413 120.5149 371.5523 167.7394 258.8003 1189.1991;
	3.9161 52.915 92.2794 119.1264 15.2485 34.4669 30.0676 16.8107 27.9923 30.4467 56.2803 83.9591 126.4 68.586 205.6204 77.4663 96.1156 101.8538 90.0921 73.6809 10.0225 80.4229 72.3884 87.8942 101.1039 70.1323 12.0804 1303.9094 757.1981 757.1981 683.313 89.8442 300.307 189.6547 215.0263 323.0712 1282.5815 256.3694 465.8377 270.8141 116.4569 382.3533 188.5068 267.9783 1295.9417;
	3.8567 52.1121 89.0789 112.6013 14.6464 33.2113 31.4098 14.126 26.5209 30.1775 55.7827 83.2168 125.2824 68.8685 205.0438 77.249 95.846 101.5682 91.099 72.3321 10.4699 77.493 72.6554 86.2834 98.6438 67.3026 9.6475 1271.3371 776.7502 776.7502 711.45 106.6949 303.6633 186.183 215.912 331.4134 1263.6321 266.6004 457.4587 264.2246 118.6782 368.4239 203.718 260.596 1276.7949;
	3.9182 52.9429 91.3323 114.3988 14.653 34.2878 27.8441 17.0905 27.1747 30.2606 55.9363 83.4459 125.6274 68.9607 203.4186 76.6368 95.0864 100.7632 89.034 72.6302 9.2814 80.0049 73.8182 88.0605 100.8332 69.1936 12.0083 1307.3479 823.5639 823.5639 729.7691 114.9687 296.7799 186.9504 216.2013 351.3872 1299.9526 323.2462 458.6634 270.0888 122.4659 380.3663 212.6605 262.826 1313.4938;
	3.8798 52.4245 91.3591 113.9997 14.5352 33.4902 30.1318 16.3216 27.0499 30.8508 57.0273 85.0735 128.0777 68.5189 204.077 76.8848 95.3941 101.0893 90.4757 73.5076 10.0439 78.1439 73.117 87.5682 101.8701 69.4999 11.6494 1330.5189 836.7063 836.7063 752.0553 116.4877 301.5857 189.2087 214.8159 356.9947 1326.0174 324.1452 461.9743 272.8664 119.9151 371.5184 209.8928 264.4381 1339.8301;
	3.9088 52.8158 89.5585 114.0884 15.0513 34.5374 28.3095 16.5609 26.9487 30.6982 56.7452 84.6527 127.4441 69.7124 201.9994 76.1021 94.423 100.0602 90.1587 72.2957 9.4365 80.5873 74.1754 89.2492 103.4928 68.2539 12.3043 1307.6451 803.723 803.723 717.3567 115.9046 300.5289 186.0894 218.5579 342.9218 1278.2668 311.2037 460.957 277.2128 123.4058 383.1353 213.6859 265.2504 1291.582;
	3.7614 50.8245 88.5092 111.8164 14.8035 32.6105 28.8128 17.3822 26.878 31.1362 57.5548 85.8604 129.2624 68.3106 202.5429 76.3068 94.677 100.3294 91.2874 71.9526 9.6043 76.0912 74.4722 86.292 103.2447 72.5854 12.7549 1317.0145 802.0198 802.0198 710.6513 115.7928 304.2914 185.2062 214.1629 342.1951 1269.2775 308.8207 444.6633 276.5482 123.2183 361.7594 206.8867 264.0086 1282.4991;
	3.8039 51.3986 90.313 113.3266 14.7159 33.6778 28.4786 18.0687 27.2365 30.0926 55.6258 82.9827 124.9301 65.7067 203.3368 76.6059 95.0481 100.7226 90.3591 71.7054 9.4929 78.5815 74.9965 87.2594 103.8153 74.1337 12.8942 1310.5565 791.9568 791.9568 694.6596 118.6342 301.1971 184.5699 205.9995 337.9016 1250.7115 308.8643 449.7494 278.0768 120.4259 373.5987 202.2508 269.3996 1263.7397;
	3.6829 49.7635 88.6939 112.09 14.2553 32.9337 24.6554 17.6864 26.4705 29.7327 54.9604 81.9901 123.4357 66.3003 199.1924 75.0446 93.1109 98.6697 88.5454 70.8026 8.2185 76.8452 73.1694 86.0646 100.3314 69.8682 12.9155 1313.9217 788.6301 788.6301 729.6635 118.3795 295.1514 182.246 207.8602 336.4822 1258.9379 309.9595 452.4435 268.7449 120.9344 365.3442 203.1618 258.9441 1272.0518;
	3.828 51.7243 91.1797 111.507 14.2728 32.6197 25.674 17.6484 26.9909 29.5421 54.608 81.4645 122.6443 64.6801 187.0845 70.483 87.4511 92.6721 88.4669 68.8757 8.558 76.1125 69.8654 85.7848 99.8864 67.4916 12.5531 1272.4207 743.0978 743.0978 703.4488 118.0847 294.8896 177.2863 202.7809 317.0551 1195.4283 311.5526 459.2041 267.5528 121.3923 361.8607 185.568 264.2249 1207.8807;
	3.692 49.887 86.3462 103.7249 14.127 25.5079 22.5544 16.5189 26.0644 27.3026 50.4685 75.2891 113.3473 63.0146 193.5697 72.9263 90.4826 95.8845 89.0387 67.7171 7.5181 59.5184 54.1589 81.4259 96.763 50.2585 11.4626 1212.5858 700.3175 700.3175 642.6662 111.1434 296.7956 174.3039 197.5592 298.8021 1159.3577 323.7342 444.4798 259.1867 111.1578 282.9676 178.9687 208.6016 1171.4344;
	3.7327 50.4363 86.6958 102.0682 14.3069 28.2859 18.5756 12.2741 26.0776 26.6019 49.1732 73.3568 110.4382 59.0349 187.8495 70.7712 87.8087 93.051 90.0358 65.8448 6.1919 66.0005 60.2182 81.35 95.5565 54.5436 8.9603 1241.3385 700.342 700.342 590.8487 107.6135 300.1194 169.4848 185.0825 298.8126 1195.59 285.5209 439.0263 255.9549 112.0906 313.7851 169.0001 202.4402 1208.044;
