function loadprofile = ex_load_profilesh1
%EX_LOAD_PROFILE  Example load profile data file for stochastic unit commitment.
% 2022.03.12
% Andres F. Ramirez

%% define constants
[CT_LABEL, CT_PROB, CT_TABLE, CT_TBUS, CT_TGEN, CT_TBRCH, CT_TAREABUS, ...
    CT_TAREAGEN, CT_TAREABRCH, CT_ROW, CT_COL, CT_CHGTYPE, CT_REP, ...
    CT_REL, CT_ADD, CT_NEWVAL, CT_TLOAD, CT_TAREALOAD, CT_LOAD_ALL_PQ, ...
    CT_LOAD_FIX_PQ, CT_LOAD_DIS_PQ, CT_LOAD_ALL_P, CT_LOAD_FIX_P, ...
    CT_LOAD_DIS_P, CT_TGENCOST, CT_TAREAGENCOST, CT_MODCOST_F, ...
    CT_MODCOST_X] = idx_ct;

loadprofile = struct( ...
    'type', 'mpcData', ...
    'table', CT_TAREALOAD, ...
    'rows', [1:11], ...
    'col', CT_LOAD_ALL_P, ...
    'chgtype', 1, ...
    'values', [] );
loadprofile.values(:,1,:) = [
	1636.7651 922.0637 1512.8962 574.6455 722.6463 1172.5426 838.4097 244.8057 505.288 4393.662 1665.7958;
	1650.1331 909.459 1485.0626 581.4178 714.2521 1122.5941 816.6 234.3981 481.6712 4298.2585 1633.7;
	1631.9675 914.3047 1511.7463 575.3849 719.9346 1151.5367 841.2513 249.4012 477.5353 4299.2391 1646.1102;
	1641.7449 939.4371 1547.3301 581.9714 757.2355 1162.2161 845.9787 251.4721 492.0711 4343.5171 1662.0881;
	1710.3024 1004.666 1667.8 593.0892 842.0128 1256.1594 912.1746 270.082 525.5586 4533.7467 1767.0595;
	1751.2234 1097.9694 1761.9452 609.2603 889.3 1298.1078 949.9944 287.1239 556.5903 4764.2906 1873.7124;
	1751.7022 1129.5595 1809.6217 618.3161 956.6665 1348.656 979.316 307.9 593.4 5006.7924 1953.8878;
	1814.0263 1153.0509 1869.8757 629.1636 993.8338 1343.3531 1005.5169 336.4059 631.1127 5169.784 2044.8988;
	1806.4178 1179.41 1917.5157 611.9188 995.3 1378.6635 1017.4084 340.0092 654.5235 5273.6815 2113.0256;
	1796.6576 1140.8141 1894.5292 621.1142 983.129 1339.9328 1034.1189 337.7124 646.67 5326.4981 2127.9195;
	1792.6916 1129.8489 1865.9655 611.7551 958.8 1307.5554 1022.9214 344.384 634.0343 5454.1347 2113.8;
	1786.3191 1164.5388 1896.3261 594.4772 943.5126 1309.3179 1040.5503 377.0799 610.6135 5408.2 2074.9442;
	1770.0759 1144.3425 1854.4519 596.035 906.852 1272.3048 1010.4442 357.6227 607.1949 5438.2063 2073.9629;
	1758.7555 1178.3054 1899.3936 589.5209 930.1635 1319.1652 1027.5263 356.7036 620.8188 5464.252 2115.8176;
	1745.9829 1180.0318 1889.6483 588.5411 931.4109 1316.0281 1032.25 363.9664 614.3061 5532.5007 2160.0956;
	1750.6 1172.1154 1929.2821 588.1398 972.8608 1358.4 1094.8171 374.4373 630.3967 5671.0304 2301.7396;
	1788.8936 1171.57 1898.0825 582.3213 983.343 1395.9095 1091.904 361.0301 616.8 5514.1325 2206.8496;
	1811.7069 1187.5243 1944.3473 600.7 1004.8833 1448.3333 1132.4829 342.8485 647.1164 5477.3592 2297.4197;
	1830.2786 1195.1699 1960.1221 621.5693 994.7668 1462.7312 1151.647 350.1 662.149 5518.9297 2287.6565;
	1791.1441 1131.713 1893.1063 595.6084 938.4636 1380.5393 1077.5125 317.6298 612.2566 5270.9 2192.8856;
	1714.1016 1046.1239 1795.2 585.9 876.1894 1275.8 1032.9 312.8062 596.0756 5122.0382 2049.7709;
	1629.9477 984.9734 1700.9272 575.4233 843.61 1223.9435 985.3123 299.2 573.7618 4951.4453 1929.0401;
	1609.677 960.6817 1667.4569 590.7 864.64 1173.8731 959.2613 281.1402 557.8035 4754.9147 1900.9498;
	1617.4618 949.9316 1688.816 593.4807 869.7292 1174.9 942.123 280.274 532.7801 4663.6348 1816.4578;
];
