function loadprofile = ex_load_profilesh1
%EX_LOAD_PROFILE  Example load profile data file for stochastic unit commitment.
% 2022.03.12
% Andres F. Ramirez

%% define constants
[CT_LABEL, CT_PROB, CT_TABLE, CT_TBUS, CT_TGEN, CT_TBRCH, CT_TAREABUS, ...
    CT_TAREAGEN, CT_TAREABRCH, CT_ROW, CT_COL, CT_CHGTYPE, CT_REP, ...
    CT_REL, CT_ADD, CT_NEWVAL, CT_TLOAD, CT_TAREALOAD, CT_LOAD_ALL_PQ, ...
    CT_LOAD_FIX_PQ, CT_LOAD_DIS_PQ, CT_LOAD_ALL_P, CT_LOAD_FIX_P, ...
    CT_LOAD_DIS_P, CT_TGENCOST, CT_TAREAGENCOST, CT_MODCOST_F, ...
    CT_MODCOST_X] = idx_ct;

loadprofile = struct( ...
    'type', 'mpcData', ...
    'table', CT_TAREALOAD, ...
    'rows', [1:11], ...
    'col', CT_LOAD_ALL_P, ...
    'chgtype', 1, ...
    'values', [] );
loadprofile.values(:,1,:) = [
	1546.1364 888.0185 1536.6 531.0003 713.1986 1002.6445 825.8 242.4113 506.1732 4329.3678 1671.0817;
	1528.3377 869.0 1512.0 519.9653 719.9402 993.1862 803.3 230.8874 482.7461 4136.9505 1610.8264;
	1550.4 885.9 1528.9155 520.1772 730.0 991.4355 804.2127 236.2 506.0576 4208.0158 1641.8614;
	1585.8208 903.9453 1567.0371 516.049 753.3995 1026.9471 831.888 236.1552 510.1849 4248.7315 1636.5261;
	1660.2229 956.5229 1688.3539 543.3923 821.0 1057.0326 876.7582 262.1 537.6072 4519.338 1775.8441;
	1734.3441 1006.7728 1758.8364 562.5 886.8016 1167.6725 940.6 265.6 560.3 4746.2653 1850.21;
	1818.3535 1055.987 1866.7078 553.8886 951.617 1228.7201 1000.9083 295.2159 586.8508 5007.4498 1980.0612;
	1841.1297 1092.0813 1912.5 573.3282 941.8 1244.3952 1007.0393 314.0606 599.1962 5212.4278 2033.6131;
	1846.2366 1088.8 1970.6217 566.1099 937.4689 1277.3304 1020.258 314.6 609.1099 5323.5673 1993.939;
	1863.8965 1067.1 1928.1292 561.0111 917.8007 1275.104 1006.2957 315.0 609.5 5358.4008 2018.0;
	1853.446 1046.8654 1932.9874 555.3844 918.7756 1250.4144 988.0656 323.113 593.6 5337.4872 1937.6731;
	1822.2852 1026.1 1920.8 555.2 921.708 1264.8472 974.6451 317.4 595.0 5411.6167 1985.9922;
	1796.7364 996.3616 1858.6359 556.8151 911.6325 1236.3577 959.4 320.1721 616.35 5327.9729 2073.5738;
	1778.8452 977.6414 1805.478 545.7672 909.7492 1223.7374 963.1583 311.1474 616.3556 5228.1794 2103.4913;
	1764.5279 997.8376 1867.0187 556.4 938.7312 1270.8964 988.1954 302.8002 616.3617 5223.1328 2163.7236;
	1824.9497 1043.8186 1912.4 562.5185 957.1617 1318.8 1062.3859 300.8812 615.3776 5264.5834 2229.5604;
	1817.5351 1095.7857 1923.5581 561.8582 940.0419 1355.9456 1072.7935 310.4528 631.9548 5323.1891 2381.8981;
	1842.4145 1126.1319 1946.3388 582.0618 930.2312 1394.6347 1085.6 314.5439 638.2 5198.4388 2348.6128;
	1880.6066 1140.2229 1956.1884 583.4464 957.271 1366.5598 1083.2172 316.5059 641.4636 5314.9281 2332.532;
	1839.9478 1053.6869 1834.4838 562.3292 901.6849 1268.1718 1029.1999 324.429 595.9672 4801.9096 2175.4499;
	1827.2782 992.4531 1723.0976 548.0471 860.18 1181.8521 971.0847 307.4266 591.8914 4556.8447 2100.7685;
	1718.4646 937.4 1649.3379 548.4611 836.0225 1131.7861 916.4258 290.8794 561.4081 4547.8253 2010.5087;
	1610.405 906.5076 1601.1031 550.0649 806.8234 1096.8619 891.8421 253.3344 560.6986 4121.6318 1887.1134;
	1544.2487 906.5422 1596.7594 555.6864 755.4785 1080.1669 863.682 240.5656 546.6494 4171.8085 1803.6104;
];
