function solarprofile = ex_solar_profilesh1
%EX_WIND_PROFILE_D  Example wind_load_nyiso profile data for deterministic unit commitment.
% 2022.03.12
% Andres F. Ramirez


%% define constants
[GEN_BUS, PG, QG, QMAX, QMIN, VG, MBASE, GEN_STATUS, PMAX, PMIN, ...
    MU_PMAX, MU_PMIN, MU_QMAX, MU_QMIN, PC1, PC2, QC1MIN, QC1MAX, ...
    QC2MIN, QC2MAX, RAMP_AGC, RAMP_10, RAMP_30, RAMP_Q, APF] = idx_gen;
[CT_LABEL, CT_PROB, CT_TABLE, CT_TBUS, CT_TGEN, CT_TBRCH, CT_TAREABUS, ...
    CT_TAREAGEN, CT_TAREABRCH, CT_ROW, CT_COL, CT_CHGTYPE, CT_REP, ...
    CT_REL, CT_ADD, CT_NEWVAL, CT_TLOAD, CT_TAREALOAD, CT_LOAD_ALL_PQ, ...
    CT_LOAD_FIX_PQ, CT_LOAD_DIS_PQ, CT_LOAD_ALL_P, CT_LOAD_FIX_P, ...
    CT_LOAD_DIS_P, CT_TGENCOST, CT_TAREAGENCOST, CT_MODCOST_F, ...
    CT_MODCOST_X] = idx_ct;

solarprofile = struct( ...
    'type', 'mpcData', ...
    'table', CT_TGEN, ...
    'rows', [1:12], ...
    'col', PMAX, ...
    'chgtype', 1, ...
    'values', [] );
solarprofile.values(:,1,:) = [
	0.0 0.0 0.0 0.0 0.0 0.0 0.0 0.0 0.0 0.0 0.0 0.0;
	0.0 0.0 0.0 0.0 0.0 0.0 0.0 0.0 0.0 0.0 0.0 0.0;
	0.0 0.0 0.0 0.0 0.0 0.0 0.0 0.0 0.0 0.0 0.0 0.0;
	0.0 0.0 0.0 0.0 0.0 0.0 0.0 0.0 0.0 0.0 0.0 0.0;
	0.0 0.0 0.0 0.0 0.0 0.0 0.0 0.0 0.0 0.0 0.0 0.0;
	1.04 0.8389 0.7032 0.0 0.0 9.4835 1.1854 4.1882 0.4191 0.0 0.0 0.0;
	8.4815 7.2915 3.4428 2.0971 7.6237 64.7325 8.0916 31.2204 12.4917 122.6561 33.8769 222.1309;
	16.5445 12.79 8.9273 3.415 8.7077 240.576 30.072 44.0686 18.973 186.5517 109.2584 337.8463;
	22.5904 16.2924 13.8 6.6638 8.7853 331.698 41.4622 48.2969 37.1257 297.5124 177.1617 538.7967;
	25.2049 16.3661 13.8153 8.3775 7.6677 315.8929 39.4866 53.3478 81.858 346.9686 242.2692 628.3623;
	25.8258 16.5136 13.9194 7.3701 7.6942 332.1914 41.5239 57.1585 83.1822 349.199 224.7665 632.4016;
	25.9964 16.6491 13.9117 6.3007 6.9167 350.5098 43.8137 58.2631 56.7212 351.5017 206.784 636.5718;
	24.4508 16.0205 13.4455 5.8246 4.2628 295.2504 36.9063 62.3033 29.577 271.3957 152.0906 491.4992;
	21.3249 15.7002 13.1446 5.3901 3.6945 283.6043 35.4505 62.846 47.6744 221.9487 125.8269 401.9505;
	15.24 11.964 10.1855 6.3181 3.467 272.9311 34.1164 64.687 76.7605 160.6968 93.6114 291.0228;
	7.437 5.339 4.9296 5.3136 5.2042 231.2892 28.9111 66.0265 166.9902 56.4785 45.8254 102.2829;
	1.4924 1.059 0.8992 0.8747 1.3993 89.048 11.131 17.2622 48.3627 13.7989 12.781 24.99;
	0.0 0.0 0.0 0.0 0.0 0.0 0.0 0.0 0.0 0.0 0.0 0.0;
	0.0 0.0 0.0 0.0 0.0 0.0 0.0 0.0 0.0 0.0 0.0 0.0;
	0.0 0.0 0.0 0.0 0.0 0.0 0.0 0.0 0.0 0.0 0.0 0.0;
	0.0 0.0 0.0 0.0 0.0 0.0 0.0 0.0 0.0 0.0 0.0 0.0;
	0.0 0.0 0.0 0.0 0.0 0.0 0.0 0.0 0.0 0.0 0.0 0.0;
	0.0 0.0 0.0 0.0 0.0 0.0 0.0 0.0 0.0 0.0 0.0 0.0;
	0.0 0.0 0.0 0.0 0.0 0.0 0.0 0.0 0.0 0.0 0.0 0.0;
];
