function solarprofile = ex_solar_profilesh1
%EX_WIND_PROFILE_D  Example wind_load_nyiso profile data for deterministic unit commitment.
% 2022.03.12
% Andres F. Ramirez


%% define constants
[GEN_BUS, PG, QG, QMAX, QMIN, VG, MBASE, GEN_STATUS, PMAX, PMIN, ...
    MU_PMAX, MU_PMIN, MU_QMAX, MU_QMIN, PC1, PC2, QC1MIN, QC1MAX, ...
    QC2MIN, QC2MAX, RAMP_AGC, RAMP_10, RAMP_30, RAMP_Q, APF] = idx_gen;
[CT_LABEL, CT_PROB, CT_TABLE, CT_TBUS, CT_TGEN, CT_TBRCH, CT_TAREABUS, ...
    CT_TAREAGEN, CT_TAREABRCH, CT_ROW, CT_COL, CT_CHGTYPE, CT_REP, ...
    CT_REL, CT_ADD, CT_NEWVAL, CT_TLOAD, CT_TAREALOAD, CT_LOAD_ALL_PQ, ...
    CT_LOAD_FIX_PQ, CT_LOAD_DIS_PQ, CT_LOAD_ALL_P, CT_LOAD_FIX_P, ...
    CT_LOAD_DIS_P, CT_TGENCOST, CT_TAREAGENCOST, CT_MODCOST_F, ...
    CT_MODCOST_X] = idx_ct;

solarprofile = struct( ...
    'type', 'mpcData', ...
    'table', CT_TGEN, ...
    'rows', [1:12], ...
    'col', PMAX, ...
    'chgtype', 1, ...
    'values', [] );
solarprofile.values(:,1,:) = [
	0.0 0.0 0.0 0.0 0.0 0.0 0.0 0.0 0.0 0.0 0.0 0.0;
	0.0 0.0 0.0 0.0 0.0 0.0 0.0 0.0 0.0 0.0 0.0 0.0;
	0.0 0.0 0.0 0.0 0.0 0.0 0.0 0.0 0.0 0.0 0.0 0.0;
	0.0 0.0 0.0 0.0 0.0 0.0 0.0 0.0 0.0 0.0 0.0 0.0;
	0.0 0.0 0.0 0.0 0.0 0.0 0.0 0.0 0.0 0.0 0.0 0.0;
	1.0111 0.8255 0.6949 0.0 0.0 9.4835 1.1854 4.1882 0.4191 0.0 0.0 0.0;
	12.1606 7.5602 6.869 1.9276 2.5996 115.0991 14.3874 41.8678 148.1277 72.4733 15.0406 131.2495;
	18.9609 13.8285 12.6464 4.332 2.325 289.6754 36.2094 51.1382 187.4453 258.8374 58.1304 468.756;
	23.4114 16.6083 13.8083 7.1178 3.4521 369.7969 46.2246 57.0009 207.6756 346.098 122.4878 626.7856;
	25.7216 16.5486 13.9909 9.7219 7.4696 413.9866 51.7483 56.0984 233.6176 320.686 151.4851 580.7643;
	26.9025 16.8991 14.1929 9.775 8.8301 418.3174 52.2897 60.7803 245.3075 298.8878 164.586 541.2876;
	26.7697 16.627 13.9589 9.1193 7.7101 402.6429 50.3304 62.5681 237.0972 265.7021 167.0116 481.1881;
	22.6899 13.7795 12.7898 6.7585 3.615 346.765 43.3456 56.8897 186.348 175.0412 131.3277 317.0007;
	14.5907 8.7403 10.7846 5.8593 2.9668 335.8818 41.9852 43.7532 162.4198 149.2311 121.2634 270.2584;
	10.4002 9.2628 8.7185 6.8328 3.0797 317.4196 39.6775 32.429 140.5767 111.368 94.6292 201.6881;
	8.739 8.0057 6.4151 7.1615 4.1012 229.0357 28.6295 20.286 147.3645 53.4221 49.4514 96.7478;
	1.6441 1.2884 1.0207 1.0728 0.9723 64.7087 8.0886 11.5739 33.6973 17.5345 13.3665 31.7551;
	0.0 0.0 0.0 0.0 0.0 0.0 0.0 0.0 0.0 0.0 0.0 0.0;
	0.0 0.0 0.0 0.0 0.0 0.0 0.0 0.0 0.0 0.0 0.0 0.0;
	0.0 0.0 0.0 0.0 0.0 0.0 0.0 0.0 0.0 0.0 0.0 0.0;
	0.0 0.0 0.0 0.0 0.0 0.0 0.0 0.0 0.0 0.0 0.0 0.0;
	0.0 0.0 0.0 0.0 0.0 0.0 0.0 0.0 0.0 0.0 0.0 0.0;
	0.0 0.0 0.0 0.0 0.0 0.0 0.0 0.0 0.0 0.0 0.0 0.0;
	0.0 0.0 0.0 0.0 0.0 0.0 0.0 0.0 0.0 0.0 0.0 0.0;
];
