function loadprofile = ex_load_profilesh1
%EX_LOAD_PROFILE  Example load profile data file for stochastic unit commitment.
% 2022.03.12
% Andres F. Ramirez

%% define constants
[CT_LABEL, CT_PROB, CT_TABLE, CT_TBUS, CT_TGEN, CT_TBRCH, CT_TAREABUS, ...
    CT_TAREAGEN, CT_TAREABRCH, CT_ROW, CT_COL, CT_CHGTYPE, CT_REP, ...
    CT_REL, CT_ADD, CT_NEWVAL, CT_TLOAD, CT_TAREALOAD, CT_LOAD_ALL_PQ, ...
    CT_LOAD_FIX_PQ, CT_LOAD_DIS_PQ, CT_LOAD_ALL_P, CT_LOAD_FIX_P, ...
    CT_LOAD_DIS_P, CT_TGENCOST, CT_TAREAGENCOST, CT_MODCOST_F, ...
    CT_MODCOST_X] = idx_ct;

loadprofile = struct( ...
    'type', 'mpcData', ...
    'table', CT_TAREALOAD, ...
    'rows', [1:11], ...
    'col', CT_LOAD_ALL_P, ...
    'chgtype', 1, ...
    'values', [] );
loadprofile.values(:,1,:) = [
	1521.9043 850.5946 1386.8779 568.3792 679.6045 1034.2711 814.6265 230.0182 449.1 4169.9909 1658.0;
	1516.1681 849.9261 1449.5402 574.4936 668.7273 1028.2312 788.2725 232.9279 461.2332 4230.1051 1642.9632;
	1515.9619 847.2773 1463.3294 574.0128 707.7 1037.7773 807.7 233.3785 462.9546 4218.2257 1633.0874;
	1575.6922 889.9474 1546.8604 603.0607 744.3 1092.6177 819.1064 244.325 459.5576 4190.3737 1657.6664;
	1646.6438 944.8748 1648.8565 600.2873 804.3891 1133.8261 875.8186 259.2116 510.2184 4463.6228 1751.7749;
	1749.9519 1008.3 1755.6609 613.8328 866.2 1207.9405 929.0 275.8318 527.4868 4709.8043 1824.2549;
	1819.145 1053.1 1787.5645 620.7795 883.3854 1253.6223 980.4641 307.9131 577.6109 5065.0683 1967.6041;
	1871.1368 1061.0732 1864.4387 603.0708 933.6196 1293.4223 1017.592 310.9386 600.5941 5212.3 1978.5152;
	1940.1055 1105.5929 1908.6476 607.3 971.5781 1323.1455 1060.5064 319.1907 623.258 5376.3424 2033.3985;
	1986.7991 1111.4987 1884.8555 603.9464 956.8345 1263.53 1060.3522 309.8006 627.0447 5344.158 2012.4112;
	1987.0224 1105.9624 1875.0262 610.2225 968.7454 1293.2863 1025.0 323.8 617.7 5372.0044 2035.6033;
	1960.9046 1066.2912 1768.2734 605.1874 939.2 1283.3772 983.4 305.3066 604.1 5289.6709 2014.0925;
	1936.1975 1055.3833 1737.4859 593.8 919.69 1266.5059 963.1461 304.1 579.8732 5189.7967 1895.9438;
	1926.9275 1093.7003 1792.0739 607.6139 936.8068 1305.4537 982.6131 296.8286 593.2086 5172.5225 1961.7648;
	1939.8615 1083.7046 1840.8047 609.9655 937.2946 1323.2 980.4058 297.8 582.7567 5203.1829 2014.481;
	1981.7589 1117.1443 1846.9 602.175 966.9476 1359.2848 1009.9525 294.0695 583.2466 5259.2173 2130.785;
	1994.525 1141.6 1881.7 615.1526 964.8 1384.5881 1026.206 308.9724 596.4311 5238.6822 2143.5;
	2025.2683 1209.3618 1976.0412 616.5178 1028.2423 1446.6615 1078.8448 336.4241 634.6 5468.3883 2353.0645;
	2038.7662 1194.8953 1972.67 613.2871 1013.1336 1453.4122 1095.7645 338.2666 654.2206 5525.6976 2435.002;
	1978.7919 1151.4001 1911.2293 610.8022 982.9703 1360.9915 1069.0 328.0864 639.8239 5367.3828 2372.1227;
	1885.9885 1101.5184 1792.6919 597.1933 945.9303 1300.0382 992.3309 309.4221 605.8 5089.3999 2159.5044;
	1799.4248 1053.9016 1705.9707 578.0 888.9334 1227.2854 940.3 299.2 574.2568 4938.4632 2015.6953;
	1828.5332 1015.3484 1723.4947 588.3 898.9805 1226.5324 971.3753 294.4031 553.3499 4888.912 1929.6209;
	1767.1847 941.2222 1629.2475 596.0134 854.7826 1168.7951 914.4134 263.7445 535.0872 4584.756 1779.249;
];
