function windprofile = ex_wind_profilesh1
%EX_WIND_PROFILE_D  Example wind_load_nyiso profile data for deterministic unit commitment.
% 2022.03.12
% Andres F. Ramirez


%% define constants
[GEN_BUS, PG, QG, QMAX, QMIN, VG, MBASE, GEN_STATUS, PMAX, PMIN, ...
    MU_PMAX, MU_PMIN, MU_QMAX, MU_QMIN, PC1, PC2, QC1MIN, QC1MAX, ...
    QC2MIN, QC2MAX, RAMP_AGC, RAMP_10, RAMP_30, RAMP_Q, APF] = idx_gen;
[CT_LABEL, CT_PROB, CT_TABLE, CT_TBUS, CT_TGEN, CT_TBRCH, CT_TAREABUS, ...
    CT_TAREAGEN, CT_TAREABRCH, CT_ROW, CT_COL, CT_CHGTYPE, CT_REP, ...
    CT_REL, CT_ADD, CT_NEWVAL, CT_TLOAD, CT_TAREALOAD, CT_LOAD_ALL_PQ, ...
    CT_LOAD_FIX_PQ, CT_LOAD_DIS_PQ, CT_LOAD_ALL_P, CT_LOAD_FIX_P, ...
    CT_LOAD_DIS_P, CT_TGENCOST, CT_TAREAGENCOST, CT_MODCOST_F, ...
    CT_MODCOST_X] = idx_ct;

windprofile = struct( ...
    'type', 'mpcData', ...
    'table', CT_TGEN, ...
    'rows', [1:45], ...
    'col', PMAX, ...
    'chgtype', 1, ...
    'values', [] );
windprofile.values(:,1,:) = [
	3.9101 52.8336 92.874 115.1179 14.9007 34.9663 29.6965 18.9931 27.4682 28.6198 52.9033 78.9212 118.8155 66.6401 196.812 74.1478 91.9982 97.4906 85.1211 73.502 9.8988 81.5879 73.3648 88.3717 105.9337 72.7331 13.8866 1247.8167 712.106 712.106 527.1648 112.4172 283.737 189.1945 208.9257 303.8319 1186.5188 212.9107 444.5222 283.7511 120.1363 387.8924 207.7133 280.5906 1198.8784;
	3.8849 52.4934 93.611 118.5782 14.8427 34.7929 26.2039 18.8531 26.863 29.3428 54.2397 80.915 121.817 66.7883 184.9031 69.6612 86.4314 91.5915 86.1736 72.2818 8.7346 81.1834 73.4105 89.9861 106.2695 70.9517 13.7054 1256.3572 732.9353 732.9353 599.3827 109.142 287.2453 186.0537 209.3903 312.7191 1192.9621 212.473 435.3007 284.6504 121.9793 385.9691 199.6489 268.9675 1205.3888;
	3.862 52.1836 94.6914 120.1478 14.7005 34.8286 22.3036 18.6818 28.1296 30.3541 56.1091 83.7037 126.0154 64.6555 196.1536 73.8997 91.6904 97.1645 89.5482 72.9943 7.4345 81.2668 73.9287 90.1467 106.5574 74.7988 13.9178 1231.5615 721.3197 721.3197 597.8082 95.1021 298.4941 187.8876 202.7037 307.7631 1191.7178 202.0019 413.8191 285.4215 122.744 386.3656 199.5125 262.3267 1204.1315;
	3.813 51.5226 93.8396 117.2638 15.0618 34.6886 23.2262 18.6742 27.7721 30.8532 57.0318 85.0802 128.0877 63.4206 198.0598 74.6179 92.5815 98.1087 86.2151 72.5663 7.7421 80.94 74.9163 89.72 106.3551 72.6117 13.8636 1253.9808 714.3676 714.3676 613.0435 104.1995 287.3837 186.7859 198.8322 304.7968 1204.9377 226.3484 424.9793 284.8797 121.6795 384.8121 165.8222 268.583 1217.4892;
	3.849 52.0091 92.2733 116.6035 14.9661 34.7092 30.1461 17.8522 28.2113 30.8191 56.9686 84.9859 127.9459 63.6508 199.123 75.0184 93.0784 98.6354 84.6165 71.9353 10.0487 80.9881 74.3478 87.7781 103.7127 71.9155 13.6826 1236.4523 717.5038 717.5038 611.5333 105.455 282.055 185.1616 199.554 306.135 1179.3706 217.4189 466.2343 277.8019 123.5415 385.0404 201.6971 260.9257 1191.6557;
	3.8928 52.5997 92.4689 117.8291 15.0881 34.9436 29.9433 18.4933 27.8909 29.6612 54.8283 81.793 123.139 64.8088 200.4855 75.5318 93.7153 99.3103 85.1906 70.4969 9.9811 81.535 72.6596 89.1323 104.1895 73.3821 13.7848 1249.3175 739.6172 739.6172 666.0568 110.5052 283.9688 181.4591 203.1845 315.57 1150.1562 229.871 455.045 279.0791 123.6865 387.6407 186.9023 273.1045 1162.137;
	3.8528 52.0596 93.127 119.6487 14.9249 34.7689 31.3783 18.1542 28.0497 30.2385 55.8955 83.385 125.5357 64.2265 195.3943 73.6137 91.3355 96.7883 85.4778 72.7141 10.4594 81.1275 73.355 88.9547 105.5137 72.4773 13.6635 1251.2927 728.5666 728.5666 653.7252 102.0726 284.926 187.1662 201.3587 310.8551 1188.8915 255.1555 463.0825 282.6259 122.7879 385.7031 171.5542 266.7527 1201.2758;
	3.7588 50.7894 90.9797 117.275 14.3096 34.1072 30.3147 17.3528 27.6265 30.1142 55.6656 83.0421 125.0195 66.3987 195.1997 73.5403 91.2445 96.6919 83.9029 71.7481 10.1049 79.5836 72.9957 87.7573 101.7909 69.9895 13.0882 1274.9874 778.7655 778.7655 692.1224 105.0116 279.6765 184.6798 208.169 332.2733 1239.424 271.3257 470.2442 272.6542 121.7125 378.363 174.0233 268.3333 1252.3347;
	3.7816 51.0975 90.6404 117.2587 14.6214 34.5435 32.0722 16.4055 28.2339 30.6464 56.6494 84.5098 127.2291 66.4405 191.5696 72.1727 89.5476 94.8938 87.2784 70.996 10.6907 80.6015 72.9043 86.0395 99.7529 69.8059 12.7572 1272.5045 786.7595 786.7595 772.155 115.8783 290.928 182.7439 208.2999 335.6841 1256.1071 307.6814 477.6311 267.1953 123.1237 383.2024 203.1052 272.5961 1269.1916;
	3.7104 50.1357 88.9831 114.3972 14.7259 34.0765 25.7965 16.3284 28.2123 30.3139 56.0347 83.5928 125.8485 67.0957 192.8105 72.6402 90.1277 95.5085 88.8868 70.9701 8.5988 79.5119 73.94 85.5124 98.278 65.4113 12.946 1337.2959 836.1331 836.1331 808.3202 120.1956 296.2893 182.6773 210.354 356.7501 1295.4749 340.2167 474.9171 263.2448 120.2166 378.0222 205.0743 268.4188 1308.9694;
	3.8551 52.0912 92.498 118.0766 15.0453 34.2757 28.8919 17.31 28.2981 31.0925 57.474 85.7399 129.081 66.6837 197.3807 74.362 92.264 97.7723 91.7013 73.3406 9.6306 79.9767 75.5209 86.7675 102.8044 69.0736 13.3581 1345.3518 835.8009 835.8009 819.1568 119.389 305.6709 188.7789 209.0624 356.6084 1345.6543 340.2886 477.668 275.3688 123.0886 380.2319 210.6284 270.4025 1359.6716;
	3.9013 52.7149 93.8876 119.559 15.2418 34.9785 26.9277 17.5417 27.9043 29.9709 55.4007 82.647 124.4246 65.8028 190.2667 71.6819 88.9386 94.2484 89.9552 70.6247 8.9759 81.6166 74.2494 88.3626 104.1245 67.9469 13.1642 1295.7808 800.6171 800.6171 784.732 117.9476 299.8507 181.7881 206.3007 341.5966 1312.2774 321.1311 470.2448 278.9049 123.0599 388.0286 214.9416 275.5384 1325.9469;
	3.7917 51.2341 90.8871 112.6841 15.1753 33.8113 28.242 17.6058 28.2543 30.4594 56.3038 83.9942 126.4529 66.1133 194.9334 73.44 91.12 96.56 92.3355 70.1184 9.414 78.893 73.2986 83.2982 100.7411 71.6904 13.2497 1330.038 823.0321 823.0321 787.0761 115.9711 307.785 180.485 207.2742 351.1604 1320.8902 343.8734 472.8603 269.8423 120.3552 375.0797 208.77 275.3507 1334.6495;
	3.7408 50.5468 88.9245 110.783 15.0113 33.3839 26.774 17.3395 27.5646 28.2453 52.2109 77.8884 117.2606 65.9782 192.5235 72.5321 89.9936 95.3663 88.4069 72.0481 8.9247 77.8957 71.5492 84.9336 98.2685 69.5128 13.1079 1337.0363 819.8328 819.8328 784.7957 117.9071 294.6896 185.452 206.8504 349.7953 1319.5025 334.1021 461.4296 263.2192 117.7111 370.3383 201.4737 268.9648 1333.2473;
	3.8417 51.9099 90.19 113.537 14.7297 33.8917 23.8724 17.6417 27.4495 29.0876 53.768 80.2113 120.7577 66.1969 188.9543 71.1874 88.3252 93.5983 86.2925 71.5297 7.9575 79.0806 73.6133 87.2592 101.1986 69.4881 13.5624 1320.325 817.2985 817.2985 784.8308 118.1625 287.6417 184.1177 207.5364 348.714 1304.5474 336.0761 461.4238 271.0677 120.8326 375.972 206.709 280.0713 1318.1365;
	3.8472 51.9836 89.9572 113.4012 15.1304 34.3131 23.229 17.6834 26.9283 29.0402 53.6804 80.0806 120.5608 64.5855 184.0956 69.3569 86.054 91.1915 82.8237 72.7996 7.743 80.0639 70.4067 86.8936 101.8497 68.9943 13.3176 1298.3499 795.2157 795.2157 736.5443 114.8053 276.0792 187.3863 202.4842 339.292 1240.0321 305.3051 445.5455 272.8118 120.0411 380.6466 198.6324 278.6103 1252.9491;
	3.8618 52.181 92.846 111.1192 15.0572 32.7836 22.545 17.269 27.3962 30.1459 55.7242 83.1295 125.151 64.0942 192.2192 72.4175 89.8513 95.2156 84.3687 72.526 7.515 76.495 71.2908 87.5785 104.2081 54.6603 12.7562 1281.7948 734.6157 734.6157 658.1211 108.2035 281.2289 186.6822 200.944 313.436 1175.9147 296.3056 461.9603 279.1289 114.4079 363.6789 196.9818 264.1736 1188.1638;
	3.7276 50.3685 94.3974 113.9336 15.0089 31.6845 19.1236 13.182 27.844 29.4913 54.5142 81.3245 122.4336 63.7692 186.2744 70.1778 87.0725 92.2708 83.9816 71.0682 6.3745 73.9306 72.5442 88.5516 103.8818 68.8397 10.3486 1240.7936 701.2257 701.2257 616.7561 106.4742 279.9386 182.9298 199.9252 299.1896 1189.0343 277.098 458.8987 278.2548 119.5788 351.4871 180.879 247.3913 1201.4201;
