function windprofile = ex_wind_profilesh1
%EX_WIND_PROFILE_D  Example wind_load_nyiso profile data for deterministic unit commitment.
% 2022.03.12
% Andres F. Ramirez


%% define constants
[GEN_BUS, PG, QG, QMAX, QMIN, VG, MBASE, GEN_STATUS, PMAX, PMIN, ...
    MU_PMAX, MU_PMIN, MU_QMAX, MU_QMIN, PC1, PC2, QC1MIN, QC1MAX, ...
    QC2MIN, QC2MAX, RAMP_AGC, RAMP_10, RAMP_30, RAMP_Q, APF] = idx_gen;
[CT_LABEL, CT_PROB, CT_TABLE, CT_TBUS, CT_TGEN, CT_TBRCH, CT_TAREABUS, ...
    CT_TAREAGEN, CT_TAREABRCH, CT_ROW, CT_COL, CT_CHGTYPE, CT_REP, ...
    CT_REL, CT_ADD, CT_NEWVAL, CT_TLOAD, CT_TAREALOAD, CT_LOAD_ALL_PQ, ...
    CT_LOAD_FIX_PQ, CT_LOAD_DIS_PQ, CT_LOAD_ALL_P, CT_LOAD_FIX_P, ...
    CT_LOAD_DIS_P, CT_TGENCOST, CT_TAREAGENCOST, CT_MODCOST_F, ...
    CT_MODCOST_X] = idx_ct;

windprofile = struct( ...
    'type', 'mpcData', ...
    'table', CT_TGEN, ...
    'rows', [1:45], ...
    'col', PMAX, ...
    'chgtype', 1, ...
    'values', [] );
windprofile.values(:,1,:) = [
	3.7566 50.7599 93.5042 117.7036 14.7614 33.2473 30.6901 18.3349 28.0207 29.4558 54.4485 81.2265 122.2861 66.0013 187.5129 70.6444 87.6514 92.8843 83.4525 70.1346 10.23 77.5771 72.1502 87.9771 105.1717 75.293 13.48 1277.4671 744.6435 744.6435 555.0963 103.9581 278.1749 180.5267 206.9231 317.7145 1240.3352 217.8865 467.6933 281.71 115.1358 368.8238 194.5447 275.7992 1253.2554;
	3.6991 49.983 93.3884 116.3472 14.7156 31.5491 26.7643 18.6923 27.3437 30.2766 55.9659 83.4901 125.6938 64.9792 177.6136 66.9149 83.024 87.9807 85.8101 69.4886 8.9214 73.6147 72.4436 87.4692 104.379 75.5035 13.8401 1311.7021 774.1372 774.1372 609.1306 99.0875 286.0336 178.8638 203.7186 330.2986 1274.0309 220.0984 469.3514 279.5865 120.1878 349.9851 180.3571 268.1268 1287.3021;
	3.6266 49.0034 91.3033 114.0599 14.7323 32.1667 22.7141 18.5037 28.1254 30.9274 57.1688 85.2846 128.3955 63.42 187.1848 70.5208 87.498 92.7218 87.6017 68.9175 7.5714 75.0557 72.2852 88.2901 104.3172 75.9441 13.722 1307.9145 732.2854 732.2854 604.9047 87.4324 292.0055 177.3937 198.8302 312.4418 1267.2123 217.6178 448.0478 279.421 119.9744 356.8361 183.3106 258.3551 1280.4124;
	3.6557 49.3966 92.5331 118.482 15.2736 31.8529 25.0533 18.2704 28.481 30.9867 57.2785 85.4482 128.6418 65.4383 197.6248 74.454 92.3781 97.8932 90.909 71.5131 8.3511 74.3234 72.8277 89.7013 104.5608 74.5449 13.5684 1338.2084 770.9678 770.9678 640.3732 98.672 303.0299 184.0749 205.158 328.9462 1310.9149 244.5517 455.9494 280.0735 120.2965 353.3544 159.3447 269.0998 1324.5703;
	3.6166 48.8686 93.7372 117.0536 14.9719 31.7029 29.065 18.5317 28.1323 30.9903 57.2851 85.4581 128.6566 63.2518 194.7845 73.3839 91.0504 96.4863 85.7758 71.649 9.6883 73.9734 72.3767 89.4464 103.9031 75.2653 13.5868 1283.2205 674.9431 674.9431 504.9312 94.7671 285.9193 184.4248 198.3031 287.9757 1216.2214 216.753 449.3257 278.3118 120.8051 351.6907 186.6376 264.8369 1228.8904;
	3.6344 49.1088 91.413 115.0965 15.0215 32.4295 27.7989 18.4526 28.2339 31.0611 57.4159 85.6532 128.9505 65.2208 197.8632 74.5438 92.4895 98.0113 85.357 70.893 9.2663 75.6689 73.325 88.8065 101.5862 74.3266 13.6281 1302.2174 708.4686 708.4686 510.2917 95.4866 284.5235 182.4788 204.4762 302.28 1193.4927 213.0393 431.8585 272.106 121.7964 359.7516 177.4677 273.8525 1205.925;
	3.6188 48.8978 90.8321 116.6417 14.9701 32.3167 29.5529 18.3894 28.3878 31.2704 57.8029 86.2306 129.8196 64.8964 195.0223 73.4735 91.1616 96.6041 85.9277 72.4 9.851 75.4056 74.2389 87.9923 99.804 72.6329 13.2963 1275.2487 714.4176 714.4176 542.8164 98.2795 286.4255 186.3579 203.4591 304.8182 1232.2146 250.4807 423.02 267.3321 121.7012 358.5 164.6762 261.0112 1245.0502;
	3.7853 51.1482 91.9121 117.1955 15.1046 33.8943 30.0705 18.4039 28.347 31.262 57.7872 86.2072 129.7845 66.9438 200.1267 75.3966 93.5476 99.1325 86.6399 72.0625 10.0235 79.0868 74.8548 87.6198 100.4599 73.0485 13.199 1319.276 744.3331 744.3331 590.7006 99.4021 288.7997 185.4891 209.8779 317.5821 1262.1081 242.5821 434.175 269.0891 121.9654 376.0011 182.2474 270.7132 1275.255;
	3.8372 51.8484 92.6488 116.1461 15.3566 34.1905 31.7079 18.6299 28.3402 31.1974 57.668 86.0293 129.5167 69.4149 196.9057 74.1831 92.0419 97.537 89.1739 72.4898 10.5693 79.7779 75.2346 87.2259 103.4796 71.1822 13.4621 1308.6074 772.7146 772.7146 635.289 112.399 297.2463 186.5888 217.625 329.6916 1301.6623 243.8806 453.6247 277.1776 122.0938 379.2869 209.4441 276.5845 1315.2213;
	3.8039 51.3996 93.2254 117.4851 15.2635 34.2851 26.643 18.0834 27.8733 30.4435 56.2744 83.9503 126.3868 68.8751 195.303 73.5793 91.2928 96.7431 87.3532 72.1081 8.881 79.9987 74.7621 87.4794 102.0153 69.9183 13.1162 1297.2064 780.0932 780.0932 683.6607 115.0615 291.1775 185.6065 215.9329 332.8398 1290.5294 290.7697 457.6444 273.2554 121.4318 380.3365 210.6979 272.1887 1303.9725;
	3.8281 51.7259 92.3962 117.3343 15.1554 33.6114 26.7107 18.1863 27.7716 30.2502 55.9171 83.4173 125.5842 65.7466 193.2655 72.8117 90.3404 95.7339 88.347 73.8731 8.9036 78.4266 74.1713 87.561 103.4474 69.7558 13.4389 1252.3635 748.981 748.981 661.2517 114.9329 294.49 190.1495 206.1245 319.5652 1261.3504 273.5577 441.6877 277.0911 122.6197 372.8626 205.6679 269.7622 1274.4894;
	3.7497 50.6671 92.4121 116.4886 15.0375 33.3693 26.8711 17.5326 27.4958 28.9835 53.5755 79.9241 120.3253 66.44 195.2497 73.5592 91.2679 96.7167 89.1151 73.4303 8.957 77.8618 74.0963 86.6188 102.8712 66.2771 12.9937 1300.0495 747.5113 747.5113 710.5494 119.4788 297.0504 189.0098 208.2983 318.9382 1312.7814 319.0659 460.4793 275.5478 123.4541 370.1773 206.0875 267.9753 1326.4562;
	3.6726 49.6255 92.0922 112.3456 15.0598 33.5999 27.2532 17.5193 27.5107 30.4296 56.2486 83.9118 126.3288 65.0493 197.6157 74.4506 92.3738 97.8887 90.6659 70.361 9.0844 78.3997 73.7989 81.6323 100.0171 69.1496 12.9454 1286.5763 787.8033 787.8033 712.6651 117.6467 302.2198 181.1095 203.9382 336.1294 1318.1507 327.1965 444.7648 267.9028 122.6752 372.7347 210.2987 266.9749 1331.8814;
	3.6673 49.5529 93.3594 114.5078 14.9641 33.4349 26.0798 17.5397 27.8649 29.4714 54.4774 81.2695 122.3508 65.0908 189.7016 71.469 88.6745 93.9685 89.891 71.7224 8.6933 78.0149 74.7753 84.6725 99.8494 72.2579 13.1124 1294.8465 771.6313 771.6313 656.6179 116.8879 299.6365 184.6136 204.0683 329.2293 1291.9282 313.1481 439.9511 267.4538 122.6599 370.905 199.4169 274.1538 1305.3858;
	3.5532 48.0115 90.6148 113.266 14.3809 32.6964 22.3182 17.5062 27.725 29.4136 54.3705 81.1101 122.1109 65.7588 192.9001 72.674 90.1696 95.5529 89.1312 70.3259 7.4394 76.2916 74.7446 85.7226 98.6554 69.8465 12.9777 1333.8007 785.9016 785.9016 726.272 118.8712 297.1038 181.0191 206.1628 335.318 1310.0827 319.6215 441.4276 264.2556 122.0737 362.712 200.5868 265.0473 1323.7294;
	3.1858 43.0473 87.4879 110.0576 14.4386 30.5414 24.0276 17.3361 26.7053 28.1879 52.105 77.7304 117.0226 63.9054 185.7411 69.9769 86.8232 92.0066 87.2982 71.1321 8.0092 71.2632 69.8701 84.704 97.2288 63.71 11.4283 1275.7841 777.9382 777.9382 711.1525 117.5261 290.9939 183.0943 200.3522 331.9203 1242.3842 320.0711 445.0572 260.4342 117.8752 338.8055 194.5242 257.6343 1255.3257;
	3.2887 44.4369 87.2296 105.8078 14.4221 27.091 19.8799 15.6632 25.9862 25.7929 47.6779 71.126 107.0798 62.4701 195.1052 73.5048 91.2004 96.6451 85.0563 69.6189 6.6266 63.2124 66.0829 81.8401 96.7977 48.4654 10.449 1223.8487 707.0058 707.0058 600.9696 114.5744 283.521 179.1993 195.8524 301.6558 1179.8218 313.5452 442.1869 259.2796 112.3115 300.5298 168.6711 233.2749 1192.1116;
	3.5572 48.0649 87.416 105.076 14.2622 25.4806 16.3205 11.5981 25.7707 27.248 50.3675 75.1383 113.1204 63.126 190.3809 71.7249 88.992 94.305 82.5341 67.653 5.4402 59.4548 69.3274 82.3978 98.2852 63.7567 9.2457 1211.3109 648.3719 648.3719 581.7515 113.3054 275.1135 174.139 197.9086 276.6387 1169.4652 283.0247 430.45 263.2639 112.7155 282.6651 162.2837 220.781 1181.6472;
