function solarprofile = ex_solar_profilesh1
%EX_WIND_PROFILE_D  Example wind_load_nyiso profile data for deterministic unit commitment.
% 2022.03.12
% Andres F. Ramirez


%% define constants
[GEN_BUS, PG, QG, QMAX, QMIN, VG, MBASE, GEN_STATUS, PMAX, PMIN, ...
    MU_PMAX, MU_PMIN, MU_QMAX, MU_QMIN, PC1, PC2, QC1MIN, QC1MAX, ...
    QC2MIN, QC2MAX, RAMP_AGC, RAMP_10, RAMP_30, RAMP_Q, APF] = idx_gen;
[CT_LABEL, CT_PROB, CT_TABLE, CT_TBUS, CT_TGEN, CT_TBRCH, CT_TAREABUS, ...
    CT_TAREAGEN, CT_TAREABRCH, CT_ROW, CT_COL, CT_CHGTYPE, CT_REP, ...
    CT_REL, CT_ADD, CT_NEWVAL, CT_TLOAD, CT_TAREALOAD, CT_LOAD_ALL_PQ, ...
    CT_LOAD_FIX_PQ, CT_LOAD_DIS_PQ, CT_LOAD_ALL_P, CT_LOAD_FIX_P, ...
    CT_LOAD_DIS_P, CT_TGENCOST, CT_TAREAGENCOST, CT_MODCOST_F, ...
    CT_MODCOST_X] = idx_ct;

solarprofile = struct( ...
    'type', 'mpcData', ...
    'table', CT_TGEN, ...
    'rows', [1:12], ...
    'col', PMAX, ...
    'chgtype', 1, ...
    'values', [] );
solarprofile.values(:,1,:) = [
	0.0 0.0 0.0 0.0 0.0 0.0 0.0 0.0 0.0 0.0 0.0 0.0;
	0.0 0.0 0.0 0.0 0.0 0.0 0.0 0.0 0.0 0.0 0.0 0.0;
	0.0 0.0 0.0 0.0 0.0 0.0 0.0 0.0 0.0 0.0 0.0 0.0;
	0.0 0.0 0.0 0.0 0.0 0.0 0.0 0.0 0.0 0.0 0.0 0.0;
	0.0 0.0 0.0 0.0 0.0 0.0 0.0 0.0 0.0 0.0 0.0 0.0;
	1.0111 0.8373 0.7032 0.0 0.0 11.7326 1.4666 4.3286 0.4504 0.0 0.0 0.0;
	4.1527 6.1628 3.5202 6.5436 3.9088 173.5874 21.6984 8.9487 151.9126 212.1284 35.1367 384.1659;
	1.1049 1.6122 1.8616 7.0741 4.202 321.903 40.2379 11.2938 180.2508 245.3989 93.6192 444.4188;
	2.0175 3.2313 5.9837 7.4388 3.695 378.1083 47.2635 17.1168 196.3059 266.3048 125.0458 482.2796;
	20.8948 15.5525 13.0452 3.3194 1.289 402.5463 50.3183 48.2494 189.608 68.6861 102.8844 124.3909;
	25.3989 16.4782 12.9734 1.5894 1.1012 407.6453 50.9557 46.8313 184.2775 90.2414 98.4981 163.4277;
	25.5778 16.3027 12.1869 1.1622 1.4914 417.7615 52.2202 49.3017 175.509 109.4226 114.1383 198.1651;
	23.1279 14.8207 12.978 0.989 1.5526 415.0206 51.8776 62.1084 97.0288 47.6453 99.8302 86.286;
	20.3401 12.7448 13.1006 1.4026 1.4055 398.2388 49.7799 63.2114 72.5972 35.7744 79.9856 64.7877;
	15.6898 11.6441 11.3478 1.9316 0.7597 329.7307 41.2163 59.3721 53.9933 20.2097 51.1381 36.5998;
	8.5948 6.8081 5.8992 3.3742 0.6619 99.1052 12.3881 24.8007 34.9517 6.9124 21.3762 12.5183;
	1.3271 1.0257 0.8162 1.0083 0.676 63.7704 7.9713 11.364 32.0809 4.7616 7.1329 8.6233;
	0.0 0.0 0.0 0.0 0.0 0.0 0.0 0.0 0.0 0.0 0.0 0.0;
	0.0 0.0 0.0 0.0 0.0 0.0 0.0 0.0 0.0 0.0 0.0 0.0;
	0.0 0.0 0.0 0.0 0.0 0.0 0.0 0.0 0.0 0.0 0.0 0.0;
	0.0 0.0 0.0 0.0 0.0 0.0 0.0 0.0 0.0 0.0 0.0 0.0;
	0.0 0.0 0.0 0.0 0.0 0.0 0.0 0.0 0.0 0.0 0.0 0.0;
	0.0 0.0 0.0 0.0 0.0 0.0 0.0 0.0 0.0 0.0 0.0 0.0;
	0.0 0.0 0.0 0.0 0.0 0.0 0.0 0.0 0.0 0.0 0.0 0.0;
];
