function loadprofile = ex_load_profilesh1
%EX_LOAD_PROFILE  Example load profile data file for stochastic unit commitment.
% 2022.03.12
% Andres F. Ramirez

%% define constants
[CT_LABEL, CT_PROB, CT_TABLE, CT_TBUS, CT_TGEN, CT_TBRCH, CT_TAREABUS, ...
    CT_TAREAGEN, CT_TAREABRCH, CT_ROW, CT_COL, CT_CHGTYPE, CT_REP, ...
    CT_REL, CT_ADD, CT_NEWVAL, CT_TLOAD, CT_TAREALOAD, CT_LOAD_ALL_PQ, ...
    CT_LOAD_FIX_PQ, CT_LOAD_DIS_PQ, CT_LOAD_ALL_P, CT_LOAD_FIX_P, ...
    CT_LOAD_DIS_P, CT_TGENCOST, CT_TAREAGENCOST, CT_MODCOST_F, ...
    CT_MODCOST_X] = idx_ct;

loadprofile = struct( ...
    'type', 'mpcData', ...
    'table', CT_TAREALOAD, ...
    'rows', [1:11], ...
    'col', CT_LOAD_ALL_P, ...
    'chgtype', 1, ...
    'values', [] );
loadprofile.values(:,1,:) = [
	1528.9 884.1279 1509.6027 570.2765 711.7102 1069.755 872.5 235.0165 479.2517 4511.0406 1737.7067;
	1547.1187 888.6646 1494.8 568.8786 712.0 1068.0 868.7 238.8 472.8327 4480.4172 1738.6494;
	1557.9626 899.8572 1519.3891 572.1381 706.4782 1097.0624 886.6556 238.0667 482.1484 4497.023 1759.4911;
	1585.2624 922.8 1568.8802 578.6331 752.9307 1132.8969 897.7074 241.7025 500.7 4468.4825 1765.5063;
	1671.9522 999.7592 1679.972 595.0 811.278 1191.5368 940.6402 269.3677 527.0605 4617.0 1868.8033;
	1725.0783 1052.5306 1700.1827 595.2811 837.9974 1256.1142 988.5532 280.2941 543.3043 4861.2297 1923.3612;
	1785.8796 1079.2 1749.5 601.5225 885.2514 1299.5526 1041.4 307.3386 577.6711 5065.8468 2037.061;
	1819.5129 1116.6254 1761.6486 611.6 916.2082 1329.2 1059.2834 318.9547 627.3022 5282.4093 2112.43;
	1796.5736 1123.5894 1782.611 596.6905 915.3957 1304.3042 1046.6414 320.1 624.7899 5489.774 2099.3183;
	1778.9 1112.2844 1811.391 600.2235 910.2127 1312.3716 1033.2897 299.42 604.078 5502.0125 2174.1764;
	1745.2724 1100.1644 1780.6132 604.5327 878.882 1285.2084 1027.9158 291.0462 606.1622 5547.5684 2084.1458;
	1789.2052 1133.5085 1815.1721 608.5336 907.3275 1280.6505 1055.4874 306.6 620.8951 5675.7626 2177.066;
	1740.4032 1098.5855 1771.7393 621.062 852.7001 1224.9213 1061.6994 297.3509 618.3196 5607.0 2153.36;
	1768.8448 1113.2 1789.7116 597.5476 831.3495 1203.2885 1014.6582 285.1218 618.9981 5426.5089 2079.6156;
	1763.367 1090.7607 1785.5234 593.2803 838.2023 1269.8265 982.5259 289.1204 587.1748 5389.4239 2019.9191;
	1799.8166 1123.2383 1848.0584 598.4354 921.0279 1310.7 1005.5056 293.4168 596.7156 5449.0624 2104.502;
	1842.156 1124.0936 1858.4084 601.0 937.8017 1341.8591 1027.6381 322.8131 591.3853 5496.7809 2150.1668;
	1906.0722 1143.112 1929.7275 620.1775 993.1592 1408.701 1088.9478 328.6 624.7931 5555.5018 2270.9333;
	1931.9346 1178.3888 1945.3296 618.1 1012.8993 1392.4588 1103.615 336.9724 644.8 5707.1494 2316.0963;
	1867.8925 1107.1431 1866.8858 598.0 963.7283 1326.4652 1078.1338 320.2163 628.781 5419.2123 2219.5698;
	1806.0864 1079.9 1766.5 595.4644 929.3935 1263.2771 1030.1184 290.1591 594.4439 5442.6601 2138.4;
	1713.8797 1016.2373 1668.7 594.3144 861.8974 1189.0 994.6704 274.5754 560.8522 5262.4897 2017.3135;
	1726.9417 987.0223 1688.2348 608.6577 864.4575 1137.7597 936.2601 244.6789 509.6688 4851.3745 1872.3776;
	1667.1765 947.7 1646.7809 611.9943 841.3325 1127.5848 912.7 236.2065 495.3598 4728.2611 1802.5436;
];
