function loadprofile = ex_load_profilesh1
%EX_LOAD_PROFILE  Example load profile data file for stochastic unit commitment.
% 2022.03.12
% Andres F. Ramirez

%% define constants
[CT_LABEL, CT_PROB, CT_TABLE, CT_TBUS, CT_TGEN, CT_TBRCH, CT_TAREABUS, ...
    CT_TAREAGEN, CT_TAREABRCH, CT_ROW, CT_COL, CT_CHGTYPE, CT_REP, ...
    CT_REL, CT_ADD, CT_NEWVAL, CT_TLOAD, CT_TAREALOAD, CT_LOAD_ALL_PQ, ...
    CT_LOAD_FIX_PQ, CT_LOAD_DIS_PQ, CT_LOAD_ALL_P, CT_LOAD_FIX_P, ...
    CT_LOAD_DIS_P, CT_TGENCOST, CT_TAREAGENCOST, CT_MODCOST_F, ...
    CT_MODCOST_X] = idx_ct;

loadprofile = struct( ...
    'type', 'mpcData', ...
    'table', CT_TAREALOAD, ...
    'rows', [1:11], ...
    'col', CT_LOAD_ALL_P, ...
    'chgtype', 1, ...
    'values', [] );
loadprofile.values(:,1,:) = [
	1445.6626 856.8165 1514.1202 555.2 769.8339 1126.1637 857.2 239.9 461.7542 4396.7 1665.0645;
	1423.7217 855.5429 1507.2 550.4 759.83 1128.1505 848.0 232.8761 465.4313 4346.5498 1657.4698;
	1420.7608 871.0129 1511.4908 557.9 759.1845 1140.2195 853.573 236.2 461.9452 4320.135 1671.4407;
	1483.8662 901.632 1587.9 569.9 814.1928 1133.3222 899.9162 258.7889 493.4 4402.2913 1728.17;
	1529.759 949.4 1682.5776 588.4 881.4915 1194.2725 936.7438 269.3 524.9762 4532.8154 1819.0717;
	1631.2296 1014.8999 1755.2136 602.3984 917.3377 1269.5008 991.0557 300.4181 549.9 4689.1576 1917.1;
	1600.6102 1033.7922 1808.0296 597.1664 968.2454 1281.5074 1011.0934 303.8545 581.6719 4709.2584 1981.1553;
	1688.8407 1077.5652 1888.5253 584.3048 999.17 1351.9049 1088.6483 320.7 618.1345 5199.6777 2167.8441;
	1734.4156 1053.2003 1917.6752 571.9 981.1 1384.9172 1125.2579 336.0447 636.1013 5275.6971 2240.8;
	1694.1718 1019.962 1868.6155 564.1 960.6904 1392.9603 1091.0255 332.0137 607.5391 5180.8811 2189.1947;
	1664.1588 999.7111 1800.3617 567.3474 903.8146 1358.1313 1076.3586 324.6744 607.665 5114.6585 2133.4036;
	1603.5203 960.9443 1780.8 563.6047 876.5456 1294.1935 1075.0166 324.527 590.255 5135.2595 2026.0015;
	1543.4889 922.9007 1751.0193 560.829 887.2266 1266.9149 1031.0222 307.5 576.4145 5097.9643 1984.7425;
	1596.647 885.5553 1756.6332 563.4825 880.2 1259.1401 981.102 314.4 565.0233 5131.7226 1977.983;
	1625.6955 941.6053 1804.9671 572.1 902.3091 1246.3022 1003.087 321.3846 553.4441 5238.8324 2056.683;
	1628.0559 952.3755 1842.6961 594.4406 914.5629 1280.8032 1022.5282 356.5893 593.8 5304.1064 2187.3614;
	1633.0275 1001.4895 1875.5121 597.1035 935.4975 1316.2091 1023.0872 318.0051 599.4583 5251.7908 2163.8995;
	1718.0479 1091.4141 1970.7122 604.5114 1005.7288 1393.3 1101.5582 333.9141 620.3078 5285.6592 2264.7535;
	1787.0611 1131.5 2018.7678 591.8863 1011.411 1401.2371 1115.2 340.247 607.9 5346.3949 2279.4604;
	1745.0854 1095.0418 1926.2555 590.5517 959.4 1339.8527 1065.1401 338.7773 592.9504 5298.6811 2241.9719;
	1691.1585 1028.5793 1842.8726 569.8 894.4 1276.7013 1031.1305 325.4 579.1692 5235.2547 2171.4;
	1579.2032 965.5408 1722.9138 569.7786 842.2799 1196.4281 953.7 297.1303 519.4158 4987.8336 1953.5;
	1566.8347 942.6753 1676.0477 615.2271 845.0128 1192.4616 943.5467 290.4968 523.0943 4792.995 1851.4287;
	1545.7896 932.7687 1674.9925 621.875 834.0459 1185.8687 940.3868 281.0333 513.2973 4713.8035 1785.7;
];
