function loadprofile = ex_load_profilesh1
%EX_LOAD_PROFILE  Example load profile data file for stochastic unit commitment.
% 2022.03.12
% Andres F. Ramirez

%% define constants
[CT_LABEL, CT_PROB, CT_TABLE, CT_TBUS, CT_TGEN, CT_TBRCH, CT_TAREABUS, ...
    CT_TAREAGEN, CT_TAREABRCH, CT_ROW, CT_COL, CT_CHGTYPE, CT_REP, ...
    CT_REL, CT_ADD, CT_NEWVAL, CT_TLOAD, CT_TAREALOAD, CT_LOAD_ALL_PQ, ...
    CT_LOAD_FIX_PQ, CT_LOAD_DIS_PQ, CT_LOAD_ALL_P, CT_LOAD_FIX_P, ...
    CT_LOAD_DIS_P, CT_TGENCOST, CT_TAREAGENCOST, CT_MODCOST_F, ...
    CT_MODCOST_X] = idx_ct;

loadprofile = struct( ...
    'type', 'mpcData', ...
    'table', CT_TAREALOAD, ...
    'rows', [1:11], ...
    'col', CT_LOAD_ALL_P, ...
    'chgtype', 1, ...
    'values', [] );
loadprofile.values(:,1,:) = [
	1517.1065 913.8251 1642.9111 538.3481 703.704 1054.7981 797.4972 229.1023 506.5035 4370.196 1685.3374;
	1508.2674 905.283 1617.2752 531.6086 705.0878 1060.087 780.6104 237.8138 492.7 4302.1159 1655.0;
	1478.6 903.5849 1604.884 555.4074 688.4233 1040.3306 780.1148 235.5076 493.9611 4245.0581 1674.6;
	1537.1 924.7112 1652.6889 552.611 752.1 1117.2 811.0595 236.7 514.5503 4354.0674 1733.268;
	1594.7434 976.8721 1729.5865 559.7 801.3422 1177.6285 869.5394 243.973 544.1 4551.7216 1830.0974;
	1658.0167 1020.3 1789.5011 584.723 866.2 1253.1 912.3667 259.2526 575.9931 4717.4806 1917.1;
	1744.2 1079.2 1880.219 605.1854 893.9711 1291.9 957.2627 274.7116 605.1225 5015.3692 2046.0799;
	1778.1892 1121.3518 1922.2407 609.5 933.6152 1309.4199 976.8401 288.0907 633.1006 5153.2057 2098.1758;
	1799.7014 1144.2723 1980.2644 609.478 932.5812 1314.7 984.0764 298.8595 647.7597 5300.3131 2121.5749;
	1767.2 1136.5194 2031.8605 596.1214 949.3827 1377.941 994.4841 302.7577 658.6294 5347.571 2090.0208;
	1722.4998 1113.3 1985.8721 581.9 960.8456 1378.953 976.1805 309.9002 643.0419 5506.1377 2175.3533;
	1735.7284 1079.764 1941.1333 575.5 910.7783 1327.9064 961.1306 287.2 622.6191 5420.0461 2108.6155;
	1701.5693 1054.7968 1916.9128 574.2062 867.2564 1284.7 942.5697 278.8842 605.3855 5347.3106 2036.6325;
	1721.3235 1024.2247 1842.2786 570.7552 849.3114 1253.2447 947.3446 272.8059 612.6603 5416.697 2119.3043;
	1736.7045 1024.2358 1883.7895 585.6473 869.5965 1248.2918 954.3169 271.8444 611.4561 5507.5677 2168.3422;
	1794.2308 1078.9782 2008.1901 591.6726 948.5047 1350.5157 980.2561 275.5775 605.4 5367.7084 2137.7;
	1793.6738 1099.4126 2031.8093 590.4885 958.3079 1367.6 1027.9397 292.2601 627.3312 5517.553 2256.7;
	1822.3235 1134.6516 2107.9361 589.5241 996.6803 1441.29 1101.2 317.8 645.5968 5560.6281 2316.7384;
	1859.6608 1147.2661 2118.4842 604.5457 999.364 1402.1824 1084.1 302.5367 639.954 5468.5086 2303.5579;
	1797.783 1093.7 2018.8268 594.5412 962.3301 1350.6388 1054.9 303.3 640.7381 5391.6191 2233.5;
	1745.1 1036.432 1934.4355 582.8965 899.3259 1299.8416 1010.4 287.1873 632.8 5257.14 2122.5243;
	1680.1 966.7 1816.9111 571.5 860.3968 1229.9289 972.5 266.0098 593.3461 5078.7 2019.5388;
	1621.6121 946.4887 1780.6494 567.5607 835.5 1208.2467 935.025 262.3676 604.2288 4966.3944 1900.2559;
	1535.9769 923.3114 1721.4364 572.4492 792.9928 1137.6916 889.0503 238.7 544.3 4804.1398 1797.0751;
];
