function windprofile = ex_wind_profilesh1
%EX_WIND_PROFILE_D  Example wind_load_nyiso profile data for deterministic unit commitment.
% 2022.03.12
% Andres F. Ramirez


%% define constants
[GEN_BUS, PG, QG, QMAX, QMIN, VG, MBASE, GEN_STATUS, PMAX, PMIN, ...
    MU_PMAX, MU_PMIN, MU_QMAX, MU_QMIN, PC1, PC2, QC1MIN, QC1MAX, ...
    QC2MIN, QC2MAX, RAMP_AGC, RAMP_10, RAMP_30, RAMP_Q, APF] = idx_gen;
[CT_LABEL, CT_PROB, CT_TABLE, CT_TBUS, CT_TGEN, CT_TBRCH, CT_TAREABUS, ...
    CT_TAREAGEN, CT_TAREABRCH, CT_ROW, CT_COL, CT_CHGTYPE, CT_REP, ...
    CT_REL, CT_ADD, CT_NEWVAL, CT_TLOAD, CT_TAREALOAD, CT_LOAD_ALL_PQ, ...
    CT_LOAD_FIX_PQ, CT_LOAD_DIS_PQ, CT_LOAD_ALL_P, CT_LOAD_FIX_P, ...
    CT_LOAD_DIS_P, CT_TGENCOST, CT_TAREAGENCOST, CT_MODCOST_F, ...
    CT_MODCOST_X] = idx_ct;

windprofile = struct( ...
    'type', 'mpcData', ...
    'table', CT_TGEN, ...
    'rows', [1:45], ...
    'col', PMAX, ...
    'chgtype', 1, ...
    'values', [] );
windprofile.values(:,1,:) = [
	3.8007 51.3559 91.6172 115.9074 14.5267 33.938 28.8551 15.8189 27.3652 28.7383 53.1223 79.2481 119.3075 67.8335 194.6542 73.3348 90.9895 96.4217 84.2776 70.3737 9.6184 79.1887 74.643 85.323 101.3192 67.4704 12.4242 1283.7322 741.8027 741.8027 555.6832 100.6839 280.9253 181.1422 212.6673 316.5025 1248.6599 220.9639 458.0925 271.3908 116.1102 376.4857 193.7732 253.7702 1261.6667;
	3.9036 52.7462 94.9384 120.1343 15.3118 33.728 27.0472 18.1084 27.6486 29.9333 55.3313 82.5434 124.2686 66.4564 179.5385 67.6401 83.9238 88.9342 81.2954 68.6188 9.0157 78.6988 74.2748 89.6437 105.2797 71.8693 13.1953 1285.1816 742.8882 742.8882 620.2915 95.7663 270.9847 176.6251 208.3497 316.9656 1231.814 219.8885 452.1103 281.9992 119.9684 374.1564 184.6905 271.8558 1244.6454;
	3.8979 52.6691 93.1971 117.8754 15.3952 34.451 23.321 17.258 28.3509 30.488 56.3566 84.0729 126.5713 65.9339 193.4429 72.8785 90.4233 95.8217 82.6577 69.1579 7.7737 80.3858 75.0437 87.8464 99.7572 72.8961 12.772 1299.2259 741.6241 741.6241 649.0776 101.8269 275.5257 178.0125 206.7115 316.4263 1271.6524 231.5255 429.8737 267.2067 114.7237 382.1769 190.7645 266.7653 1284.8988;
	3.7805 51.0826 92.4364 118.108 15.1477 33.1193 23.4394 17.3441 27.3914 29.9224 55.3112 82.5134 124.2235 64.6983 192.7865 72.6312 90.1165 95.4966 81.1046 68.971 7.8131 77.2785 72.7734 89.091 101.637 70.6137 12.9193 1276.3508 749.5083 749.5083 659.1441 101.5427 270.3487 177.5316 202.8378 319.7902 1265.1938 253.9558 416.4158 272.2418 115.2428 367.404 153.6264 271.8001 1278.3729;
	3.7889 51.1966 94.0841 117.9232 15.066 32.8705 30.004 17.5601 27.1164 29.6824 54.8675 81.8514 123.2269 65.9646 195.9005 73.8044 91.5721 97.0391 84.861 70.271 10.0013 76.6979 73.6582 88.4866 102.9895 71.555 13.1822 1264.5834 708.7028 708.7028 655.5978 111.4388 282.8701 180.8777 206.808 302.3798 1235.9507 252.9719 457.1435 275.8647 118.1599 364.6436 185.129 274.4857 1248.8252;
	3.7479 50.6426 94.4649 117.6641 14.8351 33.0111 27.5472 17.4143 24.1181 29.1117 53.8126 80.2778 120.8577 66.0456 197.8143 74.5254 92.4667 97.9871 87.0079 70.147 9.1824 77.0259 73.8974 88.4823 102.2515 70.0726 12.9444 1256.4955 730.8185 730.8185 705.874 113.0126 290.0264 180.5586 207.0618 311.8159 1176.3209 254.484 434.6842 273.8879 120.7459 366.2031 171.2037 278.4411 1188.5743;
	3.7522 50.7001 91.0088 116.1299 14.4636 32.7555 29.8787 17.0561 24.2614 28.3384 52.3832 78.1454 117.6474 64.9253 194.4266 73.2491 90.8831 96.309 87.9567 71.0411 9.9596 76.4296 74.6436 85.8169 98.5316 68.5258 12.9675 1212.551 692.0442 692.0442 684.5357 113.1464 293.1889 182.86 203.5495 295.2722 1172.8982 283.6058 441.6552 263.9238 116.86 363.3681 158.9244 273.6901 1185.1159;
	3.8507 52.0316 88.2323 115.3758 14.7496 34.4271 30.4967 16.3071 25.7383 29.2779 54.1198 80.7361 121.5477 68.2184 198.4998 74.7836 92.7871 98.3266 91.6453 69.3467 10.1656 80.3299 74.2681 86.0351 96.5701 66.6293 12.5376 1319.1536 771.2706 771.2706 738.2226 118.1262 305.4844 178.4985 213.8738 329.0755 1273.7644 298.5824 459.6752 258.6698 116.6894 381.9112 181.2623 276.1083 1287.0327;
	3.8176 51.5845 92.4168 116.3977 15.2031 34.7381 32.1258 16.3265 27.1094 31.1327 57.5482 85.8507 129.2477 68.6897 205.1183 77.2771 95.8809 101.6051 93.0847 72.6208 10.7086 81.0556 75.7137 87.2336 98.8986 69.6699 12.7773 1323.932 803.3158 803.3158 789.2727 121.9453 310.2825 186.9261 215.3516 342.7481 1313.7332 323.2402 477.142 264.907 121.6374 385.3614 210.069 278.7416 1327.4179;
	3.8585 52.1372 93.7919 117.629 15.3612 34.2827 25.9225 17.439 26.6322 29.7695 55.0285 82.0917 123.5887 67.9809 200.4198 75.507 93.6846 99.2777 91.7776 72.6327 8.6408 79.9931 74.7321 89.4116 101.2 70.9843 13.1809 1290.3148 793.7707 793.7707 752.8616 120.9444 305.9252 186.9568 213.1292 338.6755 1266.0356 326.9017 464.8628 271.0713 121.0067 380.3099 215.6119 282.1377 1279.2235;
	3.9093 52.8229 94.549 119.3952 15.4152 34.1365 28.1455 17.8169 27.1524 30.6484 56.6531 84.5152 127.2372 65.1839 200.0414 75.3644 93.5077 99.0903 88.8314 72.3798 9.3818 79.6519 75.3026 89.9056 102.0876 74.0614 13.6521 1319.4321 820.2171 820.2171 754.645 120.0126 296.1048 186.3058 204.3604 349.9593 1302.9295 327.1906 460.4756 273.449 122.8943 378.6879 215.139 285.2511 1316.5017;
	3.9124 52.865 94.7513 120.3642 15.4167 34.367 26.0265 17.8279 27.8349 30.8439 57.0145 85.0544 128.049 65.0827 204.2257 76.9409 95.4637 101.163 91.6697 72.3826 8.6755 80.1896 75.7953 89.8738 104.7407 68.2234 13.656 1315.3789 819.594 819.594 783.0864 121.8061 305.5656 186.3131 204.0432 349.6934 1322.1192 341.8381 461.063 280.5553 123.1556 381.2442 214.9336 285.9084 1335.8912;
	3.9315 53.123 95.3105 120.4948 15.4187 34.7981 29.0443 18.0962 28.4174 30.958 57.2253 85.3689 128.5224 66.126 204.8168 77.1635 95.7399 101.4558 90.7495 70.6595 9.6814 81.1955 75.7412 90.0466 105.6071 72.2943 13.7514 1350.5749 850.8642 850.8642 790.5548 117.6622 302.4982 181.8776 207.3141 363.0354 1363.1703 347.6987 472.9389 282.8761 122.9301 386.0264 218.5426 285.9356 1377.37;
	3.924 53.0218 95.128 120.1588 15.4215 34.8407 28.0099 17.4537 28.3559 30.6747 56.7016 84.5877 127.3463 65.7917 201.6356 75.965 94.2529 99.88 89.2489 71.739 9.3366 81.295 75.7725 88.9245 103.0751 70.8074 13.2685 1322.7959 838.3997 838.3997 799.4536 120.402 297.4965 184.6563 206.2659 357.7172 1343.898 342.8479 476.6865 276.0939 116.6338 386.4995 214.8831 282.5669 1357.8969;
	3.9301 53.1038 95.2766 120.2597 15.4187 35.0934 24.5661 18.0054 28.311 30.5685 56.5053 84.2948 126.9054 65.735 192.2604 72.433 89.8706 95.236 89.8456 69.7185 8.1887 81.8846 75.6729 89.5927 104.5305 70.6321 13.6843 1323.7647 820.7626 820.7626 789.2642 119.0451 299.4854 179.4556 206.0882 350.192 1329.7607 340.3343 475.2671 279.9925 120.9825 389.3028 213.9903 282.4413 1343.6123;
	3.8567 52.1126 94.7845 117.7989 15.3126 34.0157 22.9326 17.6016 26.1313 30.4938 56.3674 84.089 126.5956 65.3899 193.1619 72.7726 90.292 95.6825 92.3862 70.3654 7.6442 79.3699 73.9517 89.0369 103.3627 69.1329 13.4836 1299.9571 803.0083 803.0083 740.3624 118.4411 307.9539 181.1206 205.006 342.6169 1247.7875 332.8708 458.8084 276.8643 119.6402 377.3474 199.6598 282.9134 1260.7853;
	3.8837 52.4774 93.7586 113.9906 15.2406 32.7881 20.0696 17.3154 26.0234 29.9161 55.2994 82.4958 124.197 64.5257 195.1672 73.5281 91.2293 96.6759 91.9931 68.982 6.6899 76.5056 72.5036 85.0964 99.5827 57.2355 12.5759 1262.4074 755.5193 755.5193 658.0685 112.1199 306.6437 177.5598 202.2968 322.3549 1194.3529 335.2493 446.8316 266.7394 114.9335 363.7294 192.6807 271.5598 1206.7941;
	3.8929 52.6017 94.7759 113.9286 15.286 30.7783 17.1308 13.2982 26.0156 29.3046 54.1692 80.8097 121.6586 65.8257 188.8546 71.1499 88.2785 93.5489 86.5462 66.4434 5.7103 71.8161 74.1119 88.5728 101.9602 71.2787 10.4104 1212.5529 705.181 705.181 640.0478 108.3177 288.4874 171.0254 206.3725 300.8772 1217.3717 301.3058 439.5699 273.1076 114.2903 341.4343 182.4587 255.7751 1230.0527;
