function loadprofile = ex_load_profilesh1
%EX_LOAD_PROFILE  Example load profile data file for stochastic unit commitment.
% 2022.03.12
% Andres F. Ramirez

%% define constants
[CT_LABEL, CT_PROB, CT_TABLE, CT_TBUS, CT_TGEN, CT_TBRCH, CT_TAREABUS, ...
    CT_TAREAGEN, CT_TAREABRCH, CT_ROW, CT_COL, CT_CHGTYPE, CT_REP, ...
    CT_REL, CT_ADD, CT_NEWVAL, CT_TLOAD, CT_TAREALOAD, CT_LOAD_ALL_PQ, ...
    CT_LOAD_FIX_PQ, CT_LOAD_DIS_PQ, CT_LOAD_ALL_P, CT_LOAD_FIX_P, ...
    CT_LOAD_DIS_P, CT_TGENCOST, CT_TAREAGENCOST, CT_MODCOST_F, ...
    CT_MODCOST_X] = idx_ct;

loadprofile = struct( ...
    'type', 'mpcData', ...
    'table', CT_TAREALOAD, ...
    'rows', [1:11], ...
    'col', CT_LOAD_ALL_P, ...
    'chgtype', 1, ...
    'values', [] );
loadprofile.values(:,1,:) = [
	1484.0423 866.391 1491.9709 529.1269 764.7 1110.3955 872.237 258.9492 510.5 4419.6203 1668.3592;
	1472.1499 871.226 1494.5957 534.4994 770.8231 1105.3 869.0866 258.0265 513.6929 4314.9922 1649.9402;
	1470.665 878.6186 1530.1584 529.7564 785.5928 1129.9705 884.2817 266.0002 510.1942 4308.5672 1665.0;
	1534.7864 896.4 1568.3109 535.7098 820.0279 1145.6883 877.6697 263.9121 515.0564 4368.4009 1686.1819;
	1615.5 964.0 1663.5734 559.7457 866.3769 1183.6512 925.8191 273.2553 540.6119 4540.7972 1788.756;
	1697.8212 1024.8406 1737.7175 564.2753 926.4119 1246.0736 965.4427 303.6704 558.6 4794.8075 1894.8084;
	1722.4213 1054.9782 1813.0313 555.9905 972.4036 1354.661 1018.7593 306.8874 585.8385 5032.4492 1967.2746;
	1735.1597 1060.5 1820.3881 556.0808 996.1419 1383.7958 1060.5875 325.3834 610.2 5314.5718 1993.0;
	1682.572 1049.2214 1818.8599 546.8768 1004.8295 1376.9924 1018.9978 317.5669 600.8697 5364.0537 1886.3378;
	1674.2662 1020.0232 1746.8114 561.5643 975.2508 1355.9017 1082.4029 322.7 617.4771 5475.4191 1882.4887;
	1680.6112 1019.5306 1719.2055 559.1162 979.7857 1321.1085 1064.9351 308.4702 614.9835 5477.9886 1871.1101;
	1549.8673 979.8232 1685.3331 565.1 945.5 1278.124 1026.1 301.9637 588.0255 5408.5953 1779.2908;
	1642.9359 987.5587 1664.2692 538.4 923.5446 1203.0917 1058.6209 286.9 616.8955 5374.4351 1898.8177;
	1597.9685 1002.1451 1665.01 543.0743 924.7633 1224.4571 1026.8 279.2 615.4 5346.5691 1977.5361;
	1530.6502 1011.0858 1695.5352 559.7958 964.2866 1262.926 991.0615 279.7203 602.3708 5262.5834 2003.6434;
	1541.0713 987.9553 1714.1 583.1474 961.6758 1326.058 1047.188 283.027 616.5845 5317.0271 2127.1391;
	1513.6394 1020.2382 1753.828 590.3 967.9049 1359.7453 1078.568 295.3043 635.9136 5311.7609 2155.3343;
	1691.5241 1107.326 1880.0046 611.0 1014.0693 1409.5794 1110.3519 309.264 654.9388 5487.4187 2282.9985;
	1766.0124 1100.8637 1863.0888 606.0596 982.4254 1371.8 1130.2604 295.2726 652.9245 5417.9934 2254.6744;
	1735.3922 1061.4025 1752.2036 569.2394 931.3712 1329.6681 1097.3303 299.0998 634.7 5373.7875 2210.8071;
	1684.7905 1018.7 1709.7022 558.8 910.6 1279.6925 1063.7234 292.3137 632.6876 5153.9388 2116.9511;
	1618.9296 963.0543 1615.6 556.9608 841.025 1190.1 977.9 282.2 581.6 4874.4374 1984.3061;
	1575.0554 915.4 1604.6 565.6 831.8893 1180.9201 921.3816 274.9602 556.8968 4814.1878 1868.7763;
	1551.1 913.18 1608.8661 556.8699 837.086 1147.4115 882.5758 262.2692 526.0 4625.8161 1776.2887;
];
