function loadprofile = ex_load_profilesh1
%EX_LOAD_PROFILE  Example load profile data file for stochastic unit commitment.
% 2022.03.12
% Andres F. Ramirez

%% define constants
[CT_LABEL, CT_PROB, CT_TABLE, CT_TBUS, CT_TGEN, CT_TBRCH, CT_TAREABUS, ...
    CT_TAREAGEN, CT_TAREABRCH, CT_ROW, CT_COL, CT_CHGTYPE, CT_REP, ...
    CT_REL, CT_ADD, CT_NEWVAL, CT_TLOAD, CT_TAREALOAD, CT_LOAD_ALL_PQ, ...
    CT_LOAD_FIX_PQ, CT_LOAD_DIS_PQ, CT_LOAD_ALL_P, CT_LOAD_FIX_P, ...
    CT_LOAD_DIS_P, CT_TGENCOST, CT_TAREAGENCOST, CT_MODCOST_F, ...
    CT_MODCOST_X] = idx_ct;

loadprofile = struct( ...
    'type', 'mpcData', ...
    'table', CT_TAREALOAD, ...
    'rows', [1:11], ...
    'col', CT_LOAD_ALL_P, ...
    'chgtype', 1, ...
    'values', [] );
loadprofile.values(:,1,:) = [
	1503.6 897.2841 1496.6168 508.5458 747.2383 1050.8764 750.7663 239.9 430.1383 3928.1274 1506.7224;
	1471.5775 885.9051 1500.1434 505.7044 729.5384 1041.1771 745.3356 236.0114 398.1844 4011.9585 1445.8394;
	1473.4526 905.2259 1511.4796 510.9 714.9553 1058.694 756.9775 242.7785 425.6 3935.386 1525.8973;
	1502.5728 914.3455 1559.5499 531.0 722.7152 1076.3749 781.1936 234.4425 411.103 4040.8596 1590.6055;
	1585.4678 979.554 1676.2231 546.0938 826.677 1127.0 817.0159 247.5778 447.3719 4143.7809 1704.7008;
	1636.2262 1039.0 1783.85 550.8201 862.8453 1238.0 901.1712 266.2972 496.9647 4488.7847 1866.282;
	1691.2143 1074.2722 1838.7313 570.0539 904.4858 1289.2371 957.5268 301.5 573.8 4864.2951 2001.6;
	1717.2663 1120.8013 1899.1944 567.1912 937.6944 1291.7795 982.5937 304.7 585.4501 5031.3778 2008.6361;
	1785.0223 1136.5 1908.1078 557.241 972.4789 1263.4174 1010.7222 311.9947 608.3524 5258.6639 2075.9398;
	1796.2437 1119.6445 1872.7747 567.8559 904.2399 1220.4353 1024.2168 305.7485 598.7227 5142.8572 2005.2574;
	1769.9066 1105.0298 1852.1954 572.4 854.2389 1145.2043 985.0182 293.8 586.3377 5183.3389 2005.4289;
	1758.1388 1070.1 1785.2369 571.1807 834.8216 1127.4885 983.9016 281.2951 567.8 5086.1206 2030.843;
	1737.3609 1054.7789 1747.5715 574.7731 818.8 1008.6856 947.1206 290.9 566.9687 4922.9687 1893.7338;
	1663.4352 1000.9092 1680.0459 583.3965 788.5271 1053.8074 916.2453 288.4521 540.7227 4540.9631 1852.209;
	1644.0051 979.2439 1690.6294 575.9154 802.2 1069.5967 904.7275 290.2776 549.4582 3506.4131 1830.6923;
	1646.2319 1009.7925 1714.1 559.5043 826.2217 1212.2464 908.6822 285.1282 547.2944 3555.4459 1817.0519;
	1651.699 958.7054 1737.4991 570.2322 864.2349 1276.8449 902.7259 293.0464 559.8576 3870.3377 1834.3152;
	1736.6366 1039.5012 1811.5276 582.3585 901.6455 1339.9622 973.2813 327.6 593.0549 4228.0215 2078.6196;
	1761.6177 1081.1575 1867.1534 581.0 905.2214 1319.7084 1062.1287 344.2901 595.6063 5043.7671 2174.8005;
	1723.6748 1022.9915 1778.4969 567.2219 854.8558 1271.0678 1036.666 336.3748 581.0151 4763.8669 2058.8985;
	1697.3 1006.4597 1747.0376 525.2697 819.9088 1217.5887 987.517 308.5067 564.2767 4768.9844 1982.2008;
	1633.8327 947.8771 1657.6371 530.6679 775.4008 1170.8905 939.4973 312.7366 544.9 4637.7723 1767.1791;
	1603.1916 925.9 1640.2 556.2 802.4354 1085.0356 880.8133 317.9192 522.268 4657.2424 1780.5996;
	1555.1807 885.0898 1573.3357 555.3 767.9387 998.8187 820.4117 280.9501 521.872 4539.0816 1735.5827;
];
