function loadprofile = ex_load_profilesh1
%EX_LOAD_PROFILE  Example load profile data file for stochastic unit commitment.
% 2022.03.12
% Andres F. Ramirez

%% define constants
[CT_LABEL, CT_PROB, CT_TABLE, CT_TBUS, CT_TGEN, CT_TBRCH, CT_TAREABUS, ...
    CT_TAREAGEN, CT_TAREABRCH, CT_ROW, CT_COL, CT_CHGTYPE, CT_REP, ...
    CT_REL, CT_ADD, CT_NEWVAL, CT_TLOAD, CT_TAREALOAD, CT_LOAD_ALL_PQ, ...
    CT_LOAD_FIX_PQ, CT_LOAD_DIS_PQ, CT_LOAD_ALL_P, CT_LOAD_FIX_P, ...
    CT_LOAD_DIS_P, CT_TGENCOST, CT_TAREAGENCOST, CT_MODCOST_F, ...
    CT_MODCOST_X] = idx_ct;

loadprofile = struct( ...
    'type', 'mpcData', ...
    'table', CT_TAREALOAD, ...
    'rows', [1:11], ...
    'col', CT_LOAD_ALL_P, ...
    'chgtype', 1, ...
    'values', [] );
loadprofile.values(:,1,:) = [
	1463.8363 865.9464 1517.9761 512.7538 659.3591 1067.2222 829.5285 222.8 475.246 4418.0395 1734.6689;
	1430.2 864.6264 1511.3042 521.0284 673.3162 1066.8223 812.8669 236.7535 482.167 4392.6949 1697.5395;
	1449.2808 879.5 1547.7153 528.6806 686.4688 1090.0813 813.9082 234.7353 488.2 4380.3873 1720.2825;
	1497.701 909.1 1594.8944 539.0383 714.1571 1107.6916 840.532 242.1315 490.4975 4431.0065 1769.3409;
	1560.4219 951.2839 1681.605 562.6 757.6082 1152.212 873.8 251.6344 527.8143 4633.8431 1884.54;
	1624.9704 988.9567 1736.6048 567.5787 797.7468 1202.3219 895.5488 262.391 554.1 4800.6935 1926.2394;
	1649.2397 1005.6619 1777.7 564.9477 834.9 1239.0104 925.6239 277.3427 577.9 5036.1253 2009.8192;
	1656.7324 1035.821 1840.3435 582.5 857.7763 1268.2095 916.7249 260.6509 588.3 5077.7455 2045.0136;
	1646.2769 1015.3225 1868.696 580.5848 875.2512 1233.9195 917.6607 216.6916 607.0121 5260.6443 2093.6052;
	1695.3919 1036.3281 1890.2269 579.8781 852.0506 1184.316 885.938 216.2699 599.9 5294.5767 2059.3771;
	1644.7313 1022.0575 1866.5131 576.1043 855.2179 1196.1804 910.8988 214.5995 583.8116 5333.3388 1951.5103;
	1644.1465 995.366 1800.7308 588.3272 849.1 1196.0983 871.852 205.3996 559.3546 5245.2132 1930.6806;
	1621.6676 977.8814 1747.8829 581.9788 847.7446 1219.3479 905.0443 198.5931 583.8686 5239.9498 1979.4505;
	1555.5117 954.3392 1751.7841 585.4 848.3784 1256.2448 943.7049 222.5283 578.8936 5197.0165 1978.6767;
	1544.8466 966.0946 1762.057 575.6839 853.1111 1258.769 964.7176 234.746 589.328 5157.5631 1976.8609;
	1506.53 1037.2 1838.2 580.0239 902.6217 1351.7706 1038.9 247.3403 610.6 5200.5273 2110.2454;
	1589.8752 1048.574 1828.063 596.3257 922.2319 1319.1245 1014.5973 251.7769 615.4 5252.0395 2135.7;
	1665.3488 1112.546 1932.6424 611.5 979.0 1361.9 1052.2371 279.8851 645.2587 5388.3912 2260.8027;
	1730.7114 1125.652 1944.0 607.6 945.2974 1364.9501 1086.7743 266.2278 647.6 5360.366 2277.2658;
	1689.7207 1054.3259 1849.7123 598.0 918.427 1290.8512 1014.5673 206.2058 618.1898 4913.584 2156.706;
	1656.3352 987.3959 1740.8902 581.0888 875.9592 1251.6655 995.9048 240.3837 604.7479 4918.6626 2066.7902;
	1593.6999 917.2911 1629.246 566.3846 775.8317 1182.3 932.2849 227.4495 570.4185 4602.1589 1863.8767;
	1568.3011 918.0356 1675.9987 574.5886 826.99 1145.8289 914.8212 264.7 538.7924 4929.5885 1823.7278;
	1561.2887 908.5631 1670.7948 565.4526 794.7436 1119.1496 869.9697 247.6873 499.5878 4696.364 1730.1541;
];
