function loadprofile = ex_load_profilesh1
%EX_LOAD_PROFILE  Example load profile data file for stochastic unit commitment.
% 2022.03.12
% Andres F. Ramirez

%% define constants
[CT_LABEL, CT_PROB, CT_TABLE, CT_TBUS, CT_TGEN, CT_TBRCH, CT_TAREABUS, ...
    CT_TAREAGEN, CT_TAREABRCH, CT_ROW, CT_COL, CT_CHGTYPE, CT_REP, ...
    CT_REL, CT_ADD, CT_NEWVAL, CT_TLOAD, CT_TAREALOAD, CT_LOAD_ALL_PQ, ...
    CT_LOAD_FIX_PQ, CT_LOAD_DIS_PQ, CT_LOAD_ALL_P, CT_LOAD_FIX_P, ...
    CT_LOAD_DIS_P, CT_TGENCOST, CT_TAREAGENCOST, CT_MODCOST_F, ...
    CT_MODCOST_X] = idx_ct;

loadprofile = struct( ...
    'type', 'mpcData', ...
    'table', CT_TAREALOAD, ...
    'rows', [1:11], ...
    'col', CT_LOAD_ALL_P, ...
    'chgtype', 1, ...
    'values', [] );
loadprofile.values(:,1,:) = [
	1576.9454 887.3 1491.5101 558.9479 683.3693 1029.2701 830.3292 263.9771 508.2 4436.0118 1800.5938;
	1568.2075 872.9 1479.3991 566.5264 670.3196 1004.0273 801.365 244.4387 492.2195 4302.3 1705.92;
	1587.3377 882.9 1494.1137 571.8343 692.4246 1036.6633 815.5294 254.9118 518.5181 4326.8414 1773.9304;
	1593.9827 911.1291 1555.4048 582.3052 739.8118 1068.3947 819.6238 262.6913 523.2738 4412.1034 1814.4191;
	1662.6944 968.5952 1664.1482 593.6134 831.4511 1136.2285 883.5454 271.0483 580.9426 4657.953 1982.0962;
	1724.8473 1037.0 1751.7757 615.1983 916.5335 1203.3 931.8085 290.0 599.3976 4787.604 2026.4258;
	1767.9 1083.3725 1844.6993 613.1901 973.2932 1288.9189 993.256 299.6873 609.2 5098.5633 2149.2483;
	1804.9918 1103.3054 1871.6092 605.8421 967.93 1309.2 1026.5646 327.4019 655.9614 5264.3126 2204.5;
	1805.6874 1112.5025 1920.0324 611.6309 991.8321 1311.7136 1055.4081 346.3 682.7371 5534.3537 2266.0956;
	1775.5656 1093.5787 1880.8058 599.0657 915.1629 1251.7904 1032.1076 342.0081 666.5412 5543.1033 2273.9921;
	1734.861 1086.3568 1808.2373 598.8108 870.2292 1212.3229 1030.4036 323.5334 676.0231 5501.1108 2305.931;
	1681.0337 1052.1949 1794.479 608.6279 875.215 1177.382 976.1513 293.3968 646.701 5417.9811 2199.0757;
	1683.5746 1041.2348 1747.8425 597.3115 853.5 1150.0008 949.4342 281.8916 631.6989 5306.2267 2085.2942;
	1681.1522 1064.155 1817.4787 593.54 860.39 1151.9323 923.8634 287.8409 609.3825 5275.4795 2036.9;
	1671.4274 1058.8471 1797.345 595.6428 869.5295 1207.4284 951.206 289.1073 607.9261 5275.5141 2056.4928;
	1680.3982 1064.421 1834.8062 595.6297 888.5679 1278.0568 975.891 324.451 615.035 5315.7963 2125.6982;
	1740.9861 1078.7847 1817.7055 623.4 886.1921 1294.67 1011.2699 327.0682 632.1391 5224.3873 2235.6685;
	1761.0508 1133.9052 1933.7 625.9661 957.4849 1382.2 1097.3218 344.9227 660.7034 5407.6296 2355.222;
	1824.5644 1175.062 1976.8458 628.0079 965.9759 1360.5 1107.6352 360.3148 675.7255 5371.3954 2323.7994;
	1748.7286 1104.8 1875.2 628.6005 938.7 1312.9 1051.6227 347.4524 649.8393 5232.6975 2257.5796;
	1689.6252 1060.2154 1785.0824 597.4365 904.9306 1257.873 1015.7636 336.4329 636.0011 5134.3085 2171.4;
	1610.5639 1013.5238 1708.8371 601.0 843.5 1205.9278 974.488 318.7398 604.1396 4978.0949 2012.3394;
	1559.3581 968.2142 1657.7467 605.8236 791.8799 1182.5 941.7769 296.3 571.906 4713.9551 1867.8;
	1499.6378 923.3 1577.0446 616.3901 749.051 1125.9742 873.1905 276.9201 551.8595 4597.7152 1828.6937;
];
