function solarprofile = ex_solar_profilesh1
%EX_WIND_PROFILE_D  Example wind_load_nyiso profile data for deterministic unit commitment.
% 2022.03.12
% Andres F. Ramirez


%% define constants
[GEN_BUS, PG, QG, QMAX, QMIN, VG, MBASE, GEN_STATUS, PMAX, PMIN, ...
    MU_PMAX, MU_PMIN, MU_QMAX, MU_QMIN, PC1, PC2, QC1MIN, QC1MAX, ...
    QC2MIN, QC2MAX, RAMP_AGC, RAMP_10, RAMP_30, RAMP_Q, APF] = idx_gen;
[CT_LABEL, CT_PROB, CT_TABLE, CT_TBUS, CT_TGEN, CT_TBRCH, CT_TAREABUS, ...
    CT_TAREAGEN, CT_TAREABRCH, CT_ROW, CT_COL, CT_CHGTYPE, CT_REP, ...
    CT_REL, CT_ADD, CT_NEWVAL, CT_TLOAD, CT_TAREALOAD, CT_LOAD_ALL_PQ, ...
    CT_LOAD_FIX_PQ, CT_LOAD_DIS_PQ, CT_LOAD_ALL_P, CT_LOAD_FIX_P, ...
    CT_LOAD_DIS_P, CT_TGENCOST, CT_TAREAGENCOST, CT_MODCOST_F, ...
    CT_MODCOST_X] = idx_ct;

solarprofile = struct( ...
    'type', 'mpcData', ...
    'table', CT_TGEN, ...
    'rows', [1:12], ...
    'col', PMAX, ...
    'chgtype', 1, ...
    'values', [] );
solarprofile.values(:,1,:) = [
	0.0 0.0 0.0 0.0 0.0 0.0 0.0 0.0 0.0 0.0 0.0 0.0;
	0.0 0.0 0.0 0.0 0.0 0.0 0.0 0.0 0.0 0.0 0.0 0.0;
	0.0 0.0 0.0 0.0 0.0 0.0 0.0 0.0 0.0 0.0 0.0 0.0;
	0.0 0.0 0.0 0.0 0.0 0.0 0.0 0.0 0.0 0.0 0.0 0.0;
	0.0 0.0 0.0 0.0 0.0 0.0 0.0 0.0 0.0 0.0 0.0 0.0;
	1.1234 0.9814 0.7827 0.0 0.0 10.4663 1.3083 4.2549 1.9844 0.0 0.0 0.0;
	8.9047 7.9866 5.9784 1.6694 3.8321 370.8622 46.3578 32.9548 134.5227 32.77 34.7257 59.3467;
	14.7572 11.9157 8.4344 3.9127 7.6572 386.5621 48.3203 47.2089 186.4384 200.7281 189.3622 363.5198;
	21.7085 16.224 12.623 6.7049 8.8479 398.1836 49.773 50.7894 200.1683 323.3177 233.4483 585.5303;
	25.2049 16.3661 13.5397 5.922 7.4005 360.1068 45.0133 40.7584 144.7002 203.3076 152.4787 368.1912;
	25.6144 16.5261 13.8 5.5872 6.953 349.6794 43.7099 42.8697 101.0655 125.6461 145.7081 227.5459;
	25.4126 16.5214 13.8 5.4472 6.6031 301.7871 37.7234 40.3238 45.2746 114.3639 154.0652 207.1138;
	20.8649 15.9262 12.5265 6.5218 5.352 110.0525 13.7566 27.1225 22.1315 167.3701 171.0058 303.1083;
	16.7238 15.0186 8.9299 6.0937 5.1249 92.6913 11.5864 28.8943 34.0045 154.2864 153.8844 279.4137;
	13.4071 12.3479 5.4341 5.1042 4.5425 111.7019 13.9627 32.2562 60.17 101.0639 74.3459 183.0274;
	8.5203 7.9699 5.4297 1.9539 3.6771 148.9908 18.6238 27.7751 170.1047 9.3597 3.9467 16.9505;
	1.3957 1.1532 0.9436 0.7165 0.9131 64.6885 8.0861 11.6647 48.2929 0.0 0.0 0.0;
	0.0 0.0 0.0 0.0 0.0 0.0 0.0 0.0 0.0 0.0 0.0 0.0;
	0.0 0.0 0.0 0.0 0.0 0.0 0.0 0.0 0.0 0.0 0.0 0.0;
	0.0 0.0 0.0 0.0 0.0 0.0 0.0 0.0 0.0 0.0 0.0 0.0;
	0.0 0.0 0.0 0.0 0.0 0.0 0.0 0.0 0.0 0.0 0.0 0.0;
	0.0 0.0 0.0 0.0 0.0 0.0 0.0 0.0 0.0 0.0 0.0 0.0;
	0.0 0.0 0.0 0.0 0.0 0.0 0.0 0.0 0.0 0.0 0.0 0.0;
	0.0 0.0 0.0 0.0 0.0 0.0 0.0 0.0 0.0 0.0 0.0 0.0;
];
