function windprofile = ex_wind_profilesh1
%EX_WIND_PROFILE_D  Example wind_load_nyiso profile data for deterministic unit commitment.
% 2022.03.12
% Andres F. Ramirez


%% define constants
[GEN_BUS, PG, QG, QMAX, QMIN, VG, MBASE, GEN_STATUS, PMAX, PMIN, ...
    MU_PMAX, MU_PMIN, MU_QMAX, MU_QMIN, PC1, PC2, QC1MIN, QC1MAX, ...
    QC2MIN, QC2MAX, RAMP_AGC, RAMP_10, RAMP_30, RAMP_Q, APF] = idx_gen;
[CT_LABEL, CT_PROB, CT_TABLE, CT_TBUS, CT_TGEN, CT_TBRCH, CT_TAREABUS, ...
    CT_TAREAGEN, CT_TAREABRCH, CT_ROW, CT_COL, CT_CHGTYPE, CT_REP, ...
    CT_REL, CT_ADD, CT_NEWVAL, CT_TLOAD, CT_TAREALOAD, CT_LOAD_ALL_PQ, ...
    CT_LOAD_FIX_PQ, CT_LOAD_DIS_PQ, CT_LOAD_ALL_P, CT_LOAD_FIX_P, ...
    CT_LOAD_DIS_P, CT_TGENCOST, CT_TAREAGENCOST, CT_MODCOST_F, ...
    CT_MODCOST_X] = idx_ct;

windprofile = struct( ...
    'type', 'mpcData', ...
    'table', CT_TGEN, ...
    'rows', [1:45], ...
    'col', PMAX, ...
    'chgtype', 1, ...
    'values', [] );
windprofile.values(:,1,:) = [
	3.7646 50.8684 94.4398 119.7293 15.1033 32.0906 28.6472 18.9991 27.3708 30.2849 55.9812 83.513 125.7283 69.2317 191.0676 71.9836 89.313 94.6451 83.9076 72.262 9.5491 74.8782 75.8003 87.0234 103.9212 74.6919 13.7194 1277.6116 799.0197 799.0197 575.1027 112.3574 279.6921 186.0027 217.0507 340.9151 1217.4406 226.142 431.5315 278.3604 123.354 355.9923 194.4903 282.8033 1230.1222;
	3.6934 49.9064 89.8091 116.1102 14.4787 30.8084 24.7303 18.2476 26.5226 29.7402 54.9742 82.0107 123.4667 65.7285 187.524 70.6486 87.6566 92.8898 84.1073 72.4506 8.2434 71.8863 74.2179 85.3586 97.7819 71.8389 13.2196 1294.3777 755.3521 755.3521 602.1677 104.4323 280.3577 186.4881 206.0677 322.2836 1170.9864 213.8865 427.3245 261.9158 120.4401 341.7682 170.8412 267.3684 1183.1842;
	3.6031 48.6862 90.7273 114.8018 14.2257 31.3686 20.7948 17.8838 26.0782 30.7152 56.7765 84.6994 127.5145 64.887 185.8541 70.0195 86.876 92.0626 86.5779 69.254 6.9316 73.1934 74.0326 85.6138 96.0855 74.7799 13.2148 1247.9454 728.0768 728.0768 594.4825 94.5201 288.5928 178.2599 203.4294 310.6461 1192.0911 212.6021 380.3084 257.3719 121.3019 347.9821 173.81 261.744 1204.5087;
	3.5512 47.9847 92.596 115.4853 14.3054 30.3271 21.22 18.5293 26.0731 30.3001 56.0092 83.5547 125.7912 65.9055 188.8143 71.1347 88.2597 93.5289 86.382 69.8012 7.0733 70.7632 72.7815 87.6296 99.6213 75.1011 13.5568 1255.1931 727.9465 727.9465 585.1105 91.9865 287.9399 179.6685 206.6228 310.5905 1187.7797 226.9907 346.54 266.8428 122.6667 336.4284 143.8455 270.4399 1200.1524;
	3.6225 48.9485 92.3621 116.6796 14.1715 31.7136 29.0928 18.406 25.8717 30.8691 57.0611 85.1239 128.1536 65.5333 193.8778 73.0423 90.6266 96.0372 88.5418 71.4298 9.6976 73.9983 74.3525 84.1411 99.7873 75.0488 13.3404 1224.412 734.6102 734.6102 594.0796 98.8794 295.1392 183.8604 205.4557 313.4337 1182.8443 229.9114 441.1642 267.2873 121.9116 351.8091 181.7483 264.1604 1195.1655;
	3.757 50.7659 92.0535 116.2521 14.0714 32.0817 27.8986 18.0493 26.0053 30.3092 56.0262 83.5801 125.8293 66.9473 198.7348 74.8722 92.897 98.4431 88.3639 71.276 9.2995 74.8572 74.7991 85.3263 99.2708 72.5337 13.4702 1248.1645 749.548 749.548 620.5622 107.4498 294.5463 183.4647 209.8889 319.8071 1183.7939 222.2016 436.5197 265.9039 122.3523 355.8927 165.3928 267.234 1196.1251;
	3.6754 49.6624 92.5758 117.7235 13.9889 32.0848 29.6389 17.8572 25.8551 30.3176 56.0416 83.603 125.8639 65.3111 199.3726 75.1125 93.1951 98.759 87.1271 72.3476 9.8796 74.8646 74.0596 84.9838 99.6773 74.2004 13.2741 1233.7472 750.3608 750.3608 689.2525 108.0282 290.4236 186.223 204.7591 320.1539 1204.5415 265.4167 436.1515 266.9927 121.2439 355.9277 157.2728 263.1312 1217.0888;
	3.6816 49.747 94.5364 120.5967 13.9846 32.2043 29.5955 18.7787 26.6368 30.9927 57.2896 85.4648 128.6667 68.6765 201.6589 75.9738 94.2638 99.8915 88.4821 70.0349 9.8652 75.1433 75.1612 88.5468 103.985 75.6675 13.3484 1299.9221 782.0036 782.0036 742.7597 115.4948 294.9405 180.2701 215.31 333.6549 1285.7525 293.3822 440.0017 278.5313 122.4166 357.2526 169.3687 277.1806 1299.1458;
	3.7522 50.7003 95.1388 120.1904 14.3171 31.4831 31.7711 18.786 26.6196 31.2186 57.7071 86.0876 129.6044 66.764 198.6146 74.8269 92.8408 98.3835 91.3109 70.374 10.5904 73.4605 74.6932 88.8578 103.5771 75.8573 13.3814 1317.5887 791.4697 791.4697 752.0897 116.4115 304.3697 181.1429 209.3142 337.6937 1296.4317 300.6504 461.111 277.4387 122.0129 349.2522 202.0354 279.973 1309.9362;
	3.6478 49.2902 94.3197 119.9187 14.5514 32.0094 26.844 18.6302 27.5001 31.2602 57.784 86.2024 129.7772 64.5 195.4625 73.6393 91.3673 96.8221 90.3458 69.1746 8.948 74.6885 75.2355 89.6288 103.842 76.0798 13.3222 1268.1964 782.6665 782.6665 733.3184 117.5253 301.1527 178.0556 202.2163 333.9377 1232.5745 314.6773 461.6078 278.1482 122.9722 355.0906 204.9583 274.1816 1245.4138;
	3.6788 49.7081 93.4808 118.464 14.2942 31.9849 27.6747 18.5006 26.1714 31.3291 57.9115 86.3925 130.0634 63.5383 192.0495 72.3536 89.772 95.1315 90.2844 71.5495 9.2249 74.6315 74.2998 89.1814 103.7158 74.6655 13.598 1286.6956 804.5594 804.5594 752.233 116.6063 300.9481 184.1686 199.2012 343.2787 1288.169 320.3788 451.5061 277.8101 122.9141 354.8196 203.0878 271.7773 1301.5875;
	3.7552 50.7414 94.8612 120.2396 14.6981 33.7888 25.8322 19.0452 26.2282 31.0581 57.4105 85.6451 128.9383 65.2215 193.6937 72.973 90.5405 95.9459 91.806 70.9534 8.6107 78.8406 73.872 89.517 105.4739 73.4309 13.8609 1264.9358 785.1638 785.1638 719.2638 118.9807 306.0201 182.6343 204.4781 335.0032 1251.728 324.0828 454.0477 282.5193 123.9671 374.8309 208.7816 277.8237 1264.7668;
	3.7062 50.0787 94.6692 116.7836 14.8111 32.9759 27.2778 18.9417 25.8804 30.9509 57.2122 85.3494 128.493 64.9658 193.2746 72.8151 90.3446 95.7383 92.1717 70.6749 9.0926 76.9439 72.375 87.4209 103.8723 75.3545 14.0647 1269.256 808.1537 808.1537 738.514 114.9932 307.2391 181.9175 203.6765 344.8123 1250.6464 321.5395 462.8145 278.2294 122.1314 365.8131 207.6015 271.3147 1263.674;
	3.806 51.427 92.7742 113.3614 14.6532 33.7259 26.9247 18.8951 26.5588 31.2116 57.6941 86.0683 129.5754 65.1386 194.291 73.198 90.8197 96.2418 91.8268 73.0942 8.9749 78.6938 73.9354 87.3069 100.307 74.4285 13.9138 1274.4532 794.0182 794.0182 753.7924 116.676 306.0895 188.1447 204.2182 338.7811 1265.1261 315.5594 460.673 268.6795 117.8285 374.1327 206.265 270.0056 1278.3044;
	3.745 50.603 90.9615 111.6625 14.6298 33.0079 23.6228 18.81 26.0363 31.1805 57.6367 85.9826 129.4463 63.7999 197.8502 74.5389 92.4835 98.0049 91.5302 72.2548 7.8743 77.0184 74.8892 87.5352 98.9261 74.2287 13.7626 1261.4096 794.8295 794.8295 763.747 115.0819 305.1005 185.9841 200.0212 339.1272 1254.2426 333.8205 457.2986 264.9806 117.5874 366.1676 203.3952 272.6981 1267.3076;
	3.7947 51.2745 91.8018 113.9226 14.7143 32.9807 25.2038 18.9977 26.1134 31.0734 57.4388 85.6873 129.0018 63.2134 193.0938 72.747 90.2601 95.6488 91.6335 73.2463 8.4013 76.955 71.7932 86.0683 99.4323 74.0475 13.3903 1232.2559 787.1294 787.1294 695.4286 113.2338 305.4451 188.5361 198.1825 335.8419 1168.0363 312.0463 470.4588 266.3365 119.0933 365.8662 202.7541 268.2374 1180.2034;
	3.7115 50.1502 90.6704 111.6034 14.5361 30.6355 22.1847 18.6861 26.7067 30.8637 57.051 85.1089 128.131 63.2442 200.6353 75.5882 93.7853 99.3845 90.9734 73.6852 7.3949 71.4828 73.3433 84.8807 99.1286 64.3618 12.9071 1144.9065 750.0476 750.0476 575.2712 110.7821 303.2445 189.666 198.2791 320.0203 1067.1852 301.6367 462.5692 265.5231 119.2148 339.8499 187.6473 243.4301 1078.3017;
	3.8427 51.9227 93.2476 112.8261 14.5779 29.574 17.9633 15.0713 27.0155 29.9348 55.3339 82.5474 124.2746 64.4773 183.496 69.1311 85.7737 90.8945 89.4888 67.8242 5.9878 69.006 71.579 85.9713 101.2381 75.9635 10.9231 1206.6409 714.0979 714.0979 559.8766 104.9237 298.2959 174.5797 202.1451 304.6818 1155.6001 268.7338 457.5131 271.1734 115.2492 328.0745 171.7436 229.8921 1167.6376;
