function loadprofile = ex_load_profilesh1
%EX_LOAD_PROFILE  Example load profile data file for stochastic unit commitment.
% 2022.03.12
% Andres F. Ramirez

%% define constants
[CT_LABEL, CT_PROB, CT_TABLE, CT_TBUS, CT_TGEN, CT_TBRCH, CT_TAREABUS, ...
    CT_TAREAGEN, CT_TAREABRCH, CT_ROW, CT_COL, CT_CHGTYPE, CT_REP, ...
    CT_REL, CT_ADD, CT_NEWVAL, CT_TLOAD, CT_TAREALOAD, CT_LOAD_ALL_PQ, ...
    CT_LOAD_FIX_PQ, CT_LOAD_DIS_PQ, CT_LOAD_ALL_P, CT_LOAD_FIX_P, ...
    CT_LOAD_DIS_P, CT_TGENCOST, CT_TAREAGENCOST, CT_MODCOST_F, ...
    CT_MODCOST_X] = idx_ct;

loadprofile = struct( ...
    'type', 'mpcData', ...
    'table', CT_TAREALOAD, ...
    'rows', [1:11], ...
    'col', CT_LOAD_ALL_P, ...
    'chgtype', 1, ...
    'values', [] );
loadprofile.values(:,1,:) = [
	1543.4468 889.6 1490.9074 545.8487 743.0127 1064.6753 801.3522 229.5262 444.7674 4343.7531 1665.0;
	1495.4627 867.1 1454.3893 543.1 729.055 1048.8843 779.6012 215.1324 424.2033 4157.8076 1608.1104;
	1512.1511 879.4827 1476.9803 539.997 740.2794 1033.7623 780.3182 225.5142 439.8541 4208.6191 1633.5244;
	1538.6 912.1 1544.4321 546.9064 762.0 1057.7818 797.1125 230.0199 453.7259 4291.1795 1699.0889;
	1639.7919 983.2119 1680.8657 562.1621 846.223 1130.958 858.9341 255.2437 507.4553 4568.0984 1845.7174;
	1724.3545 1023.4142 1758.4611 576.4 913.2223 1179.3216 894.3601 278.2 549.5 4711.1613 1936.321;
	1765.9475 1059.8 1851.7607 595.7138 972.5204 1271.1 948.7 303.1 577.9411 4911.0003 1967.9849;
	1743.0134 1077.1482 1876.5785 588.6 998.3945 1291.6508 956.6951 305.7345 598.4984 5004.2841 1994.1098;
	1779.6248 1077.3636 1881.0 590.5 993.9113 1219.9326 941.0493 298.6 591.3803 5046.2733 1894.8255;
	1812.0964 1081.0332 1895.8926 586.1 972.743 1196.3774 944.3272 286.4621 594.8353 5202.0775 1876.366;
	1813.0424 1078.5747 1886.896 596.1 958.7936 1171.6753 891.7751 259.778 570.1415 5146.0932 1855.6388;
	1789.2321 1071.3681 1895.5801 570.2404 927.5916 1120.178 920.8756 265.9 569.8077 5148.8493 1828.1652;
	1732.1023 1044.8851 1856.9956 568.757 938.0877 1165.0614 930.7599 275.8249 574.9881 5137.636 1884.948;
	1744.0983 1057.2309 1842.6074 568.2987 932.5987 1218.9629 966.8455 285.5748 579.1407 4968.9441 1922.0362;
	1751.3359 1077.5 1849.475 572.769 945.7888 1282.3347 969.0863 297.2959 591.9731 5034.8256 1942.9424;
	1773.3573 1086.4243 1884.6819 586.4928 968.8976 1307.6 989.5 291.7928 578.9476 5086.2731 2020.5623;
	1795.3655 1078.7772 1872.2 581.7063 952.3708 1317.4754 1017.921 298.7 571.3781 5106.8464 2041.1448;
	1874.9369 1176.4806 1947.0961 581.8744 982.893 1378.8638 1088.9897 336.5847 610.2 5226.4195 2272.2368;
	1893.3104 1190.4926 1961.4171 581.0898 1030.8695 1366.5 1110.4476 331.0 600.9611 5222.0467 2258.9313;
	1821.435 1110.2 1869.8819 579.9526 942.8 1247.9791 1046.0163 323.4188 590.9 4955.3988 2158.8703;
	1777.8449 1069.0819 1792.2642 558.8 895.3903 1218.738 996.9508 315.2 565.6296 4873.7054 2062.2164;
	1703.1955 1032.7628 1703.7542 563.8 859.4008 1174.5588 948.3 301.2235 543.7426 4812.5069 1960.5267;
	1702.3489 1003.9315 1667.9424 587.8138 823.9694 1140.7 891.7406 277.2808 531.064 4751.2757 1879.0039;
	1633.9321 944.7555 1591.8217 598.3664 785.2 1081.627 795.1322 267.0043 480.1863 4611.2343 1801.0079;
];
