function loadprofile = ex_load_profilesh1
%EX_LOAD_PROFILE  Example load profile data file for stochastic unit commitment.
% 2022.03.12
% Andres F. Ramirez

%% define constants
[CT_LABEL, CT_PROB, CT_TABLE, CT_TBUS, CT_TGEN, CT_TBRCH, CT_TAREABUS, ...
    CT_TAREAGEN, CT_TAREABRCH, CT_ROW, CT_COL, CT_CHGTYPE, CT_REP, ...
    CT_REL, CT_ADD, CT_NEWVAL, CT_TLOAD, CT_TAREALOAD, CT_LOAD_ALL_PQ, ...
    CT_LOAD_FIX_PQ, CT_LOAD_DIS_PQ, CT_LOAD_ALL_P, CT_LOAD_FIX_P, ...
    CT_LOAD_DIS_P, CT_TGENCOST, CT_TAREAGENCOST, CT_MODCOST_F, ...
    CT_MODCOST_X] = idx_ct;

loadprofile = struct( ...
    'type', 'mpcData', ...
    'table', CT_TAREALOAD, ...
    'rows', [1:11], ...
    'col', CT_LOAD_ALL_P, ...
    'chgtype', 1, ...
    'values', [] );
loadprofile.values(:,1,:) = [
	1552.4 880.1771 1492.5518 572.41 764.4225 1080.7 810.8 238.3986 481.2736 4418.1769 1671.5636;
	1539.9033 866.8 1501.2746 572.7188 762.1203 1054.663 804.8611 228.6 455.3772 4336.9788 1638.6006;
	1521.0334 861.6968 1463.5838 572.2468 752.5 1045.12 806.1 240.3656 447.8723 4309.1707 1657.8576;
	1554.9 893.4 1529.857 578.839 782.1 1092.4139 828.5172 236.0075 471.0034 4327.5277 1685.9269;
	1594.594 940.4367 1611.84 597.5677 847.4 1170.5149 885.436 242.3593 506.1762 4552.271 1807.441;
	1663.1 1011.9589 1769.641 605.2341 943.2037 1262.6469 939.7274 273.6576 538.5 4878.3122 1939.1868;
	1600.6804 1034.1532 1804.1699 616.6671 996.9879 1312.5502 965.9816 269.1293 537.507 5013.7669 1969.0911;
	1679.6195 1068.1065 1833.54 603.7 1022.4698 1361.0738 991.8948 253.3862 548.686 5228.7814 2040.9996;
	1646.2549 1059.4205 1836.5811 600.5 1025.9419 1428.5049 1041.0599 268.0419 566.2803 5376.4528 2058.8219;
	1684.3059 1093.3329 1864.1254 583.8626 1007.0241 1427.7074 1039.6669 284.6 572.8856 5491.4618 2151.7062;
	1715.0676 1087.3 1870.5901 579.1 989.5333 1419.5739 1035.9508 289.3249 576.9622 5480.5342 2193.577;
	1673.1557 1073.4911 1826.7 579.0265 959.5477 1372.4273 1009.6774 278.1079 553.6048 5365.5645 2107.7201;
	1686.5922 1047.3857 1802.387 576.9424 931.2645 1303.6953 974.4081 264.4339 551.6003 5305.3901 2106.7044;
	1661.8401 1041.1 1782.6105 585.7458 924.571 1338.8013 1012.5 270.7853 569.5379 5182.7376 2079.6631;
	1676.6 1045.6768 1757.9687 586.7697 915.0803 1311.9037 967.2524 281.2311 557.6798 5138.9538 2052.2777;
	1695.8921 1023.0577 1748.5485 596.0321 908.8 1334.6923 998.9861 291.0085 597.5911 5244.9352 2093.4;
	1680.1192 1007.8589 1802.2447 599.1688 933.0 1328.6256 1014.0 284.1616 582.5973 5180.2445 2074.8;
	1729.6 1048.3221 1852.0236 595.4957 959.2383 1379.7529 1074.5111 304.442 622.0363 5330.3015 2214.0038;
	1798.4947 1108.0 1915.3246 609.6899 1003.6116 1386.6025 1117.2688 303.5843 649.1727 5362.5042 2220.4392;
	1787.9893 1069.7567 1848.3938 598.7334 972.0 1354.3179 1106.1 299.6798 637.0957 5343.0773 2221.7684;
	1677.6769 984.8169 1742.6796 590.3437 912.7547 1303.5594 1034.2 282.2 592.2784 5104.818 2072.254;
	1621.1307 924.2064 1626.6249 557.9 852.7044 1221.544 963.2608 255.4302 550.5289 4820.5001 1924.6;
	1580.6688 935.6328 1627.5734 565.7429 835.3381 1211.6851 929.6158 231.0925 540.2743 4867.3491 1880.0508;
	1542.194 906.9 1602.8 582.2449 834.9645 1173.9 918.0976 226.12 512.2853 4703.8872 1783.4;
];
