function windprofile = ex_wind_profilesh1
%EX_WIND_PROFILE_D  Example wind_load_nyiso profile data for deterministic unit commitment.
% 2022.03.12
% Andres F. Ramirez


%% define constants
[GEN_BUS, PG, QG, QMAX, QMIN, VG, MBASE, GEN_STATUS, PMAX, PMIN, ...
    MU_PMAX, MU_PMIN, MU_QMAX, MU_QMIN, PC1, PC2, QC1MIN, QC1MAX, ...
    QC2MIN, QC2MAX, RAMP_AGC, RAMP_10, RAMP_30, RAMP_Q, APF] = idx_gen;
[CT_LABEL, CT_PROB, CT_TABLE, CT_TBUS, CT_TGEN, CT_TBRCH, CT_TAREABUS, ...
    CT_TAREAGEN, CT_TAREABRCH, CT_ROW, CT_COL, CT_CHGTYPE, CT_REP, ...
    CT_REL, CT_ADD, CT_NEWVAL, CT_TLOAD, CT_TAREALOAD, CT_LOAD_ALL_PQ, ...
    CT_LOAD_FIX_PQ, CT_LOAD_DIS_PQ, CT_LOAD_ALL_P, CT_LOAD_FIX_P, ...
    CT_LOAD_DIS_P, CT_TGENCOST, CT_TAREAGENCOST, CT_MODCOST_F, ...
    CT_MODCOST_X] = idx_ct;

windprofile = struct( ...
    'type', 'mpcData', ...
    'table', CT_TGEN, ...
    'rows', [1:45], ...
    'col', PMAX, ...
    'chgtype', 1, ...
    'values', [] );
windprofile.values(:,1,:) = [
	3.6962 49.9434 91.1849 113.0473 14.3942 32.7096 29.7289 17.9923 28.1071 29.9238 55.3136 82.5171 124.229 68.9485 189.4078 71.3583 88.5371 93.8229 84.652 69.4644 9.9096 76.3223 74.4552 83.7217 102.5347 71.0524 13.1068 1300.6307 791.526 791.526 510.9037 113.9979 282.1733 178.8015 216.1627 337.7178 1253.5726 212.0366 458.711 274.6464 114.7191 362.8581 197.0566 276.713 1266.6306;
	3.7595 50.799 92.4533 114.2515 14.2548 31.8582 27.1162 18.0692 27.7159 30.0344 55.5181 82.8221 124.6882 68.27 176.9766 66.6749 82.7263 87.6651 85.3756 68.7284 9.0387 74.3359 72.4271 86.4962 103.05 70.6584 13.1475 1316.6333 794.6787 794.6787 556.8829 110.5065 284.5853 176.9071 214.0356 339.0629 1243.9526 204.8732 459.0211 276.0267 114.5899 353.4141 186.609 276.0478 1256.9105;
	3.6612 49.4702 90.2821 112.084 14.2381 32.9383 22.5507 18.0369 28.1974 30.2232 55.8672 83.3429 125.4722 68.7642 186.7566 70.3595 87.2978 92.5096 86.2189 68.5638 7.5169 76.8561 72.0237 86.5641 102.3465 74.9406 13.1927 1305.3642 776.3402 776.3402 588.7102 100.8005 287.3964 176.4833 215.5851 331.2385 1290.6138 211.1239 436.2139 274.1424 114.3769 365.3959 194.0605 271.4699 1304.0577;
	3.66 49.4546 90.9395 112.3932 14.2379 32.4248 24.578 18.2595 28.2841 30.3923 56.1796 83.809 126.1739 69.8879 189.7879 71.5015 88.7148 94.0112 85.7818 68.6879 8.1927 75.6579 73.3454 87.6957 100.947 73.058 13.5485 1325.5107 798.5358 798.5358 638.0739 103.6801 285.9394 176.8029 219.1081 340.7086 1303.336 229.8352 442.7667 270.3937 116.8332 359.6992 166.8499 274.6721 1316.9125;
	3.608 48.7522 91.3257 112.0291 14.7037 31.9394 30.3675 17.8688 28.355 30.3585 56.1172 83.7158 126.0336 69.8675 192.6973 72.5976 90.0748 95.4524 85.6162 70.3603 10.1225 74.5252 73.3834 86.3917 100.7026 71.8974 13.4972 1277.1272 788.9619 788.9619 687.0314 108.5074 285.3873 181.1076 219.044 336.6238 1258.0653 230.03 470.9073 269.7391 115.1766 354.3139 198.4161 266.2276 1271.1701;
	3.834 51.806 92.6247 115.4664 14.8053 33.0721 30.3993 18.614 28.355 30.5049 56.3879 84.1197 126.6417 69.89 199.5521 75.1801 93.279 98.8479 84.6455 70.1635 10.1331 77.1683 73.1004 88.9093 103.2961 71.9368 13.6771 1311.1557 788.1486 788.1486 728.6637 110.8434 282.1516 180.601 219.1147 336.2767 1243.7694 232.1711 472.2134 276.686 115.3721 366.88 189.235 271.6049 1256.7253;
	3.8242 51.6733 92.958 118.4527 15.1615 33.7482 32.1116 18.874 28.4914 30.5844 56.5349 84.3389 126.9717 69.7219 195.8917 73.8011 91.568 97.0347 87.3237 71.3032 10.7039 78.7459 72.8519 87.9343 104.3818 71.3164 13.8144 1317.6608 818.1348 818.1348 756.9695 108.8246 291.0789 183.5347 218.5876 349.0708 1324.8594 272.0007 479.6513 279.5942 117.5578 374.3806 174.247 267.3038 1338.66;
	3.8387 51.8692 91.2972 115.6587 15.1103 34.1434 31.7783 18.5911 28.4856 30.6936 56.7367 84.6399 127.425 69.9147 199.7864 75.2684 93.3885 98.964 91.6963 68.9595 10.5928 79.6678 74.2719 86.6555 101.3956 71.1085 13.3668 1322.3286 822.0789 822.0789 759.6541 105.2614 305.6543 177.502 219.192 350.7537 1330.0166 295.4599 479.6666 271.5955 118.9004 378.7637 182.949 267.4273 1343.871;
	3.8115 51.5024 91.8732 115.0006 15.025 33.29 32.2173 18.3999 28.2915 31.2255 57.7198 86.1066 129.6331 69.853 197.9952 74.5935 92.5513 98.0767 92.0811 70.6525 10.7391 77.6768 75.1358 87.0124 102.9269 71.614 13.2064 1331.8495 807.6856 807.6856 780.7823 113.4589 306.9369 181.8597 218.9986 344.6125 1337.6503 312.041 479.713 275.697 118.8617 369.2976 205.4189 272.7546 1351.5842;
	3.8658 52.2356 92.416 117.925 14.9671 33.1409 27.1428 17.6349 28.0896 30.7822 56.9005 84.8844 127.793 69.5923 194.7906 73.3862 91.0533 96.4893 86.7043 69.1107 9.0476 77.3288 73.2005 88.9844 103.453 68.74 12.6303 1267.645 815.8305 815.8305 771.3855 112.6524 289.0144 177.891 218.1813 348.0877 1290.4873 317.2133 478.955 277.1063 118.2672 367.6432 208.9932 275.0245 1303.9299;
	3.899 52.6837 92.5534 118.5402 14.9614 33.0941 28.7301 18.6131 28.3783 31.1435 57.5683 85.8806 129.2928 69.7177 199.633 75.2106 93.3168 98.888 88.889 71.565 9.5767 77.2197 72.5883 89.6514 105.8236 69.9866 13.1842 1308.9983 840.4027 840.4027 801.0514 115.081 296.2966 184.2084 218.5745 358.5718 1352.3606 331.5234 477.7524 283.4562 120.7677 367.1243 211.3502 277.6787 1366.4477;
	3.9236 53.0171 94.2969 120.892 15.3845 34.4415 28.5096 19.0116 28.237 31.2752 57.8117 86.2437 129.8394 69.4425 198.589 74.8172 92.8288 98.3708 90.1608 68.6449 9.5032 80.3636 75.4304 90.1881 106.5273 71.5256 13.9021 1273.3013 840.8644 840.8644 792.867 115.2649 300.5362 176.6922 217.7116 358.7688 1330.1912 324.7621 479.706 285.3408 121.2167 382.0715 213.902 283.2437 1344.0474;
	3.8821 52.4551 89.452 114.0672 15.2544 33.1226 27.4833 18.8114 27.8392 31.0043 57.3109 85.4966 128.7147 66.8748 195.8749 73.7947 91.5601 97.0264 89.4393 68.4822 9.1611 77.2861 72.9641 89.9037 105.047 72.2952 13.7262 1267.5945 841.6315 841.6315 776.1992 117.3943 298.1309 176.2734 209.6616 359.0961 1308.3798 324.5739 470.0019 281.376 118.2815 367.4404 210.2967 276.7086 1322.0088;
	3.8287 51.7339 89.0073 118.7322 14.9709 33.1342 27.0629 18.4663 27.9289 30.2624 55.9396 83.4508 125.6348 67.6649 191.5328 72.1589 89.5304 94.8755 86.2025 70.3611 9.021 77.3132 73.2118 89.7993 103.834 71.2724 13.0503 1285.2906 838.377 838.377 799.8794 119.6882 287.3415 181.1098 212.1386 357.7075 1316.7646 305.5018 473.3338 278.1268 115.8173 367.5691 202.5386 281.3189 1330.4809;
	3.847 51.9817 91.9451 118.5548 14.7924 32.3111 23.4116 18.9587 27.9063 29.9627 55.3856 82.6245 124.3907 67.8131 194.237 73.1777 90.7945 96.2151 89.0506 70.0111 7.8039 75.3925 73.6261 89.956 105.4436 72.5876 13.3092 1280.2582 824.8588 824.8588 807.5037 119.4708 296.8353 180.2087 212.6032 351.9397 1281.3435 325.4186 477.0347 282.4382 118.4684 358.4377 206.7096 281.709 1294.6908;
	3.8526 52.0574 91.079 116.3595 15.126 32.1285 24.6729 18.7361 27.1474 28.6213 52.9061 78.9255 118.8219 68.4102 176.9307 66.6576 82.7048 87.6424 90.1405 68.6812 8.2243 74.9664 68.7452 89.4008 104.1057 69.8818 12.5209 1282.8203 811.4611 811.4611 761.4825 118.5953 300.4684 176.7856 214.4751 346.2234 1243.1006 300.6483 475.4197 278.8545 120.8627 356.4116 203.8488 279.9488 1256.0495;
	3.8317 51.7742 87.5232 107.5888 14.1177 28.4906 20.8843 17.5993 25.9789 28.0559 51.8609 77.3663 116.4745 67.7976 182.7507 68.8503 85.4253 90.5253 86.0804 67.5591 6.9614 66.4781 69.03 83.7691 98.3432 52.8047 10.902 1218.5279 718.3194 718.3194 657.1563 112.75 286.9347 173.8972 212.5548 306.4829 1157.2282 301.1257 460.3817 263.4193 112.337 316.0559 193.8317 249.5992 1169.2826;
	3.7318 50.4253 89.4729 108.257 14.3057 26.9103 18.2574 13.0625 26.4623 28.7392 53.124 79.2505 119.3112 69.4267 174.9671 65.9178 81.787 86.6698 87.6764 64.2098 6.0858 62.7906 71.1942 84.877 100.973 66.2793 8.5889 1212.5199 709.3232 709.3232 623.1699 111.3167 292.2548 165.2761 217.6622 302.6446 1212.0933 268.3184 453.8773 270.4633 112.9626 298.5244 182.8666 226.2409 1224.7193;
