function windprofile = ex_wind_profilesh1
%EX_WIND_PROFILE_D  Example wind_load_nyiso profile data for deterministic unit commitment.
% 2022.03.12
% Andres F. Ramirez


%% define constants
[GEN_BUS, PG, QG, QMAX, QMIN, VG, MBASE, GEN_STATUS, PMAX, PMIN, ...
    MU_PMAX, MU_PMIN, MU_QMAX, MU_QMIN, PC1, PC2, QC1MIN, QC1MAX, ...
    QC2MIN, QC2MAX, RAMP_AGC, RAMP_10, RAMP_30, RAMP_Q, APF] = idx_gen;
[CT_LABEL, CT_PROB, CT_TABLE, CT_TBUS, CT_TGEN, CT_TBRCH, CT_TAREABUS, ...
    CT_TAREAGEN, CT_TAREABRCH, CT_ROW, CT_COL, CT_CHGTYPE, CT_REP, ...
    CT_REL, CT_ADD, CT_NEWVAL, CT_TLOAD, CT_TAREALOAD, CT_LOAD_ALL_PQ, ...
    CT_LOAD_FIX_PQ, CT_LOAD_DIS_PQ, CT_LOAD_ALL_P, CT_LOAD_FIX_P, ...
    CT_LOAD_DIS_P, CT_TGENCOST, CT_TAREAGENCOST, CT_MODCOST_F, ...
    CT_MODCOST_X] = idx_ct;

windprofile = struct( ...
    'type', 'mpcData', ...
    'table', CT_TGEN, ...
    'rows', [1:45], ...
    'col', PMAX, ...
    'chgtype', 1, ...
    'values', [] );
windprofile.values(:,1,:) = [
	3.4398 46.4798 87.5303 112.7675 14.0854 30.2805 26.9981 17.724 24.1833 25.2028 46.587 69.4987 104.6299 67.3056 195.6221 73.6995 91.4419 96.9012 79.1496 69.0224 8.9994 70.6546 72.4745 86.5079 100.7366 69.909 12.8843 1236.045 750.3054 750.3054 517.3902 109.7167 263.8321 177.6639 211.0123 320.1303 1225.6574 204.5617 431.6382 269.8301 112.1497 335.9121 186.4142 274.1036 1238.4247;
	3.5559 48.048 87.9379 114.8829 14.3921 31.8702 24.0864 17.6262 26.0175 27.5511 50.9279 75.9744 114.379 66.205 185.6039 69.9252 86.759 91.9387 80.2131 68.2204 8.0288 74.3638 71.2361 86.9485 99.329 68.662 12.8833 1247.4121 734.5864 734.5864 576.2719 101.5405 267.3771 175.5995 207.5615 313.4235 1211.0389 211.4353 436.3031 266.0598 110.0186 353.5467 176.9005 266.266 1223.6539;
	3.6702 49.5927 91.5369 116.482 15.1968 34.0029 21.9323 17.6309 27.285 29.6069 54.7279 81.6432 122.9134 67.646 201.0025 75.7265 93.957 99.5664 82.9004 68.8878 7.3108 79.3401 71.3788 87.5253 99.0022 73.1518 13.1363 1243.639 733.6596 733.6596 597.6091 93.8774 276.3348 177.3174 212.0793 313.0281 1247.7962 224.2372 427.9213 265.1846 113.452 377.2057 194.6541 269.2383 1260.7941;
	3.5911 48.5236 88.5459 114.6685 14.7011 33.1508 24.8358 17.1925 27.2173 30.118 55.6727 83.0527 125.0353 67.9502 200.8582 75.6722 93.8895 99.4949 84.7005 71.0756 8.2786 77.3518 71.5846 86.661 98.1318 70.2486 12.935 1330.5756 739.8395 739.8395 605.4988 96.3418 282.3349 182.9488 213.0332 315.6648 1289.1134 226.0425 438.0817 262.8531 114.8057 367.7525 160.444 271.5514 1302.5417;
	3.6699 49.5889 91.1087 118.9197 14.9453 34.1632 30.9757 16.9886 27.2182 30.1724 55.7732 83.2027 125.2612 65.1819 200.5707 75.5638 93.7551 99.3524 85.7582 71.3643 10.3252 79.7141 72.9921 85.5371 98.7659 71.4173 12.8199 1287.6427 742.1817 742.1817 611.4147 102.7644 285.8606 183.6919 204.3541 316.6642 1250.1768 219.7166 470.7089 264.5516 115.3967 378.9835 195.8074 264.1107 1263.1995;
	3.6492 49.3087 91.8791 119.4931 14.4187 34.198 30.5839 17.6675 28.2353 29.9437 55.3505 82.5721 124.3119 65.9984 205.6483 77.4768 96.1286 101.8676 89.3273 71.7722 10.1946 79.7954 72.9486 86.3968 97.9796 69.6994 13.3136 1316.6902 748.8764 748.8764 672.469 111.3441 297.7578 184.7417 206.914 319.5206 1254.3255 239.6031 473.3609 262.4452 116.2978 379.3703 189.7016 271.901 1267.3914;
	3.7009 50.0077 92.6635 117.7174 15.0184 34.6419 31.4724 17.5426 28.3265 30.6711 56.695 84.5778 127.3315 67.3549 206.1718 77.674 96.3733 102.127 92.4811 73.4155 10.4908 80.8311 74.4632 85.5748 97.2376 69.3955 13.2725 1251.2255 745.0412 745.0412 670.5737 103.1506 308.2704 188.9718 211.1669 317.8842 1250.3477 266.5768 469.3872 260.4578 118.0991 384.2943 177.0523 269.2781 1263.3722;
	3.7958 51.2892 93.6225 118.7446 15.0839 34.7946 30.2265 18.0405 27.9389 28.8641 53.3549 79.595 119.8298 69.1541 204.9677 77.2204 95.8105 101.5305 90.9491 69.9378 10.0755 81.1873 73.097 89.1862 98.5045 70.4159 13.506 1320.2557 792.2386 792.2386 661.0315 109.1358 303.1637 180.0202 216.8075 338.0218 1282.3543 271.0997 476.6191 263.8514 117.6227 385.9879 184.0795 272.5859 1295.7122;
	3.8441 51.9423 94.8641 119.214 15.0345 34.9455 31.5384 17.9541 27.5931 30.1731 55.7745 83.2046 125.2641 69.5449 201.5809 75.9444 94.2273 99.8528 92.7298 70.2124 10.5128 81.5394 72.7809 88.8526 99.8751 69.5444 13.6977 1348.0697 836.6482 836.6482 753.7695 114.5046 309.0993 180.7269 218.0328 356.9699 1330.9016 313.6125 478.9139 267.5226 119.5139 387.6616 212.0938 266.431 1344.7652;
	3.9232 53.0115 95.2559 120.5508 15.2317 35.0142 26.9991 18.3946 27.8345 30.343 56.0885 83.673 125.9693 69.8035 202.5721 76.3179 94.6907 100.3439 92.7775 72.2319 8.9997 81.6998 71.665 89.5407 103.1013 71.3663 13.6823 1357.6009 854.5777 854.5777 781.3143 122.351 309.2584 185.9252 218.8433 364.6198 1335.8002 338.2893 476.2158 276.1642 119.7734 388.424 219.3347 280.5718 1349.7147;
	3.9301 53.1049 95.3025 120.611 15.2624 34.8874 28.4342 18.3927 28.0452 31.2594 57.7826 86.2002 129.7739 68.9489 201.5677 75.9395 94.2212 99.8463 92.6615 73.5096 9.4781 81.4039 71.9099 89.8754 105.193 72.2362 13.6765 1317.3567 839.2882 839.2882 784.9841 119.8064 308.8716 189.2139 216.1642 358.0963 1332.6867 330.5611 473.8643 281.7668 121.867 387.0174 217.5221 279.1203 1346.5689;
	3.9198 52.9645 95.0433 120.6041 15.2471 34.7447 27.4188 17.9838 28.0253 30.8527 57.0307 85.0786 128.0854 69.2301 199.8009 75.2738 93.3953 98.9711 92.1372 73.1311 9.1396 81.0709 72.2964 89.82 105.5777 68.8309 13.4848 1310.431 840.9348 840.9348 811.1041 121.36 307.1241 188.2396 217.0457 358.7988 1329.1676 328.8177 477.3209 282.7974 122.8386 385.4344 215.6587 273.342 1343.0131;
	3.9256 53.043 94.8559 120.156 15.4019 34.4461 28.1558 17.8585 27.6718 30.8316 56.9918 85.0206 127.998 69.5575 203.0017 76.4797 94.8915 100.5567 92.2901 72.6866 9.3853 80.3741 73.6596 89.311 105.0644 70.67 13.5823 1303.4807 843.8233 843.8233 802.7679 121.6706 307.6337 187.0954 218.0721 360.0313 1337.9334 347.856 475.7051 281.4225 120.9114 382.1217 217.2521 269.8912 1351.8702;
	3.878 52.3997 89.4362 115.7067 15.1271 33.4922 27.3403 17.3741 26.2884 30.3473 56.0966 83.6851 125.9874 68.0932 197.7798 74.5124 92.4506 97.97 89.255 73.026 9.1134 78.1485 72.8479 86.723 102.2142 69.1955 13.1124 1284.0443 825.9602 825.9602 772.3146 119.8212 297.5166 187.969 213.4814 352.4097 1280.5523 321.1044 453.0513 273.788 117.2354 371.5402 209.5487 269.6557 1293.8914;
	3.8931 52.6048 92.5649 117.345 15.311 34.593 24.0458 17.7514 27.4533 30.005 55.4638 82.741 124.5662 66.8112 195.0971 73.5017 91.1965 96.6411 89.4457 72.6721 8.0153 80.717 73.7714 89.4016 105.2842 71.3326 13.7627 1296.4211 838.8551 838.8551 777.693 114.8868 298.1524 187.0581 209.462 357.9115 1286.2271 311.9045 453.4749 282.0113 122.1459 383.7514 211.8204 277.6229 1299.6253;
	3.9285 53.0831 94.1156 119.3042 15.409 34.9868 25.8301 17.7499 27.8166 29.8005 55.0857 82.1771 123.7171 65.9534 192.4837 72.5171 89.9749 95.3466 87.7782 72.6414 8.61 81.6359 70.0964 89.0471 105.2779 68.7872 13.7216 1340.9495 844.7187 844.7187 770.3184 120.4794 292.594 186.9792 206.7728 360.4133 1320.7191 321.7795 469.2362 281.9943 121.9735 388.1204 216.2735 278.0944 1334.4766;
	3.8625 52.1902 94.2638 115.0879 15.3189 33.7736 22.7402 17.9679 26.8935 30.0645 55.5738 82.9051 124.8132 64.0758 198.5438 74.8002 92.8077 98.3484 86.5881 70.5415 7.5801 78.805 71.5867 87.9797 104.4189 59.4097 13.3168 1247.5413 807.5425 807.5425 687.8413 114.9834 288.6269 181.5741 200.8864 344.5515 1258.7683 311.4283 466.8733 279.6936 122.5607 374.6613 202.5991 267.8597 1271.8805;
	3.9065 52.7851 95.2081 115.8963 15.3551 32.5362 17.3602 14.3798 27.2507 29.2701 54.1053 80.7145 121.5152 64.8269 195.5601 73.6761 91.413 96.8705 85.9195 70.1301 5.7867 75.9179 72.1862 89.8166 106.157 73.1762 11.3574 1222.5866 749.4902 749.4902 611.2504 111.0089 286.3983 180.5151 203.241 319.7825 1232.5784 273.8052 444.4763 284.3491 123.2344 360.9352 182.1167 262.6531 1245.4178;
