function solarprofile = ex_solar_profilesh1
%EX_WIND_PROFILE_D  Example wind_load_nyiso profile data for deterministic unit commitment.
% 2022.03.12
% Andres F. Ramirez


%% define constants
[GEN_BUS, PG, QG, QMAX, QMIN, VG, MBASE, GEN_STATUS, PMAX, PMIN, ...
    MU_PMAX, MU_PMIN, MU_QMAX, MU_QMIN, PC1, PC2, QC1MIN, QC1MAX, ...
    QC2MIN, QC2MAX, RAMP_AGC, RAMP_10, RAMP_30, RAMP_Q, APF] = idx_gen;
[CT_LABEL, CT_PROB, CT_TABLE, CT_TBUS, CT_TGEN, CT_TBRCH, CT_TAREABUS, ...
    CT_TAREAGEN, CT_TAREABRCH, CT_ROW, CT_COL, CT_CHGTYPE, CT_REP, ...
    CT_REL, CT_ADD, CT_NEWVAL, CT_TLOAD, CT_TAREALOAD, CT_LOAD_ALL_PQ, ...
    CT_LOAD_FIX_PQ, CT_LOAD_DIS_PQ, CT_LOAD_ALL_P, CT_LOAD_FIX_P, ...
    CT_LOAD_DIS_P, CT_TGENCOST, CT_TAREAGENCOST, CT_MODCOST_F, ...
    CT_MODCOST_X] = idx_ct;

solarprofile = struct( ...
    'type', 'mpcData', ...
    'table', CT_TGEN, ...
    'rows', [1:12], ...
    'col', PMAX, ...
    'chgtype', 1, ...
    'values', [] );
solarprofile.values(:,1,:) = [
	0.0 0.0 0.0 0.0 0.0 0.0 0.0 0.0 0.0 0.0 0.0 0.0;
	0.0 0.0 0.0 0.0 0.0 0.0 0.0 0.0 0.0 0.0 0.0 0.0;
	0.0 0.0 0.0 0.0 0.0 0.0 0.0 0.0 0.0 0.0 0.0 0.0;
	0.0 0.0 0.0 0.0 0.0 0.0 0.0 0.0 0.0 0.0 0.0 0.0;
	0.0 0.0 0.0 0.0 0.0 0.0 0.0 0.0 0.0 0.0 0.0 0.0;
	1.0681 0.8569 0.7166 0.0 0.0 9.5498 1.1937 4.3183 1.7225 0.0 0.0 0.0;
	9.0115 3.4826 3.2552 2.9697 9.6804 375.369 46.9211 17.0194 281.0301 55.903 35.163 101.2407;
	17.5386 14.001 8.6497 4.9596 10.7487 397.0005 49.6251 12.5719 273.4273 57.8166 59.4094 104.7062;
	23.3123 16.7608 13.7467 6.9312 11.045 402.583 50.3229 16.3202 242.1088 65.2706 83.0043 118.2055;
	25.2049 16.6673 13.5928 6.4379 9.8198 373.77 46.7212 50.5131 170.9238 59.3576 127.8099 107.497;
	24.5973 16.5136 11.4618 6.2865 9.2053 361.5793 45.1974 43.1469 176.6663 127.8764 145.6799 231.585;
	20.9719 15.6539 8.5949 6.5431 8.3907 356.4834 44.5604 26.1564 189.9154 182.663 151.5664 330.8038;
	14.7897 13.5422 8.5737 8.9539 6.6024 334.1554 41.7694 20.4244 211.8722 146.6365 112.9395 265.5596;
	11.2947 11.8892 8.0052 8.7031 5.9122 330.6614 41.3327 37.3917 196.5244 126.1175 102.3747 228.3996;
	7.7573 9.1793 5.4628 7.1816 5.2076 322.3227 40.2903 50.417 153.5338 85.0451 74.8199 154.0172;
	4.4638 5.0574 3.4062 2.5422 4.5294 286.6743 35.8343 39.7356 123.9743 27.2656 28.6763 49.3781;
	1.1893 0.9684 0.7632 0.765 1.0845 79.7133 9.9642 11.4931 33.4587 3.7419 0.0 6.7766;
	0.0 0.0 0.0 0.0 0.0 0.0 0.0 0.0 0.0 0.0 0.0 0.0;
	0.0 0.0 0.0 0.0 0.0 0.0 0.0 0.0 0.0 0.0 0.0 0.0;
	0.0 0.0 0.0 0.0 0.0 0.0 0.0 0.0 0.0 0.0 0.0 0.0;
	0.0 0.0 0.0 0.0 0.0 0.0 0.0 0.0 0.0 0.0 0.0 0.0;
	0.0 0.0 0.0 0.0 0.0 0.0 0.0 0.0 0.0 0.0 0.0 0.0;
	0.0 0.0 0.0 0.0 0.0 0.0 0.0 0.0 0.0 0.0 0.0 0.0;
	0.0 0.0 0.0 0.0 0.0 0.0 0.0 0.0 0.0 0.0 0.0 0.0;
];
