function solarprofile = ex_solar_profilesh1
%EX_WIND_PROFILE_D  Example wind_load_nyiso profile data for deterministic unit commitment.
% 2022.03.12
% Andres F. Ramirez


%% define constants
[GEN_BUS, PG, QG, QMAX, QMIN, VG, MBASE, GEN_STATUS, PMAX, PMIN, ...
    MU_PMAX, MU_PMIN, MU_QMAX, MU_QMIN, PC1, PC2, QC1MIN, QC1MAX, ...
    QC2MIN, QC2MAX, RAMP_AGC, RAMP_10, RAMP_30, RAMP_Q, APF] = idx_gen;
[CT_LABEL, CT_PROB, CT_TABLE, CT_TBUS, CT_TGEN, CT_TBRCH, CT_TAREABUS, ...
    CT_TAREAGEN, CT_TAREABRCH, CT_ROW, CT_COL, CT_CHGTYPE, CT_REP, ...
    CT_REL, CT_ADD, CT_NEWVAL, CT_TLOAD, CT_TAREALOAD, CT_LOAD_ALL_PQ, ...
    CT_LOAD_FIX_PQ, CT_LOAD_DIS_PQ, CT_LOAD_ALL_P, CT_LOAD_FIX_P, ...
    CT_LOAD_DIS_P, CT_TGENCOST, CT_TAREAGENCOST, CT_MODCOST_F, ...
    CT_MODCOST_X] = idx_ct;

solarprofile = struct( ...
    'type', 'mpcData', ...
    'table', CT_TGEN, ...
    'rows', [1:12], ...
    'col', PMAX, ...
    'chgtype', 1, ...
    'values', [] );
solarprofile.values(:,1,:) = [
	0.0 0.0 0.0 0.0 0.0 0.0 0.0 0.0 0.0 0.0 0.0 0.0;
	0.0 0.0 0.0 0.0 0.0 0.0 0.0 0.0 0.0 0.0 0.0 0.0;
	0.0 0.0 0.0 0.0 0.0 0.0 0.0 0.0 0.0 0.0 0.0 0.0;
	0.0 0.0 0.0 0.0 0.0 0.0 0.0 0.0 0.0 0.0 0.0 0.0;
	0.0 0.0 0.0 0.0 0.0 0.0 0.0 0.0 0.0 0.0 0.0 0.0;
	1.0111 0.8207 0.6949 0.0 0.0 9.4835 1.1854 4.1882 0.4191 0.0 0.0 0.0;
	8.1888 7.0865 4.4157 6.3223 3.7902 42.5545 5.3193 25.367 34.9087 71.5456 22.063 129.5695;
	17.8952 14.0052 11.7778 9.152 4.873 198.3474 24.7934 39.1924 145.0449 211.098 80.5153 382.2997;
	23.1216 16.6083 13.8 8.5641 4.9859 255.2091 31.9011 43.8975 181.4064 303.7631 122.8771 550.1168;
	19.339 15.0751 13.6497 3.2186 3.4099 81.3839 10.173 34.5342 57.0033 222.8844 51.6684 403.6451;
	14.5214 12.3469 11.4743 4.31 4.2663 85.5048 10.6881 32.5821 83.8196 216.3692 39.1176 391.8459;
	11.3477 8.2463 8.5737 6.1738 5.0697 196.9892 24.6236 26.1819 141.7109 227.5157 55.7559 412.0323;
	2.9487 2.2416 6.4487 8.6298 5.457 290.5008 36.3126 19.6624 123.2173 297.6348 112.7597 539.0185;
	4.1448 2.9168 9.0514 6.9703 5.2835 271.3039 33.913 25.3214 77.7061 325.4884 105.6831 589.4615;
	5.4978 5.6434 9.2518 5.5375 4.9914 182.6344 22.8293 33.8587 34.8501 272.3286 71.8766 493.1887;
	6.2655 5.6752 6.4253 4.3545 5.3664 60.2244 7.5281 31.9406 19.1823 64.3516 31.7043 116.5412;
	1.3955 1.0746 1.1039 1.413 1.6617 66.0848 8.2606 12.0431 36.55 12.2638 12.4975 22.2098;
	0.0 0.0 0.0 0.0 0.0 0.0 0.0 0.0 0.0 0.0 0.0 0.0;
	0.0 0.0 0.0 0.0 0.0 0.0 0.0 0.0 0.0 0.0 0.0 0.0;
	0.0 0.0 0.0 0.0 0.0 0.0 0.0 0.0 0.0 0.0 0.0 0.0;
	0.0 0.0 0.0 0.0 0.0 0.0 0.0 0.0 0.0 0.0 0.0 0.0;
	0.0 0.0 0.0 0.0 0.0 0.0 0.0 0.0 0.0 0.0 0.0 0.0;
	0.0 0.0 0.0 0.0 0.0 0.0 0.0 0.0 0.0 0.0 0.0 0.0;
	0.0 0.0 0.0 0.0 0.0 0.0 0.0 0.0 0.0 0.0 0.0 0.0;
];
