function loadprofile = ex_load_profilesh1
%EX_LOAD_PROFILE  Example load profile data file for stochastic unit commitment.
% 2022.03.12
% Andres F. Ramirez

%% define constants
[CT_LABEL, CT_PROB, CT_TABLE, CT_TBUS, CT_TGEN, CT_TBRCH, CT_TAREABUS, ...
    CT_TAREAGEN, CT_TAREABRCH, CT_ROW, CT_COL, CT_CHGTYPE, CT_REP, ...
    CT_REL, CT_ADD, CT_NEWVAL, CT_TLOAD, CT_TAREALOAD, CT_LOAD_ALL_PQ, ...
    CT_LOAD_FIX_PQ, CT_LOAD_DIS_PQ, CT_LOAD_ALL_P, CT_LOAD_FIX_P, ...
    CT_LOAD_DIS_P, CT_TGENCOST, CT_TAREAGENCOST, CT_MODCOST_F, ...
    CT_MODCOST_X] = idx_ct;

loadprofile = struct( ...
    'type', 'mpcData', ...
    'table', CT_TAREALOAD, ...
    'rows', [1:11], ...
    'col', CT_LOAD_ALL_P, ...
    'chgtype', 1, ...
    'values', [] );
loadprofile.values(:,1,:) = [
	1584.3053 882.8907 1527.8849 574.5 704.9 1038.3449 795.4662 243.2 496.0434 4469.0094 1627.7674;
	1571.6975 869.4196 1500.0939 565.6 678.4722 1025.8144 785.5 231.7315 478.2 4337.4273 1590.2385;
	1534.0103 874.0942 1504.2497 573.4176 701.9226 1037.9756 770.4819 236.7 462.6698 4274.1006 1548.5884;
	1588.1 901.4324 1549.3806 578.8319 731.0 1065.0738 791.9202 230.6248 473.0 4363.1358 1524.0597;
	1648.2423 954.4456 1638.3092 594.5662 791.5248 1174.5885 880.0188 257.9479 511.7059 4524.1505 1721.5356;
	1675.6501 981.1 1698.3327 602.2488 835.6811 1215.1467 901.778 271.9637 540.4 4737.0277 1766.7484;
	1737.6139 1033.3157 1774.1894 608.0 873.4966 1290.4663 975.3596 296.3 580.4819 5032.4578 1977.9598;
	1805.904 1063.3701 1820.8343 621.2032 907.1037 1315.923 997.3445 302.4 599.3719 5246.8247 2034.0416;
	1795.0558 1067.7725 1811.9908 628.1845 913.68 1289.617 977.4484 301.5977 632.0392 5368.9035 2063.253;
	1818.9022 1060.2827 1790.7345 628.2285 910.2008 1297.0905 972.8651 302.4733 610.2 5479.8088 2013.5235;
	1817.9877 1082.7 1802.9047 630.9345 894.1 1244.1634 964.099 306.4969 602.8245 5511.885 2075.4;
	1789.7215 1044.7741 1785.4495 624.2112 849.7634 1164.4248 931.4 296.7777 612.435 5449.0597 2045.0721;
	1762.3 1017.8 1739.0935 617.2268 863.9666 1212.0882 970.7908 307.8 609.8 5504.5132 2154.7851;
	1743.4 991.4 1708.6526 601.6835 862.8 1174.8921 939.3636 292.9521 584.1784 5360.1203 2011.9145;
	1756.6769 1011.1799 1655.3 610.029 869.4957 1239.8607 968.2711 296.4328 580.7589 5305.3658 2091.3438;
	1761.0377 1030.9819 1699.9577 599.1341 893.058 1287.7648 985.6246 330.6114 564.9965 5351.765 2133.6271;
	1800.6297 1062.4361 1772.4108 604.2 921.5 1378.8483 1062.2482 343.2 621.9926 5565.1019 2281.6509;
	1793.3221 1065.2937 1845.8886 615.9966 950.2254 1395.4974 1063.6385 339.4907 628.5 5551.3655 2254.4467;
	1886.3 1100.764 1835.9071 610.6 932.2882 1389.9274 1055.9481 325.0 631.096 5450.2572 2230.7654;
	1846.2766 1078.8 1795.6742 600.1499 903.1878 1330.4013 1030.9903 307.3376 634.0728 5366.8429 2160.3847;
	1772.6423 1028.1724 1716.8088 584.332 860.9188 1288.8831 987.6373 305.7664 606.1 5225.1271 2083.3851;
	1687.7 968.4609 1614.1431 580.1418 796.4831 1231.3058 926.8381 281.4976 580.5 4988.8723 1937.8337;
	1620.6251 953.9043 1597.2176 590.9 792.6946 1167.7899 826.4917 264.7 546.9874 4782.9694 1683.7926;
	1578.508 910.7771 1608.1 587.1 766.5419 1150.4 836.868 251.4 522.8786 4654.6193 1705.8607;
];
