function solarprofile = ex_solar_profilesh1
%EX_WIND_PROFILE_D  Example wind_load_nyiso profile data for deterministic unit commitment.
% 2022.03.12
% Andres F. Ramirez


%% define constants
[GEN_BUS, PG, QG, QMAX, QMIN, VG, MBASE, GEN_STATUS, PMAX, PMIN, ...
    MU_PMAX, MU_PMIN, MU_QMAX, MU_QMIN, PC1, PC2, QC1MIN, QC1MAX, ...
    QC2MIN, QC2MAX, RAMP_AGC, RAMP_10, RAMP_30, RAMP_Q, APF] = idx_gen;
[CT_LABEL, CT_PROB, CT_TABLE, CT_TBUS, CT_TGEN, CT_TBRCH, CT_TAREABUS, ...
    CT_TAREAGEN, CT_TAREABRCH, CT_ROW, CT_COL, CT_CHGTYPE, CT_REP, ...
    CT_REL, CT_ADD, CT_NEWVAL, CT_TLOAD, CT_TAREALOAD, CT_LOAD_ALL_PQ, ...
    CT_LOAD_FIX_PQ, CT_LOAD_DIS_PQ, CT_LOAD_ALL_P, CT_LOAD_FIX_P, ...
    CT_LOAD_DIS_P, CT_TGENCOST, CT_TAREAGENCOST, CT_MODCOST_F, ...
    CT_MODCOST_X] = idx_ct;

solarprofile = struct( ...
    'type', 'mpcData', ...
    'table', CT_TGEN, ...
    'rows', [1:12], ...
    'col', PMAX, ...
    'chgtype', 1, ...
    'values', [] );
solarprofile.values(:,1,:) = [
	0.0 0.0 0.0 0.0 0.0 0.0 0.0 0.0 0.0 0.0 0.0 0.0;
	0.0 0.0 0.0 0.0 0.0 0.0 0.0 0.0 0.0 0.0 0.0 0.0;
	0.0 0.0 0.0 0.0 0.0 0.0 0.0 0.0 0.0 0.0 0.0 0.0;
	0.0 0.0 0.0 0.0 0.0 0.0 0.0 0.0 0.0 0.0 0.0 0.0;
	0.0 0.0 0.0 0.0 0.0 0.0 0.0 0.0 0.0 0.0 0.0 0.0;
	1.0111 0.8207 0.6949 0.0 0.0 11.928 1.491 4.1882 0.7126 0.0 0.0 0.0;
	5.9896 2.4049 3.8687 1.8153 1.9647 323.4775 40.4347 18.418 174.9889 74.6112 26.4033 135.1213;
	13.5062 8.7284 8.3731 5.119 4.8721 415.0769 51.8846 47.8436 247.4182 269.3845 99.5027 487.8569;
	17.9342 13.1982 11.7248 9.3281 7.0928 437.3081 54.6635 56.784 266.6508 345.1176 162.84 625.0101;
	14.1674 4.2062 7.3309 9.7925 6.3612 430.9372 53.8671 55.8949 263.4144 270.0998 177.1744 489.1523;
	14.2935 2.6867 7.4239 7.0854 6.4254 398.1565 49.7696 43.9046 266.089 261.7252 161.0803 473.986;
	17.7126 4.5252 9.5263 4.8135 5.9515 365.2753 45.6594 33.7395 255.9271 256.6993 155.1877 464.884;
	16.8974 13.3899 12.2396 2.797 3.2505 312.4237 39.053 45.3872 227.3793 179.0999 105.044 324.351;
	16.0151 13.4737 12.3794 3.2684 2.6561 320.403 40.0504 58.2751 217.1492 149.272 86.0317 270.3325;
	13.9058 11.5633 10.3448 3.4858 2.0377 323.6085 40.4511 58.8204 194.1062 94.4156 58.5336 170.9873;
	8.7665 6.6577 5.8945 5.4581 2.5481 316.5337 39.5667 48.7748 184.8673 25.7016 23.4419 46.5457;
	1.6428 1.2181 0.9677 1.0773 1.1874 87.7275 10.9659 15.101 40.798 13.1437 4.5152 23.8034;
	0.0 0.0 0.0 0.0 0.0 0.0 0.0 0.0 0.0 0.0 0.0 0.0;
	0.0 0.0 0.0 0.0 0.0 0.0 0.0 0.0 0.0 0.0 0.0 0.0;
	0.0 0.0 0.0 0.0 0.0 0.0 0.0 0.0 0.0 0.0 0.0 0.0;
	0.0 0.0 0.0 0.0 0.0 0.0 0.0 0.0 0.0 0.0 0.0 0.0;
	0.0 0.0 0.0 0.0 0.0 0.0 0.0 0.0 0.0 0.0 0.0 0.0;
	0.0 0.0 0.0 0.0 0.0 0.0 0.0 0.0 0.0 0.0 0.0 0.0;
	0.0 0.0 0.0 0.0 0.0 0.0 0.0 0.0 0.0 0.0 0.0 0.0;
];
