function windprofile = ex_wind_profilesh1
%EX_WIND_PROFILE_D  Example wind_load_nyiso profile data for deterministic unit commitment.
% 2022.03.12
% Andres F. Ramirez


%% define constants
[GEN_BUS, PG, QG, QMAX, QMIN, VG, MBASE, GEN_STATUS, PMAX, PMIN, ...
    MU_PMAX, MU_PMIN, MU_QMAX, MU_QMIN, PC1, PC2, QC1MIN, QC1MAX, ...
    QC2MIN, QC2MAX, RAMP_AGC, RAMP_10, RAMP_30, RAMP_Q, APF] = idx_gen;
[CT_LABEL, CT_PROB, CT_TABLE, CT_TBUS, CT_TGEN, CT_TBRCH, CT_TAREABUS, ...
    CT_TAREAGEN, CT_TAREABRCH, CT_ROW, CT_COL, CT_CHGTYPE, CT_REP, ...
    CT_REL, CT_ADD, CT_NEWVAL, CT_TLOAD, CT_TAREALOAD, CT_LOAD_ALL_PQ, ...
    CT_LOAD_FIX_PQ, CT_LOAD_DIS_PQ, CT_LOAD_ALL_P, CT_LOAD_FIX_P, ...
    CT_LOAD_DIS_P, CT_TGENCOST, CT_TAREAGENCOST, CT_MODCOST_F, ...
    CT_MODCOST_X] = idx_ct;

windprofile = struct( ...
    'type', 'mpcData', ...
    'table', CT_TGEN, ...
    'rows', [1:45], ...
    'col', PMAX, ...
    'chgtype', 1, ...
    'values', [] );
windprofile.values(:,1,:) = [
	3.7687 50.9239 91.1536 119.2399 15.1534 33.0247 30.6688 18.1101 27.9256 30.6556 56.6664 84.5352 127.2672 69.7716 191.963 72.321 89.7316 95.0887 86.3424 72.1346 10.2229 77.0577 75.7003 86.0314 103.4789 71.465 13.5187 1272.6951 805.6051 805.6051 599.6166 112.0641 287.808 185.6745 218.7433 343.7249 1306.2066 226.1459 475.3106 277.1756 119.5022 366.3541 204.1351 277.9124 1319.8129;
	3.8264 51.7026 93.664 120.059 15.2843 32.1367 27.2991 18.7526 27.4639 30.7757 56.8885 84.8664 127.766 68.899 187.9367 70.8041 87.8495 93.0942 84.5722 72.9822 9.0997 74.9857 75.6346 87.6005 103.8368 72.1644 13.7499 1265.6507 792.1987 792.1987 610.8585 105.5332 281.9074 187.8564 216.0077 338.0048 1257.52 226.8891 472.4367 278.1343 121.3223 356.5033 191.6295 282.865 1270.6191;
	3.6845 49.7863 90.9874 118.786 14.8951 32.3472 22.5948 18.1401 27.5883 31.0047 57.3118 85.4979 128.7167 69.4157 190.0682 71.6071 88.8458 94.1501 84.6447 71.1094 7.5316 75.4768 75.4416 87.2569 100.0015 74.2902 13.3096 1264.3729 779.5467 779.5467 601.1482 98.3953 282.1491 183.0359 217.6276 332.6066 1282.255 229.8302 440.7025 267.8611 117.7878 358.8381 187.6058 279.4327 1295.6118;
	3.6887 49.8425 90.8794 117.5294 14.7231 31.6941 24.1803 17.5846 26.8749 30.8137 56.9586 84.9711 127.9235 67.7512 197.1053 74.2583 92.1353 97.6359 87.1378 73.1025 8.0601 73.953 74.2201 87.5446 99.3966 71.3781 13.0133 1268.0745 782.8407 782.8407 597.0494 100.6578 290.4593 188.166 212.4092 334.012 1293.6226 242.3907 438.921 266.2408 117.8839 351.5936 153.4407 282.8998 1307.0979;
	3.751 50.6842 89.5568 115.8327 14.81 32.1617 31.2854 17.6228 27.1891 31.0485 57.3927 85.6187 128.8984 68.1368 197.7837 74.5139 92.4524 97.9719 88.1 72.4796 10.4285 75.044 75.3489 86.7305 98.3485 71.3138 12.5138 1262.6569 780.751 780.751 645.5912 113.5364 293.6667 186.5626 213.618 333.1204 1275.6562 237.816 469.5484 263.4335 116.6156 356.7807 195.0065 278.4405 1288.9443;
	3.8806 52.4357 91.5642 117.1395 15.3324 33.2007 30.1 18.3895 27.3318 30.8942 57.1075 85.1931 128.2577 67.3977 202.3284 76.226 94.5768 100.2231 90.4922 71.7636 10.0333 77.4684 75.0698 88.0873 97.8691 71.2857 13.0864 1256.9763 789.0405 789.0405 704.9355 118.7347 301.6406 184.7196 211.301 336.6573 1247.9138 263.1346 464.2206 262.1493 118.6569 368.3069 189.7195 283.6708 1260.9129;
	3.9276 53.0706 93.5474 119.6611 15.3343 33.6169 31.4702 18.5098 27.5798 31.1669 57.6115 85.945 129.3897 69.1247 201.2247 75.8102 94.0608 99.6764 89.1636 73.1074 10.4901 78.4394 75.7307 87.6422 100.4472 70.4601 13.4984 1253.426 816.3831 816.3831 728.7091 114.2941 297.2121 188.1785 216.7152 348.3235 1290.1497 285.4392 473.745 269.055 121.0259 372.9234 181.2122 275.4004 1303.5888;
	3.926 53.0482 92.6401 119.5113 15.0837 33.9634 30.5398 18.7458 27.8749 30.9255 57.1654 85.2795 128.3878 69.1358 201.5868 75.9467 94.2301 99.8558 89.1253 72.2216 10.1799 79.2479 75.095 89.1263 102.7737 72.6785 13.5857 1292.7919 811.7216 811.7216 721.7109 117.5109 297.0842 185.8985 216.7502 346.3346 1290.4703 276.444 469.7444 275.2867 121.35 376.7672 189.3397 277.1221 1303.9126;
	3.9233 53.0122 93.9188 119.3767 15.1277 34.3111 32.3345 18.424 28.2645 31.1887 57.6519 86.0053 129.4805 69.7974 199.969 75.3372 93.4739 99.0544 91.7656 73.1293 10.7782 80.0593 74.6934 87.2685 102.5012 72.8905 13.2956 1322.9429 847.0731 847.0731 756.1958 119.567 305.8853 188.235 218.8241 361.4178 1337.3303 294.1272 476.4543 274.5568 121.8105 380.6249 213.0442 271.7971 1351.2609;
	3.9206 52.9755 95.3588 120.6927 15.2934 34.5875 28.6048 18.887 28.1801 31.3001 57.8577 86.3123 129.9427 69.5911 196.3236 73.9638 91.7699 97.2487 88.0933 72.7053 9.5349 80.7042 75.2981 89.9763 106.2756 73.6074 13.6773 1313.6025 851.4167 851.4167 769.8931 122.207 293.6442 187.1437 218.1774 363.2711 1338.1467 306.9514 474.5071 284.6668 123.349 383.6909 216.4795 280.5409 1352.0858;
	3.9295 53.0962 95.4006 120.9283 15.4048 34.967 30.6473 19.0327 28.4446 31.3456 57.9418 86.4378 130.1316 69.5336 195.0932 73.5002 91.1947 96.6392 86.7371 72.2559 10.2158 81.5897 74.8941 89.8344 106.6516 74.9219 14.0757 1324.1833 846.5313 846.5313 769.5314 119.7347 289.1236 185.9868 217.9972 361.1867 1351.5913 293.1774 475.3389 285.674 123.3141 387.9009 219.2839 279.8548 1365.6703;
	3.8937 52.6121 95.4194 120.9102 15.3693 34.6142 29.6295 19.0644 28.43 31.2054 57.6827 86.0512 129.5497 69.4183 196.9313 74.1927 92.0539 97.5497 85.2041 72.1144 9.8765 80.7665 75.4678 89.9308 106.0625 73.6062 14.0718 1306.8293 825.0286 825.0286 748.5168 118.1952 284.0138 185.6228 217.6358 352.0122 1338.3651 306.1189 469.9968 284.0961 123.6977 383.987 216.579 281.7747 1352.3064;
	3.8322 51.7817 95.4445 120.7799 15.381 34.6419 30.1538 18.8736 28.4777 31.3859 58.0164 86.5491 130.2991 69.5388 201.1551 75.784 94.0283 99.6419 89.6348 72.924 10.0513 80.8312 75.7596 90.1305 106.749 75.6863 14.0676 1298.178 839.2919 839.2919 750.6772 120.5197 298.7825 187.7067 218.0136 358.0979 1339.6061 315.8666 466.1098 285.9349 123.9915 384.2946 216.6453 278.3466 1353.5603;
	3.801 51.3594 95.0111 119.1569 15.2021 33.9905 29.2049 18.0759 28.3519 31.3193 57.8933 86.3655 130.0227 68.9834 202.3891 76.2489 94.6051 100.2532 87.1209 73.4539 9.735 79.3112 75.7866 89.1213 104.7852 71.3108 13.5288 1267.6503 796.6661 796.6661 731.4024 118.9917 290.403 189.0706 216.2723 339.9109 1261.7693 307.5197 461.2588 280.6747 123.8479 377.0683 210.9523 275.3011 1274.9128;
	3.8501 52.0239 95.2245 120.2196 15.2975 34.5154 24.8867 18.3687 28.3327 31.1294 57.5423 85.8417 129.2343 67.5367 197.1941 74.2917 92.1768 97.6799 85.9421 72.7518 8.2956 80.5359 75.7822 89.5007 106.2436 71.1103 13.6432 1309.872 804.3746 804.3746 729.8297 122.4025 286.4735 187.2633 211.7366 343.1998 1258.8084 310.1487 447.2991 284.581 123.9259 382.8907 214.6225 279.4884 1271.921;
	3.8023 51.378 88.5848 116.1532 14.6806 32.9899 24.9605 17.9447 26.5215 30.5516 56.4741 84.2483 126.8353 66.476 191.4643 72.1331 89.4984 94.8416 87.1154 72.1463 8.3202 76.9764 75.1926 89.0931 106.4185 69.2936 12.8823 1237.2046 751.8851 751.8851 649.3481 118.4449 290.3846 185.7047 208.4113 320.8043 1121.3068 283.3244 443.1728 285.0495 123.1629 365.9677 206.227 270.0655 1132.9871;
	3.8064 51.4333 91.8465 115.7397 14.7103 32.4192 22.997 17.9064 28.0338 30.5239 56.4231 84.1721 126.7206 67.2354 197.9192 74.5649 92.5157 98.039 88.6231 70.908 7.6657 75.6447 73.9321 90.0497 106.4384 58.2667 12.5959 1271.6688 728.7865 728.7865 656.4061 117.3848 295.4104 182.5174 210.7919 310.9489 1183.0826 295.8726 443.8269 285.1029 121.4087 359.6366 203.3469 260.0266 1195.4063;
	3.8396 51.8808 91.9038 115.1772 14.704 31.006 20.0448 14.3748 28.3797 30.7584 56.8565 84.8187 127.6941 66.1982 200.1257 75.3962 93.5471 99.132 88.1452 73.0681 6.6816 72.3473 74.8211 89.7354 106.2496 71.6032 10.8623 1210.8415 714.7727 714.7727 601.7337 107.3933 293.8173 188.0776 207.5404 304.9697 1204.8937 261.9818 452.1665 284.5972 120.3685 343.9599 191.6706 243.003 1217.4446;
