function solarprofile = ex_solar_profilesh1
%EX_WIND_PROFILE_D  Example wind_load_nyiso profile data for deterministic unit commitment.
% 2022.03.12
% Andres F. Ramirez


%% define constants
[GEN_BUS, PG, QG, QMAX, QMIN, VG, MBASE, GEN_STATUS, PMAX, PMIN, ...
    MU_PMAX, MU_PMIN, MU_QMAX, MU_QMIN, PC1, PC2, QC1MIN, QC1MAX, ...
    QC2MIN, QC2MAX, RAMP_AGC, RAMP_10, RAMP_30, RAMP_Q, APF] = idx_gen;
[CT_LABEL, CT_PROB, CT_TABLE, CT_TBUS, CT_TGEN, CT_TBRCH, CT_TAREABUS, ...
    CT_TAREAGEN, CT_TAREABRCH, CT_ROW, CT_COL, CT_CHGTYPE, CT_REP, ...
    CT_REL, CT_ADD, CT_NEWVAL, CT_TLOAD, CT_TAREALOAD, CT_LOAD_ALL_PQ, ...
    CT_LOAD_FIX_PQ, CT_LOAD_DIS_PQ, CT_LOAD_ALL_P, CT_LOAD_FIX_P, ...
    CT_LOAD_DIS_P, CT_TGENCOST, CT_TAREAGENCOST, CT_MODCOST_F, ...
    CT_MODCOST_X] = idx_ct;

solarprofile = struct( ...
    'type', 'mpcData', ...
    'table', CT_TGEN, ...
    'rows', [1:12], ...
    'col', PMAX, ...
    'chgtype', 1, ...
    'values', [] );
solarprofile.values(:,1,:) = [
	0.0 0.0 0.0 0.0 0.0 0.0 0.0 0.0 0.0 0.0 0.0 0.0;
	0.0 0.0 0.0 0.0 0.0 0.0 0.0 0.0 0.0 0.0 0.0 0.0;
	0.0 0.0 0.0 0.0 0.0 0.0 0.0 0.0 0.0 0.0 0.0 0.0;
	0.0 0.0 0.0 0.0 0.0 0.0 0.0 0.0 0.0 0.0 0.0 0.0;
	0.0 0.0 0.0 0.0 0.0 0.0 0.0 0.0 0.0 0.0 0.0 0.0;
	1.0111 0.8207 0.6949 0.0 0.0 9.4835 1.1854 4.2037 0.4504 0.0 0.0 0.0;
	10.751 7.8105 6.0252 1.1783 1.4143 46.9784 5.8723 3.9157 19.4129 74.4338 25.7899 134.8;
	25.1449 16.8799 13.4369 4.0004 5.2769 378.2078 47.276 42.942 127.8368 249.541 95.1627 451.9203;
	25.5335 16.8958 13.8011 6.9482 7.9842 453.5298 56.6912 61.3549 188.427 340.3451 143.7175 616.367;
	23.7305 16.3661 11.4623 7.8147 8.2234 448.0278 56.0035 68.6758 160.2005 294.7266 149.6557 533.7516;
	22.1712 16.5136 13.5629 9.0409 8.2799 408.0306 51.0038 65.1988 128.8721 284.4596 185.3809 515.1581;
	24.3436 16.5214 13.8 8.3938 6.9862 382.5696 47.8212 62.2462 134.3756 261.2809 195.7057 473.1813;
	23.5214 15.9262 13.4455 5.2128 1.8611 361.9264 45.2408 67.2057 167.7975 142.7282 105.2202 258.4816;
	20.7588 15.5669 12.3794 4.1401 1.6608 383.0259 47.8782 68.3352 181.7214 117.8637 50.5906 213.4519;
	15.3408 12.1808 7.1495 3.3132 1.4176 378.6095 47.3262 65.2837 171.2297 91.4762 29.3844 165.664;
	8.3835 6.6484 4.3918 4.2478 1.8829 264.0546 33.0068 37.722 173.6761 45.0605 27.0685 81.6048;
	1.619 1.3337 1.0498 1.068 0.974 83.6168 10.4521 12.1551 51.2458 15.9713 16.1577 28.9242;
	0.0 0.0 0.0 0.0 0.0 0.0 0.0 0.0 0.0 0.0 0.0 0.0;
	0.0 0.0 0.0 0.0 0.0 0.0 0.0 0.0 0.0 0.0 0.0 0.0;
	0.0 0.0 0.0 0.0 0.0 0.0 0.0 0.0 0.0 0.0 0.0 0.0;
	0.0 0.0 0.0 0.0 0.0 0.0 0.0 0.0 0.0 0.0 0.0 0.0;
	0.0 0.0 0.0 0.0 0.0 0.0 0.0 0.0 0.0 0.0 0.0 0.0;
	0.0 0.0 0.0 0.0 0.0 0.0 0.0 0.0 0.0 0.0 0.0 0.0;
	0.0 0.0 0.0 0.0 0.0 0.0 0.0 0.0 0.0 0.0 0.0 0.0;
];
