function solarprofile = ex_solar_profilesh1
%EX_WIND_PROFILE_D  Example wind_load_nyiso profile data for deterministic unit commitment.
% 2022.03.12
% Andres F. Ramirez


%% define constants
[GEN_BUS, PG, QG, QMAX, QMIN, VG, MBASE, GEN_STATUS, PMAX, PMIN, ...
    MU_PMAX, MU_PMIN, MU_QMAX, MU_QMIN, PC1, PC2, QC1MIN, QC1MAX, ...
    QC2MIN, QC2MAX, RAMP_AGC, RAMP_10, RAMP_30, RAMP_Q, APF] = idx_gen;
[CT_LABEL, CT_PROB, CT_TABLE, CT_TBUS, CT_TGEN, CT_TBRCH, CT_TAREABUS, ...
    CT_TAREAGEN, CT_TAREABRCH, CT_ROW, CT_COL, CT_CHGTYPE, CT_REP, ...
    CT_REL, CT_ADD, CT_NEWVAL, CT_TLOAD, CT_TAREALOAD, CT_LOAD_ALL_PQ, ...
    CT_LOAD_FIX_PQ, CT_LOAD_DIS_PQ, CT_LOAD_ALL_P, CT_LOAD_FIX_P, ...
    CT_LOAD_DIS_P, CT_TGENCOST, CT_TAREAGENCOST, CT_MODCOST_F, ...
    CT_MODCOST_X] = idx_ct;

solarprofile = struct( ...
    'type', 'mpcData', ...
    'table', CT_TGEN, ...
    'rows', [1:12], ...
    'col', PMAX, ...
    'chgtype', 1, ...
    'values', [] );
solarprofile.values(:,1,:) = [
	0.0 0.0 0.0 0.0 0.0 0.0 0.0 0.0 0.0 0.0 0.0 0.0;
	0.0 0.0 0.0 0.0 0.0 0.0 0.0 0.0 0.0 0.0 0.0 0.0;
	0.0 0.0 0.0 0.0 0.0 0.0 0.0 0.0 0.0 0.0 0.0 0.0;
	0.0 0.0 0.0 0.0 0.0 0.0 0.0 0.0 0.0 0.0 0.0 0.0;
	0.0 0.0 0.0 0.0 0.0 0.0 0.0 0.0 0.0 0.0 0.0 0.0;
	1.0111 0.8269 0.6966 0.0 0.0 9.4835 1.1854 4.2119 0.4191 0.0 0.0 0.0;
	0.533 0.6221 0.3374 7.0591 3.2942 65.816 8.227 7.7363 141.2956 62.5507 9.8085 113.2798;
	3.1429 4.0426 2.1871 10.7134 9.1261 252.9221 31.6153 36.1015 221.0432 173.614 37.0267 314.416;
	13.8995 14.1035 12.3615 10.8517 10.5736 347.5829 43.4479 54.836 242.9729 255.9 99.912 463.4365;
	22.133 15.4823 13.6188 6.6185 7.5275 353.1859 44.1482 64.0545 222.1595 139.1337 115.3866 251.9719;
	23.958 16.2116 13.693 6.7231 6.8252 357.9821 44.7478 66.2939 186.0236 101.4643 109.0172 183.7525;
	25.2074 16.5184 13.7655 7.1683 7.2948 371.9591 46.4949 68.4596 153.5633 97.7337 84.6682 176.9963;
	23.759 15.9262 13.4455 8.8588 8.8063 377.6368 47.2046 74.2426 111.5519 98.7906 44.4435 178.9103;
	20.6691 15.4493 13.1084 7.66 9.5604 367.4072 45.9259 72.6791 132.508 118.9085 42.7563 215.344;
	14.135 11.2554 9.8383 7.0149 10.0382 328.7729 41.0966 67.5217 173.7377 100.8095 44.3624 182.5665;
	4.875 3.8246 4.373 4.6435 9.1786 213.3013 26.6627 35.4375 248.6693 40.2988 27.0393 72.9813;
	1.2988 1.0424 0.8373 1.0114 2.1814 69.9874 8.7484 11.4824 45.5292 2.8122 0.0 5.0929;
	0.0 0.0 0.0 0.0 0.0 0.0 0.0 0.0 0.0 0.0 0.0 0.0;
	0.0 0.0 0.0 0.0 0.0 0.0 0.0 0.0 0.0 0.0 0.0 0.0;
	0.0 0.0 0.0 0.0 0.0 0.0 0.0 0.0 0.0 0.0 0.0 0.0;
	0.0 0.0 0.0 0.0 0.0 0.0 0.0 0.0 0.0 0.0 0.0 0.0;
	0.0 0.0 0.0 0.0 0.0 0.0 0.0 0.0 0.0 0.0 0.0 0.0;
	0.0 0.0 0.0 0.0 0.0 0.0 0.0 0.0 0.0 0.0 0.0 0.0;
	0.0 0.0 0.0 0.0 0.0 0.0 0.0 0.0 0.0 0.0 0.0 0.0;
];
