function windprofile = ex_wind_profilesh1
%EX_WIND_PROFILE_D  Example wind_load_nyiso profile data for deterministic unit commitment.
% 2022.03.12
% Andres F. Ramirez


%% define constants
[GEN_BUS, PG, QG, QMAX, QMIN, VG, MBASE, GEN_STATUS, PMAX, PMIN, ...
    MU_PMAX, MU_PMIN, MU_QMAX, MU_QMIN, PC1, PC2, QC1MIN, QC1MAX, ...
    QC2MIN, QC2MAX, RAMP_AGC, RAMP_10, RAMP_30, RAMP_Q, APF] = idx_gen;
[CT_LABEL, CT_PROB, CT_TABLE, CT_TBUS, CT_TGEN, CT_TBRCH, CT_TAREABUS, ...
    CT_TAREAGEN, CT_TAREABRCH, CT_ROW, CT_COL, CT_CHGTYPE, CT_REP, ...
    CT_REL, CT_ADD, CT_NEWVAL, CT_TLOAD, CT_TAREALOAD, CT_LOAD_ALL_PQ, ...
    CT_LOAD_FIX_PQ, CT_LOAD_DIS_PQ, CT_LOAD_ALL_P, CT_LOAD_FIX_P, ...
    CT_LOAD_DIS_P, CT_TGENCOST, CT_TAREAGENCOST, CT_MODCOST_F, ...
    CT_MODCOST_X] = idx_ct;

windprofile = struct( ...
    'type', 'mpcData', ...
    'table', CT_TGEN, ...
    'rows', [1:45], ...
    'col', PMAX, ...
    'chgtype', 1, ...
    'values', [] );
windprofile.values(:,1,:) = [
	3.6427 49.2213 90.98 116.7744 14.1705 31.3069 27.3841 18.0426 26.4361 29.4139 54.3711 81.111 122.1121 67.2628 193.0535 72.7318 90.2413 95.6288 85.2771 70.8311 9.128 73.0494 74.5431 84.9226 102.371 73.5525 13.6516 1233.6471 736.3345 736.3345 544.0907 102.8601 284.2569 182.3194 210.8778 314.1694 1177.9239 206.4855 436.7631 274.2081 115.8911 347.2979 181.9186 272.7551 1190.194;
	3.6187 48.8968 91.5775 117.784 14.2516 31.372 24.878 18.5994 26.2771 29.8258 55.1325 82.2469 123.8222 67.4175 188.1632 70.8894 87.9553 93.2064 86.1391 69.6936 8.2927 73.2013 73.9815 89.5889 104.3874 74.5816 13.8417 1256.6372 734.8646 734.8646 580.2909 98.1586 287.1305 179.3915 211.3629 313.5422 1151.0559 200.3059 443.2021 279.6091 119.5693 348.0197 162.9264 268.035 1163.0461;
	3.6996 49.9896 92.4024 120.0659 14.3181 32.716 21.3159 18.8225 27.4076 30.4614 56.3074 83.9996 126.4609 67.8129 197.373 74.3591 92.2604 97.7685 89.7543 70.1228 7.1053 76.3372 73.1339 90.0448 106.2332 75.4715 13.8198 1292.5954 741.6829 741.6829 657.5094 100.1611 299.1809 180.4963 212.6027 316.4514 1256.7887 232.5671 425.6456 284.5533 120.8026 362.929 167.3905 268.6744 1269.8803;
	3.7903 51.2153 92.4786 119.7923 14.7571 33.2502 23.9471 18.882 28.1246 30.9657 57.2396 85.3902 128.5545 69.2497 199.4811 75.1533 93.2458 98.8127 92.228 70.0136 7.9824 77.5838 74.9585 90.04 106.4784 75.2041 13.8232 1296.2137 768.7183 768.7183 671.2346 103.6111 307.4266 180.2151 217.1071 327.9865 1288.4005 257.8841 442.6794 285.21 120.6629 368.8555 151.0673 277.8192 1301.8213;
	3.7953 51.2829 93.4308 120.3924 14.4626 33.6004 31.1155 18.768 28.3365 31.0828 57.4561 85.7132 129.0407 68.9712 199.9972 75.3478 93.4871 99.0684 91.4484 71.2708 10.3718 78.401 74.4723 89.2939 106.4063 75.5186 13.9984 1277.3582 765.4446 765.4446 691.653 106.9976 304.8281 183.4512 216.234 326.5897 1263.7694 253.1229 476.2867 285.017 122.0247 372.7407 190.4037 275.1818 1276.9337;
	3.8907 52.5718 93.2953 120.3793 14.7952 33.8602 30.7481 18.7303 28.3615 31.0841 57.4585 85.7168 129.0462 68.8137 202.5166 76.2969 94.6647 100.3163 92.1872 70.5569 10.2494 79.0071 75.3413 89.7089 106.113 75.0876 13.7333 1276.6209 803.1954 803.1954 750.1505 110.3367 307.2906 181.6136 215.7403 342.6967 1251.0167 257.0017 473.3764 284.2313 123.3001 375.6221 183.7682 279.8278 1264.0481;
	3.8627 52.1938 92.4571 119.605 14.6168 33.3081 32.3813 18.9651 28.2755 30.8898 57.0993 85.181 128.2395 69.3177 203.6817 76.7359 95.2093 100.8935 92.6285 72.1218 10.7938 77.719 75.3112 88.9739 105.0912 75.5534 13.8084 1251.2405 782.1695 782.1695 719.1414 99.0202 308.7617 185.6416 217.3204 333.7257 1242.6331 268.3434 479.6366 281.4944 123.633 369.4984 170.1829 274.4737 1255.5771;
	3.7945 51.2715 92.1136 120.1144 14.4464 33.9415 32.031 18.7188 28.1491 30.0205 55.4924 82.7838 124.6306 68.2305 199.6657 75.2229 93.3321 98.9042 91.371 68.9447 10.677 79.1968 74.9687 89.3619 105.0533 75.5503 13.8075 1296.7467 800.3439 800.3439 687.5015 99.349 304.5701 177.4639 213.9118 341.4801 1285.7118 274.3273 479.5442 281.3926 123.0628 376.524 178.351 277.3875 1299.1046;
	3.7707 50.9511 91.7212 119.8708 14.5443 33.1216 32.4974 18.7767 27.9526 30.5171 56.4105 84.1533 126.6923 67.6687 200.2006 75.4244 93.5821 99.1691 91.8148 69.8985 10.8325 77.2836 73.9831 89.4787 105.6183 73.726 13.7034 1335.6398 834.3434 834.3434 744.4561 112.8935 306.0492 179.919 212.1504 355.9865 1338.5687 308.1134 479.8782 282.9062 123.4637 367.4285 203.1821 276.8932 1352.5121;
	3.8237 51.6664 89.4399 117.3764 15.0158 33.2107 30.0054 18.9678 28.1961 31.0059 57.314 85.5012 128.7216 69.2177 199.8171 75.2799 93.4029 98.9791 90.3896 70.2065 10.0018 77.4916 75.7336 89.6495 104.5259 74.243 13.7958 1286.4882 854.7489 854.7489 772.4708 115.0259 301.2988 180.7117 217.0067 364.6929 1299.8563 326.2386 480.0513 279.9801 123.6125 368.4173 212.5073 276.5937 1313.3965;
	3.9093 52.8229 92.2633 120.182 14.9129 33.7333 31.3914 19.0658 28.3938 31.3083 57.8729 86.335 129.9768 67.7008 200.817 75.6567 93.8703 99.4745 92.034 72.1998 10.4638 78.711 75.4871 90.1212 106.6123 75.8276 14.0572 1312.3095 845.8859 845.8859 785.3109 115.8795 306.7799 185.8424 212.2511 360.9113 1328.8476 326.3461 479.9457 285.5686 123.851 374.2147 216.6987 280.1155 1342.6898;
	3.8672 52.2549 93.0812 120.2505 14.6529 33.431 28.5191 19.0232 28.0206 30.4717 56.3265 84.0281 126.5039 67.9825 200.6539 75.5952 93.794 99.3937 90.6058 70.3407 9.5064 78.0056 75.447 90.0431 106.4006 73.8932 13.9612 1304.0947 840.9854 840.9854 811.295 114.4556 302.0193 181.0571 213.1344 358.8205 1307.7413 341.8508 478.6261 285.0016 123.7238 370.8608 212.2469 276.8631 1321.3636;
	3.9195 52.9616 93.1645 120.4077 15.1504 34.5406 30.1946 19.1311 28.4161 31.2981 57.8541 86.307 129.9347 69.5393 202.2526 76.1975 94.5413 100.1856 91.7322 71.5025 10.0649 80.5947 75.8267 89.6529 106.2868 75.8226 14.0641 1303.6134 842.2603 842.2603 817.8575 114.2315 305.7739 184.0476 218.0152 359.3644 1320.468 356.4076 478.5556 284.6967 123.8159 383.17 218.274 277.0302 1334.2229;
	3.906 52.7781 94.017 120.9139 15.018 34.7428 29.1657 19.1676 28.2668 31.2779 57.8167 86.2512 129.8506 69.4531 199.9162 75.3173 93.4492 99.0283 90.7734 72.3862 9.7219 81.0664 75.8763 89.8181 106.6662 75.7151 14.1702 1303.2982 833.9804 833.9804 823.0367 117.0625 302.578 186.3222 217.7447 355.8316 1316.4092 352.4616 477.3783 285.7129 123.8866 385.413 213.8861 283.4376 1330.1217;
	3.8576 52.1246 93.2663 120.0746 14.4786 33.8299 25.0342 19.0459 28.0418 30.9141 57.1443 85.2481 128.3405 68.8855 196.8934 74.1785 92.0362 97.5309 89.6616 71.3894 8.3447 78.9365 75.3989 88.8664 105.9562 75.1483 14.0942 1281.3255 809.4106 809.4106 818.768 114.8683 298.8721 183.7564 215.9655 345.3485 1276.3629 343.9518 478.2893 283.8114 123.1207 375.2867 207.4232 281.8453 1289.6583;
	3.8313 51.7699 94.4107 120.7167 15.1095 33.8913 25.8789 18.8982 28.1367 30.6822 56.7157 84.6086 127.3778 66.2502 194.783 73.3834 91.0497 96.4855 91.7736 72.5964 8.6263 79.0797 74.2419 89.5187 106.0759 73.7394 13.9201 1354.8511 811.8434 811.8434 801.299 117.1264 305.912 186.8634 207.7032 346.3865 1265.9172 348.7711 475.4371 284.1318 122.0549 375.9674 205.2621 282.2449 1279.1038;
	3.8246 51.6788 93.2124 116.6524 14.9531 31.5528 23.1216 18.0714 28.2667 30.5636 56.4963 84.2813 126.8851 64.0945 201.9972 76.1013 94.4219 100.0591 92.5367 72.1415 7.7072 73.6231 75.1485 86.2703 102.6095 62.1237 12.9078 1318.8709 762.2138 762.2138 719.6471 111.5395 308.4557 185.6923 200.9449 325.2112 1199.0484 335.2375 475.6404 274.8469 118.6512 350.0252 195.9185 267.643 1211.5385;
	3.6978 49.966 91.1175 110.9055 14.6714 28.6084 19.6861 13.4899 28.4524 30.8002 56.9337 84.9338 127.8674 64.4625 201.8379 76.0413 94.3475 99.9802 91.9475 73.2985 6.562 66.753 75.6686 84.5233 99.3435 71.7315 10.6582 1260.093 715.325 715.325 642.25 112.5798 306.4916 188.6704 202.0987 305.2053 1180.6685 295.4531 475.1662 266.0986 120.3891 317.363 172.5552 245.1823 1192.9671;
