function solarprofile = ex_solar_profilesh1
%EX_WIND_PROFILE_D  Example wind_load_nyiso profile data for deterministic unit commitment.
% 2022.03.12
% Andres F. Ramirez


%% define constants
[GEN_BUS, PG, QG, QMAX, QMIN, VG, MBASE, GEN_STATUS, PMAX, PMIN, ...
    MU_PMAX, MU_PMIN, MU_QMAX, MU_QMIN, PC1, PC2, QC1MIN, QC1MAX, ...
    QC2MIN, QC2MAX, RAMP_AGC, RAMP_10, RAMP_30, RAMP_Q, APF] = idx_gen;
[CT_LABEL, CT_PROB, CT_TABLE, CT_TBUS, CT_TGEN, CT_TBRCH, CT_TAREABUS, ...
    CT_TAREAGEN, CT_TAREABRCH, CT_ROW, CT_COL, CT_CHGTYPE, CT_REP, ...
    CT_REL, CT_ADD, CT_NEWVAL, CT_TLOAD, CT_TAREALOAD, CT_LOAD_ALL_PQ, ...
    CT_LOAD_FIX_PQ, CT_LOAD_DIS_PQ, CT_LOAD_ALL_P, CT_LOAD_FIX_P, ...
    CT_LOAD_DIS_P, CT_TGENCOST, CT_TAREAGENCOST, CT_MODCOST_F, ...
    CT_MODCOST_X] = idx_ct;

solarprofile = struct( ...
    'type', 'mpcData', ...
    'table', CT_TGEN, ...
    'rows', [1:12], ...
    'col', PMAX, ...
    'chgtype', 1, ...
    'values', [] );
solarprofile.values(:,1,:) = [
	0.0 0.0 0.0 0.0 0.0 0.0 0.0 0.0 0.0 0.0 0.0 0.0;
	0.0 0.0 0.0 0.0 0.0 0.0 0.0 0.0 0.0 0.0 0.0 0.0;
	0.0 0.0 0.0 0.0 0.0 0.0 0.0 0.0 0.0 0.0 0.0 0.0;
	0.0 0.0 0.0 0.0 0.0 0.0 0.0 0.0 0.0 0.0 0.0 0.0;
	0.0 0.0 0.0 0.0 0.0 0.0 0.0 0.0 0.0 0.0 0.0 0.0;
	1.0373 0.9099 0.7416 0.0 0.0 12.8545 1.6068 4.4288 0.9074 0.0 0.0 0.0;
	9.1569 6.3915 6.296 1.0143 3.3031 363.9246 45.4906 52.5292 152.0376 72.4387 33.5213 131.187;
	25.5723 16.1166 14.1309 0.2809 4.9611 379.4067 47.4258 59.4165 169.0661 137.3361 125.5249 248.7166;
	26.9668 16.874 14.2884 0.4443 6.5589 408.7306 51.0913 63.7484 183.4604 134.9829 155.4373 244.4549;
	26.0979 16.3674 13.8 1.367 6.6519 429.1992 53.6499 64.4665 179.3373 36.6424 130.1577 66.3596;
	25.6779 16.5136 13.8 3.3519 9.1884 429.3761 53.672 70.6928 217.0993 53.893 124.5232 97.6006;
	25.6262 16.5299 13.8 4.9687 9.6906 415.7547 51.9693 73.3718 233.0993 83.6368 133.9538 151.4667;
	25.3099 16.7202 14.3397 5.3153 4.1964 346.7664 43.3458 72.6981 184.5256 160.6318 119.7609 290.9051;
	23.914 16.6975 14.3398 4.326 1.7827 319.7408 39.9676 67.9075 133.8829 149.7265 109.3458 271.1556;
	18.1095 13.4827 12.961 3.1162 0.6551 286.9769 35.8721 60.6896 98.9222 102.6066 74.2805 185.8212;
	6.7521 4.0522 3.2165 2.313 0.6298 164.5906 20.5738 36.8538 79.1987 22.0707 31.8896 39.9701;
	1.3435 1.1111 0.8292 0.8434 1.0246 63.2317 7.904 13.2734 32.3765 7.4905 11.8663 13.5654;
	0.0 0.0 0.0 0.0 0.0 0.0 0.0 0.0 0.0 0.0 0.0 0.0;
	0.0 0.0 0.0 0.0 0.0 0.0 0.0 0.0 0.0 0.0 0.0 0.0;
	0.0 0.0 0.0 0.0 0.0 0.0 0.0 0.0 0.0 0.0 0.0 0.0;
	0.0 0.0 0.0 0.0 0.0 0.0 0.0 0.0 0.0 0.0 0.0 0.0;
	0.0 0.0 0.0 0.0 0.0 0.0 0.0 0.0 0.0 0.0 0.0 0.0;
	0.0 0.0 0.0 0.0 0.0 0.0 0.0 0.0 0.0 0.0 0.0 0.0;
	0.0 0.0 0.0 0.0 0.0 0.0 0.0 0.0 0.0 0.0 0.0 0.0;
];
