function loadprofile = ex_load_profilesh1
%EX_LOAD_PROFILE  Example load profile data file for stochastic unit commitment.
% 2022.03.12
% Andres F. Ramirez

%% define constants
[CT_LABEL, CT_PROB, CT_TABLE, CT_TBUS, CT_TGEN, CT_TBRCH, CT_TAREABUS, ...
    CT_TAREAGEN, CT_TAREABRCH, CT_ROW, CT_COL, CT_CHGTYPE, CT_REP, ...
    CT_REL, CT_ADD, CT_NEWVAL, CT_TLOAD, CT_TAREALOAD, CT_LOAD_ALL_PQ, ...
    CT_LOAD_FIX_PQ, CT_LOAD_DIS_PQ, CT_LOAD_ALL_P, CT_LOAD_FIX_P, ...
    CT_LOAD_DIS_P, CT_TGENCOST, CT_TAREAGENCOST, CT_MODCOST_F, ...
    CT_MODCOST_X] = idx_ct;

loadprofile = struct( ...
    'type', 'mpcData', ...
    'table', CT_TAREALOAD, ...
    'rows', [1:11], ...
    'col', CT_LOAD_ALL_P, ...
    'chgtype', 1, ...
    'values', [] );
loadprofile.values(:,1,:) = [
	1543.9748 893.4797 1427.4481 554.9247 621.9849 1056.9303 814.1061 212.7134 508.2776 4568.4813 1694.5;
	1544.1147 879.0535 1397.702 552.4785 614.6684 1041.6885 807.9528 207.3771 483.7329 4360.7773 1640.7333;
	1551.2666 902.8117 1450.4194 568.1 640.9551 1078.2377 808.6311 213.2877 485.1936 4335.4619 1645.463;
	1588.1 930.2143 1530.2425 563.234 688.8723 1131.666 842.6575 226.7 497.2 4451.458 1691.3738;
	1623.8987 980.4977 1618.2893 578.9166 775.9119 1205.0403 906.1 238.4731 529.8 4668.208 1826.9;
	1668.7 1018.4308 1685.6698 569.9022 816.0664 1273.9777 956.7238 255.5626 555.1 4856.2109 1890.1376;
	1754.5746 1074.4757 1762.0625 565.7114 837.7812 1283.7092 983.3 259.3733 596.8257 5083.926 2005.0186;
	1762.9976 1116.7408 1773.1976 538.1782 855.3383 1290.3539 997.0419 252.1799 626.2965 5145.4743 2055.5133;
	1764.5763 1113.3474 1784.0032 545.6177 853.4642 1317.3504 1026.9 245.7983 618.2316 5172.9969 2075.5499;
	1774.6789 1116.6781 1756.0604 561.4306 856.4047 1322.8131 991.6614 259.3019 634.7414 5078.2936 2027.626;
	1792.5041 1117.763 1796.9083 556.3 842.3122 1304.7819 1007.1037 288.6656 631.0926 5217.1316 2033.674;
	1738.3 1126.7236 1756.0239 550.1 814.4166 1289.5 954.4662 277.3 615.0334 5224.4086 1938.0988;
	1699.0873 1112.5921 1712.8148 559.7659 788.3713 1238.1479 974.7912 296.996 617.4984 5291.0964 2055.418;
	1701.5569 1123.7996 1710.8481 570.9553 779.2512 1248.3226 962.5798 281.8 629.1558 5263.9205 2019.2416;
	1732.6043 1184.691 1814.4267 578.703 827.0028 1279.2728 997.28 290.4369 622.3249 5280.8724 2123.434;
	1728.5752 1254.9428 1841.5803 589.7453 864.7115 1325.9315 1023.8 294.7475 641.9239 5414.6 2350.046;
	1669.476 1151.8222 1788.522 597.7109 864.5631 1346.4425 1029.8853 286.061 628.9338 5356.6519 2276.0409;
	1718.3953 1176.8628 1833.6276 593.3524 899.1006 1361.9 1074.9428 306.0789 657.0164 5514.3177 2362.4334;
	1772.3996 1192.9508 1864.6399 616.0 907.9339 1367.7095 1090.9227 296.8475 665.5162 5448.675 2336.6322;
	1730.4906 1135.6948 1746.8742 593.7713 838.3554 1294.5809 1050.4869 277.075 644.7998 5438.6961 2254.9;
	1614.9909 1060.9905 1638.0579 575.833 783.7777 1179.5308 970.931 266.598 605.8504 5207.3803 2106.4754;
	1563.0094 999.6251 1603.2662 589.2 747.4388 1155.3757 931.3465 255.3636 577.6367 5061.4866 2009.9004;
	1602.5036 992.0125 1622.9282 601.361 799.5748 1158.5787 935.5 250.6948 559.6 4940.2 1901.226;
	1555.7892 948.3811 1546.5766 599.857 743.2561 1116.1987 873.6803 228.4286 525.3556 4664.0788 1785.8107;
];
