function loadprofile = ex_load_profilesh1
%EX_LOAD_PROFILE  Example load profile data file for stochastic unit commitment.
% 2022.03.12
% Andres F. Ramirez

%% define constants
[CT_LABEL, CT_PROB, CT_TABLE, CT_TBUS, CT_TGEN, CT_TBRCH, CT_TAREABUS, ...
    CT_TAREAGEN, CT_TAREABRCH, CT_ROW, CT_COL, CT_CHGTYPE, CT_REP, ...
    CT_REL, CT_ADD, CT_NEWVAL, CT_TLOAD, CT_TAREALOAD, CT_LOAD_ALL_PQ, ...
    CT_LOAD_FIX_PQ, CT_LOAD_DIS_PQ, CT_LOAD_ALL_P, CT_LOAD_FIX_P, ...
    CT_LOAD_DIS_P, CT_TGENCOST, CT_TAREAGENCOST, CT_MODCOST_F, ...
    CT_MODCOST_X] = idx_ct;

loadprofile = struct( ...
    'type', 'mpcData', ...
    'table', CT_TAREALOAD, ...
    'rows', [1:11], ...
    'col', CT_LOAD_ALL_P, ...
    'chgtype', 1, ...
    'values', [] );
loadprofile.values(:,1,:) = [
	1469.8237 824.3262 1433.4227 558.8285 687.8 1076.1855 769.2487 240.578 416.7969 4372.8813 1619.3;
	1470.2059 826.2464 1416.1284 555.2 681.4496 1076.6552 777.56 247.5501 376.4674 4292.3206 1602.1281;
	1481.4224 826.8194 1407.2573 569.6016 698.1 1079.095 780.3176 241.1 390.4989 4267.6244 1611.9831;
	1555.9518 878.3258 1472.8962 578.0 743.4828 1142.94 816.8699 248.7898 393.5341 4303.7866 1662.148;
	1628.3 927.2775 1568.3363 598.2908 787.7981 1174.0831 870.4946 271.1749 401.1839 4447.1321 1790.4526;
	1708.6083 997.3526 1681.4789 608.6474 855.0222 1256.9706 932.8153 279.3785 493.6081 4685.5448 1887.3438;
	1749.9453 1014.3727 1681.904 618.3123 899.8365 1309.4625 984.7115 299.2 553.4361 5008.9363 2059.958;
	1830.3567 1058.852 1790.0403 620.5481 937.1403 1335.1 1000.6212 313.3975 579.7195 5161.6457 2060.0803;
	1823.3796 1091.8 1866.8395 618.5948 1001.0621 1404.8153 1049.3558 320.0 610.1241 5296.8 2125.609;
	1823.8241 1058.6869 1839.8241 627.5186 977.4133 1417.2128 1029.3283 313.8733 586.6499 5315.4069 2109.627;
	1770.2685 1047.7484 1885.6009 619.3371 971.6313 1400.4953 1003.1814 310.5 574.4214 5250.7102 2005.1128;
	1759.6377 1052.6162 1846.3679 605.6641 965.3537 1371.1101 983.5882 294.2736 547.3504 5258.7162 1964.0855;
	1735.3941 1013.4017 1808.2728 600.1287 963.2242 1353.4787 978.4925 285.6 570.0599 5208.1383 1995.4692;
	1743.2069 1016.4844 1819.8146 640.0321 965.2576 1335.6508 987.4788 297.8545 569.6 5212.4792 2121.4592;
	1771.6377 1070.7 1863.4666 635.3132 980.6903 1348.1164 964.2126 301.7136 557.561 5138.7827 2052.1744;
	1741.0 1091.6741 1866.8649 621.0302 998.2184 1358.9505 978.9747 324.1571 582.3484 5255.8191 2146.2318;
	1777.8507 1108.291 1882.8621 631.9248 1038.8854 1361.1961 981.5291 298.7 570.9331 5195.9457 2153.6356;
	1836.9709 1167.0295 1935.3828 633.1873 1056.3 1438.4338 1073.7372 345.1128 621.0599 5402.5378 2392.4107;
	1885.5269 1173.7097 1911.0662 637.5337 1055.9117 1385.573 1049.3064 327.1754 596.9075 5322.7355 2337.2139;
	1847.4128 1117.4 1847.3982 624.2984 1021.6543 1351.4572 1014.3603 318.9 590.976 5221.9184 2283.7124;
	1785.1 1046.5117 1727.9013 599.5011 949.4168 1272.7418 971.0189 305.1883 556.2348 5078.0876 2127.8421;
	1694.351 970.0948 1628.6513 611.645 879.9026 1204.6013 874.3048 291.2348 522.6021 4799.0003 1942.6722;
	1587.5664 936.3685 1586.9895 610.5597 857.5152 1166.1003 857.0864 284.4706 508.9897 4715.7974 1846.6559;
	1613.0637 911.5 1555.7458 607.7 834.5 1150.4 849.9968 279.4036 473.2035 4612.0567 1773.9137;
];
