function windprofile = ex_wind_profilesh1
%EX_WIND_PROFILE_D  Example wind_load_nyiso profile data for deterministic unit commitment.
% 2022.03.12
% Andres F. Ramirez


%% define constants
[GEN_BUS, PG, QG, QMAX, QMIN, VG, MBASE, GEN_STATUS, PMAX, PMIN, ...
    MU_PMAX, MU_PMIN, MU_QMAX, MU_QMIN, PC1, PC2, QC1MIN, QC1MAX, ...
    QC2MIN, QC2MAX, RAMP_AGC, RAMP_10, RAMP_30, RAMP_Q, APF] = idx_gen;
[CT_LABEL, CT_PROB, CT_TABLE, CT_TBUS, CT_TGEN, CT_TBRCH, CT_TAREABUS, ...
    CT_TAREAGEN, CT_TAREABRCH, CT_ROW, CT_COL, CT_CHGTYPE, CT_REP, ...
    CT_REL, CT_ADD, CT_NEWVAL, CT_TLOAD, CT_TAREALOAD, CT_LOAD_ALL_PQ, ...
    CT_LOAD_FIX_PQ, CT_LOAD_DIS_PQ, CT_LOAD_ALL_P, CT_LOAD_FIX_P, ...
    CT_LOAD_DIS_P, CT_TGENCOST, CT_TAREAGENCOST, CT_MODCOST_F, ...
    CT_MODCOST_X] = idx_ct;

windprofile = struct( ...
    'type', 'mpcData', ...
    'table', CT_TGEN, ...
    'rows', [1:45], ...
    'col', PMAX, ...
    'chgtype', 1, ...
    'values', [] );
windprofile.values(:,1,:) = [
	3.8914 52.5815 90.7468 119.1672 14.506 32.8823 29.827 18.3142 27.9143 28.6894 53.0319 79.1132 119.1045 69.2259 193.2977 72.8238 90.3554 95.7498 86.9305 70.953 9.9423 76.7253 72.1854 82.7273 103.2748 73.6015 13.379 1322.6589 804.689 804.689 589.979 114.4126 289.7685 182.6332 217.0325 343.334 1316.2398 228.6031 474.8063 276.6288 120.0357 364.7739 206.8624 281.1963 1329.9506;
	3.9029 52.7373 92.0535 120.0308 14.7097 33.7316 27.3922 18.4316 27.6814 29.8805 55.2337 82.3978 124.0494 68.8571 194.0651 73.1129 90.7142 96.1299 86.1601 72.5528 9.1307 78.707 71.3976 85.8802 103.8643 73.6766 13.8429 1285.6265 808.5884 808.5884 628.5608 111.6724 287.2005 186.751 215.8763 344.9977 1285.8978 218.1588 472.2622 278.208 121.5562 374.1957 203.2 276.728 1299.2926;
	3.9062 52.7818 92.1811 119.5019 15.084 34.5949 22.4544 18.8181 28.1405 30.6351 56.6285 84.4785 127.182 67.8123 197.5268 74.4171 92.3323 97.8447 84.9926 72.0418 7.4848 80.7215 70.9424 86.3564 104.5341 75.759 13.9072 1270.5236 808.9127 808.9127 656.8959 108.6682 283.3088 185.4358 212.6008 345.1361 1335.4564 240.6649 447.2995 280.0021 122.2331 383.7731 208.508 272.1578 1349.3674;
	3.8585 52.1365 90.1472 118.1121 15.1776 33.1891 23.7126 18.4505 27.976 30.6747 56.7016 84.5877 127.3463 67.4388 200.0712 75.3756 93.5216 99.105 84.8337 72.076 7.9042 77.4413 70.8088 86.9572 101.7617 73.6107 14.0485 1314.8446 821.778 821.778 661.7404 113.106 282.7789 185.5237 211.4297 350.6253 1323.9765 258.1285 458.741 272.5761 121.5526 368.1779 166.2311 272.8443 1337.768;
	3.8549 52.0884 89.451 116.0919 14.44 32.6866 30.4478 18.6111 27.9308 30.7925 56.9195 84.9126 127.8355 66.4704 199.6304 75.2096 93.3156 98.8867 81.7454 72.5231 10.1493 76.2687 72.4159 82.7021 99.6987 73.6855 13.9285 1251.8243 812.3771 812.3771 689.9323 114.9058 272.4848 186.6746 208.3936 346.6142 1296.7794 256.7846 471.2701 267.0501 119.5998 362.6031 191.6463 267.0173 1310.2875;
	3.8723 52.3238 91.7985 119.0588 14.5029 33.4339 29.5231 18.7212 28.3154 30.948 57.2069 85.3414 128.481 68.5335 204.5865 77.0768 95.6323 101.3417 85.8922 73.7082 9.841 78.0124 72.5612 85.2168 101.6783 75.0068 13.8552 1261.1956 797.3657 797.3657 750.348 116.5508 286.3072 189.7252 214.8618 340.2094 1261.8822 261.4045 470.0052 272.3525 116.8165 370.8935 181.2476 278.9526 1275.0268;
	3.8522 52.0516 90.7797 116.5377 14.469 32.7993 30.1214 19.0895 28.2919 30.9736 57.2542 85.412 128.5873 67.4666 201.8446 76.0438 94.3506 99.9835 86.3324 73.9131 10.0405 76.5318 72.8449 85.2869 102.8497 75.8644 14.0783 1271.5299 781.6681 781.6681 714.1627 111.0632 287.7745 190.2526 211.517 333.5117 1254.8713 288.0159 466.5155 275.4904 120.6862 363.8538 160.7552 276.4166 1267.9429;
	3.7421 50.5641 88.019 112.8208 14.1407 32.9993 29.7637 18.5977 27.7041 30.3136 56.0343 83.5921 125.8475 69.2007 203.6673 76.7305 95.2026 100.8864 86.4803 72.8864 9.9212 76.9985 71.6649 86.1202 99.1781 73.7985 13.8813 1292.8672 769.7103 769.7103 730.1062 112.4183 288.2676 187.6097 216.9535 328.4097 1259.7279 298.5742 463.5776 265.6557 115.6663 366.0726 161.2218 274.6225 1272.8501;
	3.7871 51.1721 93.4136 117.1461 14.6486 34.4411 31.9392 18.9121 28.4033 31.1543 57.5882 85.9102 129.3374 69.7783 205.1908 77.3044 95.9148 101.641 89.4327 73.4215 10.6464 80.3625 73.2357 86.9652 104.6409 75.6747 14.1131 1316.6268 811.8248 811.8248 783.0115 113.9178 298.109 188.9873 218.7645 346.3786 1296.3107 312.2445 478.4072 280.2881 115.9737 382.0663 199.5043 275.0496 1309.8139;
	3.7874 51.1762 92.9487 116.1878 14.8852 33.9419 26.221 18.5105 28.0874 30.9962 57.296 85.4744 128.6812 69.7458 203.041 76.4945 94.9099 100.5761 88.7502 72.6159 8.7403 79.1978 73.4241 87.1865 102.6506 74.0319 13.6638 1322.8719 822.8424 822.8424 771.3388 116.7989 295.834 186.9136 218.6625 351.0794 1299.8543 334.4045 471.3263 274.9569 116.1206 376.5289 201.0703 274.3783 1313.3945;
	3.652 49.3468 89.9087 115.0236 14.5584 32.7679 28.076 17.58 27.5416 31.0704 57.4332 85.6791 128.9894 69.6564 200.0338 75.3616 93.5042 99.0865 89.3395 72.3283 9.3587 76.4585 72.0073 84.6709 99.1179 70.5249 13.2853 1270.3638 805.2135 805.2135 750.034 108.4277 297.7984 186.1731 218.3821 343.5578 1271.2185 314.4495 463.5281 265.4943 117.8519 363.5053 200.8101 265.5898 1284.4604;
	3.6199 48.9131 88.7461 113.4716 14.5706 33.0064 24.2443 17.4295 27.3603 30.0598 55.5651 82.8922 124.7938 68.6908 199.5765 75.1893 93.2904 98.86 90.4672 70.0132 8.0814 77.015 71.4815 85.7037 99.5314 66.2201 13.0555 1256.8992 801.1747 801.1747 752.7796 111.5523 301.5575 180.214 215.355 341.8345 1242.2592 313.2483 466.9932 266.6018 116.9556 366.1515 198.9331 269.7096 1255.1994;
	3.6375 49.1508 90.037 110.6672 14.7262 33.1071 26.1948 17.7315 27.2917 30.8439 57.0145 85.0545 128.0491 67.9909 199.0306 74.9836 93.0352 98.5896 90.5911 71.3979 8.7316 77.2498 72.3832 81.7651 97.3464 70.8579 13.3418 1274.0903 822.9212 822.9212 773.9588 113.3818 301.9703 183.7783 213.1605 351.113 1280.687 334.5786 471.1738 260.7493 119.7763 367.2677 205.2722 270.3797 1294.0275;
	3.7058 50.0731 92.6365 115.3872 14.6334 34.7148 27.3069 17.7104 27.925 30.952 57.2142 85.3524 128.4975 68.4352 201.4131 75.8812 94.1489 99.7697 89.2816 72.7832 9.1023 81.0011 72.3372 85.2522 98.6627 70.7805 13.0665 1282.4486 838.9489 838.9489 804.9361 118.9393 297.6054 187.3442 214.5537 357.9515 1298.6827 334.0819 475.0994 264.275 116.2633 385.1024 207.0856 275.1129 1312.2106;
	3.638 49.1571 91.9106 115.4963 14.3405 33.2032 24.8673 17.8661 28.2973 29.3307 54.2173 80.8815 121.7666 66.2193 192.6788 72.5906 90.0661 95.4432 86.1157 71.1715 8.2891 77.474 72.1641 87.0547 101.4105 68.1815 13.1214 1242.7062 818.2349 818.2349 782.7446 116.8969 287.0522 183.1955 207.6064 349.1136 1256.2995 316.4361 468.1624 271.6352 119.5121 368.3336 203.9335 273.9831 1269.386;
	3.5835 48.421 90.9982 115.6909 14.2888 31.9227 25.3594 18.1191 27.4719 29.2213 54.0151 80.5799 121.3126 66.6392 185.14 69.7504 86.5422 91.7089 86.685 69.7275 8.4531 74.4864 68.2415 85.9064 100.3214 65.542 13.0615 1234.3281 823.4267 823.4267 746.7515 114.0868 288.9499 179.4787 208.9228 351.3287 1211.4392 319.9554 464.1245 268.718 119.7403 354.1297 197.1407 272.6417 1224.0583;
	3.5766 48.3282 90.4102 113.2711 14.088 30.0308 23.0837 18.0542 27.1261 29.4798 54.4929 81.2928 122.3858 67.3362 185.1315 69.7472 86.5382 91.7047 84.8837 68.3806 7.6946 70.0718 68.8024 84.9003 99.9623 56.5602 12.9383 1211.4265 780.2704 780.2704 622.0952 107.8381 282.9456 176.0117 211.108 332.9154 1136.3665 308.6972 454.6381 267.7561 120.1759 333.1415 182.5055 253.1854 1148.2037;
	3.634 49.1032 92.3972 113.5699 14.614 28.7188 18.7131 14.0449 26.0342 29.0096 53.6237 79.9961 120.4336 66.9787 176.3197 66.4274 82.4192 87.3398 81.7584 68.6058 6.2377 67.0105 69.2173 88.2411 103.9899 70.8503 10.9455 1199.7568 730.2585 730.2585 612.0916 110.4322 272.528 176.5914 209.9873 311.5769 1155.1667 281.3181 445.7168 278.5444 121.5041 318.5873 168.0072 245.912 1167.1997;
