function loadprofile = ex_load_profilesh1
%EX_LOAD_PROFILE  Example load profile data file for stochastic unit commitment.
% 2022.03.12
% Andres F. Ramirez

%% define constants
[CT_LABEL, CT_PROB, CT_TABLE, CT_TBUS, CT_TGEN, CT_TBRCH, CT_TAREABUS, ...
    CT_TAREAGEN, CT_TAREABRCH, CT_ROW, CT_COL, CT_CHGTYPE, CT_REP, ...
    CT_REL, CT_ADD, CT_NEWVAL, CT_TLOAD, CT_TAREALOAD, CT_LOAD_ALL_PQ, ...
    CT_LOAD_FIX_PQ, CT_LOAD_DIS_PQ, CT_LOAD_ALL_P, CT_LOAD_FIX_P, ...
    CT_LOAD_DIS_P, CT_TGENCOST, CT_TAREAGENCOST, CT_MODCOST_F, ...
    CT_MODCOST_X] = idx_ct;

loadprofile = struct( ...
    'type', 'mpcData', ...
    'table', CT_TAREALOAD, ...
    'rows', [1:11], ...
    'col', CT_LOAD_ALL_P, ...
    'chgtype', 1, ...
    'values', [] );
loadprofile.values(:,1,:) = [
	1490.9641 901.5719 1598.7372 557.8786 736.0 1067.2 831.2808 240.5613 497.6 4414.6086 1716.6674;
	1484.1528 890.7986 1572.3472 560.0239 707.6246 1060.9663 819.1923 235.6481 479.2643 4339.5969 1702.5359;
	1499.9 897.6053 1575.2764 558.5 736.0413 1084.1587 837.8876 243.7738 482.3212 4359.8575 1716.5901;
	1511.9542 927.4 1621.6459 569.8975 733.8954 1094.7779 870.6642 258.1 502.6412 4429.7842 1807.4069;
	1575.8082 982.8 1722.6303 579.9802 800.0 1152.0537 916.1252 284.4592 517.8039 4589.6284 1942.4795;
	1627.9577 1031.8112 1788.4458 598.1756 880.459 1237.0 984.8863 323.3265 555.1605 4839.9768 2102.268;
	1691.2193 1073.6654 1868.5731 609.9694 960.9135 1318.8479 1054.603 324.3896 593.5032 5207.9344 2194.9524;
	1752.6691 1113.8137 1917.23 605.7 955.112 1339.9793 1071.0414 326.4 594.12 5331.093 2099.5457;
	1795.8448 1130.9735 1936.7265 588.7035 991.9 1373.8764 1099.4594 343.6 614.2 5463.2728 2091.1181;
	1796.8922 1127.2187 1895.8 582.8 986.7705 1418.2149 1087.444 342.3293 603.4714 5550.2014 2072.7336;
	1802.4284 1091.5247 1868.7909 562.83 986.7786 1386.2346 1073.9045 340.618 592.7843 5575.3254 1966.5815;
	1736.992 1078.6458 1849.3724 561.4915 987.6451 1354.5955 1087.7636 353.3032 589.7 5606.3 2060.3693;
	1709.5868 1073.5234 1869.1948 553.3365 970.6204 1375.843 1113.0922 365.8223 599.1151 5691.6767 2092.3113;
	1705.6539 1065.9 1858.6347 550.4 950.301 1428.6884 1135.4941 360.3701 585.3 5742.5017 2177.6989;
	1650.2822 1056.6975 1847.0955 546.5013 974.8411 1388.9942 1145.7832 365.2546 594.6117 5651.7966 2185.2627;
	1669.5644 1087.239 1872.8093 567.944 1002.4908 1386.6706 1157.254 387.6351 611.9683 5744.534 2334.644;
	1688.1216 1117.2004 1920.3936 579.9884 1054.1 1404.1116 1163.646 428.2851 616.8585 5760.3743 2476.8482;
	1802.206 1186.8869 2019.8916 583.2203 1068.8677 1429.6916 1156.3647 436.3062 651.3 6098.758 2581.2081;
	1848.7696 1187.5637 1994.9702 595.6816 1060.3507 1453.3456 1191.28 413.1071 661.9915 6179.8281 2634.1744;
	1803.3634 1115.7 1883.9304 582.0828 999.3185 1415.6288 1127.9807 380.6834 641.6 5972.8327 2445.7926;
	1764.0893 1055.2 1856.4281 600.199 945.5207 1357.6931 1100.8 364.922 619.7 5673.4916 2279.2199;
	1697.0631 989.6148 1748.6412 584.2391 895.5911 1273.4813 1055.737 351.2638 603.6335 5474.5591 2155.9098;
	1570.8204 947.6911 1664.1459 651.7472 854.9828 1241.6208 968.9156 390.8163 560.2733 5032.0115 1944.3044;
	1534.4 911.4686 1709.0725 609.9235 867.4062 1287.6229 951.7836 321.6029 522.0197 4705.2198 1877.767;
];
