function loadprofile = ex_load_profilesh1
%EX_LOAD_PROFILE  Example load profile data file for stochastic unit commitment.
% 2022.03.12
% Andres F. Ramirez

%% define constants
[CT_LABEL, CT_PROB, CT_TABLE, CT_TBUS, CT_TGEN, CT_TBRCH, CT_TAREABUS, ...
    CT_TAREAGEN, CT_TAREABRCH, CT_ROW, CT_COL, CT_CHGTYPE, CT_REP, ...
    CT_REL, CT_ADD, CT_NEWVAL, CT_TLOAD, CT_TAREALOAD, CT_LOAD_ALL_PQ, ...
    CT_LOAD_FIX_PQ, CT_LOAD_DIS_PQ, CT_LOAD_ALL_P, CT_LOAD_FIX_P, ...
    CT_LOAD_DIS_P, CT_TGENCOST, CT_TAREAGENCOST, CT_MODCOST_F, ...
    CT_MODCOST_X] = idx_ct;

loadprofile = struct( ...
    'type', 'mpcData', ...
    'table', CT_TAREALOAD, ...
    'rows', [1:11], ...
    'col', CT_LOAD_ALL_P, ...
    'chgtype', 1, ...
    'values', [] );
loadprofile.values(:,1,:) = [
	1486.0374 897.3 1528.481 519.5275 755.7707 1096.2 785.2762 258.9 470.6562 4382.4 1620.3627;
	1502.6169 911.3064 1569.4329 507.2004 751.7851 1087.3071 790.36 262.568 475.7812 4360.7492 1612.6112;
	1486.6652 905.3623 1525.8624 509.8718 757.4418 1094.664 785.8036 243.7742 461.7233 4273.2103 1620.5317;
	1500.5496 923.233 1582.7501 496.2085 787.6179 1120.5484 803.4676 256.2039 476.2775 4341.4419 1675.2879;
	1572.1991 979.5 1645.4356 522.3286 838.3 1199.3221 866.4483 274.6727 526.2 4572.4354 1788.3;
	1637.3528 1020.9874 1693.2117 555.9 839.3141 1224.3697 907.6539 285.6 547.689 4740.9571 1848.5397;
	1688.7752 1050.1307 1768.4612 560.52 877.6163 1309.4887 955.4694 298.7129 588.3 4912.2079 1953.5258;
	1717.5334 1105.9348 1855.3395 583.3778 945.8247 1358.2961 997.7011 310.1 622.3218 5224.7349 2026.791;
	1714.4657 1130.9806 1889.0566 575.1136 960.7932 1391.8635 1024.1 328.8759 648.6363 5451.734 2082.355;
	1732.3667 1114.8762 1852.3273 577.2751 965.9198 1405.6458 997.0141 320.3152 646.3133 5479.9 2085.59;
	1717.0682 1085.2 1820.7882 567.7095 938.3558 1378.8161 982.9819 323.5476 656.2393 5502.8323 2035.9007;
	1702.2251 1066.1566 1798.9 573.2 932.542 1367.4144 936.3207 303.1744 643.2969 5412.0 2025.789;
	1705.9304 1074.1134 1788.4588 583.0765 905.0508 1333.5003 974.689 311.6738 644.8914 5419.5273 2033.043;
	1704.2899 1074.7477 1795.8453 583.9679 902.4733 1372.3124 957.3 294.6176 667.4349 5384.2661 2058.086;
	1716.1251 1086.0848 1832.2929 579.8225 934.4649 1412.2705 972.9544 316.4075 650.1865 5379.056 2129.3244;
	1684.9016 1093.5 1857.5949 574.1163 931.3126 1443.742 999.4565 311.3005 635.3 5427.4352 2137.1394;
	1668.3604 1078.7 1836.6761 587.9854 919.5 1432.764 1003.6007 318.7084 624.567 5385.0272 2152.8647;
	1726.7194 1142.6 1927.7661 610.3996 950.7093 1480.6746 1062.049 332.9944 664.5732 5541.2831 2334.7259;
	1765.3206 1180.1526 1939.739 606.7036 974.2525 1467.2655 1101.769 334.5714 664.1 5535.8858 2320.6587;
	1801.8152 1129.4073 1850.7 588.9274 937.0587 1397.1528 1092.2459 332.7284 667.2905 5560.8577 2265.8018;
	1736.0364 1072.0749 1767.8317 577.7839 872.3 1337.3103 1082.1513 321.9 653.1489 5589.8697 2166.9195;
	1683.1733 1001.6605 1647.6322 566.7567 829.3482 1219.1054 975.4033 301.4199 592.8461 5248.4966 1996.7622;
	1666.3085 1003.4375 1657.6955 572.0 805.9931 1251.2758 970.5 259.9394 557.3 5092.275 1833.3887;
	1655.7199 1033.1854 1686.4896 574.9821 819.609 1219.5154 960.0486 262.8835 524.1064 4865.9488 1793.9956;
];
