function loadprofile = ex_load_profilesh1
%EX_LOAD_PROFILE  Example load profile data file for stochastic unit commitment.
% 2022.03.12
% Andres F. Ramirez

%% define constants
[CT_LABEL, CT_PROB, CT_TABLE, CT_TBUS, CT_TGEN, CT_TBRCH, CT_TAREABUS, ...
    CT_TAREAGEN, CT_TAREABRCH, CT_ROW, CT_COL, CT_CHGTYPE, CT_REP, ...
    CT_REL, CT_ADD, CT_NEWVAL, CT_TLOAD, CT_TAREALOAD, CT_LOAD_ALL_PQ, ...
    CT_LOAD_FIX_PQ, CT_LOAD_DIS_PQ, CT_LOAD_ALL_P, CT_LOAD_FIX_P, ...
    CT_LOAD_DIS_P, CT_TGENCOST, CT_TAREAGENCOST, CT_MODCOST_F, ...
    CT_MODCOST_X] = idx_ct;

loadprofile = struct( ...
    'type', 'mpcData', ...
    'table', CT_TAREALOAD, ...
    'rows', [1:11], ...
    'col', CT_LOAD_ALL_P, ...
    'chgtype', 1, ...
    'values', [] );
loadprofile.values(:,1,:) = [
	1485.1 844.6679 1415.6689 558.4076 723.3405 1028.1301 805.7712 234.4 538.8714 4401.3403 1709.8601;
	1476.3773 850.1756 1433.43 543.5705 732.5 1015.1344 801.5846 243.0683 530.3554 4387.4305 1685.3;
	1468.8591 864.2665 1443.8845 525.5314 724.3 1036.5942 807.7352 242.0123 526.6108 4377.9797 1678.1938;
	1497.8002 865.707 1495.3263 546.7979 752.0677 1054.1677 817.4 257.3285 537.7434 4393.7567 1718.5984;
	1544.3194 953.0895 1609.9843 572.0949 843.4 1152.0378 880.2961 274.8 555.7441 4654.6013 1836.827;
	1603.8926 1032.5637 1758.3722 573.9707 937.9683 1243.1696 958.2554 310.9205 585.0941 4963.9617 1990.9853;
	1629.3484 1048.2 1806.0218 584.8758 988.1564 1301.3608 1002.9218 322.4176 595.8124 5105.1733 2074.6685;
	1672.5989 1099.7 1883.9207 598.2749 991.8329 1316.1764 1011.0072 337.1421 615.8677 5265.193 2082.1;
	1774.8814 1132.165 1950.9424 596.6556 994.9015 1369.9926 1051.299 356.763 622.6676 5480.5285 2122.9;
	1704.2384 1090.5464 1932.9026 605.3988 1003.9018 1365.5496 1077.3039 335.0569 651.6694 5650.5085 2158.2854;
	1731.3 1088.4945 1918.4548 587.2 988.4184 1303.124 1065.0633 346.969 634.2 5622.9085 2128.5512;
	1700.0647 1072.691 1890.548 570.865 983.5121 1240.2253 1018.2831 321.8779 623.183 5541.6234 2058.9433;
	1666.1865 1037.7153 1849.5869 563.1 949.0779 1208.9431 1003.0312 322.6333 599.4 5583.153 1993.4;
	1660.9728 1038.6665 1870.6085 549.4418 964.9669 1243.4161 1005.0659 331.2 605.1 5638.7178 1976.7425;
	1653.4 1044.8256 1876.2664 559.0818 943.948 1296.1827 1004.3906 353.6067 618.2481 6007.947 2102.8317;
	1726.1304 1064.3 1901.8 572.9617 975.7947 1325.2104 1055.0067 343.2971 627.5629 6017.3363 2293.0425;
	1707.4536 1060.1 1975.2196 575.8789 1001.1602 1323.0891 1068.851 360.1803 634.2 5919.4539 2284.6563;
	1739.9385 1096.9 2010.5023 577.2824 1053.0 1393.6669 1118.6 387.6025 670.1044 6043.6343 2389.2939;
	1817.6116 1125.2495 2010.7131 579.6389 1012.5 1386.0346 1129.4019 356.6393 651.9 5739.7876 2320.1;
	1762.7 1077.2554 1938.1393 579.1467 1006.2014 1356.5197 1135.2696 348.2319 648.9065 5514.4475 2273.3283;
	1690.5587 1021.2068 1839.9152 547.7795 946.1273 1275.8273 1077.314 323.5653 629.7299 5364.7394 2203.47;
	1585.7181 959.0 1715.7238 546.3926 887.5492 1184.3689 998.0974 302.914 586.94 5071.3011 2082.0966;
	1567.2642 934.6232 1674.1264 584.0258 876.9391 1174.9 947.3617 297.446 559.155 4840.695 1924.6718;
	1522.9355 904.7324 1634.0594 590.6853 841.2 1143.074 907.4477 274.4473 536.8273 4699.6577 1976.6806;
];
