function windprofile = ex_wind_profilesh1
%EX_WIND_PROFILE_D  Example wind_load_nyiso profile data for deterministic unit commitment.
% 2022.03.12
% Andres F. Ramirez


%% define constants
[GEN_BUS, PG, QG, QMAX, QMIN, VG, MBASE, GEN_STATUS, PMAX, PMIN, ...
    MU_PMAX, MU_PMIN, MU_QMAX, MU_QMIN, PC1, PC2, QC1MIN, QC1MAX, ...
    QC2MIN, QC2MAX, RAMP_AGC, RAMP_10, RAMP_30, RAMP_Q, APF] = idx_gen;
[CT_LABEL, CT_PROB, CT_TABLE, CT_TBUS, CT_TGEN, CT_TBRCH, CT_TAREABUS, ...
    CT_TAREAGEN, CT_TAREABRCH, CT_ROW, CT_COL, CT_CHGTYPE, CT_REP, ...
    CT_REL, CT_ADD, CT_NEWVAL, CT_TLOAD, CT_TAREALOAD, CT_LOAD_ALL_PQ, ...
    CT_LOAD_FIX_PQ, CT_LOAD_DIS_PQ, CT_LOAD_ALL_P, CT_LOAD_FIX_P, ...
    CT_LOAD_DIS_P, CT_TGENCOST, CT_TAREAGENCOST, CT_MODCOST_F, ...
    CT_MODCOST_X] = idx_ct;

windprofile = struct( ...
    'type', 'mpcData', ...
    'table', CT_TGEN, ...
    'rows', [1:45], ...
    'col', PMAX, ...
    'chgtype', 1, ...
    'values', [] );
windprofile.values(:,1,:) = [
	3.8489 52.0071 91.924 110.2392 15.0763 33.9556 28.7911 18.1506 27.2759 29.3731 54.2957 80.9986 121.9429 67.586 197.5605 74.4298 92.3481 97.8614 79.9102 73.5923 9.597 79.2297 74.9057 83.751 98.5652 71.9737 13.2046 1288.4032 759.0547 759.0547 551.2658 110.939 266.3673 189.4268 211.8911 323.8633 1197.0356 225.428 445.0176 264.0139 121.5757 376.6807 203.949 272.7023 1209.5047;
	3.6804 49.73 90.1507 109.7109 14.7984 31.994 26.7368 18.574 27.8009 30.053 55.5525 82.8734 124.7655 65.0281 185.2926 69.8079 86.6135 91.7845 68.4781 73.2438 8.9123 74.6526 75.2363 85.3206 97.6592 70.9508 13.3163 1271.7051 759.3572 759.3572 562.4181 102.4142 228.2603 188.5297 203.872 323.9924 1172.5157 210.0491 450.4981 261.5871 119.1388 354.9199 184.2571 251.4879 1184.7294;
	3.5788 48.3579 90.2073 108.8947 14.3201 32.3527 22.4553 18.3785 27.7427 29.7934 55.0726 82.1575 123.6876 64.2612 189.1634 71.2662 88.4229 93.7019 73.0095 72.6182 7.4851 75.4897 74.7699 84.4037 96.5099 73.7295 13.6732 1314.1811 747.9564 747.9564 606.6256 92.4216 243.365 186.9195 201.4675 319.1281 1235.6861 224.4276 406.607 258.5085 121.2203 358.8995 176.567 234.8988 1248.5579;
	3.7148 50.1955 93.6026 112.2188 14.5953 33.9738 25.3854 18.8106 28.3864 30.2658 55.9458 83.4601 125.6487 66.5458 194.6732 73.342 90.9984 96.4311 84.0539 72.6728 8.4618 79.2722 74.2242 86.3729 98.1087 72.5312 13.8395 1358.9391 784.0071 784.0071 627.9016 101.0753 280.1798 187.06 208.63 334.5097 1277.7678 238.2085 447.2724 262.791 121.3323 376.8829 158.9214 263.9829 1291.0779;
	3.7256 50.3414 92.8928 110.5919 14.4507 33.6432 30.8967 18.7023 28.1404 30.5299 56.4341 84.1886 126.7454 67.1211 200.9055 75.69 93.9116 99.5183 85.1805 72.9886 10.2989 78.5009 74.6573 82.3794 96.6896 73.6558 13.6601 1326.2612 790.4651 790.4651 666.3582 107.9949 283.9351 187.8728 210.4338 337.2651 1266.328 249.8995 466.6213 258.9899 117.1838 373.2157 196.8572 254.9134 1279.5189;
	3.7663 50.8914 93.4785 111.9656 14.5059 34.6178 30.2018 18.8545 27.7858 30.3334 56.0708 83.6466 125.9295 67.3942 203.057 76.5005 94.9173 100.584 85.6293 72.1125 10.0673 80.7749 75.1739 83.8788 96.7433 74.092 13.2063 1338.1271 809.7518 809.7518 722.4218 114.1931 285.4309 185.6178 211.29 345.4941 1263.7577 265.6553 461.5105 259.1339 115.9877 384.027 187.3444 261.0712 1276.9218;
	3.7447 50.5992 92.7281 110.7715 14.8013 34.5113 31.4707 18.7545 28.1911 30.6905 56.731 84.6315 127.4122 67.6095 201.1128 75.7681 94.0085 99.621 86.749 72.9633 10.4902 80.5263 74.2517 83.2747 96.7747 74.0186 13.3244 1320.1417 804.2309 804.2309 734.9903 114.5289 289.1634 187.8076 211.9649 343.1385 1262.2816 300.7033 473.7699 259.218 115.4885 382.8448 175.6907 252.8086 1275.4304;
	3.6378 49.1547 91.928 111.2124 14.4809 34.4756 30.2224 18.151 27.9932 30.184 55.7947 83.2348 125.3095 68.972 203.1453 76.5338 94.9586 100.6278 88.4694 71.0974 10.0741 80.4432 73.1411 85.6331 96.4355 72.9764 12.9168 1338.7416 829.1084 829.1084 738.3533 116.3037 294.8979 183.005 216.2365 353.7529 1286.9629 321.5437 475.6996 258.3092 117.9728 382.4498 180.8361 253.3553 1300.3687;
	3.6612 49.471 87.6805 109.246 14.8416 34.3227 31.6918 17.8464 26.9149 30.0158 55.4837 82.7708 124.611 68.6061 202.4906 76.2871 94.6526 100.3035 91.5274 71.9865 10.5639 80.0863 72.9352 84.8552 96.615 70.264 12.946 1350.1501 847.052 847.052 784.6795 122.5336 305.0913 185.2936 215.0895 361.4089 1331.0478 342.647 473.4916 258.7902 118.8345 380.7531 204.4359 254.11 1344.9129;
	3.6768 49.6822 89.071 109.6727 15.0587 33.9345 25.3501 17.7663 27.6677 30.1859 55.7981 83.2398 125.317 66.8925 198.8642 74.9209 92.9575 98.5072 89.426 70.9943 8.45 79.1805 73.8321 85.6248 97.7612 69.4069 12.9334 1314.2517 823.399 823.399 765.8444 121.7406 298.0865 182.7395 209.717 351.3169 1258.2133 349.4066 464.6217 261.8603 117.2657 376.4465 207.781 261.8576 1271.3197;
	3.7245 50.3256 89.8398 110.4676 14.6952 33.8694 27.6974 17.3107 27.2702 30.4388 56.2657 83.9373 126.3671 65.6874 194.0985 73.1255 90.7297 96.1464 88.975 72.1137 9.2325 79.0286 72.8274 84.2678 96.801 67.1316 12.8509 1344.9628 843.7504 843.7504 813.8822 121.8835 296.5832 185.6209 205.9388 360.0002 1319.646 347.1765 449.7313 259.2884 117.5899 375.7247 209.8129 260.0465 1333.3924;
	3.7976 51.3138 92.0764 111.7139 15.1126 34.1644 25.9299 17.5066 27.393 30.7472 56.8358 84.7879 127.6476 66.0553 192.763 72.6224 90.1055 95.4849 87.1697 69.9016 8.6433 79.717 74.8648 86.5975 98.4815 63.9419 12.8495 1329.4288 826.9383 826.9383 797.9433 120.4034 290.5657 179.9268 207.0922 352.827 1275.9962 337.2901 465.8577 263.7898 119.3917 378.9976 210.0559 265.1497 1289.2878;
	3.827 51.7115 93.5791 110.5563 15.1997 33.9948 27.4691 17.5955 27.8073 30.9188 57.153 85.261 128.36 67.9902 188.3485 70.9592 88.042 93.2982 87.419 70.1386 9.1564 79.3213 74.0143 81.5707 97.3884 68.348 12.844 1347.962 841.8217 841.8217 806.7699 120.4308 291.3968 180.5371 213.1583 359.1773 1290.0953 350.629 453.0174 260.8619 120.2269 377.1159 213.9661 268.5286 1303.5338;
	3.8165 51.5691 94.2991 115.7635 15.3739 34.3705 26.6958 17.8718 27.8511 29.7449 54.9829 82.0237 123.4862 67.4792 185.8257 70.0087 86.8627 92.0485 85.3869 71.0302 8.8986 80.1979 73.0692 85.6517 101.514 69.5986 12.995 1353.0545 813.1176 813.1176 790.1637 121.0382 284.623 182.8318 211.5563 346.9302 1269.7134 324.1201 454.8148 271.9125 114.1829 381.2839 208.5593 270.3707 1282.9396;
	3.6591 49.4421 91.0935 112.4279 14.8212 32.5539 21.0395 17.4052 25.935 29.4865 54.5053 81.3112 122.4135 66.1097 183.7363 69.2216 85.886 91.0136 85.1639 71.7925 7.0132 75.959 73.8575 85.6534 98.7111 67.3248 13.0301 1295.4664 760.2577 760.2577 718.0881 116.912 283.8797 184.7941 207.2628 324.3766 1181.2626 296.1876 434.5616 264.4047 115.4086 361.1308 199.0098 267.6745 1193.5675;
	3.6043 48.7014 89.5532 111.3434 14.5435 31.9534 23.5249 17.1492 26.5732 29.485 54.5026 81.3072 122.4075 64.9199 171.9989 64.7996 80.3995 85.1994 84.1506 71.5686 7.8416 74.5579 70.4972 85.3821 99.2734 65.514 12.0223 1234.7804 730.7388 730.7388 685.3329 118.1342 280.5021 184.2179 203.5327 311.7819 1094.6092 301.5893 453.0256 265.9109 115.1514 354.4697 195.2882 267.9337 1106.0114;
	3.2964 44.5416 86.6927 104.2941 13.9955 26.3102 21.0352 15.4541 26.7836 29.8435 55.1653 82.2957 123.8958 63.8075 188.1924 70.9004 87.969 93.2209 87.9769 72.4982 7.0117 61.3905 72.696 83.0045 96.8804 53.9329 10.4016 1110.1518 647.5609 647.5609 565.5847 110.6888 293.2563 186.6106 200.0452 276.2926 1025.0459 273.1642 438.0144 259.5009 110.5605 291.8681 129.0521 241.9239 1035.7235;
	3.6007 48.6529 90.4757 108.6641 14.2949 28.8707 18.9097 13.1742 27.9966 29.2585 54.0839 80.6825 121.4671 65.5027 188.2489 70.9217 87.9954 93.2489 89.4065 72.2169 6.3032 67.365 73.4392 85.9347 99.229 69.0959 9.7651 1182.9326 726.0965 726.0965 606.8067 108.0913 298.0218 185.8866 205.3597 309.8012 1140.7186 262.7315 445.5087 265.792 119.4263 320.2726 163.7612 239.2687 1152.601;
