function loadprofile = ex_load_profilesh1
%EX_LOAD_PROFILE  Example load profile data file for stochastic unit commitment.
% 2022.03.12
% Andres F. Ramirez

%% define constants
[CT_LABEL, CT_PROB, CT_TABLE, CT_TBUS, CT_TGEN, CT_TBRCH, CT_TAREABUS, ...
    CT_TAREAGEN, CT_TAREABRCH, CT_ROW, CT_COL, CT_CHGTYPE, CT_REP, ...
    CT_REL, CT_ADD, CT_NEWVAL, CT_TLOAD, CT_TAREALOAD, CT_LOAD_ALL_PQ, ...
    CT_LOAD_FIX_PQ, CT_LOAD_DIS_PQ, CT_LOAD_ALL_P, CT_LOAD_FIX_P, ...
    CT_LOAD_DIS_P, CT_TGENCOST, CT_TAREAGENCOST, CT_MODCOST_F, ...
    CT_MODCOST_X] = idx_ct;

loadprofile = struct( ...
    'type', 'mpcData', ...
    'table', CT_TAREALOAD, ...
    'rows', [1:11], ...
    'col', CT_LOAD_ALL_P, ...
    'chgtype', 1, ...
    'values', [] );
loadprofile.values(:,1,:) = [
	1420.8545 869.8294 1478.0953 554.1149 741.4826 1092.5471 792.6735 227.367 443.4208 4298.1834 1664.9975;
	1419.9837 857.879 1471.2834 545.3 743.9864 1094.9185 799.0617 234.7 441.8808 4118.4574 1654.8611;
	1439.7013 877.4495 1501.5316 552.5 746.0 1077.9564 810.6954 241.1797 461.5806 4141.3957 1679.2997;
	1455.4091 891.8876 1538.3007 555.7216 768.3775 1095.8112 838.2265 241.5567 478.1444 4225.0205 1715.815;
	1515.9162 953.1782 1629.3458 567.4 862.002 1156.6555 907.0048 254.3275 508.4 4440.207 1852.9411;
	1620.6883 1017.2542 1726.5542 589.5 936.3925 1233.8 951.707 276.0141 554.7877 4668.6731 1914.6633;
	1679.4 1059.0265 1794.4934 588.5529 966.338 1330.9363 1008.2365 296.3 597.8507 5021.4947 2011.7;
	1745.7604 1086.613 1823.1323 590.3 968.7264 1374.213 1060.3343 294.3027 624.0935 5254.2104 2122.9126;
	1774.4978 1088.7683 1784.9363 600.1312 935.2062 1340.0898 1057.7996 284.7626 630.8 5419.5647 2153.6663;
	1786.2442 1096.3483 1838.2468 611.9 974.8254 1408.1835 1122.5 276.3388 660.1652 5555.0152 2203.9749;
	1796.1 1105.8 1846.734 612.015 997.1287 1449.0365 1201.1744 299.8071 675.3873 5829.6281 2444.8881;
	1730.8 1078.5075 1807.309 608.5 967.3849 1431.9 1153.1724 278.6 652.0426 5592.4533 2314.371;
	1704.066 1059.1693 1778.8788 592.94 939.4759 1390.9363 1163.8646 284.9532 648.752 5626.3398 2333.5188;
	1735.24 1074.4916 1761.2313 579.6042 936.0882 1374.0994 1107.4484 286.5354 655.0042 5499.8957 2303.5586;
	1758.8936 1059.0754 1749.9626 569.0509 934.7242 1387.6387 1114.591 307.2 645.2253 5306.5294 2188.6389;
	1754.2725 1028.7059 1713.7218 584.1805 954.7 1401.4411 1142.108 319.0246 635.0871 5303.6611 2168.726;
	1760.4565 1056.8038 1752.3961 590.2023 985.5426 1397.2932 1197.9435 336.7919 664.8541 5370.7491 2256.7;
	1781.3696 1128.7687 1834.4843 610.4584 1020.5581 1473.6947 1202.8806 326.553 675.495 5551.4 2423.6667;
	1816.4414 1121.0339 1851.0785 600.0995 989.1274 1426.6 1190.1 328.2 675.8 5535.9831 2336.7374;
	1778.8791 1067.0233 1784.3578 595.5939 970.9 1388.2933 1117.1933 310.9159 654.4354 5348.0125 2211.1603;
	1689.1 1030.1118 1710.9301 583.8 933.6395 1324.7302 1073.364 304.574 639.2265 5261.6497 2161.8129;
	1586.6806 981.1972 1650.2219 576.9831 888.4195 1272.668 1020.4786 294.2 590.4777 5029.4175 2018.2312;
	1544.6009 939.8 1651.8379 607.7 878.5 1218.6 959.9583 244.6911 568.2492 4858.6521 1901.3791;
	1505.0381 943.9 1656.8487 597.094 873.3635 1189.2475 923.1654 254.3189 598.5929 4785.0 1839.2216;
];
