function loadprofile = ex_load_profilesh1
%EX_LOAD_PROFILE  Example load profile data file for stochastic unit commitment.
% 2022.03.12
% Andres F. Ramirez

%% define constants
[CT_LABEL, CT_PROB, CT_TABLE, CT_TBUS, CT_TGEN, CT_TBRCH, CT_TAREABUS, ...
    CT_TAREAGEN, CT_TAREABRCH, CT_ROW, CT_COL, CT_CHGTYPE, CT_REP, ...
    CT_REL, CT_ADD, CT_NEWVAL, CT_TLOAD, CT_TAREALOAD, CT_LOAD_ALL_PQ, ...
    CT_LOAD_FIX_PQ, CT_LOAD_DIS_PQ, CT_LOAD_ALL_P, CT_LOAD_FIX_P, ...
    CT_LOAD_DIS_P, CT_TGENCOST, CT_TAREAGENCOST, CT_MODCOST_F, ...
    CT_MODCOST_X] = idx_ct;

loadprofile = struct( ...
    'type', 'mpcData', ...
    'table', CT_TAREALOAD, ...
    'rows', [1:11], ...
    'col', CT_LOAD_ALL_P, ...
    'chgtype', 1, ...
    'values', [] );
loadprofile.values(:,1,:) = [
	1526.5017 893.9491 1548.4868 538.9 724.1386 1103.9075 800.7835 194.0 497.6071 4370.5204 1681.425;
	1544.2465 896.8408 1573.9506 523.1 740.8135 1117.3994 812.0083 194.9162 489.1198 4307.6364 1697.5;
	1542.6916 905.7251 1610.637 539.8702 749.5 1136.4351 822.1 205.3844 487.9145 4323.3745 1692.0898;
	1573.1 926.8 1620.7506 537.9575 759.0428 1170.271 854.7 210.5343 502.0049 4360.271 1744.7704;
	1630.7653 983.6033 1755.8228 562.1 848.5578 1231.9113 896.2616 225.4804 541.3536 4560.7531 1826.8775;
	1667.0 1027.1238 1816.3446 579.7809 890.6 1259.4031 920.5 221.9389 532.6156 4649.1918 1889.0337;
	1717.0756 1055.869 1827.7511 589.1221 906.4118 1310.8858 964.0799 241.3002 564.3174 4886.8275 1986.2993;
	1745.9158 1098.9952 1914.7287 602.862 945.4145 1400.0493 1005.6699 253.1999 602.2549 5166.3473 2006.178;
	1791.4516 1116.8853 1943.3886 601.5516 980.9208 1443.4027 1022.103 256.6665 639.8628 5361.3954 2049.2613;
	1840.85 1108.5235 1926.5172 590.0027 928.2873 1426.2893 982.9859 254.8055 633.5 5486.9 2086.4737;
	1792.4091 1041.9 1847.079 596.194 863.7178 1360.291 937.1951 247.4314 601.9 5395.4298 1899.3676;
	1729.8 1048.2932 1811.5487 584.001 872.7 1358.5232 922.6223 205.916 604.1321 5326.6 1850.9621;
	1739.1 1032.9 1783.1 568.6 861.3618 1356.845 913.1641 226.7588 588.8469 5289.9964 1896.8;
	1693.1519 1030.8594 1784.8431 548.4959 876.8498 1341.4096 922.7176 221.4326 585.4764 5196.5893 1900.5207;
	1639.4979 1022.7679 1809.4854 533.1 880.2729 1353.4995 968.3 223.2139 596.2391 5228.9008 2011.8708;
	1627.5902 1021.6009 1833.9596 538.0 918.1879 1372.755 976.006 188.659 576.9122 5218.9083 2016.7959;
	1719.8409 1049.9744 1860.5204 550.3875 971.0199 1427.9678 991.1015 234.4707 594.5373 5250.4214 2098.4422;
	1799.8953 1107.4 1961.6506 579.1 1002.8418 1521.548 1060.7966 237.453 620.2 5284.7522 2225.0322;
	1824.2231 1123.06 1949.3 571.4798 982.4918 1511.6322 1050.5681 278.2674 614.7868 5241.0793 2247.3524;
	1785.7 1086.3349 1900.4 549.0 949.0014 1426.0556 1028.9 269.174 618.1547 5220.3897 2169.6339;
	1752.1 1023.7 1778.0732 525.4729 878.8238 1373.7327 995.5788 269.006 579.1279 5145.1508 2124.0485;
	1666.2821 956.8463 1665.3121 497.2638 834.3 1295.5715 947.6377 257.9655 564.57 4998.8079 2032.9471;
	1641.9064 936.4 1674.2 569.7988 857.2016 1347.6248 925.989 249.3926 550.8719 4810.3721 1892.5579;
	1636.4499 941.4 1714.7114 576.2867 841.2407 1298.5458 902.1839 252.2387 537.9749 4655.382 1809.3269;
];
