function loadprofile = ex_load_profilesh1
%EX_LOAD_PROFILE  Example load profile data file for stochastic unit commitment.
% 2022.03.12
% Andres F. Ramirez

%% define constants
[CT_LABEL, CT_PROB, CT_TABLE, CT_TBUS, CT_TGEN, CT_TBRCH, CT_TAREABUS, ...
    CT_TAREAGEN, CT_TAREABRCH, CT_ROW, CT_COL, CT_CHGTYPE, CT_REP, ...
    CT_REL, CT_ADD, CT_NEWVAL, CT_TLOAD, CT_TAREALOAD, CT_LOAD_ALL_PQ, ...
    CT_LOAD_FIX_PQ, CT_LOAD_DIS_PQ, CT_LOAD_ALL_P, CT_LOAD_FIX_P, ...
    CT_LOAD_DIS_P, CT_TGENCOST, CT_TAREAGENCOST, CT_MODCOST_F, ...
    CT_MODCOST_X] = idx_ct;

loadprofile = struct( ...
    'type', 'mpcData', ...
    'table', CT_TAREALOAD, ...
    'rows', [1:11], ...
    'col', CT_LOAD_ALL_P, ...
    'chgtype', 1, ...
    'values', [] );
loadprofile.values(:,1,:) = [
	1420.7116 838.759 1475.3418 553.4568 743.5891 1033.645 805.4563 194.1232 461.7452 4339.8088 1661.655;
	1412.5294 849.4 1475.1576 549.6 721.7428 1011.4623 786.7424 187.2827 463.0288 4271.2366 1627.1382;
	1430.1 848.9353 1471.3806 540.7402 714.1794 1020.6233 782.1948 186.2213 459.4425 4068.3082 1630.1034;
	1468.7029 899.657 1533.2316 548.2181 763.6745 1072.3194 822.8935 187.214 463.8678 4270.9914 1698.1754;
	1549.087 965.9 1670.9062 563.0 822.9037 1146.2096 873.5 228.5 468.4092 4410.4087 1802.7831;
	1662.6164 1030.6 1800.8 589.4525 902.6677 1212.4 947.4659 272.0932 538.5 4832.1051 1979.305;
	1716.8816 1050.0518 1842.2247 575.8655 948.61 1266.1952 985.6 271.6796 576.1754 5003.5 2014.6706;
	1716.8701 1070.7675 1881.8411 588.6 966.4 1278.3931 994.3697 287.1596 597.4 5109.0729 2036.9577;
	1814.7747 1081.4546 1911.8 586.4 996.0998 1255.2645 994.4588 308.7732 618.3 5265.7539 2120.1086;
	1820.2967 1095.0486 1931.6386 580.2805 998.0811 1234.0855 1034.1683 312.8 631.8363 5419.6952 2213.6383;
	1825.5539 1063.0293 1882.0143 582.7 953.5229 1195.6521 1028.8928 292.8981 655.3228 5338.6765 2157.8791;
	1800.1 1072.1565 1848.5633 585.0 932.2104 1182.0838 1011.3421 297.432 641.3241 5366.7866 2125.7649;
	1763.9245 1037.8537 1817.1638 570.9842 896.5 1137.5701 982.0099 280.9717 607.3693 5336.9564 2105.764;
	1771.948 1038.4 1836.1601 589.1362 922.0713 1204.2265 1026.0893 315.002 628.748 5371.3006 2180.0468;
	1765.1011 1043.5832 1838.1 576.7937 939.907 1207.2828 1004.2461 300.5158 614.6792 5350.5432 2141.3475;
	1840.1921 1090.4437 1884.6521 573.6 950.8165 1241.3043 1014.5075 307.8193 627.8949 5355.5072 2130.3;
	1828.6216 1110.0971 1976.6842 584.8535 990.1049 1299.6316 1055.0565 317.7784 634.7055 5513.3168 2309.6521;
	1873.9497 1126.2 2040.8519 599.6 1038.2459 1390.1455 1108.0825 321.0785 660.8454 5589.2841 2440.7866;
	1842.6078 1144.7071 2035.1144 600.0663 1010.9223 1341.9876 1103.4 319.1 659.1 5593.7934 2476.9959;
	1766.4479 1081.5968 1943.1293 593.1682 973.4683 1299.1055 1055.1253 284.9879 634.7793 5340.4059 2257.9324;
	1745.0088 1019.2892 1840.1954 574.5733 924.8346 1244.7376 990.6937 259.4531 608.3034 5146.9938 2135.0408;
	1654.0869 980.1576 1772.1405 557.6031 866.4104 1175.0655 946.6788 249.6363 578.9 4902.4 1978.8832;
	1530.6668 933.9572 1662.3966 586.2459 874.4961 1162.5604 917.2 237.9202 551.1495 4932.5668 1898.1636;
	1478.9826 900.5 1628.7 592.2 858.6024 1126.079 896.6181 216.8742 514.7205 4633.7028 1813.3937;
];
