function windprofile = ex_wind_profilesh1
%EX_WIND_PROFILE_D  Example wind_load_nyiso profile data for deterministic unit commitment.
% 2022.03.12
% Andres F. Ramirez


%% define constants
[GEN_BUS, PG, QG, QMAX, QMIN, VG, MBASE, GEN_STATUS, PMAX, PMIN, ...
    MU_PMAX, MU_PMIN, MU_QMAX, MU_QMIN, PC1, PC2, QC1MIN, QC1MAX, ...
    QC2MIN, QC2MAX, RAMP_AGC, RAMP_10, RAMP_30, RAMP_Q, APF] = idx_gen;
[CT_LABEL, CT_PROB, CT_TABLE, CT_TBUS, CT_TGEN, CT_TBRCH, CT_TAREABUS, ...
    CT_TAREAGEN, CT_TAREABRCH, CT_ROW, CT_COL, CT_CHGTYPE, CT_REP, ...
    CT_REL, CT_ADD, CT_NEWVAL, CT_TLOAD, CT_TAREALOAD, CT_LOAD_ALL_PQ, ...
    CT_LOAD_FIX_PQ, CT_LOAD_DIS_PQ, CT_LOAD_ALL_P, CT_LOAD_FIX_P, ...
    CT_LOAD_DIS_P, CT_TGENCOST, CT_TAREAGENCOST, CT_MODCOST_F, ...
    CT_MODCOST_X] = idx_ct;

windprofile = struct( ...
    'type', 'mpcData', ...
    'table', CT_TGEN, ...
    'rows', [1:45], ...
    'col', PMAX, ...
    'chgtype', 1, ...
    'values', [] );
windprofile.values(:,1,:) = [
	3.8357 51.8287 95.1484 118.8173 15.4069 33.5933 30.3022 18.5516 28.3888 29.5553 54.6324 81.5009 122.6991 69.6236 188.5252 71.0258 88.1246 93.3857 82.3033 71.2944 10.1007 78.3843 74.7364 88.0835 105.3715 73.8852 13.5678 1340.9606 778.325 778.325 598.5652 110.6771 274.3444 183.5119 218.2795 332.0853 1272.0179 218.9478 470.5071 282.2451 114.5691 372.6614 205.7098 287.4264 1285.2681;
	3.8896 52.5568 95.4192 119.0562 15.4182 33.6354 27.5163 18.8317 28.2071 29.6548 54.8165 81.7755 123.1125 69.6891 171.9243 64.7715 80.3646 85.1625 81.0651 70.4098 9.1721 78.4827 74.3224 88.2291 104.8795 73.537 13.8094 1354.427 792.3081 792.3081 639.0791 110.7525 270.2171 181.235 218.4846 338.0515 1331.0254 223.8716 469.7138 280.9271 120.6787 373.1293 192.7847 287.2618 1344.8902;
	3.8238 51.6684 94.8946 117.6516 15.392 33.9858 22.8639 18.3708 28.0268 29.6056 54.7255 81.6397 122.9081 69.7675 188.3796 70.9709 88.0565 93.3136 84.853 70.1724 7.6213 79.3003 73.3151 87.3661 101.5708 74.5161 13.6899 1329.896 768.1011 768.1011 661.5179 101.6125 282.8433 180.624 218.7306 327.7231 1339.953 229.3789 437.2341 272.0647 115.5756 377.0161 192.8104 278.3126 1353.9109;
	3.7986 51.327 94.266 117.2769 15.4077 33.2231 24.097 18.2103 28.1529 30.226 55.8723 83.3504 125.4836 68.8891 192.2182 72.4171 89.8508 95.2151 85.574 70.7996 8.0323 77.5207 75.001 88.0767 101.4482 73.162 13.5786 1338.0 771.5901 771.5901 659.5456 105.1955 285.2465 182.2383 215.9765 329.2118 1329.128 240.1866 444.1013 271.7363 120.718 368.5554 164.2132 282.0878 1342.9731;
	3.7247 50.3288 92.3308 115.9948 15.385 33.5822 30.6574 18.1484 28.1331 30.6538 56.663 84.5301 127.2596 69.6315 201.9704 76.0912 94.4094 100.0458 88.3523 73.0947 10.2191 78.3585 75.3577 84.839 100.8303 72.6846 13.5896 1298.7546 757.8531 757.8531 659.8918 103.5305 294.5077 188.146 218.3043 323.3506 1299.0264 226.405 467.922 270.0812 120.8135 372.5386 197.7591 270.835 1312.5579;
	3.8405 51.8941 94.658 119.6761 15.3332 34.1495 28.762 18.4635 28.0899 30.8405 57.0081 85.0449 128.0347 68.9334 203.1545 76.5373 94.9629 100.6323 90.245 73.2696 9.5873 79.6823 75.5943 86.1317 103.6724 72.6595 13.679 1311.4162 747.3874 747.3874 703.0286 106.0903 300.8168 188.5961 216.1155 318.8853 1261.4685 229.1627 465.5508 277.694 122.0556 378.8323 185.7839 270.8719 1274.6088;
	3.7712 50.9571 94.7416 120.3461 15.3121 33.6235 29.8149 18.7911 27.5851 30.705 56.7577 84.6713 127.4721 67.4667 200.3799 75.492 93.6659 99.2579 88.9078 73.4808 9.9383 78.4547 75.635 86.0672 104.4428 73.537 13.9653 1294.2435 737.1931 737.1931 691.7421 104.0175 296.3592 189.1398 211.5174 314.5357 1250.0958 249.0383 458.1438 279.7574 120.7283 372.9961 169.0561 263.2691 1263.1176;
	3.832 51.7786 95.1914 120.5348 14.9929 33.4356 29.1366 19.0178 26.4833 30.5131 56.403 84.1422 126.6755 67.0035 202.6873 76.3613 94.7445 100.4009 89.8778 71.8485 9.7122 78.0164 75.2594 88.2381 105.3117 75.618 14.0233 1343.9093 758.7153 758.7153 705.4157 109.2319 299.5926 184.9382 210.0649 323.7185 1277.4227 264.7768 449.1778 282.0849 118.6289 370.9122 177.5034 276.7264 1290.7291;
	3.7534 50.7168 94.5968 117.0835 14.8472 33.315 31.5853 18.4328 27.039 31.0648 57.4228 85.6635 128.9659 67.8785 201.0287 75.7364 93.9692 99.5793 91.2676 71.3959 10.5284 77.7351 75.6625 87.2125 104.4051 75.0462 13.5906 1318.037 773.9743 773.9743 705.7813 113.7336 304.2255 183.7733 212.8081 330.229 1255.5754 248.7767 472.4961 279.6564 118.7497 369.5747 199.5008 271.9458 1268.6544;
	3.8395 51.8798 93.4138 113.7425 14.9685 33.5032 27.1664 18.1927 27.5226 30.3873 56.1705 83.7954 126.1535 68.4868 199.236 75.061 93.1312 98.6913 90.5009 70.345 9.0555 78.1741 75.2516 88.1418 103.9183 72.267 13.2046 1332.9541 798.8498 798.8498 690.7463 116.7582 301.6697 181.0683 214.7154 340.8426 1286.986 289.1661 472.1473 278.3526 118.5483 371.6619 203.1971 264.4472 1300.3921;
	3.8936 52.6107 94.0034 114.6213 14.839 33.8612 28.2084 18.8663 27.569 31.0125 57.3261 85.5193 128.7488 65.0085 200.4232 75.5083 93.6862 99.2794 90.1775 72.8234 9.4028 79.0095 74.6475 87.824 105.5164 74.9126 13.8753 1313.0727 805.5104 805.5104 747.9242 114.9657 300.5915 187.4475 203.8105 343.6845 1297.1532 294.7456 469.206 282.6333 118.896 375.6339 204.0983 276.4033 1310.6653;
	3.902 52.7242 91.901 115.1156 14.925 33.3806 27.3055 18.0672 27.7957 30.2652 55.9448 83.4586 125.6464 65.2867 199.0705 74.9987 93.0539 98.6094 90.2115 72.7017 9.1018 77.888 74.9758 86.9549 102.9023 70.6571 13.253 1284.9615 765.2301 765.2301 752.7968 116.8564 300.7049 187.1344 204.6826 326.4982 1275.4743 294.6136 469.2745 275.6311 118.2761 370.302 202.7438 272.0811 1288.7605;
	3.7484 50.6488 89.2861 110.833 14.8829 32.1728 26.6351 18.2391 27.063 30.494 56.3677 84.0895 126.5963 65.3604 202.4267 76.2631 94.6227 100.2718 91.1005 72.6896 8.8784 75.0699 73.6445 83.3093 102.0304 72.1038 13.3609 1255.8275 758.3687 758.3687 722.6174 115.1324 303.6683 187.1033 204.9138 323.5706 1245.2547 286.0387 450.9552 273.2957 118.501 356.9036 199.9616 267.2316 1258.2261;
	3.8512 52.0382 90.6732 115.7243 14.757 33.6058 26.8208 17.8726 27.4637 30.1326 55.6997 83.0929 125.096 65.3227 202.4069 76.2556 94.6134 100.262 90.8986 72.729 8.9403 78.4136 73.9483 84.4685 98.9623 70.0526 13.0855 1262.5438 722.8042 722.8042 722.2729 115.5554 302.9953 187.2046 204.7954 308.3965 1224.5949 271.6752 462.4494 265.0776 113.8903 372.8004 206.886 276.0727 1237.3511;
	3.8656 52.2328 92.8859 116.7238 15.1233 34.5917 23.3744 18.1955 26.7454 30.2469 55.9109 83.408 125.5703 66.6041 201.0401 75.7407 93.9746 99.585 88.5434 72.2361 7.7915 80.7141 74.8296 86.6779 100.3369 70.511 13.171 1279.296 705.7139 705.7139 714.776 116.3311 295.1447 185.936 208.8129 301.1046 1183.606 273.2859 470.1412 268.7597 114.29 383.7377 212.8394 278.2975 1195.9352;
	3.8388 51.8702 92.2566 115.5425 14.8583 33.3385 24.6763 18.3538 27.5106 30.5854 56.5366 84.3415 126.9757 65.7486 194.9756 73.4559 91.1398 96.5809 88.5433 72.492 8.2254 77.7898 70.8054 85.9378 100.9031 72.0697 13.7272 1281.0267 705.1568 705.1568 687.4473 119.0433 295.1444 186.5945 206.1306 300.8669 1165.5895 277.2859 475.5354 270.2763 114.6475 369.835 207.8883 275.9796 1177.731;
	3.7166 50.2196 91.4915 111.3549 14.5332 31.4574 24.0163 17.6322 28.18 31.0734 57.4386 85.6871 129.0015 67.4552 199.6974 75.2348 93.3469 98.9199 91.5171 73.1122 8.0054 73.4007 75.1052 82.0161 100.4293 58.5221 12.7021 1243.391 709.7132 709.7132 654.8019 110.1482 305.0569 188.1909 211.4812 302.811 1157.0845 306.6347 477.5106 269.0071 113.3947 348.9678 191.3623 251.5671 1169.1375;
	3.6006 48.6515 92.9521 111.6282 14.4811 29.1005 19.6037 14.0033 28.2616 30.9613 57.2316 85.3782 128.5365 66.8399 196.1312 73.8913 91.6799 97.1533 89.8665 71.6114 6.5346 67.9011 74.9166 84.1595 101.6743 72.9859 10.9751 1220.3637 700.6476 700.6476 641.844 106.0287 299.5551 184.3278 209.552 298.943 1195.4948 295.8881 477.7249 272.3419 115.3867 322.8212 177.2439 236.4498 1207.9479;
