function solarprofile = ex_solar_profilesh1
%EX_WIND_PROFILE_D  Example wind_load_nyiso profile data for deterministic unit commitment.
% 2022.03.12
% Andres F. Ramirez


%% define constants
[GEN_BUS, PG, QG, QMAX, QMIN, VG, MBASE, GEN_STATUS, PMAX, PMIN, ...
    MU_PMAX, MU_PMIN, MU_QMAX, MU_QMIN, PC1, PC2, QC1MIN, QC1MAX, ...
    QC2MIN, QC2MAX, RAMP_AGC, RAMP_10, RAMP_30, RAMP_Q, APF] = idx_gen;
[CT_LABEL, CT_PROB, CT_TABLE, CT_TBUS, CT_TGEN, CT_TBRCH, CT_TAREABUS, ...
    CT_TAREAGEN, CT_TAREABRCH, CT_ROW, CT_COL, CT_CHGTYPE, CT_REP, ...
    CT_REL, CT_ADD, CT_NEWVAL, CT_TLOAD, CT_TAREALOAD, CT_LOAD_ALL_PQ, ...
    CT_LOAD_FIX_PQ, CT_LOAD_DIS_PQ, CT_LOAD_ALL_P, CT_LOAD_FIX_P, ...
    CT_LOAD_DIS_P, CT_TGENCOST, CT_TAREAGENCOST, CT_MODCOST_F, ...
    CT_MODCOST_X] = idx_ct;

solarprofile = struct( ...
    'type', 'mpcData', ...
    'table', CT_TGEN, ...
    'rows', [1:12], ...
    'col', PMAX, ...
    'chgtype', 1, ...
    'values', [] );
solarprofile.values(:,1,:) = [
	0.0 0.0 0.0 0.0 0.0 0.0 0.0 0.0 0.0 0.0 0.0 0.0;
	0.0 0.0 0.0 0.0 0.0 0.0 0.0 0.0 0.0 0.0 0.0 0.0;
	0.0 0.0 0.0 0.0 0.0 0.0 0.0 0.0 0.0 0.0 0.0 0.0;
	0.0 0.0 0.0 0.0 0.0 0.0 0.0 0.0 0.0 0.0 0.0 0.0;
	0.0 0.0 0.0 0.0 0.0 0.0 0.0 0.0 0.0 0.0 0.0 0.0;
	1.0111 0.8207 0.7032 0.0 0.0 9.4835 1.1854 4.1882 0.4191 0.0 0.0 0.0;
	8.527 6.6157 5.3403 0.5934 0.8781 127.7274 15.9659 22.4045 28.1498 72.2242 15.9967 130.7984;
	17.592 13.5206 11.0141 1.5441 2.6608 335.4269 41.9284 49.218 99.8674 136.9886 11.667 248.0873;
	22.6034 16.4282 13.7373 3.9225 3.9994 390.5647 48.8206 58.1039 136.8098 182.4747 16.9764 330.4629;
	14.9387 9.0638 9.7255 3.2312 3.6016 388.7402 48.5925 64.9473 69.4288 158.308 106.0624 286.6968;
	17.0483 9.3844 8.4455 3.0714 4.7201 399.8532 49.9817 67.8921 115.4568 131.1484 118.9723 237.5106;
	20.7346 12.7031 9.527 2.785 5.2524 416.3636 52.0455 69.3737 151.8441 120.8577 105.6981 218.8741;
	18.4192 13.0037 10.5946 2.3921 3.7766 391.3738 48.9217 71.4034 85.2669 152.2531 97.021 275.7314;
	11.3542 7.0398 7.1751 2.7302 4.0761 376.4841 47.0605 70.9176 65.3344 159.8799 93.0053 289.5435;
	4.2375 3.7256 2.1277 2.7577 4.2978 346.2255 43.2782 70.0467 63.071 149.1144 80.8178 270.0471;
	1.3742 0.7622 0.6172 3.575 6.4 282.3108 35.2889 65.2167 131.094 64.9088 45.4651 117.5502;
	1.1859 0.9599 0.7471 1.3989 2.1204 88.8087 11.1011 17.3612 52.1989 14.5265 7.9256 26.3075;
	0.0 0.0 0.0 0.0 0.0 0.0 0.0 0.0 0.0 0.0 0.0 0.0;
	0.0 0.0 0.0 0.0 0.0 0.0 0.0 0.0 0.0 0.0 0.0 0.0;
	0.0 0.0 0.0 0.0 0.0 0.0 0.0 0.0 0.0 0.0 0.0 0.0;
	0.0 0.0 0.0 0.0 0.0 0.0 0.0 0.0 0.0 0.0 0.0 0.0;
	0.0 0.0 0.0 0.0 0.0 0.0 0.0 0.0 0.0 0.0 0.0 0.0;
	0.0 0.0 0.0 0.0 0.0 0.0 0.0 0.0 0.0 0.0 0.0 0.0;
	0.0 0.0 0.0 0.0 0.0 0.0 0.0 0.0 0.0 0.0 0.0 0.0;
];
