function solarprofile = ex_solar_profilesh1
%EX_WIND_PROFILE_D  Example wind_load_nyiso profile data for deterministic unit commitment.
% 2022.03.12
% Andres F. Ramirez


%% define constants
[GEN_BUS, PG, QG, QMAX, QMIN, VG, MBASE, GEN_STATUS, PMAX, PMIN, ...
    MU_PMAX, MU_PMIN, MU_QMAX, MU_QMIN, PC1, PC2, QC1MIN, QC1MAX, ...
    QC2MIN, QC2MAX, RAMP_AGC, RAMP_10, RAMP_30, RAMP_Q, APF] = idx_gen;
[CT_LABEL, CT_PROB, CT_TABLE, CT_TBUS, CT_TGEN, CT_TBRCH, CT_TAREABUS, ...
    CT_TAREAGEN, CT_TAREABRCH, CT_ROW, CT_COL, CT_CHGTYPE, CT_REP, ...
    CT_REL, CT_ADD, CT_NEWVAL, CT_TLOAD, CT_TAREALOAD, CT_LOAD_ALL_PQ, ...
    CT_LOAD_FIX_PQ, CT_LOAD_DIS_PQ, CT_LOAD_ALL_P, CT_LOAD_FIX_P, ...
    CT_LOAD_DIS_P, CT_TGENCOST, CT_TAREAGENCOST, CT_MODCOST_F, ...
    CT_MODCOST_X] = idx_ct;

solarprofile = struct( ...
    'type', 'mpcData', ...
    'table', CT_TGEN, ...
    'rows', [1:12], ...
    'col', PMAX, ...
    'chgtype', 1, ...
    'values', [] );
solarprofile.values(:,1,:) = [
	0.0 0.0 0.0 0.0 0.0 0.0 0.0 0.0 0.0 0.0 0.0 0.0;
	0.0 0.0 0.0 0.0 0.0 0.0 0.0 0.0 0.0 0.0 0.0 0.0;
	0.0 0.0 0.0 0.0 0.0 0.0 0.0 0.0 0.0 0.0 0.0 0.0;
	0.0 0.0 0.0 0.0 0.0 0.0 0.0 0.0 0.0 0.0 0.0 0.0;
	0.0 0.0 0.0 0.0 0.0 0.0 0.0 0.0 0.0 0.0 0.0 0.0;
	1.0295 0.8394 0.7166 0.0 0.0 10.4451 1.3056 4.3555 0.5031 0.0 0.0 0.0;
	8.5958 7.5572 6.0509 1.1195 5.5088 231.179 28.8974 31.7885 59.1646 46.5699 35.7139 84.3384;
	16.3219 15.0743 11.343 2.9257 8.6073 338.6302 42.3288 48.0598 92.1972 139.0348 87.7759 251.7928;
	22.5689 16.6083 13.8 5.8197 8.9224 386.5315 48.3164 55.4293 146.1848 245.4578 128.8664 444.5256;
	25.2049 16.3028 13.5988 2.3499 5.434 393.0606 49.1326 62.601 179.6658 238.8675 225.0719 432.5904;
	25.6144 15.8802 12.9793 1.4582 5.8038 355.5251 44.4406 62.1664 168.684 277.0973 232.5915 501.8249;
	25.112 13.3625 11.4635 1.3279 4.8171 307.3664 38.4208 60.8487 121.9236 304.9075 249.1901 552.1893;
	16.5487 3.9428 8.5681 0.7859 0.6946 323.9699 40.4962 65.5838 60.5873 308.4039 258.6256 558.5213;
	12.1099 1.805 5.9795 0.7748 0.5979 350.5005 43.8126 67.4462 84.2579 318.6737 262.8629 577.12;
	9.7303 2.7033 2.9759 0.8693 0.4609 387.4967 48.4371 67.7961 108.3958 313.3686 243.8676 567.5124;
	7.5026 1.9496 1.9323 1.9194 1.6448 385.7943 48.2243 53.1706 166.2024 230.8577 118.2174 418.0846;
	1.3475 0.9911 0.768 0.8852 1.062 87.6568 10.9571 14.5918 38.7768 37.668 11.8569 68.217;
	0.0 0.0 0.0 0.0 0.0 0.0 0.0 0.0 0.0 0.0 0.0 0.0;
	0.0 0.0 0.0 0.0 0.0 0.0 0.0 0.0 0.0 0.0 0.0 0.0;
	0.0 0.0 0.0 0.0 0.0 0.0 0.0 0.0 0.0 0.0 0.0 0.0;
	0.0 0.0 0.0 0.0 0.0 0.0 0.0 0.0 0.0 0.0 0.0 0.0;
	0.0 0.0 0.0 0.0 0.0 0.0 0.0 0.0 0.0 0.0 0.0 0.0;
	0.0 0.0 0.0 0.0 0.0 0.0 0.0 0.0 0.0 0.0 0.0 0.0;
	0.0 0.0 0.0 0.0 0.0 0.0 0.0 0.0 0.0 0.0 0.0 0.0;
];
