function windprofile = ex_wind_profilesh1
%EX_WIND_PROFILE_D  Example wind_load_nyiso profile data for deterministic unit commitment.
% 2022.03.12
% Andres F. Ramirez


%% define constants
[GEN_BUS, PG, QG, QMAX, QMIN, VG, MBASE, GEN_STATUS, PMAX, PMIN, ...
    MU_PMAX, MU_PMIN, MU_QMAX, MU_QMIN, PC1, PC2, QC1MIN, QC1MAX, ...
    QC2MIN, QC2MAX, RAMP_AGC, RAMP_10, RAMP_30, RAMP_Q, APF] = idx_gen;
[CT_LABEL, CT_PROB, CT_TABLE, CT_TBUS, CT_TGEN, CT_TBRCH, CT_TAREABUS, ...
    CT_TAREAGEN, CT_TAREABRCH, CT_ROW, CT_COL, CT_CHGTYPE, CT_REP, ...
    CT_REL, CT_ADD, CT_NEWVAL, CT_TLOAD, CT_TAREALOAD, CT_LOAD_ALL_PQ, ...
    CT_LOAD_FIX_PQ, CT_LOAD_DIS_PQ, CT_LOAD_ALL_P, CT_LOAD_FIX_P, ...
    CT_LOAD_DIS_P, CT_TGENCOST, CT_TAREAGENCOST, CT_MODCOST_F, ...
    CT_MODCOST_X] = idx_ct;

windprofile = struct( ...
    'type', 'mpcData', ...
    'table', CT_TGEN, ...
    'rows', [1:45], ...
    'col', PMAX, ...
    'chgtype', 1, ...
    'values', [] );
windprofile.values(:,1,:) = [
	3.8732 52.3352 93.91 117.5645 15.0456 32.8882 29.4734 18.8141 26.5219 28.4191 52.5323 78.3679 117.9824 65.6701 188.8854 71.1615 88.2929 93.5642 74.6966 71.5677 9.8245 76.7392 75.034 89.2883 105.728 72.5081 13.9026 1233.6063 707.2465 707.2465 565.4358 100.6552 248.9888 184.2155 205.8846 301.7585 1182.1561 217.5069 438.1565 283.2001 121.1031 364.8402 198.0744 284.9704 1194.4703;
	3.7608 50.8163 91.25 116.6583 14.6081 31.5837 25.6045 18.5929 25.9312 28.5793 52.8284 78.8095 118.6473 64.5665 184.6793 69.5769 86.3269 91.4807 82.9623 72.1975 8.5348 73.6954 74.6524 89.0414 103.2293 71.6407 13.8426 1238.3169 704.5268 704.5268 592.717 96.8093 276.541 185.8365 202.4246 300.5981 1145.0838 224.7811 431.7278 276.507 122.0811 350.3691 173.2903 270.4874 1157.0118;
	3.8691 52.2803 92.3968 119.9857 14.9379 33.5386 22.5017 18.6769 26.481 29.0037 53.6129 79.9799 120.4094 64.0821 192.2558 72.4312 89.8684 95.2337 86.9733 73.0668 7.5006 78.2568 72.8057 89.9793 104.9755 74.9727 13.9661 1254.344 744.8062 744.8062 661.7124 94.5856 289.9111 188.0741 200.906 317.784 1231.898 238.2649 408.3176 281.1844 122.9171 372.0552 182.3704 271.8883 1244.7303;
	3.863 52.1971 93.8338 120.3904 15.0039 34.0421 25.3485 18.4529 28.0998 29.266 54.0977 80.7032 121.4982 66.1041 193.5325 72.9122 90.4652 95.8661 86.6337 72.998 8.4495 79.4316 72.3536 89.2635 104.7409 71.1547 13.8947 1279.5323 772.1988 772.1988 695.622 101.7862 288.779 187.8971 207.2454 329.4715 1269.6405 271.3931 449.8888 280.5559 120.6867 377.6405 162.063 269.2491 1282.8659;
	3.8075 51.4477 93.8109 117.512 14.3574 33.3342 30.9439 18.3843 27.0507 29.6636 54.8327 81.7997 123.1489 67.0183 201.6788 75.9813 94.2731 99.9013 90.2726 73.5143 10.3146 77.7798 73.5918 89.3596 106.1406 72.1489 13.5597 1267.4132 775.3768 775.3768 728.1537 108.6349 300.9088 189.226 210.1113 330.8274 1252.4426 261.7589 452.4139 284.3052 118.4196 369.7873 195.0082 264.6007 1265.4889;
	3.8751 52.3607 94.8014 118.3081 15.0872 34.821 30.7575 18.5197 27.7223 28.7851 53.2088 79.377 119.5017 67.7291 205.2742 77.3359 95.9537 101.6823 91.0607 73.0901 10.2525 81.249 72.9784 89.5688 105.5775 71.7432 13.5372 1262.2191 790.6924 790.6924 764.2384 113.7165 303.5356 188.134 212.3398 337.3621 1243.1223 258.8836 454.8891 282.797 119.8713 386.2809 189.9612 275.9937 1256.0714;
	3.8911 52.5779 94.3922 118.0426 14.9671 34.805 31.0156 18.8843 26.951 29.3354 54.226 80.8946 121.7864 68.8587 197.2119 74.2985 92.1851 97.6887 91.1395 71.6052 10.3385 81.2116 73.0178 88.2333 105.1934 72.0064 13.3914 1270.1139 781.2541 781.2541 758.9343 108.8221 303.7984 184.312 215.8813 333.3351 1269.4553 277.8218 453.3252 281.7681 117.8129 386.1032 180.9272 266.5609 1282.6788;
	3.9046 52.7597 95.0849 120.5735 15.325 34.8203 30.2337 19.0619 27.3018 28.1265 51.9914 77.5609 116.7675 69.6635 197.6321 74.4568 92.3815 97.8968 90.3039 71.5338 10.0779 81.2473 72.3001 88.8876 106.3658 74.4036 13.3994 1296.0249 805.1266 805.1266 776.1026 111.157 301.0131 184.1281 218.4045 343.5207 1293.4142 297.8172 469.3833 284.9083 120.2253 386.2729 194.6415 275.1149 1306.8873;
	3.9093 52.8226 95.221 120.8673 15.344 34.9451 31.1092 19.0592 26.7549 28.0456 51.8419 77.3379 116.4318 69.5699 195.0017 73.4658 91.152 96.5939 90.2658 69.9264 10.3697 81.5387 71.351 89.4904 106.3702 73.0012 13.5881 1287.6484 786.0243 786.0243 783.7134 112.2398 300.886 179.9907 218.111 335.3704 1282.2225 287.1687 470.6587 284.9201 120.8038 387.6581 216.3935 271.93 1295.579;
	3.9102 52.8348 94.9284 121.0224 15.3459 34.5608 25.0234 19.0792 27.3897 22.816 42.175 62.9169 94.721 68.3835 190.7973 71.8818 89.1866 94.5112 86.8885 68.637 8.3411 80.6418 70.9895 90.0474 106.6931 73.9883 13.5228 1285.6473 812.8921 812.8921 773.8704 115.7555 289.6283 176.6718 214.3916 346.834 1278.6919 299.2868 470.8159 285.7851 119.4897 383.3943 217.78 273.7259 1292.0116;
	3.8816 52.4488 94.8715 120.8903 15.3074 34.6838 26.3922 19.0603 27.1259 29.546 54.6153 81.4753 122.6607 67.87 190.5045 71.7714 89.0498 94.3662 87.3886 70.8161 8.7974 80.9289 71.8381 90.018 106.5193 72.4522 13.6965 1259.2291 812.0775 812.0775 789.6194 114.264 291.2955 182.2807 212.7817 346.4864 1275.047 310.7335 474.0995 285.3194 121.1049 384.7593 214.0033 270.0313 1288.3288;
	3.9178 52.9377 93.4751 120.7275 15.4109 34.8149 27.6411 19.0465 27.6306 28.4623 52.6121 78.4869 118.1616 67.2274 191.218 72.0403 89.3833 94.7196 92.137 67.8519 9.2137 81.2347 71.9652 89.8245 104.5767 69.6224 13.5208 1253.485 803.6089 803.6089 795.035 112.9461 307.1233 174.6509 210.767 342.8731 1275.4195 322.005 479.6378 280.1163 122.3755 386.213 214.8179 267.6108 1288.7051;
	3.9073 52.7966 92.6598 119.8193 15.239 34.429 26.8399 19.1519 26.4681 29.0526 53.7033 80.1148 120.6124 65.9309 191.5299 72.1578 89.5291 94.8741 92.2465 68.3142 8.9466 80.3343 71.4562 89.1733 105.0584 74.7325 14.0598 1292.3156 798.095 798.095 767.7141 114.9666 307.4882 175.841 206.7022 340.5205 1291.7882 330.1514 468.5028 281.4065 119.3951 381.9321 211.7448 265.1257 1305.2443;
	3.8075 51.4477 91.0835 117.856 14.4853 32.6287 27.0605 19.0139 26.7881 28.4455 52.5811 78.4407 118.0921 65.8529 197.808 74.523 92.4637 97.984 92.082 71.3078 9.0202 76.1337 71.8868 87.2409 103.8014 73.8168 13.9409 1274.0769 782.3318 782.3318 761.2512 113.421 306.9399 183.5464 206.4577 333.7949 1271.6092 309.1388 467.192 278.0395 118.5416 361.9612 199.4779 269.3803 1284.8552;
	3.7442 50.5921 92.9585 118.309 14.2001 31.9202 24.1441 18.4261 27.7157 28.2262 52.1757 77.8359 117.1815 67.5573 192.0992 72.3723 89.7952 95.1561 90.143 71.0786 8.048 74.4805 72.1349 88.088 103.5506 71.8822 13.5598 1271.9498 788.5869 788.5869 774.8526 115.8372 300.4766 182.9564 211.8013 336.4637 1256.4465 326.6434 468.9614 277.3676 119.8135 354.1015 197.2127 268.441 1269.5345;
	3.6744 49.6497 92.622 117.2628 14.3024 31.3745 25.1157 17.8198 27.3663 28.549 52.7724 78.726 118.5216 65.5242 187.1349 70.502 87.4747 92.697 88.4723 70.6346 8.3719 73.2071 69.5831 87.2334 102.346 69.3886 13.1235 1272.903 795.6526 795.6526 724.365 113.0759 294.9077 181.8138 205.4273 339.4785 1231.7979 319.3776 473.6455 274.141 117.2678 348.0474 196.2789 267.621 1244.6291;
	3.7755 51.0154 91.3231 112.9253 13.9291 25.9317 22.4404 17.0886 26.5772 27.4338 50.711 75.6508 113.8918 65.5784 186.8218 70.384 87.3283 92.5419 85.7648 70.0927 7.4801 60.5073 67.3153 86.0884 100.4839 56.2312 12.2821 1236.5349 747.9725 747.9725 657.0462 109.9341 285.8827 180.4189 205.597 319.1349 1175.9052 308.7917 456.5989 269.1534 114.2606 287.6688 182.8832 262.6457 1188.1542;
	3.652 49.3468 92.6491 111.7738 14.0861 28.0665 18.7131 13.0032 26.8199 27.9701 51.7024 77.1298 116.1185 64.1813 187.4652 70.6264 87.6291 92.8606 88.3194 69.3907 6.2377 65.4885 68.9575 87.6402 99.8403 68.4351 9.8435 1230.3528 717.9915 717.9915 650.1973 115.9666 294.398 178.6118 201.217 306.343 1217.3815 297.848 458.364 267.4292 116.6523 311.3511 172.5363 240.8877 1230.0626;
