function solarprofile = ex_solar_profilesh1
%EX_WIND_PROFILE_D  Example wind_load_nyiso profile data for deterministic unit commitment.
% 2022.03.12
% Andres F. Ramirez


%% define constants
[GEN_BUS, PG, QG, QMAX, QMIN, VG, MBASE, GEN_STATUS, PMAX, PMIN, ...
    MU_PMAX, MU_PMIN, MU_QMAX, MU_QMIN, PC1, PC2, QC1MIN, QC1MAX, ...
    QC2MIN, QC2MAX, RAMP_AGC, RAMP_10, RAMP_30, RAMP_Q, APF] = idx_gen;
[CT_LABEL, CT_PROB, CT_TABLE, CT_TBUS, CT_TGEN, CT_TBRCH, CT_TAREABUS, ...
    CT_TAREAGEN, CT_TAREABRCH, CT_ROW, CT_COL, CT_CHGTYPE, CT_REP, ...
    CT_REL, CT_ADD, CT_NEWVAL, CT_TLOAD, CT_TAREALOAD, CT_LOAD_ALL_PQ, ...
    CT_LOAD_FIX_PQ, CT_LOAD_DIS_PQ, CT_LOAD_ALL_P, CT_LOAD_FIX_P, ...
    CT_LOAD_DIS_P, CT_TGENCOST, CT_TAREAGENCOST, CT_MODCOST_F, ...
    CT_MODCOST_X] = idx_ct;

solarprofile = struct( ...
    'type', 'mpcData', ...
    'table', CT_TGEN, ...
    'rows', [1:12], ...
    'col', PMAX, ...
    'chgtype', 1, ...
    'values', [] );
solarprofile.values(:,1,:) = [
	0.0 0.0 0.0 0.0 0.0 0.0 0.0 0.0 0.0 0.0 0.0 0.0;
	0.0 0.0 0.0 0.0 0.0 0.0 0.0 0.0 0.0 0.0 0.0 0.0;
	0.0 0.0 0.0 0.0 0.0 0.0 0.0 0.0 0.0 0.0 0.0 0.0;
	0.0 0.0 0.0 0.0 0.0 0.0 0.0 0.0 0.0 0.0 0.0 0.0;
	0.0 0.0 0.0 0.0 0.0 0.0 0.0 0.0 0.0 0.0 0.0 0.0;
	1.0631 0.8311 0.7405 0.0 0.0 9.4835 1.1854 4.1882 0.5967 0.0 0.0 0.0;
	7.2522 5.8669 3.5158 2.476 5.3352 10.4222 1.3028 12.3007 50.6413 0.0 23.4998 0.0;
	11.5628 10.1387 3.5916 3.8247 8.8097 87.2416 10.9052 25.2746 179.3363 11.6687 92.3329 21.132;
	18.4093 15.8296 10.3527 4.5836 9.6302 294.419 36.8024 42.5633 241.9 54.954 151.3447 99.5221;
	25.2049 16.3517 13.5317 2.7995 7.6977 353.2674 44.1584 55.7451 240.9969 148.8145 172.1027 269.504;
	25.6744 16.5136 13.8 4.412 8.4796 356.3149 44.5394 56.5356 252.7366 123.718 155.5279 224.0541;
	25.9252 16.5214 13.8 5.8712 8.0739 360.6468 45.0808 56.9681 256.6163 95.3517 137.2555 172.6826;
	25.6469 16.0432 13.4455 5.7461 4.0435 327.7898 40.9737 64.4167 185.0443 74.1445 41.0854 134.2761;
	23.7204 16.1047 13.2886 5.0286 2.9226 322.6716 40.3339 66.576 133.0338 96.7598 42.4235 175.2325;
	17.3653 13.2281 10.3722 6.0356 2.5047 304.4886 38.0611 66.7331 99.0505 91.1809 65.4676 165.1291;
	5.9243 6.6504 4.729 9.2347 4.3242 254.8009 31.8501 51.2353 115.9095 33.9081 81.2388 61.4078;
	1.268 1.065 0.8093 1.692 1.6783 89.0429 11.1304 11.7084 50.4561 5.2367 14.5485 9.4837;
	0.0 0.0 0.0 0.0 0.0 0.0 0.0 0.0 0.0 0.0 0.0 0.0;
	0.0 0.0 0.0 0.0 0.0 0.0 0.0 0.0 0.0 0.0 0.0 0.0;
	0.0 0.0 0.0 0.0 0.0 0.0 0.0 0.0 0.0 0.0 0.0 0.0;
	0.0 0.0 0.0 0.0 0.0 0.0 0.0 0.0 0.0 0.0 0.0 0.0;
	0.0 0.0 0.0 0.0 0.0 0.0 0.0 0.0 0.0 0.0 0.0 0.0;
	0.0 0.0 0.0 0.0 0.0 0.0 0.0 0.0 0.0 0.0 0.0 0.0;
	0.0 0.0 0.0 0.0 0.0 0.0 0.0 0.0 0.0 0.0 0.0 0.0;
];
