function loadprofile = ex_load_profilesh1
%EX_LOAD_PROFILE  Example load profile data file for stochastic unit commitment.
% 2022.03.12
% Andres F. Ramirez

%% define constants
[CT_LABEL, CT_PROB, CT_TABLE, CT_TBUS, CT_TGEN, CT_TBRCH, CT_TAREABUS, ...
    CT_TAREAGEN, CT_TAREABRCH, CT_ROW, CT_COL, CT_CHGTYPE, CT_REP, ...
    CT_REL, CT_ADD, CT_NEWVAL, CT_TLOAD, CT_TAREALOAD, CT_LOAD_ALL_PQ, ...
    CT_LOAD_FIX_PQ, CT_LOAD_DIS_PQ, CT_LOAD_ALL_P, CT_LOAD_FIX_P, ...
    CT_LOAD_DIS_P, CT_TGENCOST, CT_TAREAGENCOST, CT_MODCOST_F, ...
    CT_MODCOST_X] = idx_ct;

loadprofile = struct( ...
    'type', 'mpcData', ...
    'table', CT_TAREALOAD, ...
    'rows', [1:11], ...
    'col', CT_LOAD_ALL_P, ...
    'chgtype', 1, ...
    'values', [] );
loadprofile.values(:,1,:) = [
	1405.0586 872.3879 1503.4 550.0049 688.2146 1083.49 836.6 227.5736 542.4211 4319.4766 1717.7284;
	1408.3712 873.3027 1470.02 542.0814 667.4415 1068.3067 804.6 215.7005 512.1454 4228.436 1657.9395;
	1418.2872 875.0 1478.8 549.1547 694.7607 1068.5 814.074 220.2263 508.0 4112.4584 1668.5;
	1451.8318 909.1 1540.1799 548.1858 728.4703 1107.9901 816.8319 224.0973 519.6663 4252.5493 1693.5106;
	1540.7615 972.2236 1644.6736 566.7 798.9647 1157.8289 853.0956 247.1 547.5491 4481.0931 1798.517;
	1586.2539 1019.922 1720.1644 581.3 871.6416 1203.6781 875.2964 260.7 585.8341 4734.4255 1917.1;
	1691.8919 1084.8157 1820.6591 598.8999 964.8 1292.7536 980.8062 274.11 625.9456 5022.057 2115.1986;
	1753.6129 1122.6 1919.6557 614.978 1026.278 1363.6846 1055.083 283.3574 656.1565 5224.0564 2228.5846;
	1736.6774 1104.1 1932.441 622.7314 1031.2511 1370.6711 1061.4514 303.7 656.3514 5293.6309 2311.2501;
	1771.7543 1093.287 1902.4405 615.3404 1023.5705 1367.4887 1059.3 316.8299 666.8744 5420.6056 2434.6692;
	1755.3046 1074.1001 1923.3791 595.4 1024.506 1358.4201 1048.4072 316.1 662.135 5402.2509 2385.2522;
	1718.6883 1035.012 1849.7 578.6568 995.5796 1294.3425 1009.5 321.3243 647.5171 5366.3691 2320.0652;
	1689.1845 1022.4021 1819.6414 590.0215 998.791 1300.6511 968.9883 317.7326 618.048 5277.5448 2210.0583;
	1701.4801 1031.6 1792.1798 561.6415 971.4166 1281.6674 979.0719 304.249 615.2181 5280.3117 2188.8487;
	1735.0 1040.7191 1806.3907 561.6 973.7306 1308.6253 1009.4259 300.1103 630.0643 5275.5713 2230.6846;
	1747.3212 1028.9665 1831.4834 577.9526 962.7577 1307.8068 992.4434 282.4314 605.6449 5119.7622 2153.2915;
	1788.0635 1086.2635 1882.902 593.9602 998.5805 1337.9085 1036.7 292.7926 607.3719 5153.5108 2136.475;
	1828.7403 1098.1686 1934.6806 597.3121 1045.1434 1408.7126 1106.4 309.8267 632.2783 5308.0074 2260.9;
	1829.9422 1101.9097 1946.9104 606.0983 1046.3 1386.6285 1103.2 302.9608 639.692 5292.2079 2256.9195;
	1805.9459 1057.7938 1870.7748 601.668 1030.438 1328.4815 1107.475 316.4127 633.0793 5350.649 2264.0484;
	1742.0366 973.0952 1745.3536 594.7236 961.2903 1263.6277 1048.3491 306.5987 615.9293 5142.469 2102.4051;
	1653.7819 922.7754 1632.1373 584.2547 881.1336 1160.1 970.9 280.6 577.4 4900.5345 1965.1143;
	1595.9493 928.5456 1609.6254 596.1141 888.8656 1167.9 957.944 268.7 528.3869 4600.1377 1902.8327;
	1551.3713 907.9968 1536.5057 571.3237 859.2328 1126.3515 923.3122 239.0599 515.604 4333.9259 1817.5;
];
