function loadprofile = ex_load_profilesh1
%EX_LOAD_PROFILE  Example load profile data file for stochastic unit commitment.
% 2022.03.12
% Andres F. Ramirez

%% define constants
[CT_LABEL, CT_PROB, CT_TABLE, CT_TBUS, CT_TGEN, CT_TBRCH, CT_TAREABUS, ...
    CT_TAREAGEN, CT_TAREABRCH, CT_ROW, CT_COL, CT_CHGTYPE, CT_REP, ...
    CT_REL, CT_ADD, CT_NEWVAL, CT_TLOAD, CT_TAREALOAD, CT_LOAD_ALL_PQ, ...
    CT_LOAD_FIX_PQ, CT_LOAD_DIS_PQ, CT_LOAD_ALL_P, CT_LOAD_FIX_P, ...
    CT_LOAD_DIS_P, CT_TGENCOST, CT_TAREAGENCOST, CT_MODCOST_F, ...
    CT_MODCOST_X] = idx_ct;

loadprofile = struct( ...
    'type', 'mpcData', ...
    'table', CT_TAREALOAD, ...
    'rows', [1:11], ...
    'col', CT_LOAD_ALL_P, ...
    'chgtype', 1, ...
    'values', [] );
loadprofile.values(:,1,:) = [
	1438.3545 816.2486 1444.9003 536.8774 682.5154 1010.0356 813.2733 210.8633 445.0602 4415.2295 1628.7883;
	1444.9031 821.7104 1457.6051 530.4778 678.1552 1001.9212 794.646 195.5599 449.7264 4252.7306 1584.3952;
	1429.7268 825.5789 1462.0478 535.0264 693.8741 1003.1901 804.3588 204.1727 456.2614 4208.0038 1604.496;
	1507.5 869.7073 1528.4653 532.5 742.5 1038.1555 828.4912 219.3499 474.4726 4331.2141 1665.5919;
	1564.9578 951.0853 1647.2033 536.5387 820.4639 1114.9398 874.6489 245.651 502.1824 4508.9499 1753.318;
	1630.6017 1020.2056 1764.8 572.9 912.763 1213.8788 947.4 266.4638 544.4099 4732.114 1850.5496;
	1690.6253 1055.4351 1838.7265 558.9 979.1465 1285.7 1010.5508 292.2348 594.9659 5061.8705 1925.5853;
	1736.9512 1073.0956 1891.1524 540.154 1026.0552 1304.663 1049.4295 303.5028 618.9403 5205.9386 1977.124;
	1767.398 1097.9426 1925.6 549.591 1044.5643 1345.349 1110.9 304.7043 641.5463 5375.3065 2004.9392;
	1748.4467 1102.8366 1913.1 553.3985 1026.683 1367.5274 1146.7446 318.1534 658.0738 5424.9862 2018.6075;
	1711.8443 1093.012 1886.2528 535.4248 1001.3538 1287.6996 1084.5516 296.3 638.8544 5371.865 1937.5066;
	1680.755 1046.8385 1826.5078 540.3044 959.6 1289.5 1074.8206 299.5 626.8538 5353.5007 1839.9061;
	1680.1888 1050.2509 1827.761 540.1901 937.4647 1272.867 1037.6616 299.817 615.2055 5378.3719 1956.4853;
	1688.6127 1046.7275 1779.3735 548.9216 922.3632 1225.8081 1026.3854 311.0385 615.8482 5384.797 2020.2554;
	1675.1 1035.8697 1764.1632 560.7655 913.8417 1222.9313 981.6931 325.0195 596.8 5558.8909 2078.4168;
	1703.8931 1013.6209 1701.109 571.4287 883.9786 1214.6325 969.6255 294.4747 582.4027 5301.5173 2057.4742;
	1687.3662 1036.113 1752.4909 601.5329 912.2507 1286.3691 964.6621 283.9345 552.1 5308.5432 2098.3815;
	1783.0765 1085.9488 1844.5058 617.2043 979.0 1347.7396 1045.6867 314.8253 605.3986 5398.3 2257.248;
	1828.5856 1113.6282 1906.1 616.0567 1038.7757 1335.943 1064.6593 323.9193 622.3237 5465.0081 2278.9112;
	1802.7178 1093.8122 1831.7515 594.525 970.6642 1305.11 1038.2186 316.2 591.2167 5406.0048 2250.1038;
	1710.3787 1025.5927 1716.2142 565.215 901.143 1256.7851 1015.0074 310.0462 600.6124 5273.7218 2162.3013;
	1631.4434 965.589 1600.2614 542.9188 830.7 1164.1765 930.2177 290.1172 572.7377 5067.2706 2021.9849;
	1550.0 913.4055 1556.9142 556.556 820.9 1136.328 888.317 284.5307 549.4 4960.5594 1902.8128;
	1476.9111 876.902 1523.8344 549.9446 799.3325 1080.1522 861.3141 263.9506 518.662 4641.7775 1801.8158;
];
