function windprofile = ex_wind_profilesh1
%EX_WIND_PROFILE_D  Example wind_load_nyiso profile data for deterministic unit commitment.
% 2022.03.12
% Andres F. Ramirez


%% define constants
[GEN_BUS, PG, QG, QMAX, QMIN, VG, MBASE, GEN_STATUS, PMAX, PMIN, ...
    MU_PMAX, MU_PMIN, MU_QMAX, MU_QMIN, PC1, PC2, QC1MIN, QC1MAX, ...
    QC2MIN, QC2MAX, RAMP_AGC, RAMP_10, RAMP_30, RAMP_Q, APF] = idx_gen;
[CT_LABEL, CT_PROB, CT_TABLE, CT_TBUS, CT_TGEN, CT_TBRCH, CT_TAREABUS, ...
    CT_TAREAGEN, CT_TAREABRCH, CT_ROW, CT_COL, CT_CHGTYPE, CT_REP, ...
    CT_REL, CT_ADD, CT_NEWVAL, CT_TLOAD, CT_TAREALOAD, CT_LOAD_ALL_PQ, ...
    CT_LOAD_FIX_PQ, CT_LOAD_DIS_PQ, CT_LOAD_ALL_P, CT_LOAD_FIX_P, ...
    CT_LOAD_DIS_P, CT_TGENCOST, CT_TAREAGENCOST, CT_MODCOST_F, ...
    CT_MODCOST_X] = idx_ct;

windprofile = struct( ...
    'type', 'mpcData', ...
    'table', CT_TGEN, ...
    'rows', [1:45], ...
    'col', PMAX, ...
    'chgtype', 1, ...
    'values', [] );
windprofile.values(:,1,:) = [
	3.8397 51.8827 93.3434 115.2182 15.0824 34.1675 29.0694 18.2007 27.5565 28.3528 52.4098 78.1851 117.7073 68.6973 192.8831 72.6676 90.1617 95.5444 89.7497 69.733 9.6898 79.7243 70.6936 86.0607 102.0988 72.5221 13.8934 1307.3898 766.7506 766.7506 597.3542 116.4885 299.1658 179.4929 215.3754 327.1469 1308.3885 254.231 465.3258 273.4791 120.4579 379.032 200.4688 285.1139 1322.0176;
	3.8346 51.814 91.39 112.5789 14.686 33.9971 25.8377 18.1344 27.677 27.7926 51.3742 76.6402 115.3813 67.0852 177.8906 67.0193 83.1535 88.1179 86.317 68.8148 8.6126 79.3266 70.6635 85.6733 96.9889 69.8298 13.8175 1313.9187 791.7263 791.7263 671.443 113.3653 287.7232 177.1294 210.321 337.8032 1313.6972 254.4038 458.8427 259.7916 118.3534 377.1412 188.8816 278.8704 1327.3815;
	3.7385 50.516 91.5506 112.7352 14.3871 33.3108 20.6619 17.7345 26.8455 28.8089 53.2527 79.4426 119.6004 64.6833 188.8815 71.16 88.2911 93.5622 85.9389 68.1084 6.8873 77.7252 69.1961 87.4697 99.4177 73.226 13.7017 1275.2087 757.3403 757.3403 659.7875 99.1613 286.4631 175.3113 202.7907 323.1319 1289.7349 253.5892 407.6427 266.2974 116.9977 369.528 187.1241 277.6624 1303.1696;
	3.6315 49.0701 92.1886 116.4683 14.5053 33.5296 23.5767 17.9129 26.7952 29.2421 54.0535 80.6373 121.3989 65.5594 200.0808 75.3793 93.5261 99.1098 90.2121 70.2592 7.8589 78.2358 69.234 88.1697 98.9329 72.2454 13.8245 1276.6534 753.1138 753.1138 638.9565 104.8895 300.7069 180.8475 205.5377 321.3286 1269.7826 264.8885 439.9859 264.9988 114.7192 371.9553 151.2467 278.0383 1283.0095;
	3.8265 51.7041 93.9796 119.9142 15.2369 34.3344 30.2952 18.2913 27.2002 30.2865 55.9841 83.5173 125.7348 67.7227 203.3465 76.6096 95.0527 100.7274 90.293 71.904 10.0984 80.1137 72.8633 89.7907 102.4063 73.8465 13.9778 1252.218 758.1195 758.1195 683.8883 105.1201 300.9767 185.0811 212.3198 323.4643 1239.934 262.3403 460.1456 274.3025 118.4379 380.8833 188.4148 278.4414 1252.85;
	3.692 49.8869 91.6862 118.159 15.1829 33.6747 28.2079 18.269 26.6624 30.1077 55.6536 83.0242 124.9925 66.7564 205.2489 77.3263 95.9419 101.6698 89.9992 71.7755 9.4026 78.5743 73.2276 89.3701 100.4994 73.3822 13.7217 1270.5382 761.5239 761.5239 722.5361 106.2178 299.9974 184.7502 209.2904 324.9169 1248.5749 257.3745 448.1504 269.1947 117.62 373.5647 168.8314 269.9391 1261.5809;
	3.677 49.6837 91.6919 118.9531 15.1108 32.8191 30.712 18.6893 27.2765 30.0422 55.5326 82.8438 124.7208 64.8775 206.0714 77.6362 96.3264 102.0772 90.3599 73.2649 10.2373 76.5778 72.7163 89.6295 103.7342 73.3806 13.7962 1238.2862 774.0085 774.0085 709.6514 103.4212 301.1996 188.584 203.3998 330.2436 1265.9929 286.9376 456.9157 277.8595 121.5449 364.073 148.9828 265.0801 1279.1803;
	3.8499 52.0207 93.4235 120.2948 14.7812 33.5486 30.4892 19.0442 26.2875 29.512 54.5525 81.3816 122.5195 66.7388 205.6544 77.4791 96.1315 101.8707 89.7709 72.6773 10.1631 78.2801 72.2876 90.1491 105.2797 74.8176 14.0199 1251.8522 789.4455 789.4455 743.0573 107.2716 299.2362 187.0715 209.2352 336.8301 1281.8557 296.8279 440.563 281.9991 121.8248 372.166 170.6133 277.5322 1295.2083;
	3.7879 51.1829 92.8505 117.8591 15.1137 32.8978 31.7568 18.6558 26.488 30.4505 56.2872 83.9695 126.4156 67.3276 205.6536 77.4788 96.1311 101.8703 93.0502 73.5536 10.5856 76.7615 73.1876 90.1821 103.8319 74.4419 13.5029 1262.6816 836.2973 836.2973 780.4567 114.5232 310.1674 189.3272 211.0813 356.8202 1307.5104 322.3838 450.1273 278.1212 120.3789 364.9462 199.5 268.4844 1321.1303;
	3.709 50.1169 92.8812 118.2041 14.7614 32.3176 25.7912 18.7033 26.3288 30.0809 55.604 82.9502 124.8811 66.2554 205.3346 77.3586 95.982 101.7123 91.8232 73.6003 8.5971 75.4078 72.951 89.9802 105.3644 76.2356 13.8076 1256.0382 818.9812 818.9812 740.3627 117.4525 306.0774 189.4475 207.7198 349.432 1255.8624 321.6609 442.3897 282.226 116.8661 358.5103 187.5691 267.7026 1268.9443;
	3.7099 50.1291 91.087 116.9446 14.4769 31.9699 26.4894 18.1986 26.4003 29.9365 55.3372 82.5522 124.2818 64.2835 204.2311 76.9429 95.4662 101.1656 92.6723 73.8587 8.8298 74.5964 72.8767 89.5821 102.5287 74.5026 13.3828 1251.8298 791.6666 791.6666 753.6306 114.6617 308.9077 190.1124 201.5375 337.7778 1277.0116 313.9034 439.5115 274.6305 114.7143 354.6526 198.0623 266.2162 1290.3138;
	3.6162 48.863 93.4225 117.7229 14.7135 32.0161 24.4737 18.3563 26.8338 27.8301 51.4435 76.7436 115.5371 64.3024 200.4436 75.516 93.6957 99.2895 92.3969 73.1754 8.1579 74.7043 72.2622 89.7686 102.9786 74.4017 13.6096 1230.0963 768.48 768.48 747.5805 111.9645 307.9896 188.3537 201.5968 327.8848 1233.7783 320.1592 452.8976 275.8354 119.4643 355.1656 180.0543 271.3188 1246.6301;
	3.5907 48.518 88.9382 113.2554 14.7845 31.8735 25.4432 18.1094 26.6219 27.5207 50.8716 75.8904 114.2525 64.868 202.332 76.2274 94.5784 100.2249 92.8003 72.7079 8.4811 74.3715 70.2338 89.7118 101.956 73.6982 13.5761 1236.8153 778.2113 778.2113 757.486 113.6784 309.3345 187.1502 203.3699 332.0368 1243.6323 338.411 440.8828 273.0964 120.0032 353.5834 179.9137 267.7806 1256.5868;
	3.5894 48.5005 87.9477 113.0155 14.274 32.6297 24.7614 17.6857 25.9985 26.4475 48.8877 72.9309 109.797 65.3907 195.6953 73.7271 91.4762 96.9374 87.297 71.2598 8.2538 76.1359 66.5286 88.0532 99.3635 72.3185 13.1015 1244.1403 782.6892 782.6892 755.2069 111.8677 290.9899 183.423 205.0088 333.9474 1224.4522 323.5714 443.5368 266.1523 115.9658 361.9716 175.1597 263.2157 1237.2069;
	3.3107 44.7342 89.1674 110.2709 13.963 30.4963 21.4446 17.4726 25.9977 27.9555 51.6753 77.0894 116.0576 65.0166 197.3637 74.3556 92.2561 97.7639 91.4388 70.4552 7.1482 71.158 70.4137 87.0708 99.0091 70.4969 13.0309 1251.4787 779.1843 779.1843 745.2069 115.4559 304.7961 181.3518 203.8357 332.4519 1195.4684 320.4428 441.4182 265.2029 115.8445 338.3054 155.9778 274.2448 1207.9212;
	3.3837 45.7206 89.3066 108.7708 14.3967 29.7782 22.0224 17.3785 25.9539 27.9885 51.7363 77.1804 116.1946 64.5424 195.6554 73.712 91.4575 96.9177 91.5225 70.0836 7.3408 69.4825 68.5232 87.2897 98.5607 68.376 12.3706 1236.3897 749.9402 749.9402 707.5895 113.3835 305.075 180.3954 202.3493 319.9745 1130.6139 317.2238 437.2002 264.0019 114.9438 330.3395 143.5882 272.4841 1142.3912;
	3.1111 42.0374 86.8375 101.5514 13.93 24.996 20.4882 16.5583 25.9749 28.4373 52.5659 78.418 118.0579 64.6867 201.4521 75.8959 94.1671 99.7891 89.5962 68.1375 6.8294 58.324 68.5507 86.0441 97.8679 59.4588 11.622 1155.2355 737.6869 737.6869 686.7543 109.5069 298.654 175.3861 202.8016 314.7464 1117.1873 328.1709 433.8799 262.146 112.399 277.289 119.1779 248.1553 1128.8247;
	3.5863 48.4584 89.972 107.1891 14.0537 23.7872 18.4502 13.0924 26.0963 26.9238 49.7683 74.2445 111.7746 64.4305 203.35 76.6109 95.0543 100.7292 90.2589 70.8864 6.1501 55.5034 66.3572 88.076 103.3419 73.4739 10.3475 1144.4384 679.3724 679.3724 629.1977 106.2515 300.863 182.4618 201.9983 289.8655 1140.1073 297.805 437.6263 276.8087 114.5246 263.879 111.205 241.7735 1151.9834;
