function loadprofile = ex_load_profilesh1
%EX_LOAD_PROFILE  Example load profile data file for stochastic unit commitment.
% 2022.03.12
% Andres F. Ramirez

%% define constants
[CT_LABEL, CT_PROB, CT_TABLE, CT_TBUS, CT_TGEN, CT_TBRCH, CT_TAREABUS, ...
    CT_TAREAGEN, CT_TAREABRCH, CT_ROW, CT_COL, CT_CHGTYPE, CT_REP, ...
    CT_REL, CT_ADD, CT_NEWVAL, CT_TLOAD, CT_TAREALOAD, CT_LOAD_ALL_PQ, ...
    CT_LOAD_FIX_PQ, CT_LOAD_DIS_PQ, CT_LOAD_ALL_P, CT_LOAD_FIX_P, ...
    CT_LOAD_DIS_P, CT_TGENCOST, CT_TAREAGENCOST, CT_MODCOST_F, ...
    CT_MODCOST_X] = idx_ct;

loadprofile = struct( ...
    'type', 'mpcData', ...
    'table', CT_TAREALOAD, ...
    'rows', [1:11], ...
    'col', CT_LOAD_ALL_P, ...
    'chgtype', 1, ...
    'values', [] );
loadprofile.values(:,1,:) = [
	1510.4221 932.2357 1662.5475 562.2424 752.6634 1117.3323 841.8575 239.9 486.3643 4450.7636 1640.9565;
	1505.3189 926.9157 1617.2417 548.7 739.363 1108.3562 835.0542 244.9684 493.4 4312.5104 1621.3473;
	1473.7427 909.5113 1615.0689 558.2 747.3688 1104.329 820.1586 242.5916 483.3843 4268.7994 1542.5714;
	1498.276 940.171 1631.7598 543.7 763.6298 1126.6564 835.4013 248.1915 501.3377 4338.5 1629.8;
	1571.9815 1000.8847 1723.5715 551.0686 841.5665 1221.7814 892.07 261.4 538.8126 4584.1781 1747.0345;
	1620.9426 1029.8395 1800.8575 585.3 886.9806 1270.9869 931.3926 294.4 560.3 4797.6222 1810.5291;
	1650.6 1066.0 1856.6731 583.2 964.5661 1317.8963 994.8254 289.4964 572.2825 4928.7978 1809.8692;
	1697.2006 1097.0059 1864.3 604.2843 964.1045 1376.6983 1043.8 277.2833 594.26 5124.1346 1788.6022;
	1717.7742 1114.4969 1875.8 601.3 974.9691 1378.7339 1054.0917 272.6043 596.9658 5174.852 1775.6637;
	1737.1356 1131.373 1862.0728 583.3 976.0734 1437.6901 1089.6142 289.6727 592.0556 5237.9178 1868.7969;
	1679.218 1092.8633 1806.0869 576.9 937.9343 1421.2428 1104.7022 287.6919 589.5 5400.0874 1916.1447;
	1695.8262 1068.4684 1790.8833 566.2 939.0112 1424.7 1097.142 285.8 593.948 5348.7378 1855.1516;
	1709.7463 1096.8789 1728.862 552.6046 888.6145 1385.1374 1025.2094 281.0388 575.5752 5249.741 1829.9345;
	1719.5 1100.5213 1782.8765 545.762 929.9678 1395.4466 1051.2003 306.6937 582.4411 5357.5744 1905.0874;
	1736.4156 1117.6896 1792.4811 559.2 929.9 1411.9399 1044.8743 325.0091 592.1888 5484.189 1980.0454;
	1744.2 1128.5176 1858.4079 577.8 970.369 1428.9472 1113.4028 311.6166 585.2841 5397.6055 2030.4511;
	1730.5134 1146.6192 1866.6521 571.2955 982.3621 1436.1166 1098.5223 313.3235 599.5507 5435.6299 2133.0068;
	1756.7984 1186.9866 1944.3343 575.6359 1015.7002 1473.2471 1145.6 317.3056 610.2858 5422.9997 2227.3978;
	1800.3466 1215.4905 1985.6296 585.3 1032.1343 1524.9804 1163.1094 343.1 624.8914 5447.9667 2245.1917;
	1785.7 1145.3924 1899.3 586.9 971.293 1428.5836 1098.2 316.1057 630.0 5319.4633 2163.1;
	1776.4306 1104.321 1835.7431 581.3837 937.6661 1358.5609 1055.6936 319.2373 628.4105 5241.4676 2102.4;
	1701.171 1039.9949 1690.2537 564.8699 878.4484 1268.9342 1012.6449 306.1596 607.0329 4987.5799 1965.5668;
	1696.2 1013.1475 1685.6606 575.5189 880.833 1285.1809 1033.4971 289.7 589.5535 4918.0733 1856.2981;
	1661.8522 976.8799 1641.1785 587.9 841.6059 1245.5027 948.8097 256.4 554.4 4766.5889 1786.4645;
];
