function loadprofile = ex_load_profilesh1
%EX_LOAD_PROFILE  Example load profile data file for stochastic unit commitment.
% 2022.03.12
% Andres F. Ramirez

%% define constants
[CT_LABEL, CT_PROB, CT_TABLE, CT_TBUS, CT_TGEN, CT_TBRCH, CT_TAREABUS, ...
    CT_TAREAGEN, CT_TAREABRCH, CT_ROW, CT_COL, CT_CHGTYPE, CT_REP, ...
    CT_REL, CT_ADD, CT_NEWVAL, CT_TLOAD, CT_TAREALOAD, CT_LOAD_ALL_PQ, ...
    CT_LOAD_FIX_PQ, CT_LOAD_DIS_PQ, CT_LOAD_ALL_P, CT_LOAD_FIX_P, ...
    CT_LOAD_DIS_P, CT_TGENCOST, CT_TAREAGENCOST, CT_MODCOST_F, ...
    CT_MODCOST_X] = idx_ct;

loadprofile = struct( ...
    'type', 'mpcData', ...
    'table', CT_TAREALOAD, ...
    'rows', [1:11], ...
    'col', CT_LOAD_ALL_P, ...
    'chgtype', 1, ...
    'values', [] );
loadprofile.values(:,1,:) = [
	1518.4381 900.9203 1516.8011 570.3 729.6647 1057.3072 840.7202 233.3 490.2 4487.3931 1632.282;
	1507.7933 903.954 1495.1613 562.4752 712.3308 1051.7932 825.1 215.9829 482.0 4398.9335 1630.8074;
	1507.2593 912.6713 1511.8616 565.7223 719.8995 1058.3449 824.4863 219.9 470.6 4304.3362 1606.2806;
	1511.1396 930.0243 1548.2837 551.1297 744.6602 1070.0043 835.6433 237.1 476.0086 4373.8711 1656.4377;
	1575.3641 970.3982 1637.096 564.5317 810.5 1094.7144 885.7 252.9126 500.2704 4459.268 1752.0333;
	1658.7 1029.1 1753.7664 562.5 872.8349 1136.968 931.5285 280.1219 554.1 4672.3574 1854.2;
	1751.2984 1112.3047 1847.9916 588.3 929.28 1188.8469 978.8199 303.8 581.9944 5020.6857 1949.3;
	1787.4247 1115.2823 1903.0042 610.0414 976.5657 1238.455 996.5404 341.0401 605.5257 5313.2298 2014.2752;
	1794.2843 1106.3 1917.3935 604.1999 971.0 1201.2188 978.9089 357.2544 632.0472 5440.5782 1979.4;
	1816.6967 1112.2 1883.326 598.9 934.3247 1193.5416 981.1078 347.1945 642.0213 5522.6032 2043.9709;
	1804.7674 1080.0414 1849.6675 580.3387 893.2447 1129.7661 940.4274 333.9783 634.1534 5490.7666 1986.273;
	1741.6 1033.3735 1755.8071 567.1 849.0633 1055.522 892.8943 306.6 605.2404 5412.0164 1965.0813;
	1685.2839 1004.5587 1740.8323 564.5871 850.684 1002.1819 872.4412 322.2863 575.3082 5305.4156 1916.7783;
	1657.2 985.9232 1699.8096 550.5922 874.6542 961.9308 825.6039 324.8776 567.8558 5314.4 1902.9;
	1635.8888 955.3415 1727.9097 553.3456 908.2105 1142.791 928.549 349.4202 595.8128 5428.9953 1983.8688;
	1689.7902 1032.2402 1787.7807 560.3758 954.0153 1182.7829 960.7814 356.5173 620.7514 5480.7394 2045.0546;
	1689.4787 1060.0563 1875.4866 572.9918 1000.2494 1274.0001 963.1787 372.6112 633.0162 5616.3293 2136.8592;
	1758.0752 1106.8 1940.9654 586.3314 1031.7605 1304.6689 1030.1367 393.2099 666.0171 5665.0268 2317.9101;
	1817.6864 1113.1189 1961.4115 593.2 1012.1223 1330.4001 1039.7858 388.7849 667.8916 5604.7332 2298.0845;
	1716.7644 1051.9868 1862.073 587.2208 939.4311 1296.8696 1017.7 366.0508 633.2 5398.9503 2192.8724;
	1658.0409 988.0459 1720.5952 570.4571 885.6777 1221.204 950.4107 342.6493 604.0779 5283.1015 2051.4775;
	1582.9532 963.3 1629.8414 583.1 825.8361 1175.8451 938.5053 328.5079 567.2 5028.3806 1961.3924;
	1573.9848 947.5014 1655.4793 608.5841 815.7126 1116.123 907.8124 265.5 547.0504 4869.5375 1859.4785;
	1546.1274 912.7411 1608.1 604.5215 834.8828 1106.6239 865.0039 262.1367 502.8073 4768.1247 1774.751;
];
