function loadprofile = ex_load_profilesh1
%EX_LOAD_PROFILE  Example load profile data file for stochastic unit commitment.
% 2022.03.12
% Andres F. Ramirez

%% define constants
[CT_LABEL, CT_PROB, CT_TABLE, CT_TBUS, CT_TGEN, CT_TBRCH, CT_TAREABUS, ...
    CT_TAREAGEN, CT_TAREABRCH, CT_ROW, CT_COL, CT_CHGTYPE, CT_REP, ...
    CT_REL, CT_ADD, CT_NEWVAL, CT_TLOAD, CT_TAREALOAD, CT_LOAD_ALL_PQ, ...
    CT_LOAD_FIX_PQ, CT_LOAD_DIS_PQ, CT_LOAD_ALL_P, CT_LOAD_FIX_P, ...
    CT_LOAD_DIS_P, CT_TGENCOST, CT_TAREAGENCOST, CT_MODCOST_F, ...
    CT_MODCOST_X] = idx_ct;

loadprofile = struct( ...
    'type', 'mpcData', ...
    'table', CT_TAREALOAD, ...
    'rows', [1:11], ...
    'col', CT_LOAD_ALL_P, ...
    'chgtype', 1, ...
    'values', [] );
loadprofile.values(:,1,:) = [
	1516.4121 857.8188 1492.5 548.1775 741.8642 1097.0206 855.1811 235.3433 555.1603 4534.9246 1704.0361;
	1525.7663 857.034 1493.0 552.1553 735.4 1069.7222 837.5801 230.6 523.8917 4402.1658 1654.0;
	1536.4604 868.5001 1491.3075 557.7 708.8814 1075.8465 833.932 230.6 504.9916 4329.2313 1636.0563;
	1575.795 908.6537 1547.0948 571.1 761.4 1112.8106 862.5 241.2678 513.0216 4432.2501 1712.4883;
	1609.9948 966.173 1648.1388 579.7 836.4155 1211.2449 925.7 269.7786 566.9339 4690.8246 1853.3286;
	1669.3347 1027.0 1752.7924 600.1805 938.2 1269.8 990.688 303.9 608.6843 4943.2452 1947.6197;
	1746.6966 1089.9208 1825.0338 594.1939 1007.0562 1318.3269 1048.1723 309.1695 626.5435 5147.3164 2016.19;
	1793.6078 1122.3611 1843.5217 597.5748 1032.2484 1361.7196 1089.1174 320.7546 661.7487 5422.9835 2108.3632;
	1816.9663 1125.0849 1837.7 598.3 1049.3065 1380.2 1081.4553 337.0561 679.2941 5471.3719 2122.9758;
	1858.4151 1120.2911 1841.7045 593.7394 1048.6046 1391.629 1077.6296 357.2912 717.9551 5585.2841 2223.0253;
	1832.2039 1134.4682 1857.177 600.3391 1041.6191 1414.2967 1105.4606 393.527 703.6642 5837.5963 2357.805;
	1807.6862 1100.3117 1807.5426 584.5148 1024.3308 1367.7599 1061.6053 363.7477 686.0119 5674.5411 2307.682;
	1813.0315 1098.7 1794.2068 595.2732 1005.1146 1335.0075 1061.2227 348.4776 686.8763 5656.3571 2198.5093;
	1820.7677 1083.0483 1823.832 597.9476 1014.1754 1346.3934 1115.7507 350.8144 697.8804 6039.1792 2235.0122;
	1822.93 1090.0581 1853.7978 586.3368 1026.2613 1354.544 1166.1092 344.664 688.4212 6020.8514 2346.5919;
	1836.7622 1095.7865 1845.0734 587.218 1038.2737 1357.2781 1197.8484 335.9742 688.2661 6052.6395 2396.2681;
	1861.6211 1143.0638 1909.6164 604.1408 1024.6242 1399.1282 1175.6815 343.1777 654.3884 5760.6084 2424.6746;
	1864.0154 1184.0084 1989.9304 612.0 1059.8348 1475.9971 1193.7508 328.0915 668.9805 5823.962 2514.4259;
	1859.3286 1191.5726 1945.4967 610.4 1027.7427 1403.1622 1177.6104 337.1363 673.3843 5611.2416 2423.244;
	1847.3246 1138.5872 1896.1698 602.2729 961.6827 1376.3584 1169.1914 316.3934 668.6706 5476.8458 2349.8116;
	1754.7503 1057.5855 1737.4455 576.0 896.3739 1274.9 1081.9249 293.4083 638.2366 5173.8854 2147.1585;
	1693.0227 977.3779 1655.5551 561.2784 830.8148 1205.0 995.7209 278.2541 610.0376 4958.5357 2009.5573;
	1606.009 955.1387 1569.187 597.6696 815.5 1107.6479 932.5661 279.2 592.3358 4848.3744 1912.3602;
	1545.5404 903.9521 1546.5325 608.4069 786.8207 1069.816 912.2 265.4 552.8109 4593.548 1784.4427;
];
