function windprofile = ex_wind_profilesh1
%EX_WIND_PROFILE_D  Example wind_load_nyiso profile data for deterministic unit commitment.
% 2022.03.12
% Andres F. Ramirez


%% define constants
[GEN_BUS, PG, QG, QMAX, QMIN, VG, MBASE, GEN_STATUS, PMAX, PMIN, ...
    MU_PMAX, MU_PMIN, MU_QMAX, MU_QMIN, PC1, PC2, QC1MIN, QC1MAX, ...
    QC2MIN, QC2MAX, RAMP_AGC, RAMP_10, RAMP_30, RAMP_Q, APF] = idx_gen;
[CT_LABEL, CT_PROB, CT_TABLE, CT_TBUS, CT_TGEN, CT_TBRCH, CT_TAREABUS, ...
    CT_TAREAGEN, CT_TAREABRCH, CT_ROW, CT_COL, CT_CHGTYPE, CT_REP, ...
    CT_REL, CT_ADD, CT_NEWVAL, CT_TLOAD, CT_TAREALOAD, CT_LOAD_ALL_PQ, ...
    CT_LOAD_FIX_PQ, CT_LOAD_DIS_PQ, CT_LOAD_ALL_P, CT_LOAD_FIX_P, ...
    CT_LOAD_DIS_P, CT_TGENCOST, CT_TAREAGENCOST, CT_MODCOST_F, ...
    CT_MODCOST_X] = idx_ct;

windprofile = struct( ...
    'type', 'mpcData', ...
    'table', CT_TGEN, ...
    'rows', [1:45], ...
    'col', PMAX, ...
    'chgtype', 1, ...
    'values', [] );
windprofile.values(:,1,:) = [
	3.6678 49.5596 91.9316 116.3142 14.5452 32.185 27.9379 18.4204 27.3268 30.4564 56.2982 83.9859 126.4403 66.4806 190.6755 71.8359 89.1297 94.4509 89.1748 71.9321 9.3126 75.0983 75.7867 85.2567 104.6629 74.0474 13.4307 1269.5669 744.0694 744.0694 584.1961 110.0347 297.2493 185.1534 208.4258 317.4696 1226.3086 223.8853 435.8949 280.3471 117.3314 357.0385 189.7616 285.9638 1239.0827;
	3.7975 51.312 89.5121 114.9914 14.1705 32.5929 25.3377 18.0109 26.2849 30.4219 56.2344 83.8907 126.297 66.1948 173.9115 65.5201 81.2935 86.1469 87.6641 70.639 8.4459 76.0502 75.4783 86.3973 101.0416 71.0416 12.8461 1303.2302 771.5928 771.5928 626.1836 107.5709 292.2137 181.825 207.5296 329.2129 1228.1738 231.1744 426.2981 270.6472 114.8164 361.5642 177.8513 279.978 1240.9673;
	3.6451 49.2529 92.1771 117.4034 14.3334 34.2525 21.5964 18.1351 26.4037 31.0233 57.3461 85.5491 128.7936 67.5293 187.1532 70.5089 87.4832 92.7061 92.2969 68.9462 7.1988 79.9225 74.9724 88.0082 101.0311 75.8516 13.2596 1307.2715 769.4918 769.4918 675.3431 103.6328 307.6565 177.4676 211.7136 328.3165 1261.2488 240.5654 395.2073 270.6191 113.4175 379.9742 184.9504 280.0721 1274.3868;
	3.6675 49.556 89.1736 114.2881 14.187 33.6698 22.9563 17.3535 25.9033 30.9307 57.1749 85.2937 128.4092 67.4415 195.637 73.7051 91.4489 96.9085 92.5434 69.6504 7.6521 78.5628 74.3607 87.0525 97.7845 72.7634 12.8934 1293.1238 765.8735 765.8735 692.341 102.8135 308.478 179.2803 211.4383 326.7727 1260.7319 259.9109 377.6974 261.9228 112.7926 373.51 159.2388 278.533 1273.8645;
	3.6977 49.964 88.4034 112.3024 13.9451 32.5658 30.2153 17.3597 26.0679 30.8636 57.051 85.1088 128.1308 66.7035 199.5881 75.1937 93.2958 98.8657 90.2387 71.9895 10.0718 75.9869 74.7625 85.3187 99.0518 71.8979 12.7968 1231.7752 782.8011 782.8011 731.6167 104.2495 300.7957 185.301 209.1244 333.9951 1229.9851 258.1793 438.4172 265.3173 110.6527 361.2634 189.6504 273.2074 1242.7974;
	3.7418 50.5597 90.6207 115.5645 14.0238 32.7442 29.4926 17.567 26.6538 30.3684 56.1355 83.7431 126.0747 65.7954 202.5093 76.2942 94.6613 100.3127 88.6991 72.6636 9.8309 76.4032 74.3535 86.6966 99.1378 70.3264 13.1426 1254.6578 786.505 786.505 752.1914 105.3343 295.6637 187.0363 206.2775 335.5755 1193.9543 257.1418 437.2383 265.5478 114.6467 363.2427 180.9058 281.1486 1206.3913;
	3.7148 50.1954 91.6816 118.9212 14.4829 33.015 31.3931 18.8211 27.2214 30.4183 56.2277 83.8807 126.282 65.3286 202.9347 76.4545 94.8602 100.5235 86.8264 73.62 10.4644 77.035 73.6316 85.9843 101.1116 74.5991 13.7954 1280.9122 766.4889 766.4889 745.3742 106.4028 289.4213 189.4981 204.8141 327.0353 1221.1895 287.9159 450.6007 270.8347 117.4451 366.2464 166.4795 274.0064 1233.9102;
	3.8624 52.1889 91.5494 120.5617 15.2267 34.0826 30.3972 19.017 26.9725 30.1951 55.8152 83.2653 125.3555 66.5394 203.6779 76.7345 95.2076 100.8916 86.2921 72.8966 10.1324 79.526 74.8383 88.1481 103.768 76.1735 13.8288 1298.733 794.0321 794.0321 761.0555 112.068 287.6402 187.6361 208.61 338.787 1267.729 306.4522 442.8805 277.9499 117.9695 378.0895 188.5209 277.8319 1280.9346;
	3.867 52.2517 92.3305 118.1718 15.3438 34.4934 31.1453 18.377 26.5016 30.4704 56.3241 84.0244 126.4983 66.4658 203.189 76.5503 94.979 100.6494 90.6407 72.4899 10.3818 80.4846 74.8763 86.5664 102.3388 74.8078 13.1552 1312.0679 798.6847 798.6847 799.2189 121.9859 302.1357 186.5891 208.3792 340.7721 1282.7736 325.4676 441.8176 274.1218 118.2579 382.6467 212.0841 279.0744 1296.1358;
	3.8562 52.1058 93.173 119.5947 15.2524 34.2833 27.4894 18.2323 27.2664 31.0907 57.4707 85.735 129.0736 67.0878 198.63 74.8327 92.848 98.3911 89.5734 71.6995 9.1631 79.9944 75.4443 87.7119 101.8909 73.6426 12.8565 1303.9503 828.3524 828.3524 805.1163 121.5561 298.5782 184.5547 210.3293 353.4304 1265.769 342.5653 451.5482 272.9221 116.0562 380.3162 214.222 273.5663 1278.9541;
	3.8856 52.5034 94.9912 120.5322 15.4148 34.857 29.7612 18.9042 27.7309 31.0572 57.4087 85.6425 128.9343 64.5311 197.0474 74.2365 92.1082 97.6072 90.3075 72.7098 9.9204 81.3331 74.2688 88.0192 102.8937 75.7011 13.4065 1282.085 822.8152 822.8152 813.8497 118.8748 301.0249 187.1552 202.3137 351.0678 1258.2219 337.0228 457.8135 275.6083 116.2764 386.6808 215.1139 279.7178 1271.3284;
	3.9235 53.0151 94.5641 120.8665 15.411 35.0627 29.1165 19.0791 28.2409 31.2061 57.684 86.0532 129.5526 65.5441 200.7416 75.6282 93.835 99.4371 91.4909 72.6122 9.7055 81.8129 75.6935 87.9755 104.9164 74.295 13.6796 1248.1126 809.9767 809.9767 796.2022 114.2455 304.9696 186.9039 205.4895 345.59 1244.9745 322.0443 463.1145 281.026 119.1044 388.9621 215.3843 278.1564 1257.9429;
	3.8925 52.5963 94.3754 120.6777 15.3754 34.9198 28.9289 18.9923 28.0957 30.898 57.1144 85.2035 128.2734 65.3583 198.0273 74.6056 92.5662 98.0926 89.5593 69.3454 9.643 81.4794 75.5508 87.3674 105.5893 74.8599 13.6452 1244.7835 802.5722 802.5722 778.4256 107.6151 298.531 178.4952 204.9072 342.4308 1222.7022 323.1631 446.5762 282.8284 119.0643 387.3764 214.7268 276.5363 1235.4386;
	3.9235 53.0155 95.1139 120.6069 15.3616 34.9727 28.9411 18.9155 28.0408 30.9748 57.2564 85.4153 128.5923 66.4957 198.1461 74.6504 92.6218 98.1515 86.928 71.5664 9.647 81.6029 74.6094 88.271 104.9838 75.6325 14.0302 1274.9882 800.5757 800.5757 778.8482 114.0414 289.76 184.2122 208.4732 341.579 1239.5693 320.3882 465.2928 281.2065 118.7618 387.9636 211.8789 277.3796 1252.4814;
	3.929 53.0896 95.1946 120.8768 15.2809 35.0403 24.8416 18.7632 27.5349 30.3776 56.1525 83.7685 126.1131 68.4953 199.4482 75.141 93.2305 98.7964 85.5973 72.1136 8.2805 81.7607 75.279 88.7086 104.3387 72.7757 13.7455 1285.8676 789.1743 789.1743 797.3545 114.4978 285.3244 185.6206 214.7421 336.7144 1240.3967 318.5827 463.4004 279.4787 117.4095 388.7138 214.9131 277.1616 1253.3175;
	3.929 53.089 94.8489 120.8286 15.3042 33.5 25.8794 18.4651 27.7294 30.0729 55.5894 82.9284 124.8482 66.2913 192.6121 72.5655 90.0349 95.4102 84.7665 72.4493 8.6265 78.1667 73.8406 89.1691 105.2022 72.7685 13.5496 1227.8873 782.6301 782.6301 743.4336 102.0242 282.555 186.4846 207.8321 333.9222 1131.7213 282.5929 466.1797 281.7915 119.6084 371.6268 207.9623 278.956 1143.5101;
	3.9261 53.0503 94.0479 116.7161 14.8641 32.2651 23.1094 17.7908 27.6039 29.4116 54.3669 81.1047 122.1027 64.6427 190.298 71.6937 88.9532 94.2639 82.68 70.9425 7.7031 75.2851 70.7152 84.8595 101.3983 58.3137 12.551 1199.9231 726.4948 726.4948 675.5551 96.1194 275.6 182.6062 202.6636 309.9711 1118.8553 295.4904 452.6898 271.6026 113.9251 357.927 202.009 255.2084 1130.51;
	3.757 50.7651 90.9957 109.7119 14.4579 27.9024 18.2217 12.3464 25.9474 27.1906 50.2613 74.98 112.882 63.8908 185.7276 69.9718 86.8169 92.0 83.0188 67.7977 6.0739 65.1056 69.405 82.5844 98.0694 65.8335 9.4509 1140.5155 688.8017 688.8017 624.348 94.2379 276.7294 174.5115 200.3063 293.8887 1119.733 277.6253 438.2062 262.6859 113.0158 309.5308 182.4759 235.8707 1131.3968;
