function windprofile = ex_wind_profilesh1
%EX_WIND_PROFILE_D  Example wind_load_nyiso profile data for deterministic unit commitment.
% 2022.03.12
% Andres F. Ramirez


%% define constants
[GEN_BUS, PG, QG, QMAX, QMIN, VG, MBASE, GEN_STATUS, PMAX, PMIN, ...
    MU_PMAX, MU_PMIN, MU_QMAX, MU_QMIN, PC1, PC2, QC1MIN, QC1MAX, ...
    QC2MIN, QC2MAX, RAMP_AGC, RAMP_10, RAMP_30, RAMP_Q, APF] = idx_gen;
[CT_LABEL, CT_PROB, CT_TABLE, CT_TBUS, CT_TGEN, CT_TBRCH, CT_TAREABUS, ...
    CT_TAREAGEN, CT_TAREABRCH, CT_ROW, CT_COL, CT_CHGTYPE, CT_REP, ...
    CT_REL, CT_ADD, CT_NEWVAL, CT_TLOAD, CT_TAREALOAD, CT_LOAD_ALL_PQ, ...
    CT_LOAD_FIX_PQ, CT_LOAD_DIS_PQ, CT_LOAD_ALL_P, CT_LOAD_FIX_P, ...
    CT_LOAD_DIS_P, CT_TGENCOST, CT_TAREAGENCOST, CT_MODCOST_F, ...
    CT_MODCOST_X] = idx_ct;

windprofile = struct( ...
    'type', 'mpcData', ...
    'table', CT_TGEN, ...
    'rows', [1:45], ...
    'col', PMAX, ...
    'chgtype', 1, ...
    'values', [] );
windprofile.values(:,1,:) = [
	3.6772 49.6876 90.0995 115.4896 15.0108 32.5141 26.6473 18.027 25.9912 29.8542 55.185 82.3251 123.94 66.4646 194.8065 73.3922 91.0607 96.4972 82.632 72.0558 8.8824 75.8662 75.5069 83.3526 101.5526 72.3394 13.4293 1253.1064 761.1964 761.1964 557.2285 109.9534 275.44 185.4717 208.3754 324.7771 1232.9865 233.8123 438.4664 272.0158 114.1761 360.6897 186.7537 281.1396 1245.8301;
	3.6684 49.5679 87.6017 113.8765 14.5654 31.7262 22.0184 17.6886 26.1554 30.0537 55.5537 82.8753 124.7683 65.362 182.3156 68.6863 85.2219 90.3098 83.6644 69.9026 7.3395 74.0279 73.3158 84.0111 99.734 70.0773 13.1411 1244.4371 754.0382 754.0382 599.3203 110.8787 278.8814 179.9294 204.9186 321.7229 1203.8538 234.7901 441.6349 267.1446 112.5988 351.9496 170.186 266.7088 1216.3939;
	3.6886 49.8417 89.771 117.124 14.7713 33.1228 19.3469 17.6729 26.4798 31.019 57.3381 85.5372 128.7757 65.0928 193.5673 72.9254 90.4815 95.8833 85.9898 69.8549 6.449 77.2865 70.9774 85.5512 99.6886 74.419 13.1687 1234.4307 751.1844 751.1844 609.2823 98.9992 286.6327 179.8067 204.0746 320.5053 1244.2415 240.5163 419.5943 267.023 113.753 367.4419 180.2695 266.5773 1257.2024;
	3.6377 49.1527 90.9464 117.0768 14.8941 31.9682 21.3479 17.7223 26.6447 31.005 57.3123 85.4986 128.7177 67.743 197.5271 74.4172 92.3324 97.8448 87.0466 71.3295 7.116 74.5924 73.1703 88.0381 102.8416 72.6015 13.2102 1255.1527 765.2622 765.2622 630.204 103.9951 290.1552 183.6024 212.3835 326.5119 1259.4459 252.9369 435.6562 275.4687 115.3536 354.6334 147.4498 278.2544 1272.5651;
	3.6549 49.3858 93.7583 118.0771 14.8255 32.4455 30.0722 17.7858 27.5189 31.1867 57.6481 85.9996 129.4719 66.6715 203.4242 76.6389 95.089 100.766 89.7927 72.7277 10.0241 75.7063 73.6842 86.1006 104.1702 72.2354 13.028 1252.4871 762.719 762.719 669.5575 106.2434 299.3091 187.2013 209.0241 325.4268 1242.3233 245.1876 471.5553 279.0272 115.1004 359.9292 182.2892 274.2704 1255.2642;
	3.838 51.8604 95.1765 120.3704 15.327 34.3822 29.5204 18.2989 28.0165 30.9392 57.1906 85.3172 128.4446 66.4613 202.2687 76.2036 94.5489 100.1936 87.9315 72.3615 9.8401 80.225 73.1249 87.8846 106.1077 70.9497 13.6249 1272.087 715.9377 715.9377 693.0793 107.7676 293.1049 186.2586 208.3651 305.4668 1184.9425 238.4549 468.9985 284.2171 115.3688 381.4128 182.0166 279.1973 1197.2857;
	3.6132 48.8223 91.3153 115.7972 15.1266 32.198 30.8819 17.2265 27.4963 30.0967 55.6333 82.994 124.947 66.1199 197.8815 74.5507 92.4981 98.0204 89.7158 72.2022 10.294 75.1287 72.434 83.9755 100.7843 69.6383 13.4083 1250.5234 693.0265 693.0265 711.8992 116.2101 299.0525 185.8485 207.2949 295.6913 1235.1834 282.0993 465.1382 269.9579 113.7327 357.1831 153.3511 262.5021 1248.0499;
	3.7083 50.107 90.6671 118.0414 15.077 33.7442 30.1515 17.7342 28.0879 29.9129 55.2935 82.4871 124.1838 68.9694 201.1319 75.7753 94.0175 99.6304 86.5903 70.9818 10.0505 78.7365 71.8977 86.1958 101.3154 70.5535 13.5723 1271.4193 738.2042 738.2042 747.9022 119.9909 288.6344 182.7074 216.2283 314.9671 1263.9319 304.2588 475.5697 271.3805 114.5711 374.336 166.4091 268.0557 1277.0979;
	3.8422 51.9171 92.0291 117.8302 15.2114 34.7244 30.674 18.2042 27.9458 30.45 56.2864 83.9682 126.4136 67.0665 199.3963 75.1214 93.2062 98.7707 89.8254 71.2535 10.2247 81.0236 72.3739 86.5353 104.2131 72.8934 13.4245 1264.2603 769.115 769.115 772.8238 120.0411 299.418 183.4066 210.2627 328.1557 1278.4375 307.7228 470.6945 279.1422 116.849 385.2095 201.9046 277.864 1291.7546;
	3.6891 49.8477 93.0247 119.2871 15.0129 33.6278 25.2123 18.4328 28.3135 30.4871 56.3549 84.0704 126.5675 68.2379 198.9268 74.9445 92.9867 98.5382 86.2863 69.7546 8.4041 78.4649 73.6039 88.1627 105.5652 73.9884 13.6841 1234.8938 749.7171 749.7171 730.9731 116.3547 287.621 179.5485 213.9351 319.8793 1198.0871 311.2172 467.0248 282.764 120.8407 373.0445 196.7654 275.6371 1210.5672;
	3.6237 48.9636 87.6571 114.1206 14.3232 32.9312 28.7679 18.101 28.2149 29.9409 55.3453 82.5643 124.3 67.7846 198.2018 74.6714 92.6478 98.179 86.736 73.0631 9.5893 76.8395 71.1782 84.2092 100.7315 72.0014 13.5857 1236.1057 776.6085 776.6085 754.1735 115.9044 289.12 188.0645 212.5139 331.353 1256.8901 301.6014 475.776 269.8166 117.851 365.3167 198.5337 261.6746 1269.9827;
	3.5894 48.5002 87.4361 116.7929 14.4835 32.8545 27.3796 18.3628 27.644 29.6222 54.7562 81.6855 122.977 67.0918 195.1357 73.5162 91.2146 96.6602 86.1944 70.5618 9.1265 76.6604 73.1902 86.2758 103.5085 69.6021 13.2982 1235.3616 747.2759 747.2759 708.4913 115.2953 287.3148 181.6262 210.3419 318.8377 1236.4328 300.7622 473.7639 277.2549 120.7701 364.4657 202.36 264.2692 1249.3123;
	3.5695 48.2312 87.1348 110.3367 14.4164 32.5779 26.8564 17.8674 27.3978 30.1876 55.8013 83.2445 125.3242 65.8459 190.3469 71.7121 88.9761 94.2881 86.3954 68.9854 8.9521 76.0151 72.2695 82.1393 101.8229 70.0855 13.2002 1237.566 774.2733 774.2733 726.9878 109.9081 287.9845 177.5687 206.4357 330.3566 1238.8256 304.1225 455.4327 272.7399 117.3717 361.3977 199.4562 260.2987 1251.73;
	3.8243 51.6742 91.0686 118.2281 14.4555 34.0951 26.9187 18.3646 27.3682 30.0564 55.5589 82.8829 124.7798 65.0748 192.5551 72.544 90.0083 95.3819 84.6296 71.9913 8.9729 79.5553 73.2512 86.8136 104.9955 70.7786 13.6188 1239.9112 721.7288 721.7288 695.9016 111.94 282.0987 185.3057 204.0182 307.9376 1219.2783 315.1848 462.4232 281.238 120.8089 378.2288 206.2092 266.2783 1231.9791;
	3.8292 51.7404 90.994 117.8483 14.4704 33.3596 22.6626 18.1856 27.1855 30.3084 56.0246 83.5777 125.8258 65.0287 189.6114 71.435 88.6323 93.9238 84.4482 71.2104 7.5542 77.8392 74.0233 87.1027 103.1048 70.3406 13.4945 1223.6181 736.8931 736.8931 698.1319 110.3579 281.4941 183.2956 203.8737 314.4077 1194.8101 300.0802 459.572 276.1734 118.81 370.0697 207.8353 267.0877 1207.256;
	3.8034 51.3921 89.1047 115.5261 14.3029 32.2039 22.5835 17.5275 26.4249 30.6852 56.7211 84.6167 127.3899 64.4374 188.2606 70.9261 88.0009 93.2547 85.7264 70.3451 7.5278 75.1425 74.0549 85.5861 101.2984 67.7913 12.7484 1136.2657 698.9734 698.9734 648.1429 108.3354 285.7546 181.0684 202.02 298.2287 1108.3108 284.2751 454.8903 271.3349 116.6654 357.2487 204.3975 271.0692 1119.8557;
	3.6815 49.745 87.1428 109.4537 14.0719 29.4226 21.0467 17.3415 25.9941 29.7128 54.9236 81.9353 123.3531 64.9884 189.5675 71.4185 88.6118 93.9021 86.1861 68.6232 7.0156 68.6527 70.1233 82.0782 99.9824 56.8364 12.2154 1079.1101 669.4762 669.4762 565.2316 101.9595 287.287 176.6364 203.7474 285.6432 1083.544 289.7961 454.6799 267.8101 115.3552 326.3946 186.1329 252.4892 1094.8309;
	3.8304 51.7577 90.7143 106.3732 14.0989 28.8715 19.8149 12.5879 26.897 29.6452 54.7987 81.7488 123.0724 67.9808 193.549 72.9184 90.4729 95.8743 90.1642 68.5518 6.605 67.3668 71.5428 81.4697 98.5861 67.0285 9.9518 1201.7354 702.0473 702.0473 559.8736 111.7507 300.5475 176.4524 213.1291 299.5402 1215.3942 285.4714 463.3404 264.0698 118.4983 320.2811 178.1645 241.2868 1228.0545;
