function windprofile = ex_wind_profilesh1
%EX_WIND_PROFILE_D  Example wind_load_nyiso profile data for deterministic unit commitment.
% 2022.03.12
% Andres F. Ramirez


%% define constants
[GEN_BUS, PG, QG, QMAX, QMIN, VG, MBASE, GEN_STATUS, PMAX, PMIN, ...
    MU_PMAX, MU_PMIN, MU_QMAX, MU_QMIN, PC1, PC2, QC1MIN, QC1MAX, ...
    QC2MIN, QC2MAX, RAMP_AGC, RAMP_10, RAMP_30, RAMP_Q, APF] = idx_gen;
[CT_LABEL, CT_PROB, CT_TABLE, CT_TBUS, CT_TGEN, CT_TBRCH, CT_TAREABUS, ...
    CT_TAREAGEN, CT_TAREABRCH, CT_ROW, CT_COL, CT_CHGTYPE, CT_REP, ...
    CT_REL, CT_ADD, CT_NEWVAL, CT_TLOAD, CT_TAREALOAD, CT_LOAD_ALL_PQ, ...
    CT_LOAD_FIX_PQ, CT_LOAD_DIS_PQ, CT_LOAD_ALL_P, CT_LOAD_FIX_P, ...
    CT_LOAD_DIS_P, CT_TGENCOST, CT_TAREAGENCOST, CT_MODCOST_F, ...
    CT_MODCOST_X] = idx_ct;

windprofile = struct( ...
    'type', 'mpcData', ...
    'table', CT_TGEN, ...
    'rows', [1:45], ...
    'col', PMAX, ...
    'chgtype', 1, ...
    'values', [] );
windprofile.values(:,1,:) = [
	3.794 51.2651 94.9886 120.4007 15.1688 34.5928 27.5584 19.1654 27.4637 28.9311 53.4787 79.7796 120.1078 68.9512 188.9512 71.1863 88.3237 93.5968 81.4725 68.3409 9.1861 80.7164 75.1834 89.7897 106.5454 76.5083 13.8612 1280.428 759.6608 759.6608 493.7475 91.5569 271.575 175.9095 216.1714 324.1219 1212.8009 200.8879 434.9756 285.3894 123.4845 383.749 199.1928 284.4661 1225.4342;
	3.8545 52.0823 94.802 119.8754 15.159 34.5365 25.4442 18.8252 27.6948 29.0853 53.7638 80.205 120.7482 68.5762 172.7183 65.0706 80.7357 85.5558 81.0021 68.4611 8.4814 80.5853 72.6558 88.5604 104.7736 74.2223 13.0967 1266.0513 764.8643 764.8643 511.1795 91.4246 270.0071 176.219 214.9955 326.3421 1182.4038 199.3878 444.3966 280.6435 123.2411 383.1253 192.7137 278.5526 1194.7205;
	3.8197 51.6121 95.1493 120.6258 15.0333 34.6944 21.3422 18.8482 28.2953 30.1142 55.6656 83.0422 125.0195 66.2957 185.5372 69.9001 86.7279 91.9057 85.9881 68.4388 7.1141 80.9537 72.3727 88.9602 104.4245 75.0263 13.0582 1261.9827 760.952 760.952 559.8364 83.0129 286.6268 176.1617 207.8461 324.6728 1239.788 206.1421 403.6537 279.7084 124.0398 384.8771 195.9991 271.927 1252.7025;
	3.6311 49.0635 95.2151 120.3387 14.4821 33.9367 22.797 19.0949 27.8941 30.469 56.3215 84.0207 126.4926 64.2944 193.7294 72.9864 90.5572 95.9636 89.2391 68.9702 7.599 79.1857 73.3594 89.6266 105.4877 75.5465 13.1773 1280.9886 763.4993 763.4993 568.5716 89.6729 297.4635 177.5295 201.5716 325.7597 1252.6983 222.7464 411.7681 282.5564 123.8628 376.4714 161.1795 282.4531 1265.7472;
	3.6285 49.0284 95.1268 118.8303 14.8506 33.9638 29.1606 19.0922 28.1456 30.5472 56.466 84.2362 126.8171 64.9528 200.73 75.6239 93.8296 99.4314 91.598 71.9246 9.7202 79.2488 74.6318 88.0136 102.1483 75.8547 13.3175 1254.2548 761.057 761.057 614.147 99.5675 305.3265 185.1342 203.6358 324.7177 1235.4912 225.6941 435.6587 273.6115 123.7424 376.7715 189.7654 280.4766 1248.3609;
	3.5793 48.3638 92.9169 113.7342 14.5648 33.363 27.6741 18.7121 28.2502 30.5308 56.4357 84.191 126.749 65.965 199.1513 75.0291 93.0917 98.6494 89.5043 70.9248 9.2247 77.8469 74.6621 87.0557 98.6759 73.1499 13.163 1232.1114 742.6823 742.6823 623.8742 95.9942 298.3476 182.5605 206.8092 316.8778 1183.65 216.0865 431.9875 264.3105 120.618 370.1065 170.5354 277.6467 1195.9796;
	3.6211 48.9293 93.6529 118.3112 14.9464 33.3478 29.7902 18.9686 28.3129 30.2029 55.8296 83.2867 125.3877 65.9322 197.7087 74.4856 92.4173 97.9348 90.0154 70.6019 9.9301 77.8116 73.8361 89.4003 101.9496 75.0144 13.8949 1209.7297 732.4981 732.4981 638.7369 97.0574 300.0512 181.7293 206.7063 312.5325 1201.173 254.4112 445.8932 273.0792 117.9087 369.9387 155.6788 274.6503 1213.6852;
	3.7511 50.6851 95.1632 119.9196 15.3266 34.4876 30.6235 18.7913 28.4997 30.6161 56.5934 84.4263 127.1033 69.1759 201.0445 75.7423 93.9766 99.5872 89.9218 70.388 10.2078 80.4711 75.6 89.3392 103.924 74.5444 13.6553 1276.8177 781.4647 781.4647 652.8256 107.2722 299.7394 181.1788 216.8759 333.4249 1265.0883 279.2836 465.3935 278.3678 119.6627 382.5828 175.7598 280.318 1278.2663;
	3.8621 52.1856 94.3218 118.9399 15.3411 34.9379 31.718 18.6066 28.433 31.1742 57.6251 85.9653 129.4203 68.83 202.7986 76.4032 94.7966 100.4561 91.1163 71.8942 10.5727 81.5217 75.5817 87.3059 99.2927 71.7861 12.9525 1307.7327 781.916 781.916 680.8959 113.3285 303.721 185.0559 215.7914 333.6175 1290.9238 295.5093 466.7575 265.9626 119.9879 387.5776 207.9417 278.8011 1304.3709;
	3.8852 52.4969 91.1821 112.5524 15.177 34.3028 26.1138 17.4577 27.8293 30.6508 56.6576 84.5219 127.2473 68.4728 199.1264 75.0197 93.08 98.6371 89.2203 71.9934 8.7046 80.0399 74.2692 87.2804 97.9416 71.6561 12.4465 1260.2605 800.1163 800.1163 741.2953 116.8897 297.4011 185.3112 214.6715 341.383 1256.8771 332.3841 436.4058 262.3435 117.7455 380.5326 204.9336 275.1365 1269.9695;
	3.7863 51.1617 90.8539 115.7825 14.8546 33.9736 28.8229 17.774 27.4753 30.4867 56.3543 84.0695 126.5662 66.439 193.5705 72.9265 90.4829 95.8849 89.4292 70.9783 9.6076 79.2718 72.3388 85.7215 100.6518 72.7684 13.0916 1258.3545 792.8575 792.8575 727.1023 118.9976 298.0973 182.6983 208.2954 338.2859 1282.2073 331.1921 436.8865 269.603 117.2991 376.8809 206.3321 266.3284 1295.5636;
	3.8044 51.4053 91.6072 115.5078 15.3356 34.6897 28.0624 17.9693 28.3181 30.3861 56.1683 83.7921 126.1485 67.8864 195.4022 73.6166 91.3392 96.7922 91.7768 68.6562 9.3541 80.9427 72.7223 88.1097 102.4815 72.025 12.9534 1270.881 826.5948 826.5948 781.3653 118.0173 305.9228 176.7212 212.8332 352.6805 1311.7166 339.4636 442.6069 274.5041 119.8266 384.8245 206.448 275.3822 1325.3803;
	3.6935 49.9078 93.6686 117.4297 15.3953 35.016 28.2151 18.5979 28.0349 30.9935 57.291 85.4669 128.6699 68.4928 193.9028 73.0517 90.6383 96.0495 92.6291 70.9543 9.405 81.7039 74.2858 88.3459 105.4423 74.3699 13.1682 1241.6729 802.7398 802.7398 760.8367 112.3742 308.7637 182.6365 214.7343 342.5023 1248.8328 332.8817 437.6801 282.4347 118.6677 388.4438 210.1705 276.4453 1261.8414;
	3.8261 51.6992 91.8839 114.8376 15.2458 34.8044 25.3794 18.0737 27.3151 30.9517 57.2137 85.3516 128.4964 69.6021 199.3728 75.1125 93.1952 98.7591 92.5164 73.4527 8.4598 81.2103 75.247 88.4205 104.2443 74.8163 13.151 1239.6875 793.5418 793.5418 747.3069 113.2816 308.388 189.0676 218.2119 338.5778 1254.9207 316.5891 437.4298 279.2259 117.703 386.0971 204.1799 277.4764 1267.9928;
	3.7471 50.6313 91.988 113.4027 14.6252 34.7571 22.652 18.1166 26.7679 29.6523 54.8118 81.7685 123.102 69.8611 192.2219 72.4185 89.8526 95.2169 85.2927 71.7883 7.5507 81.0998 74.0476 87.0697 102.2605 73.9699 13.4552 1240.2909 784.9074 784.9074 741.7179 108.734 284.3091 184.7833 219.0239 334.8938 1277.4873 316.5272 439.6072 273.912 121.7258 385.5717 208.3045 279.4821 1290.7945;
	3.7528 50.7084 88.5383 112.0614 14.6195 33.5037 23.8939 18.1763 27.1915 29.9586 55.3781 82.6132 124.3737 68.9495 180.306 67.9293 84.2826 89.3144 84.8437 71.117 7.9646 78.1754 71.5095 86.2098 102.6497 70.3061 12.8888 1185.6364 746.2492 746.2492 570.4386 99.9938 282.8122 183.0555 216.1661 318.3996 1183.8327 284.4007 453.9126 274.9546 120.9341 371.6681 201.6472 277.8982 1196.1643;
	3.8065 51.4337 92.4338 114.3091 14.6719 31.8895 23.3096 17.7819 28.0398 30.4658 56.3155 84.0117 126.4791 68.8835 187.1114 70.4931 87.4637 92.6854 78.3942 70.3238 7.7699 74.4089 73.3942 85.163 103.2751 59.5615 11.879 1118.2807 762.0256 762.0256 602.9539 96.9261 261.314 181.0136 215.959 325.1309 1161.9257 301.1202 466.9538 276.6297 121.4839 353.7613 191.587 267.8464 1174.0291;
	3.6576 49.4225 93.8831 110.7285 14.4946 29.3001 18.2287 14.3109 27.5066 29.724 54.9443 81.9661 123.3996 68.9484 189.3939 71.3531 88.5306 93.8161 84.0256 69.5557 6.0762 68.367 72.5432 88.1518 104.0707 74.7049 9.7959 1120.1826 710.8355 710.8355 591.7723 103.3998 280.0855 179.0364 216.1625 303.2898 1160.5928 283.6872 454.3033 278.7608 119.7886 325.0363 178.8743 254.3521 1172.6823;
