function windprofile = ex_wind_profilesh1
%EX_WIND_PROFILE_D  Example wind_load_nyiso profile data for deterministic unit commitment.
% 2022.03.12
% Andres F. Ramirez


%% define constants
[GEN_BUS, PG, QG, QMAX, QMIN, VG, MBASE, GEN_STATUS, PMAX, PMIN, ...
    MU_PMAX, MU_PMIN, MU_QMAX, MU_QMIN, PC1, PC2, QC1MIN, QC1MAX, ...
    QC2MIN, QC2MAX, RAMP_AGC, RAMP_10, RAMP_30, RAMP_Q, APF] = idx_gen;
[CT_LABEL, CT_PROB, CT_TABLE, CT_TBUS, CT_TGEN, CT_TBRCH, CT_TAREABUS, ...
    CT_TAREAGEN, CT_TAREABRCH, CT_ROW, CT_COL, CT_CHGTYPE, CT_REP, ...
    CT_REL, CT_ADD, CT_NEWVAL, CT_TLOAD, CT_TAREALOAD, CT_LOAD_ALL_PQ, ...
    CT_LOAD_FIX_PQ, CT_LOAD_DIS_PQ, CT_LOAD_ALL_P, CT_LOAD_FIX_P, ...
    CT_LOAD_DIS_P, CT_TGENCOST, CT_TAREAGENCOST, CT_MODCOST_F, ...
    CT_MODCOST_X] = idx_ct;

windprofile = struct( ...
    'type', 'mpcData', ...
    'table', CT_TGEN, ...
    'rows', [1:45], ...
    'col', PMAX, ...
    'chgtype', 1, ...
    'values', [] );
windprofile.values(:,1,:) = [
	3.9066 52.7862 90.3259 115.6211 14.832 34.3409 30.5646 18.3524 27.6098 28.6633 52.9836 79.0412 118.9961 69.7725 186.9282 70.4241 87.3781 92.5947 79.5001 69.7406 10.1882 80.1288 74.7381 85.0882 104.84 75.5346 13.2676 1260.0426 751.9844 751.9844 562.5808 103.7884 265.0004 179.5125 218.7463 320.8467 1198.9955 207.4946 477.6975 280.8214 118.0401 380.9554 202.8455 285.3677 1211.485;
	3.911 52.8466 89.808 116.5988 14.6461 34.5255 27.3519 18.5839 27.3437 29.0082 53.6211 79.9922 120.4278 69.2234 172.8335 65.114 80.7896 85.6129 78.8949 69.0207 9.1173 80.5594 73.0752 86.9081 103.9111 72.6363 13.3084 1256.5619 815.4561 815.4561 646.2646 102.0486 262.9829 177.6595 217.0246 347.9279 1213.1623 206.5917 476.5494 278.3334 117.0717 383.0026 198.1366 278.9112 1225.7994;
	3.9189 52.9524 94.9333 120.0962 15.2401 35.0443 23.8678 18.9498 28.2137 29.6419 54.7926 81.7398 123.0589 69.2215 188.9632 71.1908 88.3293 93.6027 83.975 69.7437 7.9559 81.77 73.3335 89.4415 106.1554 76.29 13.9123 1294.4888 813.1562 813.1562 677.2857 93.7309 279.9167 179.5204 217.0187 346.9467 1284.9188 208.7747 458.6571 284.3448 121.6646 388.7578 206.3192 284.8357 1298.3033;
	3.8993 52.6879 94.9509 120.5338 15.2763 34.9797 24.8085 18.9809 28.2292 30.3827 56.162 83.7827 126.1343 68.8562 192.81 72.64 90.1275 95.5082 87.5433 70.9047 8.2695 81.6192 72.6313 89.5454 106.4438 74.8516 13.665 1264.9455 784.135 784.135 615.2056 97.4564 291.811 182.509 215.8734 334.5643 1240.0271 213.2804 455.9336 285.1172 118.2053 388.041 171.4522 285.537 1252.9441;
	3.925 53.0355 95.4562 120.9518 15.1223 34.8421 30.5797 18.669 28.3628 30.2214 55.8638 83.3377 125.4645 69.1291 199.1929 75.0448 93.1111 98.67 88.9316 72.9048 10.1932 81.2982 72.992 89.7415 106.6807 73.4863 13.3901 1273.5638 790.3729 790.3729 661.1718 102.923 296.4386 187.6571 216.729 337.2258 1235.5568 222.2729 475.8379 285.7519 115.6597 386.5149 204.6591 286.4293 1248.4272;
	3.9103 52.8364 94.7108 120.1664 15.1548 34.9973 29.9593 18.9684 28.3505 30.6119 56.5857 84.4147 127.0859 69.7396 202.4813 76.2836 94.6482 100.2989 90.3362 72.8255 9.9864 81.6605 73.5668 88.6643 106.519 73.7137 13.6753 1310.8381 795.9956 795.9956 704.2799 111.6259 301.1208 187.453 218.6429 339.6248 1243.3831 235.8971 472.8736 285.3188 113.7376 388.2372 189.781 286.2596 1256.3351;
	3.8168 51.573 93.5149 118.3096 14.3571 34.0571 30.9748 18.9105 28.1833 30.471 56.3253 84.0262 126.501 68.972 199.497 75.1593 93.2532 98.8206 87.2631 72.5045 10.3249 79.4666 73.0288 86.9713 105.8921 73.0431 13.6856 1252.6275 761.81 761.81 700.9845 108.1731 290.8771 186.6269 216.2365 325.039 1201.4439 269.8495 473.6639 283.6396 113.0217 377.8071 163.7234 279.5444 1213.9589;
	3.8433 51.9316 93.8226 118.9731 14.9032 33.911 30.4652 18.6736 27.4484 30.3413 56.0853 83.6683 125.9622 68.441 196.5655 74.0549 91.8829 97.3685 89.0621 71.1485 10.1551 79.1256 72.4798 87.5976 104.1136 72.8117 13.4928 1250.9455 772.8822 772.8822 705.8048 110.2278 296.8736 183.1365 214.5719 329.7631 1206.1026 275.1316 468.678 278.8758 112.6955 376.1856 177.532 280.1094 1218.6662;
	3.8386 51.8685 94.0179 119.2796 15.07 33.7064 32.2826 18.7631 28.0713 30.4441 56.2755 83.952 126.3892 68.4929 193.0664 72.7366 90.2473 95.6352 88.7296 69.4742 10.7609 78.6483 71.6056 87.5576 103.9941 73.4898 13.4111 1275.8225 804.546 804.546 766.9804 114.2382 295.7654 178.8268 214.7345 343.2729 1264.8286 294.1869 476.2461 278.5555 115.5311 373.9163 204.5123 275.0179 1278.0039;
	3.8692 52.2819 92.915 115.6647 15.1182 33.7415 27.1823 18.3739 27.7702 29.8119 55.1069 82.2086 123.7646 66.9126 192.7835 72.6301 90.1151 95.4951 84.978 68.5817 9.0608 78.7301 71.7159 87.3813 101.9704 70.7016 13.3931 1301.3909 817.7383 817.7383 701.8108 112.4882 283.2598 176.5295 209.7799 348.9017 1266.3556 296.2531 468.158 273.1351 113.4551 374.3056 213.4767 270.2123 1279.5468;
	3.9068 52.7897 94.8251 118.9106 15.2551 34.685 29.5699 18.441 28.1815 30.9591 57.2274 85.372 128.5271 66.7032 199.7977 75.2726 93.3938 98.9695 89.2354 72.0953 9.8566 80.9316 71.9096 86.6691 104.0223 70.691 13.6117 1302.1206 829.9684 829.9684 758.893 114.2963 297.4513 185.5734 209.1234 354.1199 1294.5535 310.8939 476.3513 278.6311 116.4762 384.7719 216.1504 270.8889 1308.0384;
	3.9277 53.0721 93.7536 116.506 15.0279 35.065 29.422 18.7943 28.283 30.0953 55.6306 82.9899 124.9409 67.7117 203.2908 76.5886 95.0266 100.6999 90.378 71.5271 9.8073 81.8184 71.6505 87.8301 104.9944 68.3891 13.656 1310.7061 826.9244 826.9244 797.1591 120.0831 301.2599 184.111 212.2854 352.8211 1327.0625 319.1142 476.0209 281.2351 118.2683 388.9882 216.3017 267.3733 1340.8861;
	3.9237 53.0175 92.8876 113.3727 15.1997 34.3549 30.0291 18.3028 27.969 30.3332 56.0704 83.646 125.9287 65.9494 197.5737 74.4347 92.3542 97.8679 92.6213 68.934 10.0097 80.1614 71.7335 84.9881 103.9493 69.8706 13.6001 1326.892 832.4341 832.4341 784.4049 117.326 308.7376 177.4363 206.7603 355.1719 1323.7415 332.4252 475.0 278.4357 117.4277 381.1102 213.1856 268.467 1337.5305;
	3.8519 52.0475 89.6615 112.0928 15.0227 33.6963 28.7703 17.8546 27.5435 29.3532 54.2589 80.9435 121.8601 66.8673 190.5599 71.7923 89.0757 94.3936 86.2475 70.6893 9.5901 78.6246 72.0903 84.8165 100.7072 70.5958 13.6083 1275.391 812.2382 812.2382 770.8238 112.9409 287.4917 181.9545 209.6381 346.5549 1278.6942 309.6114 472.7371 269.7513 114.0434 373.8038 202.6795 269.4385 1292.0139;
	3.8871 52.523 92.6163 114.2038 14.9082 33.5554 24.5433 18.1482 27.2906 28.6871 53.0276 79.1067 119.0947 67.3651 189.3459 71.335 88.5082 93.7923 88.0084 69.6883 8.1811 78.2959 73.3134 87.9422 104.2056 71.8918 13.4537 1287.3802 796.3167 796.3167 752.5673 113.7719 293.3612 179.3779 211.1986 339.7618 1275.9325 301.2278 464.6436 279.122 116.6329 372.241 202.3746 279.6968 1289.2235;
	3.8768 52.3836 91.0036 109.813 14.5314 32.8952 26.2539 18.0961 27.7796 27.9777 51.7164 77.1507 116.1499 65.1321 178.4249 67.2206 83.4033 88.3826 86.125 68.524 8.7513 76.7554 69.573 86.3433 103.1442 71.9352 13.3824 1292.3738 785.8893 785.8893 746.3919 111.3613 287.0834 176.3811 204.1979 335.3128 1206.8224 307.8824 468.89 276.2792 116.0441 364.9169 199.6167 277.0465 1219.3934;
	3.8476 51.9893 91.9031 107.9962 14.6783 31.9698 24.2027 17.3281 27.4987 28.5261 52.73 78.6628 118.4264 66.312 188.4962 71.0148 88.111 93.3714 84.8451 68.4643 8.0676 74.5961 70.8659 82.7632 100.5705 58.885 12.4203 1262.7649 784.9928 784.9928 686.767 106.7838 282.8169 176.2272 207.8972 334.9302 1191.0932 308.8689 464.8288 269.3853 112.5115 354.6512 191.9226 266.1723 1203.5004;
	3.8639 52.2092 92.094 103.9313 14.4285 30.2115 20.4907 13.0327 26.7364 28.4537 52.5962 78.4632 118.126 66.7612 185.96 70.0594 86.9255 92.1151 86.7897 66.2201 6.8302 70.4934 70.4725 82.0622 99.9131 70.197 10.2508 1271.4949 734.7374 734.7374 661.8077 106.1275 289.299 170.4508 209.3052 313.488 1226.8588 297.8108 457.5927 267.6243 114.4677 335.1457 182.8096 241.6008 1239.6386;
