function solarprofile = ex_solar_profilesh1
%EX_WIND_PROFILE_D  Example wind_load_nyiso profile data for deterministic unit commitment.
% 2022.03.12
% Andres F. Ramirez


%% define constants
[GEN_BUS, PG, QG, QMAX, QMIN, VG, MBASE, GEN_STATUS, PMAX, PMIN, ...
    MU_PMAX, MU_PMIN, MU_QMAX, MU_QMIN, PC1, PC2, QC1MIN, QC1MAX, ...
    QC2MIN, QC2MAX, RAMP_AGC, RAMP_10, RAMP_30, RAMP_Q, APF] = idx_gen;
[CT_LABEL, CT_PROB, CT_TABLE, CT_TBUS, CT_TGEN, CT_TBRCH, CT_TAREABUS, ...
    CT_TAREAGEN, CT_TAREABRCH, CT_ROW, CT_COL, CT_CHGTYPE, CT_REP, ...
    CT_REL, CT_ADD, CT_NEWVAL, CT_TLOAD, CT_TAREALOAD, CT_LOAD_ALL_PQ, ...
    CT_LOAD_FIX_PQ, CT_LOAD_DIS_PQ, CT_LOAD_ALL_P, CT_LOAD_FIX_P, ...
    CT_LOAD_DIS_P, CT_TGENCOST, CT_TAREAGENCOST, CT_MODCOST_F, ...
    CT_MODCOST_X] = idx_ct;

solarprofile = struct( ...
    'type', 'mpcData', ...
    'table', CT_TGEN, ...
    'rows', [1:12], ...
    'col', PMAX, ...
    'chgtype', 1, ...
    'values', [] );
solarprofile.values(:,1,:) = [
	0.0 0.0 0.0 0.0 0.0 0.0 0.0 0.0 0.0 0.0 0.0 0.0;
	0.0 0.0 0.0 0.0 0.0 0.0 0.0 0.0 0.0 0.0 0.0 0.0;
	0.0 0.0 0.0 0.0 0.0 0.0 0.0 0.0 0.0 0.0 0.0 0.0;
	0.0 0.0 0.0 0.0 0.0 0.0 0.0 0.0 0.0 0.0 0.0 0.0;
	0.0 0.0 0.0 0.0 0.0 0.0 0.0 0.0 0.0 0.0 0.0 0.0;
	1.0373 0.8477 0.726 0.0 0.0 10.285 1.2856 5.3915 1.6161 0.0 0.0 0.0;
	14.3418 11.9851 9.8272 2.3351 10.3576 366.4208 45.8026 57.4401 98.6274 98.6738 13.5544 178.6988;
	18.6729 16.7597 13.6469 5.8585 10.0993 287.3246 35.9156 51.2202 36.7434 178.2893 35.6071 322.883;
	21.777 16.706 13.8116 7.7766 9.2709 263.5379 32.9422 55.5092 27.5231 260.1833 78.9922 471.1935;
	20.5941 16.3659 13.3191 5.0496 7.6366 321.4391 40.1799 53.165 74.384 209.043 81.064 378.5781;
	21.1974 16.2393 12.9861 4.2788 9.1528 348.2405 43.5301 46.2928 111.5178 211.2111 55.6901 382.5046;
	21.8694 16.326 13.3344 4.0424 9.6065 332.4928 41.5616 38.8064 109.9939 207.6154 46.1689 375.9927;
	21.8276 15.9262 13.3969 4.7192 7.0998 246.4702 30.8088 48.4067 79.2072 203.2726 88.8448 368.1279;
	18.7269 15.7793 12.7331 4.2285 5.5967 243.8394 30.4799 52.9619 82.1044 239.177 96.5689 433.1511;
	14.2811 12.41 9.5198 3.3497 4.0948 276.4107 34.5513 51.361 97.4332 230.6346 95.7796 417.6806;
	7.615 5.7905 5.507 2.4759 3.0625 238.6596 29.8325 27.2936 130.5542 141.5065 83.0546 256.2692;
	1.2988 1.0424 1.0054 0.8547 0.997 64.824 8.103 11.4224 34.2715 30.5282 14.2764 55.2868;
	0.0 0.0 0.0 0.0 0.0 0.0 0.0 0.0 0.0 0.0 0.0 0.0;
	0.0 0.0 0.0 0.0 0.0 0.0 0.0 0.0 0.0 0.0 0.0 0.0;
	0.0 0.0 0.0 0.0 0.0 0.0 0.0 0.0 0.0 0.0 0.0 0.0;
	0.0 0.0 0.0 0.0 0.0 0.0 0.0 0.0 0.0 0.0 0.0 0.0;
	0.0 0.0 0.0 0.0 0.0 0.0 0.0 0.0 0.0 0.0 0.0 0.0;
	0.0 0.0 0.0 0.0 0.0 0.0 0.0 0.0 0.0 0.0 0.0 0.0;
	0.0 0.0 0.0 0.0 0.0 0.0 0.0 0.0 0.0 0.0 0.0 0.0;
];
