function loadprofile = ex_load_profilesh1
%EX_LOAD_PROFILE  Example load profile data file for stochastic unit commitment.
% 2022.03.12
% Andres F. Ramirez

%% define constants
[CT_LABEL, CT_PROB, CT_TABLE, CT_TBUS, CT_TGEN, CT_TBRCH, CT_TAREABUS, ...
    CT_TAREAGEN, CT_TAREABRCH, CT_ROW, CT_COL, CT_CHGTYPE, CT_REP, ...
    CT_REL, CT_ADD, CT_NEWVAL, CT_TLOAD, CT_TAREALOAD, CT_LOAD_ALL_PQ, ...
    CT_LOAD_FIX_PQ, CT_LOAD_DIS_PQ, CT_LOAD_ALL_P, CT_LOAD_FIX_P, ...
    CT_LOAD_DIS_P, CT_TGENCOST, CT_TAREAGENCOST, CT_MODCOST_F, ...
    CT_MODCOST_X] = idx_ct;

loadprofile = struct( ...
    'type', 'mpcData', ...
    'table', CT_TAREALOAD, ...
    'rows', [1:11], ...
    'col', CT_LOAD_ALL_P, ...
    'chgtype', 1, ...
    'values', [] );
loadprofile.values(:,1,:) = [
	1487.6647 866.1 1470.3235 568.4719 721.0373 1046.8963 878.7273 221.3965 498.5271 4425.0128 1729.4456;
	1477.2418 860.739 1436.5758 559.6 717.1344 1060.4847 865.1939 212.8381 479.5575 4314.5286 1679.0242;
	1493.9267 864.5262 1470.8276 555.6711 731.6496 1034.072 853.6019 220.2937 471.9 4266.9229 1670.9115;
	1535.8126 892.6973 1510.0704 569.9 759.068 1068.1603 862.8111 227.7164 476.746 4360.2562 1719.4;
	1600.206 950.7813 1634.3196 583.8266 831.9349 1142.7406 909.4778 250.4 517.2 4598.734 1876.6419;
	1643.1597 1013.1 1732.4334 608.4395 909.1371 1206.0311 988.2849 271.8014 558.3296 4917.2344 2022.0095;
	1691.1 1039.4658 1826.5741 612.3801 988.0359 1253.7755 1057.4475 293.8589 577.8432 5133.0493 2089.9146;
	1738.6801 1076.1695 1900.1344 618.0878 1022.0314 1313.074 1109.7462 283.2548 604.866 5352.5564 2153.9775;
	1758.8644 1091.7149 1930.819 610.1077 1031.8468 1314.7963 1131.0449 264.0044 616.0114 5430.5599 2192.489;
	1734.6176 1097.4425 1963.2918 627.1 1054.0286 1359.4984 1147.2284 293.2 619.1177 5524.0127 2272.7846;
	1736.2028 1067.3288 1935.6844 620.7 1024.1139 1308.7068 1136.3475 275.3 601.9751 5559.422 2235.74;
	1743.9247 1072.4788 1938.2657 608.5 993.5782 1307.252 1127.7108 273.504 589.7 5664.0203 2196.1722;
	1722.0715 1038.0195 1875.9329 599.0803 973.0456 1270.3977 1099.0588 271.2 573.3835 5477.8797 2154.7169;
	1718.6725 1051.0523 1910.4804 595.4495 946.9859 1289.4809 1149.8638 275.4908 602.5913 5579.7163 2274.4842;
	1749.8 1075.6015 1921.6727 610.3588 965.4983 1298.7041 1221.8337 288.2 611.2033 5616.6062 2422.7659;
	1800.773 1095.7294 1970.5275 628.2631 1005.1845 1345.4231 1201.8843 290.2088 611.8209 5696.6484 2405.7409;
	1786.1024 1098.2 1916.8205 627.6614 1010.867 1318.9106 1204.9235 297.7889 627.018 5712.8866 2518.7529;
	1788.3 1110.0 1965.2 627.2628 1047.2193 1421.4189 1224.878 316.1285 652.296 5720.1226 2581.115;
	1817.6799 1146.0765 2002.7 634.9379 1025.3425 1381.5256 1239.9221 316.5224 650.0563 5856.1511 2612.8301;
	1814.5017 1144.6263 2011.2455 624.7 1002.6281 1360.0 1190.8 322.9124 634.3619 6031.737 2491.7254;
	1748.1308 1078.8921 1937.3799 610.1 945.6697 1293.3399 1170.0567 325.4518 601.5112 5858.4599 2327.0082;
	1655.8545 988.0 1758.332 598.972 877.5138 1201.3 1111.6642 312.0985 586.5 5695.2509 2249.5645;
	1622.8827 966.7645 1708.8067 599.2682 894.2314 1185.4869 1095.0903 318.5001 566.3479 5358.4164 2116.1591;
	1589.4 947.7 1651.7 594.9 837.8899 1118.1 971.1025 293.1 534.9988 4938.2132 1922.4055;
];
