function windprofile = ex_wind_profilesh1
%EX_WIND_PROFILE_D  Example wind_load_nyiso profile data for deterministic unit commitment.
% 2022.03.12
% Andres F. Ramirez


%% define constants
[GEN_BUS, PG, QG, QMAX, QMIN, VG, MBASE, GEN_STATUS, PMAX, PMIN, ...
    MU_PMAX, MU_PMIN, MU_QMAX, MU_QMIN, PC1, PC2, QC1MIN, QC1MAX, ...
    QC2MIN, QC2MAX, RAMP_AGC, RAMP_10, RAMP_30, RAMP_Q, APF] = idx_gen;
[CT_LABEL, CT_PROB, CT_TABLE, CT_TBUS, CT_TGEN, CT_TBRCH, CT_TAREABUS, ...
    CT_TAREAGEN, CT_TAREABRCH, CT_ROW, CT_COL, CT_CHGTYPE, CT_REP, ...
    CT_REL, CT_ADD, CT_NEWVAL, CT_TLOAD, CT_TAREALOAD, CT_LOAD_ALL_PQ, ...
    CT_LOAD_FIX_PQ, CT_LOAD_DIS_PQ, CT_LOAD_ALL_P, CT_LOAD_FIX_P, ...
    CT_LOAD_DIS_P, CT_TGENCOST, CT_TAREAGENCOST, CT_MODCOST_F, ...
    CT_MODCOST_X] = idx_ct;

windprofile = struct( ...
    'type', 'mpcData', ...
    'table', CT_TGEN, ...
    'rows', [1:45], ...
    'col', PMAX, ...
    'chgtype', 1, ...
    'values', [] );
windprofile.values(:,1,:) = [
	3.7983 51.324 89.9528 119.5854 15.2526 33.3691 29.9964 18.8852 27.5425 29.8558 55.188 82.3296 123.9468 68.0762 184.9235 69.6689 86.441 91.6017 79.0003 70.3197 9.9988 77.8612 74.469 89.1779 106.3367 75.3873 14.0493 1314.6446 775.4201 775.4201 597.7249 113.2018 263.3345 181.003 213.4281 330.8459 1266.6802 235.6143 464.2891 284.8304 118.1498 370.1745 198.6067 281.5818 1279.8748;
	3.6967 49.9511 87.4844 116.3317 14.6214 31.6059 26.6851 18.5802 26.5534 28.4863 52.6565 78.5532 118.2613 66.4644 166.9294 62.8897 78.0298 82.6883 69.2521 68.8219 8.895 73.7471 70.8762 86.3757 102.4336 72.9969 13.9524 1315.6225 760.8938 760.8938 612.3503 109.8029 230.8403 177.1478 208.3748 324.648 1288.685 225.9597 461.4731 274.3758 115.9198 350.6149 173.1451 271.5537 1302.1088;
	3.6711 49.605 88.5566 116.6439 14.3953 32.1706 20.6799 18.6768 26.3677 29.5271 54.5804 81.4232 122.5822 64.9565 183.9131 69.2882 85.9687 91.1012 73.2044 69.3508 6.8933 75.0648 71.5101 87.9038 102.8235 76.1665 14.0621 1275.979 749.3298 749.3298 638.9559 101.6621 244.0147 178.5091 203.6474 319.7141 1275.6227 230.1068 391.2083 275.4202 117.367 356.8794 182.1762 267.9136 1288.9105;
	3.6544 49.379 90.3222 117.2067 14.3842 32.2802 23.1566 18.7371 26.5697 30.6011 56.5656 84.3847 127.0408 67.0905 188.8219 71.1376 88.2633 93.5327 85.19 69.378 7.7189 75.3204 73.6877 88.1968 103.1536 73.6072 13.8289 1261.3118 765.2553 765.2553 637.1383 104.1615 283.9668 178.5792 210.3378 326.5089 1249.1208 247.1773 435.3262 276.3042 116.2303 358.0949 154.3716 281.941 1262.1325;
	3.7828 51.1143 91.5917 116.8626 14.5508 32.9552 30.097 18.8758 27.1785 31.1879 57.6504 86.0031 129.4771 65.8156 194.1151 73.1317 90.7375 96.1547 84.5499 71.1849 10.0323 76.8954 74.9415 87.2992 103.8031 75.8745 13.9036 1262.7257 767.0493 767.0493 658.568 107.3383 281.8329 183.2301 206.3408 327.2744 1221.4471 248.2303 450.2073 278.0441 119.5978 365.5827 187.8449 281.4672 1234.1706;
	3.8161 51.5634 88.6756 116.2065 14.5622 33.5818 29.8121 18.0673 28.045 31.3711 57.989 86.5082 130.2376 67.5004 200.2616 75.4474 93.6106 99.1993 88.0179 70.4386 9.9374 78.3576 73.9708 84.6305 98.231 74.2099 13.4137 1289.2232 755.7992 755.7992 716.743 112.7882 293.393 181.3091 211.6228 322.4743 1211.5241 254.565 459.5763 263.1186 115.7465 372.5343 181.9881 273.8796 1224.1441;
	3.7701 50.9422 88.2113 113.6095 14.5018 33.4376 30.8093 18.0612 28.0926 31.0799 57.4507 85.7051 129.0285 66.6156 198.8603 74.9195 92.9556 98.5052 86.2229 70.7555 10.2698 78.0211 73.2156 86.2667 99.3221 73.5412 13.175 1234.8953 719.3717 719.3717 708.4047 110.7301 287.4097 182.1249 208.8488 306.9319 1189.6957 282.081 458.1663 266.0414 115.4236 370.9346 161.4464 261.4078 1202.0884;
	3.9136 52.8814 91.4459 118.3601 15.2084 34.9822 30.8274 18.0119 27.9975 30.6512 56.6583 84.523 127.249 68.4506 201.748 76.0074 94.3054 99.9356 86.2443 69.9465 10.2758 81.6252 73.784 88.241 101.8899 73.6584 13.0792 1301.1244 757.6239 757.6239 705.6539 113.1364 287.4809 180.0425 214.6019 323.2529 1250.002 291.1332 467.2271 272.9193 114.2999 388.0693 184.183 279.6356 1263.0228;
	3.8701 52.2937 90.3155 115.0097 14.8875 34.4188 31.7703 17.3218 27.2168 30.9512 57.2129 85.3504 128.4945 68.0118 197.6189 74.4518 92.3754 97.8903 89.4651 69.4406 10.5901 80.3104 73.7184 86.4953 101.8636 72.6883 12.8514 1323.167 778.6042 778.6042 752.9682 119.2906 298.2171 178.7404 213.2262 332.2045 1276.7066 316.8028 463.5199 272.849 117.5445 381.8187 201.1821 279.2953 1290.0056;
	3.921 52.9809 93.804 118.3597 15.3123 35.0005 27.1688 17.8318 28.2472 30.5105 56.3982 84.135 126.6647 69.1559 198.8643 74.921 92.9575 98.5072 88.8552 69.8088 9.0563 81.6679 73.2704 87.5586 102.6227 74.3649 13.4975 1339.9239 818.0227 818.0227 761.0187 120.233 296.184 179.6879 216.8132 349.023 1286.6244 337.4899 474.314 274.8822 116.7638 388.2724 212.1281 281.3522 1300.0267;
	3.9271 53.0632 93.1696 117.0416 15.0949 34.7574 29.583 17.7774 28.2542 30.3382 56.0797 83.6599 125.9495 67.6416 195.2384 73.5549 91.2626 96.7111 88.2741 70.954 9.861 81.1005 71.2815 87.3674 101.6455 75.4407 13.7811 1347.0516 836.17 836.17 815.333 122.4209 294.2469 182.6357 212.0656 356.7659 1328.5354 339.8172 469.9808 272.2647 118.0493 385.5749 206.8847 280.9534 1342.3743;
	3.8768 52.3846 88.6615 116.7332 14.9409 34.5442 29.6378 17.6655 28.4932 29.442 54.4231 81.1885 122.2289 66.7107 188.6332 71.0665 88.1751 93.4393 87.8133 67.2355 9.8793 80.6031 71.3315 86.4731 99.8657 72.83 13.465 1339.6276 851.6103 851.6103 806.2274 122.671 292.7109 173.0644 209.1471 363.3537 1329.8251 346.9614 474.35 267.4975 117.2842 383.21 212.2632 275.1161 1343.6774;
	3.8095 51.4751 92.0466 116.8113 15.1005 34.0059 29.6946 18.1871 28.4884 30.0548 55.5559 82.8785 124.7732 68.2264 190.2831 71.6881 88.9463 94.2565 90.8851 67.8926 9.8982 79.3472 71.3403 84.2084 100.6691 75.8228 13.6499 1334.3759 836.8385 836.8385 799.4215 122.9772 302.9502 174.7557 213.899 357.0511 1327.9508 353.5107 472.8299 269.6495 117.1712 377.2392 211.2217 282.3823 1341.7836;
	3.8986 52.6782 95.1237 120.6942 15.3974 34.9468 28.472 18.4843 28.4889 30.1645 55.7586 83.1808 125.2283 66.6807 188.2027 70.9043 87.9738 93.226 89.9339 71.1722 9.4907 81.5426 73.0198 89.9064 105.3609 75.9421 13.69 1319.1763 806.5539 806.5539 751.9478 121.0057 299.7796 183.1973 209.0529 344.1297 1274.2285 336.5036 462.8416 282.2166 116.4147 387.677 208.5648 286.1875 1287.5017;
	3.9281 53.0776 95.3062 120.9674 15.421 35.042 24.7324 18.9704 28.4901 30.0441 55.5361 82.8489 124.7286 68.4242 189.7902 71.5024 88.7159 94.0124 90.1356 70.728 8.2441 81.7648 73.8573 90.146 106.3176 76.1252 14.0234 1318.0998 810.3605 810.3605 727.7219 120.7509 300.4519 182.054 214.5191 345.7538 1256.4901 329.149 476.5202 284.7793 123.301 388.733 210.8742 287.0003 1269.5785;
	3.9287 53.085 94.9007 120.2103 15.3979 34.6497 25.8847 18.8256 28.4007 28.6119 52.8887 78.8995 118.7828 68.5337 184.8657 69.6471 86.414 91.573 88.3138 69.1102 8.6282 80.8494 68.7967 89.2844 105.8121 73.5603 13.6956 1279.4825 806.5711 806.5711 701.4998 118.682 294.3795 177.8898 214.8625 344.137 1224.8876 311.192 479.3387 283.4252 123.3499 384.381 205.3573 287.3164 1237.6469;
	3.9317 53.1253 94.5989 118.7327 15.3943 34.0934 24.0949 18.6487 28.2774 28.4278 52.5484 78.3919 118.0185 68.7882 187.0728 70.4786 87.4456 92.6663 89.1131 67.4275 8.0316 79.5513 69.1724 89.913 106.0948 62.4891 13.6531 1247.544 764.9767 764.9767 631.561 117.0727 297.0435 173.5585 215.6602 326.3901 1175.804 314.0542 473.8594 284.1826 123.1591 378.2095 197.9815 284.3449 1188.052;
	3.932 53.1305 92.7637 112.5006 15.3056 32.3753 21.3922 14.3283 28.1604 27.5798 50.9808 76.0533 114.4978 67.1712 181.2145 68.2715 84.7073 89.7644 87.2498 66.3762 7.1307 75.5424 70.1825 89.0413 103.8606 69.4718 10.8874 1254.1463 757.241 757.241 612.1085 110.5233 290.8326 170.8526 210.5909 323.0895 1218.1183 270.2649 458.9103 278.198 122.7104 359.1503 184.7746 271.202 1230.807;
