function loadprofile = ex_load_profilesh1
%EX_LOAD_PROFILE  Example load profile data file for stochastic unit commitment.
% 2022.03.12
% Andres F. Ramirez

%% define constants
[CT_LABEL, CT_PROB, CT_TABLE, CT_TBUS, CT_TGEN, CT_TBRCH, CT_TAREABUS, ...
    CT_TAREAGEN, CT_TAREABRCH, CT_ROW, CT_COL, CT_CHGTYPE, CT_REP, ...
    CT_REL, CT_ADD, CT_NEWVAL, CT_TLOAD, CT_TAREALOAD, CT_LOAD_ALL_PQ, ...
    CT_LOAD_FIX_PQ, CT_LOAD_DIS_PQ, CT_LOAD_ALL_P, CT_LOAD_FIX_P, ...
    CT_LOAD_DIS_P, CT_TGENCOST, CT_TAREAGENCOST, CT_MODCOST_F, ...
    CT_MODCOST_X] = idx_ct;

loadprofile = struct( ...
    'type', 'mpcData', ...
    'table', CT_TAREALOAD, ...
    'rows', [1:11], ...
    'col', CT_LOAD_ALL_P, ...
    'chgtype', 1, ...
    'values', [] );
loadprofile.values(:,1,:) = [
	1505.5 860.5 1540.0167 559.6031 656.8049 1062.7003 814.3765 244.4 521.013 4584.4875 1679.8886;
	1480.9 863.5975 1554.2816 550.9785 684.6201 1064.7812 814.8694 244.5 506.0042 4499.6846 1653.3078;
	1475.69 868.4817 1577.3393 549.2339 675.9708 1057.0965 811.1801 249.4078 509.7764 4462.4379 1658.9977;
	1523.4305 882.0009 1611.3371 539.7 707.8476 1097.9554 831.6086 251.1 515.9868 4498.0877 1698.9125;
	1587.0558 955.7 1724.351 561.4835 792.3 1159.8285 887.9 295.3 564.6033 4752.8061 1785.8437;
	1611.934 1012.5 1818.4817 558.4835 850.1076 1204.1 927.41 300.4 606.8344 5135.4854 1922.3;
	1654.3093 1040.3648 1821.7 559.2596 848.9544 1265.5979 945.5924 296.0107 622.2396 5098.8633 1999.3315;
	1664.6177 1061.2024 1853.9688 539.4674 889.9719 1299.4199 975.5308 292.5 621.9834 5276.8974 2012.0325;
	1703.1371 1091.8 1872.6894 556.3338 877.2266 1234.4538 992.6505 265.8722 638.2 5354.8 1985.2846;
	1661.1911 1070.4185 1900.485 554.1416 896.5337 1254.5182 985.9836 282.1 656.1123 5328.8097 1902.4107;
	1632.2805 1065.8698 1874.1789 565.6 862.6762 1209.2062 973.9499 275.2784 614.0266 5448.5901 1837.5232;
	1620.0718 1066.0779 1865.6723 557.4685 848.973 1259.755 946.9654 258.194 587.8 5396.9596 1722.9655;
	1583.0787 1039.7054 1817.1449 551.0695 860.9753 1242.4236 944.3726 254.4778 597.2274 5314.6276 1663.3077;
	1571.5618 1021.1439 1772.7 555.4731 831.5076 1190.5424 946.1411 273.0825 600.4675 5359.8428 1720.2108;
	1444.8672 1018.8288 1734.2769 553.4852 830.5897 1196.4932 940.1077 281.9068 622.2669 5332.3262 1708.2202;
	1417.0061 1037.1937 1742.8897 574.8908 856.9435 1240.9883 939.2699 255.64 609.4697 5303.2257 1307.6274;
	1644.7948 1060.1375 1805.5603 580.668 882.9305 1361.794 1014.0614 282.737 635.9 5365.8291 1623.0389;
	1674.0438 1089.9774 1883.1 608.6624 957.3087 1428.3 1078.5898 303.5 668.1565 5483.8003 2042.3885;
	1713.173 1095.5173 1869.0776 613.1526 950.5 1403.5 1083.6 317.2671 674.7 5408.9 1964.79;
	1745.4156 1067.5307 1840.6 611.1 909.3 1352.0483 1077.8076 310.7905 670.5257 5363.7273 1972.8419;
	1696.1761 1025.5085 1776.1595 595.567 861.4806 1316.5263 1027.2625 296.6859 632.7918 5205.6757 2014.0372;
	1617.6727 955.6802 1652.5606 580.5959 806.3043 1259.8757 959.421 279.292 586.264 5079.8601 1905.412;
	1561.885 929.4674 1609.6811 563.6396 816.5133 1222.5203 913.6 272.6144 545.6188 4915.8352 1826.0712;
	1533.565 928.7438 1620.8 580.9584 781.9 1227.7636 894.4 277.7443 525.3 4771.375 1756.0454;
];
