function windprofile = ex_wind_profilesh1
%EX_WIND_PROFILE_D  Example wind_load_nyiso profile data for deterministic unit commitment.
% 2022.03.12
% Andres F. Ramirez


%% define constants
[GEN_BUS, PG, QG, QMAX, QMIN, VG, MBASE, GEN_STATUS, PMAX, PMIN, ...
    MU_PMAX, MU_PMIN, MU_QMAX, MU_QMIN, PC1, PC2, QC1MIN, QC1MAX, ...
    QC2MIN, QC2MAX, RAMP_AGC, RAMP_10, RAMP_30, RAMP_Q, APF] = idx_gen;
[CT_LABEL, CT_PROB, CT_TABLE, CT_TBUS, CT_TGEN, CT_TBRCH, CT_TAREABUS, ...
    CT_TAREAGEN, CT_TAREABRCH, CT_ROW, CT_COL, CT_CHGTYPE, CT_REP, ...
    CT_REL, CT_ADD, CT_NEWVAL, CT_TLOAD, CT_TAREALOAD, CT_LOAD_ALL_PQ, ...
    CT_LOAD_FIX_PQ, CT_LOAD_DIS_PQ, CT_LOAD_ALL_P, CT_LOAD_FIX_P, ...
    CT_LOAD_DIS_P, CT_TGENCOST, CT_TAREAGENCOST, CT_MODCOST_F, ...
    CT_MODCOST_X] = idx_ct;

windprofile = struct( ...
    'type', 'mpcData', ...
    'table', CT_TGEN, ...
    'rows', [1:45], ...
    'col', PMAX, ...
    'chgtype', 1, ...
    'values', [] );
windprofile.values(:,1,:) = [
	3.8728 52.3295 95.2138 120.4098 14.6359 34.2171 30.675 19.1387 27.409 29.0281 53.6579 80.0471 120.5104 67.1314 192.5318 72.5352 89.9974 95.3704 83.9607 69.1619 10.225 79.8398 75.0067 90.1265 106.6891 76.233 14.1207 1295.3086 819.8777 819.8777 619.6549 115.6763 279.8691 178.0229 210.466 349.8145 1275.1658 242.9014 469.7647 285.7744 121.8431 379.5812 206.0901 286.1323 1288.4488;
	3.8183 51.5937 93.9052 115.1464 14.116 32.3054 26.885 18.9216 26.1691 28.5449 52.7647 78.7146 118.5044 64.1956 185.2147 69.7786 86.5771 91.7459 81.5598 69.474 8.9617 75.3794 73.4486 88.991 104.7356 74.3932 14.0026 1280.4332 789.9471 789.9471 622.6344 104.986 271.8661 178.8263 201.2619 337.0441 1232.2539 235.8485 449.6475 280.5419 118.5239 358.375 194.8559 278.394 1245.0899;
	3.6216 48.9359 91.8867 115.7558 13.9912 32.9191 23.16 18.6363 26.002 29.0269 53.6557 80.0438 120.5054 63.3578 194.178 73.1554 90.7669 96.1859 81.0092 71.063 7.72 76.8112 72.3265 88.6245 102.6187 75.8829 13.6455 1265.6214 797.3666 797.3666 663.5471 100.8017 270.0308 182.9164 198.6354 340.2097 1289.5127 238.2591 426.1038 274.8716 114.3203 365.1822 190.5618 266.9846 1302.9452;
	3.6905 49.8665 94.1468 118.2805 14.7251 33.3334 24.538 19.0235 26.5744 29.5741 54.6674 81.5529 122.7775 64.7427 197.2431 74.3102 92.1997 97.7042 84.0567 71.7539 8.1793 77.7779 72.0304 89.8617 105.6611 76.1709 13.9597 1324.1987 807.4274 807.4274 688.3334 109.0725 280.1889 184.6946 202.977 344.5024 1307.5763 266.7809 447.1331 283.0207 115.2614 369.7785 162.2456 276.887 1321.1969;
	3.8768 52.3838 94.512 118.647 15.0455 33.905 30.9268 19.0206 27.6971 30.3755 56.1487 83.7629 126.1045 64.4947 199.8291 75.2844 93.4085 98.9851 83.9795 73.4232 10.3089 79.1118 75.2842 89.8505 106.4762 75.3688 13.9814 1282.3093 797.119 797.119 683.4345 111.0438 279.9317 188.9916 202.1997 340.1041 1289.2367 256.5435 471.691 285.204 114.3974 376.1199 199.2633 275.6585 1302.6662;
	3.8032 51.3899 93.265 116.7462 14.5425 33.5727 29.2287 18.5249 26.6009 29.9169 55.301 82.4981 124.2005 63.7091 199.2113 75.0517 93.1197 98.6791 86.7263 71.9135 9.7429 78.3363 73.6881 89.4876 104.3014 73.1641 13.5461 1276.5619 755.3752 755.3752 651.4978 110.0453 289.0877 185.1056 199.7366 322.2934 1226.2506 250.3415 448.7337 279.3788 114.7297 372.4332 184.9206 280.7364 1239.024;
	3.6915 49.8798 91.0724 114.3739 14.4756 33.4572 30.6497 18.7951 26.2394 30.3187 56.0436 83.606 125.8684 59.2545 199.6853 75.2303 93.3413 98.9139 86.6759 71.3523 10.2166 78.0669 74.9281 88.9756 102.7738 73.8591 13.7128 1261.379 719.0533 719.0533 648.6392 106.4643 288.9197 183.6611 185.7708 306.7961 1196.7282 277.9213 454.0205 275.287 114.9702 371.1523 171.7742 276.538 1209.1941;
	3.7253 50.3366 90.6598 118.3841 15.0516 33.7853 30.3428 18.9165 27.4855 31.0402 57.3773 85.5957 128.8638 66.5152 202.6274 76.3387 94.7165 100.3713 89.2302 70.0801 10.1143 78.8324 75.852 89.0808 103.5621 73.1637 13.7272 1328.2331 764.5821 764.5821 673.657 112.2874 297.4339 180.3864 208.5343 326.2217 1271.2409 296.4484 455.238 277.3984 119.8776 374.7916 184.003 271.4779 1284.4829;
	3.8594 52.1494 92.581 114.9638 15.3876 34.7782 32.1295 18.9349 28.1239 31.0328 57.3636 85.5752 128.833 67.8739 201.8658 76.0518 94.3605 99.994 89.7043 70.7295 10.7098 81.1491 75.1366 88.5025 102.6235 74.4972 13.3936 1344.4399 804.8492 804.8492 723.3841 119.3333 299.0143 182.0578 212.794 343.4023 1324.8164 315.9116 466.6924 274.8844 118.7607 385.8058 215.6871 270.8859 1338.6166;
	3.7986 51.3271 90.7341 114.8519 15.3199 34.1098 24.3168 18.4736 27.0496 30.5721 56.5121 84.3049 126.9206 67.5754 196.4561 74.0137 91.8318 97.3143 86.5194 69.7777 8.1056 79.5896 75.0812 88.2482 100.965 74.7958 13.1352 1337.0776 805.65 805.65 726.3351 117.9023 288.3981 179.608 211.858 343.744 1291.5247 324.7713 436.6252 270.4419 114.7448 378.3919 217.7118 275.443 1304.9781;
	3.7862 51.1604 87.2982 110.4297 15.2788 33.2593 27.2484 17.7341 27.6509 30.6051 56.573 84.3958 127.0574 65.5078 199.5893 75.1941 93.2964 98.8663 89.3749 70.9278 9.0828 77.605 73.3039 85.4475 96.8841 71.5893 12.8241 1337.189 821.7746 821.7746 751.5361 120.5016 297.9164 182.5684 205.3759 350.6238 1325.6112 333.0647 439.2076 259.5109 115.3929 368.9564 214.9651 269.0278 1339.4197;
	3.6691 49.5774 87.4392 110.3265 14.9977 32.3355 26.3707 17.6665 27.1219 29.8528 55.1824 82.3213 123.9343 68.0321 200.0911 75.3832 93.5309 99.1149 90.851 68.7408 8.7902 75.4495 73.994 86.7161 97.1094 69.1694 12.7062 1360.4994 841.4173 841.4173 796.9758 122.2782 302.8367 176.9389 213.2898 359.0047 1355.4301 344.6883 465.0376 260.1145 119.8505 358.7084 211.8201 271.3195 1369.5492;
	3.6441 49.2397 90.5242 109.6101 15.0789 31.9041 26.848 17.8538 26.8483 30.2499 55.9164 83.4163 125.5828 67.7615 193.1335 72.7619 90.2787 95.6685 89.4491 68.2545 8.9493 74.4429 73.0896 83.3229 99.7458 71.8362 12.8679 1332.6907 833.8483 833.8483 754.6596 119.9815 298.1638 175.6872 212.4416 355.7753 1344.1141 343.5055 453.8283 267.1763 117.7196 353.923 212.7374 264.814 1358.1153;
	3.7546 50.7331 91.0775 112.974 15.2945 31.9483 26.204 18.288 27.8989 29.3619 54.275 80.9676 121.8962 64.9531 195.4031 73.617 91.3396 96.7927 86.9393 70.669 8.7347 74.546 72.8039 85.6689 100.7035 73.7219 13.2974 1317.039 810.0902 810.0902 745.2055 117.9528 289.7977 181.9021 203.6368 345.6385 1302.8225 332.5681 460.9098 269.7415 115.9217 354.413 207.9607 273.9524 1316.3936;
	3.8083 51.458 91.6376 111.3953 14.9937 32.629 23.2474 17.968 27.4976 29.7652 55.0204 82.0797 123.5705 67.6279 194.7767 73.381 91.0468 96.4824 90.2529 70.578 7.7491 76.1344 74.7854 86.7468 98.9543 70.9842 13.2083 1321.8151 813.9377 813.9377 777.1213 120.9881 300.8429 181.6679 212.0228 347.2801 1302.6675 340.6869 466.1467 265.0563 115.7534 361.9648 211.8118 273.9362 1316.237;
	3.7633 50.8506 93.012 113.986 15.0529 31.6322 24.5494 18.984 26.5941 29.8736 55.2209 82.3787 124.0206 65.121 183.6981 69.2072 85.8682 90.9946 86.0627 69.1384 8.1831 73.8085 73.8348 88.7026 101.4833 74.0733 13.5357 1293.7282 797.813 797.813 736.3834 120.913 286.8755 177.9624 204.1632 340.4002 1256.9666 319.51 452.0316 271.8303 118.4126 350.9069 207.8137 281.7218 1270.06;
	3.5748 48.3035 89.0625 107.1678 14.5154 25.8582 20.4371 18.5922 25.8712 28.4274 52.5477 78.3908 118.017 63.2412 192.7199 72.6061 90.0853 95.4636 87.8068 68.0369 6.8124 60.3359 73.8913 86.0323 99.4633 60.7139 12.6096 1180.4152 744.4782 744.4782 637.3688 111.8247 292.6892 175.1271 198.2697 317.644 1144.3661 301.6855 428.9133 266.4195 114.4092 286.8541 191.048 261.898 1156.2866;
	3.5728 48.2759 87.9817 106.0123 14.5978 27.3076 17.649 14.3461 26.4161 28.2121 52.1496 77.797 117.1229 63.3894 186.2145 70.1552 87.0445 92.2411 89.7621 66.4457 5.883 63.7177 73.0441 88.6285 100.6079 71.0192 10.2752 1228.4062 723.649 723.649 615.8308 106.1332 299.2069 171.0313 198.7343 308.7569 1223.5106 272.7971 434.8057 269.4855 120.2229 302.932 182.1541 239.982 1236.2555;
