function loadprofile = ex_load_profilesh1
%EX_LOAD_PROFILE  Example load profile data file for stochastic unit commitment.
% 2022.03.12
% Andres F. Ramirez

%% define constants
[CT_LABEL, CT_PROB, CT_TABLE, CT_TBUS, CT_TGEN, CT_TBRCH, CT_TAREABUS, ...
    CT_TAREAGEN, CT_TAREABRCH, CT_ROW, CT_COL, CT_CHGTYPE, CT_REP, ...
    CT_REL, CT_ADD, CT_NEWVAL, CT_TLOAD, CT_TAREALOAD, CT_LOAD_ALL_PQ, ...
    CT_LOAD_FIX_PQ, CT_LOAD_DIS_PQ, CT_LOAD_ALL_P, CT_LOAD_FIX_P, ...
    CT_LOAD_DIS_P, CT_TGENCOST, CT_TAREAGENCOST, CT_MODCOST_F, ...
    CT_MODCOST_X] = idx_ct;

loadprofile = struct( ...
    'type', 'mpcData', ...
    'table', CT_TAREALOAD, ...
    'rows', [1:11], ...
    'col', CT_LOAD_ALL_P, ...
    'chgtype', 1, ...
    'values', [] );
loadprofile.values(:,1,:) = [
	1449.2 858.2421 1500.3973 529.675 749.0514 1119.3049 880.1701 229.0 551.1717 4674.8377 1863.3511;
	1423.4627 837.2898 1463.9353 516.2039 733.5032 1098.0 847.3 220.5 538.1092 4495.0007 1792.4383;
	1455.4042 839.9556 1486.8501 529.9808 761.8695 1123.1088 868.5129 214.4 560.8495 4612.7017 1860.6011;
	1483.7745 864.1121 1545.1 533.0 790.7927 1143.995 880.7068 216.8207 568.7722 4564.8199 1843.117;
	1577.7815 917.4568 1644.3335 572.5092 865.9325 1229.7698 960.2335 240.7012 597.5904 4750.2141 1895.7687;
	1664.4984 981.7 1740.8746 586.1084 950.7937 1306.5291 1025.4084 285.6 621.6277 5176.2367 2218.5661;
	1729.8923 1021.5067 1839.0714 581.2 1008.0027 1457.4788 1094.751 300.2 656.6931 5288.3419 2156.7236;
	1767.1917 1055.3 1867.1296 615.7368 1049.7114 1442.3462 1174.1444 311.7041 695.0898 5594.9137 2377.7492;
	1802.6 1092.497 1924.8384 610.2846 1047.1095 1483.3166 1213.3016 327.3281 711.0813 6044.5972 2439.3158;
	1826.1722 1090.0182 1958.1706 602.8217 1047.3519 1497.7523 1235.6005 313.8 730.524 6109.8304 2431.521;
	1896.7528 1092.0496 1936.174 593.4 1013.4281 1485.0506 1253.9958 308.9483 717.8093 6110.618 2343.4989;
	1887.697 1059.4078 1888.6123 588.4678 973.7927 1424.4021 1206.7518 298.0616 723.2468 5754.532 2237.4095;
	1866.107 1049.4614 1892.9589 597.4708 984.701 1431.1576 1282.7875 282.8616 762.0873 5743.1094 2305.5617;
	1835.7303 990.2448 1857.7584 581.5212 975.5 1397.8035 1268.9904 285.4649 726.7885 5588.2363 2181.1719;
	1824.6736 1027.1268 1839.1368 584.3071 963.4782 1421.9175 1248.2441 298.7545 702.8236 5729.0709 2219.7082;
	1785.0634 1017.6 1829.6343 589.3851 963.3403 1398.4874 1212.8718 297.9117 711.8091 5770.2362 2173.6327;
	1805.6666 1060.1483 1897.1566 600.2814 1010.5019 1386.2099 1202.4617 310.6954 695.6344 5938.5575 2279.6603;
	1837.4 1100.3 1971.8766 610.3446 1040.5484 1438.7702 1242.756 315.3048 703.6539 5871.857 2370.1923;
	1902.6036 1127.0 2002.8025 609.5732 1055.5086 1451.1101 1216.0012 304.6535 682.3042 5993.9526 2434.2082;
	1858.9398 1078.8994 1912.883 602.9132 999.5152 1379.8337 1165.74 310.9526 671.052 5782.8024 2320.9219;
	1804.9316 1027.8039 1801.4 593.858 946.1648 1314.051 1128.0438 311.856 683.5555 5745.2908 2252.5142;
	1705.5023 971.3108 1706.2 586.2 915.9267 1271.9078 1046.856 277.8645 607.0488 5327.9968 2033.2317;
	1685.6154 955.7474 1731.4542 595.4195 929.2979 1317.5096 974.5464 289.8015 632.7134 5400.9254 1987.2767;
	1623.9646 912.0074 1646.488 584.9 891.952 1243.4701 944.4743 258.7057 587.2765 4828.4845 1843.9341;
];
