function loadprofile = ex_load_profilesh1
%EX_LOAD_PROFILE  Example load profile data file for stochastic unit commitment.
% 2022.03.12
% Andres F. Ramirez

%% define constants
[CT_LABEL, CT_PROB, CT_TABLE, CT_TBUS, CT_TGEN, CT_TBRCH, CT_TAREABUS, ...
    CT_TAREAGEN, CT_TAREABRCH, CT_ROW, CT_COL, CT_CHGTYPE, CT_REP, ...
    CT_REL, CT_ADD, CT_NEWVAL, CT_TLOAD, CT_TAREALOAD, CT_LOAD_ALL_PQ, ...
    CT_LOAD_FIX_PQ, CT_LOAD_DIS_PQ, CT_LOAD_ALL_P, CT_LOAD_FIX_P, ...
    CT_LOAD_DIS_P, CT_TGENCOST, CT_TAREAGENCOST, CT_MODCOST_F, ...
    CT_MODCOST_X] = idx_ct;

loadprofile = struct( ...
    'type', 'mpcData', ...
    'table', CT_TAREALOAD, ...
    'rows', [1:11], ...
    'col', CT_LOAD_ALL_P, ...
    'chgtype', 1, ...
    'values', [] );
loadprofile.values(:,1,:) = [
	1478.9786 849.6773 1429.1761 541.4666 615.7737 1089.2993 781.381 193.617 478.884 4318.0207 1594.3937;
	1450.5648 841.2 1419.9949 544.2067 614.9149 1078.6 759.7606 185.9183 474.155 4000.1986 1446.8158;
	1454.9081 815.4338 1389.3501 542.2 619.1363 1051.4684 757.4078 161.0535 446.5063 3942.6198 1447.2554;
	1496.3985 873.7528 1476.2687 566.1924 652.9454 1073.4287 783.2719 168.615 473.2515 4016.6866 1511.9397;
	1569.0582 961.6033 1586.8422 563.8346 742.5562 1124.4524 864.7325 201.3638 505.1932 4366.7835 1654.8573;
	1641.1153 1022.4 1653.3536 570.0423 784.7252 1202.5946 912.3 253.3252 527.3414 4594.8387 1755.7874;
	1708.1979 1050.1 1687.1196 576.3132 825.7 1259.9853 948.3825 283.0548 574.1 4797.7636 1879.8017;
	1734.7701 1077.4405 1721.4739 569.9564 857.1874 1229.6903 965.345 279.6729 542.8663 4481.863 1754.5086;
	1731.2465 1091.9403 1747.6216 575.2 873.3293 1233.5857 981.3404 284.8922 574.7 4747.7388 1872.8649;
	1793.1992 1128.2774 1797.8 582.9706 876.707 1261.0576 990.3911 302.3238 575.2422 5126.6654 1964.8171;
	1775.609 1125.8294 1795.8784 582.7 870.0897 1239.0193 978.6277 308.9 577.714 5271.4763 1963.4102;
	1748.5455 1126.8992 1757.8533 581.1676 864.6343 1191.1353 966.6973 301.6718 556.5079 5146.1209 1882.3415;
	1737.5 1095.9826 1758.7722 577.8066 844.9982 1152.8505 948.0977 294.6478 543.4661 4946.8521 1826.3736;
	1729.2717 1075.2237 1748.3203 561.7052 852.3 1160.8644 946.397 281.8 538.1654 4741.8645 1795.4702;
	1711.9332 1082.3875 1816.3023 582.6744 879.9107 1260.3134 979.7142 295.786 568.8331 4799.5566 1850.0165;
	1699.2202 1090.7582 1830.3809 581.1 887.7 1271.8827 1001.517 298.4032 567.7442 4654.0512 1946.7687;
	1709.5096 1105.6203 1853.027 594.1155 927.9614 1320.3982 1010.4233 295.7 561.4914 4765.0558 2074.7652;
	1755.1642 1130.8328 1877.2 595.898 966.3723 1375.8638 1077.869 310.7745 598.5366 4894.5993 2110.9865;
	1812.562 1153.4186 1892.8687 585.8201 949.5337 1354.5262 1098.1 308.3514 625.3419 5058.7501 2163.8597;
	1779.6 1091.7127 1832.0908 583.4 905.1203 1312.8408 1054.9 305.2634 609.163 4957.8111 2102.2174;
	1732.5838 1010.1707 1675.6324 566.4348 853.8748 1217.1217 986.0569 278.6995 580.4 4368.4034 1884.4238;
	1654.2952 936.0481 1594.9 566.4276 779.2129 1150.6327 943.6875 270.71 567.3246 4730.8119 1890.7781;
	1655.0743 945.4 1618.2478 588.5641 749.0345 1115.1537 901.8 247.6101 525.7339 4526.1203 1767.257;
	1627.9233 917.2659 1541.3823 569.0 757.8076 1078.4379 875.7763 235.6191 503.7707 4509.5103 1649.2183;
];
