function windprofile = ex_wind_profilesh1
%EX_WIND_PROFILE_D  Example wind_load_nyiso profile data for deterministic unit commitment.
% 2022.03.12
% Andres F. Ramirez


%% define constants
[GEN_BUS, PG, QG, QMAX, QMIN, VG, MBASE, GEN_STATUS, PMAX, PMIN, ...
    MU_PMAX, MU_PMIN, MU_QMAX, MU_QMIN, PC1, PC2, QC1MIN, QC1MAX, ...
    QC2MIN, QC2MAX, RAMP_AGC, RAMP_10, RAMP_30, RAMP_Q, APF] = idx_gen;
[CT_LABEL, CT_PROB, CT_TABLE, CT_TBUS, CT_TGEN, CT_TBRCH, CT_TAREABUS, ...
    CT_TAREAGEN, CT_TAREABRCH, CT_ROW, CT_COL, CT_CHGTYPE, CT_REP, ...
    CT_REL, CT_ADD, CT_NEWVAL, CT_TLOAD, CT_TAREALOAD, CT_LOAD_ALL_PQ, ...
    CT_LOAD_FIX_PQ, CT_LOAD_DIS_PQ, CT_LOAD_ALL_P, CT_LOAD_FIX_P, ...
    CT_LOAD_DIS_P, CT_TGENCOST, CT_TAREAGENCOST, CT_MODCOST_F, ...
    CT_MODCOST_X] = idx_ct;

windprofile = struct( ...
    'type', 'mpcData', ...
    'table', CT_TGEN, ...
    'rows', [1:45], ...
    'col', PMAX, ...
    'chgtype', 1, ...
    'values', [] );
windprofile.values(:,1,:) = [
	3.5683 48.2153 90.3732 116.036 14.0538 32.3216 29.9186 18.531 27.2298 26.6372 49.2385 73.4541 110.5848 66.8784 200.0369 75.3628 93.5056 99.0881 83.2579 73.0716 9.9729 75.417 63.443 83.6751 101.3348 75.7637 13.1502 1282.3495 784.046 784.046 552.8176 103.5232 277.5263 188.0865 209.6728 334.5263 1251.7636 222.2552 447.5161 271.4326 120.3719 358.5538 194.2584 282.3582 1264.8028;
	3.6538 49.3707 88.8535 115.1065 14.3385 32.0203 25.644 18.5183 26.4584 28.4163 52.5272 78.3602 117.9709 65.5005 199.7132 75.2408 93.3543 98.9277 85.4517 73.2637 8.548 74.7141 71.4088 84.991 99.6874 75.3915 13.1817 1297.347 771.5186 771.5186 557.1317 99.4578 284.839 188.5811 205.3528 329.1812 1225.8566 202.3891 445.0575 267.0199 119.1642 355.2122 180.9534 272.4037 1238.6259;
	3.6447 49.2481 87.6755 113.7994 14.3952 32.1003 20.9688 18.2065 26.9315 29.7173 54.932 81.9477 123.3718 63.9416 200.2023 75.425 93.5829 99.17 90.4486 73.3232 6.9896 74.9008 72.7467 84.8819 97.2051 76.0873 13.1923 1302.5327 744.3308 744.3308 583.2766 88.9872 301.4954 188.734 200.4656 317.5811 1255.1787 212.6045 419.8459 260.3708 119.5663 356.0997 182.3364 263.0264 1268.2535;
	3.68 49.7244 88.9681 117.3566 14.8397 32.5351 22.0425 18.1983 27.8852 30.446 56.2789 83.9571 126.3969 65.2749 201.0328 75.7379 93.9712 99.5814 91.1429 73.416 7.3475 75.9152 71.2795 86.0715 99.4039 74.5133 13.1499 1286.0797 747.273 747.273 561.4495 88.7468 303.8097 188.973 204.6457 318.8365 1246.3876 222.0563 437.159 266.2605 120.2045 360.9227 155.3854 273.0348 1259.3708;
	3.7198 50.2623 91.9602 117.4807 14.67 32.6551 29.6529 17.7678 27.5648 30.9858 57.2768 85.4457 128.6381 65.1074 202.7375 76.3802 94.768 100.4258 90.9396 73.6629 9.8843 76.1953 73.6582 84.4134 100.8685 74.477 12.8503 1280.8395 770.0843 770.0843 618.0413 99.8848 303.1321 189.6084 204.1206 328.5693 1256.8539 234.1247 461.6723 270.1834 118.7581 362.2541 181.4366 267.8303 1269.9461;
	3.6884 49.8383 92.7063 116.6928 14.5172 32.8331 28.6376 17.5425 27.8232 30.8632 57.0502 85.1076 128.1291 65.0433 203.9092 76.8216 95.3157 101.0062 92.2386 72.2139 9.5459 76.6106 72.954 85.3359 100.0597 73.0937 12.8552 1311.451 761.5088 761.5088 680.4432 102.807 307.462 185.8788 203.9195 324.9104 1259.6367 239.7187 451.6678 268.017 115.8115 364.2287 175.6787 273.9543 1272.7579;
	3.6112 48.7954 90.2273 113.7764 14.3259 33.4287 29.9656 17.3597 27.8653 30.4752 56.3329 84.0376 126.5181 64.8725 201.0346 75.7386 93.972 99.5823 91.4645 71.946 9.9885 78.0003 73.2543 84.0945 98.3524 71.6338 12.6561 1272.1569 756.9939 756.9939 682.6299 107.1356 304.8816 185.1893 203.384 322.984 1283.0133 274.7103 451.6618 263.444 114.218 370.8356 160.5031 260.8996 1296.3781;
	3.5899 48.5072 87.3047 111.1298 14.1147 32.738 28.2416 16.9615 26.1019 29.1991 53.974 80.5186 121.2203 65.9363 197.0057 74.2207 92.0887 97.5865 89.3904 69.135 9.4139 76.3887 72.9497 85.3911 97.0928 71.0932 11.8284 1266.9409 752.9947 752.9947 633.113 115.2142 297.9679 177.9535 206.7193 321.2777 1238.8637 290.6187 436.6399 260.0699 115.1447 363.1736 171.7049 255.9828 1251.7686;
	3.7183 50.2423 89.4032 116.8806 14.6907 34.7387 31.583 17.1944 26.5836 30.016 55.4842 82.7715 124.612 68.1452 200.3742 75.4898 93.6633 99.2551 91.2183 71.047 10.5277 81.0571 72.5739 85.894 99.379 69.8456 11.5861 1282.1883 820.0621 820.0621 722.253 119.0522 304.061 182.8752 213.6445 349.8932 1313.6204 303.4145 469.2284 266.1936 122.3558 385.3685 209.5154 261.9963 1327.3039;
	3.7249 50.331 92.495 118.8744 15.049 34.7388 26.5396 17.7856 26.7739 29.8307 55.1416 82.2604 123.8427 67.8932 203.1554 76.5376 94.9633 100.6328 91.506 73.0702 8.8465 81.0572 74.0167 88.943 103.2386 73.3952 12.8634 1285.6462 836.1925 836.1925 766.9088 120.1304 305.0202 188.083 212.8544 356.7755 1309.3138 331.6421 467.9815 276.532 119.126 385.3689 208.0111 265.7733 1322.9525;
	3.9164 52.9197 94.9123 120.7913 15.3785 35.1736 29.7315 18.1393 28.2254 30.6258 56.6113 84.453 127.1435 67.6738 205.6379 77.4729 96.1238 101.8625 92.8575 73.726 9.9105 82.0718 74.6458 89.9628 106.409 73.7837 13.0132 1341.0062 858.4577 858.4577 819.1573 120.631 309.5251 189.771 212.1664 366.2753 1360.516 340.7153 477.5823 285.0241 119.3036 390.1929 217.983 275.8347 1374.688;
	3.8117 51.5045 93.6891 120.3559 15.2072 35.0898 27.9382 17.8426 27.8941 29.6165 54.7456 81.6696 122.9531 68.0979 205.6334 77.4712 96.1217 101.8603 92.8741 73.5366 9.3127 81.8762 74.8261 89.3783 105.2479 71.1404 12.5455 1309.1765 844.6329 844.6329 799.5759 122.4619 309.5803 189.2833 213.4962 360.3767 1334.7535 334.1479 476.2176 281.9141 120.6439 389.2627 216.1409 264.3487 1348.6572;
	3.7961 51.2937 93.282 119.2663 15.3469 34.7574 29.0559 17.7228 27.0501 29.5594 54.64 81.5122 122.7162 67.1577 205.7464 77.5138 96.1745 101.9163 92.9201 73.7979 9.6853 81.1006 73.1636 87.0816 102.7074 74.3471 12.9249 1274.3204 831.2495 831.2495 784.6202 116.7911 309.7338 189.956 210.5484 354.6664 1297.4042 324.5934 472.7392 275.1091 120.2292 385.5752 217.9464 260.473 1310.9188;
	3.8127 51.5178 90.7386 119.6693 15.0626 34.7176 27.99 17.5644 27.8593 27.8638 51.5058 76.8365 115.6769 66.6286 204.0423 76.8717 95.3779 101.0721 92.8418 73.6233 9.33 81.0078 71.951 86.8494 101.5932 71.2067 12.8582 1293.8274 800.4653 800.4653 769.8539 116.8681 309.4727 189.5066 208.8896 341.5319 1297.7888 303.4135 469.3648 272.1246 120.3002 385.134 214.0632 264.4382 1311.3075;
	3.6687 49.5719 91.9927 117.3821 14.9429 33.9404 23.1106 17.8552 27.0836 28.8622 53.3513 79.5897 119.8218 64.5506 198.105 74.6349 92.6026 98.1311 87.6339 71.479 7.7035 79.1942 72.6014 87.5027 102.0574 71.4021 13.1401 1251.0396 769.3698 769.3698 770.0988 113.9798 292.1129 183.9871 202.3749 328.2644 1217.8672 301.9229 469.7809 273.368 123.6021 376.5118 206.3511 265.4896 1230.5533;
	3.7463 50.6205 90.0633 116.9695 15.1738 32.7932 23.1745 18.7228 26.876 27.9565 51.6772 77.0921 116.0618 64.843 178.5747 67.277 83.4733 88.4568 87.6037 71.7205 7.7248 76.5174 69.424 88.853 103.8792 73.2054 12.9848 1199.1456 739.7804 739.7804 714.2972 110.4586 292.0123 184.6089 203.2916 315.6397 1134.0671 288.966 465.0831 278.2478 123.5801 363.7855 196.7906 273.5828 1145.8803;
	3.7586 50.7868 92.5318 114.5592 15.0847 30.042 22.0626 18.5213 27.7845 28.4744 52.6345 78.5203 118.2119 65.0287 193.1971 72.7859 90.3084 95.7 91.2039 73.2606 7.3542 70.0979 68.9487 86.5699 101.8097 62.634 12.4047 1113.0666 749.2463 749.2463 660.1945 110.909 304.0128 188.5729 203.8737 319.6784 1134.273 295.023 462.3563 272.7047 121.5644 333.2656 186.9327 263.0506 1146.0883;
	3.7333 50.4446 91.99 108.5809 14.6929 27.7203 19.3824 13.5297 28.0036 28.5553 52.7841 78.7435 118.5478 64.805 186.6429 70.3166 87.2447 92.4534 91.9265 72.1452 6.4608 64.6806 70.2273 85.115 100.8648 70.0007 9.3381 1131.2814 725.49 725.49 632.5149 107.0647 306.4216 185.7019 203.1726 309.5424 1163.2927 263.147 464.961 270.1736 121.4943 307.5101 172.6924 244.2138 1175.4103;
