function loadprofile = ex_load_profilesh1
%EX_LOAD_PROFILE  Example load profile data file for stochastic unit commitment.
% 2022.03.12
% Andres F. Ramirez

%% define constants
[CT_LABEL, CT_PROB, CT_TABLE, CT_TBUS, CT_TGEN, CT_TBRCH, CT_TAREABUS, ...
    CT_TAREAGEN, CT_TAREABRCH, CT_ROW, CT_COL, CT_CHGTYPE, CT_REP, ...
    CT_REL, CT_ADD, CT_NEWVAL, CT_TLOAD, CT_TAREALOAD, CT_LOAD_ALL_PQ, ...
    CT_LOAD_FIX_PQ, CT_LOAD_DIS_PQ, CT_LOAD_ALL_P, CT_LOAD_FIX_P, ...
    CT_LOAD_DIS_P, CT_TGENCOST, CT_TAREAGENCOST, CT_MODCOST_F, ...
    CT_MODCOST_X] = idx_ct;

loadprofile = struct( ...
    'type', 'mpcData', ...
    'table', CT_TAREALOAD, ...
    'rows', [1:11], ...
    'col', CT_LOAD_ALL_P, ...
    'chgtype', 1, ...
    'values', [] );
loadprofile.values(:,1,:) = [
	1479.2415 854.3342 1505.5 518.6194 712.8568 1110.3881 872.732 237.0 505.8 4402.9176 1746.9098;
	1433.0 841.1775 1450.6846 483.8242 669.6659 1070.944 834.962 233.1045 498.0447 4332.7 1726.0647;
	1460.9 845.7 1478.8 518.1844 681.4543 1094.2 843.6245 239.8013 512.0516 4358.7624 1727.5827;
	1466.1249 867.3263 1516.7045 541.6 714.8 1121.9512 877.8167 242.0016 530.0931 4376.2761 1762.1604;
	1560.5491 919.9857 1601.0695 549.1 756.9631 1168.3424 922.008 258.8 540.6628 4549.4109 1866.503;
	1558.8673 977.9575 1714.5728 541.7094 841.2874 1226.9999 973.3538 291.4 567.7316 4822.6614 1950.014;
	1630.4904 1000.6489 1773.9179 541.9498 876.727 1254.1739 1012.6857 297.9455 572.9 5069.2832 2063.6942;
	1660.9025 1042.2783 1832.4385 554.1987 968.8188 1271.0906 1027.4751 299.8517 600.6669 5194.7076 2063.5166;
	1671.7456 1057.3562 1884.1688 566.1703 967.3044 1276.5237 1033.4694 294.8 610.0371 5285.7274 2029.5789;
	1695.7389 1080.1547 1923.0705 571.7088 991.962 1289.5666 1037.5882 291.6982 599.4375 5316.9415 1998.8528;
	1667.2305 1043.461 1905.1 559.1 986.6155 1244.1952 1040.7042 295.5071 588.3282 5355.5697 1944.3524;
	1685.7952 1039.0811 1879.6404 554.0788 995.8776 1242.7963 1043.598 306.5236 577.0566 5411.972 2062.3456;
	1648.3975 1014.2351 1834.2424 542.8357 971.5668 1217.6428 1040.6417 299.3485 576.207 5376.8 2002.4429;
	1637.312 1019.8651 1757.7571 506.6348 939.4959 1183.5981 1015.707 294.8894 564.9962 5431.9299 2097.1484;
	1681.9257 1026.8677 1757.3159 500.6561 952.4506 1229.3097 1014.5348 293.1102 569.807 5411.1926 2244.8282;
	1758.0655 1043.9029 1756.5281 511.0094 979.2086 1273.7943 1042.7297 307.6809 581.627 5333.9414 2281.5295;
	1705.3 1040.7193 1799.9834 542.0284 1010.2 1328.9 1067.539 311.8553 580.5 5433.5182 2286.1769;
	1763.6993 1107.0815 1895.3442 522.8729 1053.4531 1379.8889 1109.6202 333.2 631.8414 5597.1771 2394.2416;
	1798.3359 1136.0554 1926.6616 537.3629 1048.9 1364.7281 1119.4369 334.2291 628.1447 5740.4991 2403.9149;
	1771.0 1093.7 1882.0 522.8563 1019.5 1328.2052 1111.7715 333.4563 617.6816 5581.3867 2380.2602;
	1704.3643 1046.5534 1785.0366 531.4532 928.4379 1257.8953 1041.8761 303.8129 602.2504 5349.4078 2238.2961;
	1658.4 985.9366 1698.3352 514.6726 871.189 1183.6 980.5 281.0319 550.6348 5040.2954 2005.0324;
	1511.1872 939.2252 1663.3562 491.1326 835.5 1140.2 960.5 271.3 544.0687 4991.5713 1902.3683;
	1478.786 912.5717 1628.7 500.8604 819.1917 1098.2071 896.7201 241.64 525.3 4703.7463 1788.4521;
];
