function windprofile = ex_wind_profilesh1
%EX_WIND_PROFILE_D  Example wind_load_nyiso profile data for deterministic unit commitment.
% 2022.03.12
% Andres F. Ramirez


%% define constants
[GEN_BUS, PG, QG, QMAX, QMIN, VG, MBASE, GEN_STATUS, PMAX, PMIN, ...
    MU_PMAX, MU_PMIN, MU_QMAX, MU_QMIN, PC1, PC2, QC1MIN, QC1MAX, ...
    QC2MIN, QC2MAX, RAMP_AGC, RAMP_10, RAMP_30, RAMP_Q, APF] = idx_gen;
[CT_LABEL, CT_PROB, CT_TABLE, CT_TBUS, CT_TGEN, CT_TBRCH, CT_TAREABUS, ...
    CT_TAREAGEN, CT_TAREABRCH, CT_ROW, CT_COL, CT_CHGTYPE, CT_REP, ...
    CT_REL, CT_ADD, CT_NEWVAL, CT_TLOAD, CT_TAREALOAD, CT_LOAD_ALL_PQ, ...
    CT_LOAD_FIX_PQ, CT_LOAD_DIS_PQ, CT_LOAD_ALL_P, CT_LOAD_FIX_P, ...
    CT_LOAD_DIS_P, CT_TGENCOST, CT_TAREAGENCOST, CT_MODCOST_F, ...
    CT_MODCOST_X] = idx_ct;

windprofile = struct( ...
    'type', 'mpcData', ...
    'table', CT_TGEN, ...
    'rows', [1:45], ...
    'col', PMAX, ...
    'chgtype', 1, ...
    'values', [] );
windprofile.values(:,1,:) = [
	3.8353 51.8238 93.8098 119.5247 14.5015 33.9364 30.4642 19.116 28.462 29.2824 54.1281 80.7485 121.5664 66.2789 197.3152 74.3374 92.2334 97.7399 77.7768 72.2477 10.1547 79.1848 73.411 89.5113 106.6181 76.0717 14.1095 1308.6177 801.7328 801.7328 593.1599 111.3554 259.2561 185.9658 207.7932 342.0727 1274.2591 225.2775 471.6553 285.5843 121.9578 376.4673 206.061 277.9216 1287.5326;
	3.8188 51.6008 94.3592 119.4651 14.1242 33.2778 26.5434 18.9946 27.652 30.0222 55.4956 82.7885 124.6376 64.7837 188.231 70.9149 87.9871 93.24 81.4993 73.1628 8.8478 77.6482 70.7551 89.3773 106.0956 75.0877 14.0653 1319.3228 808.9737 808.9737 595.815 107.2607 271.6644 188.3213 203.1056 345.1621 1264.3332 217.8067 466.2481 284.1848 121.1779 369.1615 192.4408 272.4169 1277.5034;
	3.8902 52.565 92.9363 116.8997 14.1631 33.5625 22.274 18.7667 28.1427 30.0209 55.4932 82.785 124.6324 66.1838 197.966 74.5825 92.5376 98.0622 86.1414 72.6195 7.4247 78.3125 72.1222 87.8515 104.3108 75.8408 13.9592 1297.0159 790.2002 790.2002 639.8502 99.1848 287.1378 186.9227 207.4952 337.1521 1289.4302 229.9518 443.4463 279.4038 120.588 372.32 191.8625 258.3515 1302.8618;
	3.85 52.0225 92.85 116.1876 14.6755 33.7983 24.0331 18.9823 28.2574 30.4919 56.3638 84.0837 126.5876 66.4866 199.9029 75.3123 93.443 99.0217 88.2765 72.4498 8.011 78.8627 72.4766 88.3592 103.8006 74.7368 14.138 1324.6122 778.918 778.918 642.0282 106.9812 294.255 186.4859 208.4445 332.3383 1298.9383 242.3961 450.9257 278.0374 121.8497 374.9358 159.6976 260.9485 1312.4689;
	3.8604 52.162 94.3122 116.7561 14.5884 33.2061 30.4534 19.1282 28.3766 30.3179 56.0422 83.6039 125.8653 67.1697 202.6594 76.3508 94.7315 100.3871 86.2178 73.5317 10.1511 77.481 73.7824 89.4344 106.5392 76.3296 14.1204 1292.2936 770.6882 770.6882 673.3621 110.9712 287.3926 189.2709 210.586 328.827 1268.1174 243.7844 475.8362 285.3729 120.7862 368.3666 191.9199 270.9988 1281.327;
	3.7894 51.2037 93.4471 116.8065 14.8339 33.4809 29.0617 19.1201 27.6534 30.3279 56.0607 83.6315 125.9068 65.8271 203.7896 76.7765 95.2598 100.9469 86.5704 73.0308 9.6872 78.1222 73.6221 88.904 104.7589 76.3118 14.0531 1243.77 751.9755 751.9755 675.4796 112.8317 288.568 187.9815 206.3767 320.8429 1174.9379 245.9525 456.8447 280.6042 121.1953 371.4151 175.37 268.1428 1187.1768;
	3.7127 50.1669 94.7431 118.7013 14.6503 32.5265 30.8884 18.9365 27.8567 29.5931 54.7023 81.6051 122.856 65.3713 201.557 75.9354 94.2162 99.841 87.9677 72.0113 10.2961 75.8952 69.22 86.7174 102.4228 74.6634 13.8049 1251.6533 738.7557 738.7557 676.2072 111.7137 293.2257 185.3572 204.9479 315.2024 1204.5705 275.6823 467.3444 274.3469 123.0804 360.8273 164.4407 261.9989 1217.1181;
	3.8215 51.6368 94.4164 116.4758 14.5241 34.0845 30.4038 18.5985 27.9948 30.1886 55.8031 83.2472 125.3283 66.739 204.0176 76.8625 95.3664 101.0599 91.8515 72.9958 10.1346 79.5306 72.3912 87.905 100.7687 72.811 13.3409 1302.4767 781.3409 781.3409 670.7677 115.9487 306.1715 187.8913 209.2357 333.3721 1272.4187 278.1823 469.7827 269.9161 121.6875 378.111 183.9455 268.8238 1285.6731;
	3.7646 50.8685 91.6268 112.9665 14.6028 32.1921 31.7733 18.0506 27.9008 29.8205 55.1227 82.2322 123.8001 65.7604 202.8292 76.4147 94.8109 100.4712 89.4473 72.3518 10.5911 75.1148 72.6003 87.2242 100.5799 72.2514 12.9515 1294.654 798.6281 798.6281 718.5642 118.8456 298.1578 186.2337 206.1679 340.748 1274.0679 306.7515 469.7781 269.4105 121.1879 357.1174 202.4193 264.8643 1287.3395;
	3.7678 50.9118 94.8203 119.6521 14.9803 33.4676 27.1651 18.8593 28.0643 30.2613 55.9375 83.4477 125.6301 65.2112 205.1502 77.2891 95.8958 101.6209 92.8404 73.5183 9.055 78.0911 73.6875 89.9066 105.6418 73.5777 13.6825 1295.1861 834.3534 834.3534 746.251 119.5033 309.468 189.2364 204.4459 355.9908 1260.3062 326.7169 467.0267 282.9692 122.5631 371.2672 206.5957 271.2326 1273.4344;
	3.7335 50.4478 92.0731 118.395 14.5799 32.7926 28.2529 18.64 27.5765 30.5129 56.4027 84.1417 126.6748 63.0705 203.588 76.7006 95.1655 100.8471 91.5706 73.7789 9.4176 76.5162 73.3177 89.2171 104.1579 71.4991 13.7905 1265.4593 820.6414 820.6414 717.6413 113.9506 305.2353 189.9071 197.7347 350.1403 1252.8171 307.7634 461.8345 278.9943 122.3799 363.7798 200.4472 261.1015 1265.8673;
	3.7008 50.0058 93.8766 120.4789 14.6429 33.4713 26.3629 18.903 27.7779 29.1002 53.7913 80.246 120.8099 63.5874 204.5564 77.0654 95.6182 101.3268 92.2737 73.9721 8.7876 78.0997 72.4352 89.5643 105.0557 74.2083 13.9634 1245.4792 765.033 765.033 683.3896 111.6227 307.5789 190.4043 199.3552 326.4141 1233.8067 293.777 466.8349 281.3993 122.9649 371.3082 205.6578 263.7466 1246.6588;
	3.6898 49.8571 90.1071 114.6667 14.6876 33.582 27.1502 18.3207 27.7211 29.3803 54.309 81.0183 121.9726 64.613 203.658 76.727 95.1983 100.8817 92.6378 73.8646 9.0501 78.3581 71.6949 86.1426 102.1706 71.1103 13.453 1261.3092 816.1816 816.1816 722.2447 116.9267 308.7928 190.1278 202.5703 348.2375 1264.8624 322.7848 463.1153 273.6712 123.1004 372.5366 205.3003 262.4645 1278.0381;
	3.7968 51.3027 91.9237 116.7977 14.4783 33.5969 27.7905 17.5384 27.4742 29.9726 55.4038 82.6516 124.4316 66.7264 202.0582 76.1243 94.4505 100.0893 92.9157 73.9399 9.2635 78.3928 72.6161 85.8026 98.7965 70.5764 13.0318 1264.4049 825.3461 825.3461 759.5672 121.9995 309.7191 190.3215 209.1964 352.1477 1283.3398 326.5028 474.2353 264.6336 122.2448 372.7019 208.318 263.233 1296.7079;
	3.7411 50.5511 92.3443 117.9427 14.2598 33.2592 24.3424 17.6571 27.6838 29.8601 55.1959 82.3415 123.9647 68.0642 202.1199 76.1475 94.4793 100.1198 92.6945 73.9486 8.1141 77.6049 73.5719 87.4246 100.0024 70.2768 13.0773 1250.0499 798.008 798.008 745.2692 117.8865 308.9816 190.3439 213.3905 340.4834 1248.383 313.3711 464.8153 267.8635 123.2614 368.9556 207.3695 266.0877 1261.387;
	3.8141 51.5374 94.0129 118.8024 15.0358 33.3095 25.2917 18.2607 27.8541 27.8484 51.4773 76.7941 115.613 68.7565 191.4578 72.1306 89.4954 94.8384 91.8543 73.3237 8.4306 77.7222 69.7147 87.473 101.5061 71.7367 13.3733 1264.3262 824.8788 824.8788 745.005 117.2762 306.181 188.7354 215.5608 351.9483 1242.3108 318.2848 456.7365 271.8912 123.2561 369.5138 207.9368 276.0723 1255.2515;
	3.9297 53.0991 94.1582 118.9272 14.9829 33.1472 23.7913 18.1047 28.0125 28.2591 52.2366 77.9267 117.3182 67.0448 193.0106 72.7156 90.2212 95.6076 88.7279 72.8974 7.9304 77.3435 68.7555 85.2313 98.8119 58.2411 12.9569 1273.3417 777.1219 777.1219 643.3633 112.1337 295.7597 187.6382 210.1944 331.572 1217.6945 301.0826 446.6402 264.6747 122.4867 367.7132 210.6163 264.5895 1230.3788;
	3.9111 52.8476 93.9674 116.4571 14.8503 30.7354 20.8983 14.1302 28.1937 28.8802 53.3846 79.6393 119.8966 68.3786 196.8913 74.1777 92.0352 97.5299 88.1021 73.2029 6.9661 71.716 73.2937 86.6215 99.5802 69.6486 10.2515 1290.7111 768.3221 768.3221 641.367 111.7934 293.6735 188.4245 214.3762 327.8174 1259.9464 277.2907 463.0916 266.7327 120.848 340.9581 194.7439 249.5897 1273.0708;
