function windprofile = ex_wind_profilesh1
%EX_WIND_PROFILE_D  Example wind_load_nyiso profile data for deterministic unit commitment.
% 2022.03.12
% Andres F. Ramirez


%% define constants
[GEN_BUS, PG, QG, QMAX, QMIN, VG, MBASE, GEN_STATUS, PMAX, PMIN, ...
    MU_PMAX, MU_PMIN, MU_QMAX, MU_QMIN, PC1, PC2, QC1MIN, QC1MAX, ...
    QC2MIN, QC2MAX, RAMP_AGC, RAMP_10, RAMP_30, RAMP_Q, APF] = idx_gen;
[CT_LABEL, CT_PROB, CT_TABLE, CT_TBUS, CT_TGEN, CT_TBRCH, CT_TAREABUS, ...
    CT_TAREAGEN, CT_TAREABRCH, CT_ROW, CT_COL, CT_CHGTYPE, CT_REP, ...
    CT_REL, CT_ADD, CT_NEWVAL, CT_TLOAD, CT_TAREALOAD, CT_LOAD_ALL_PQ, ...
    CT_LOAD_FIX_PQ, CT_LOAD_DIS_PQ, CT_LOAD_ALL_P, CT_LOAD_FIX_P, ...
    CT_LOAD_DIS_P, CT_TGENCOST, CT_TAREAGENCOST, CT_MODCOST_F, ...
    CT_MODCOST_X] = idx_ct;

windprofile = struct( ...
    'type', 'mpcData', ...
    'table', CT_TGEN, ...
    'rows', [1:45], ...
    'col', PMAX, ...
    'chgtype', 1, ...
    'values', [] );
windprofile.values(:,1,:) = [
	3.8264 51.7025 94.0023 117.3449 15.1713 31.6244 29.2461 18.4483 27.864 29.4779 54.4894 81.2874 122.3778 69.4651 204.5802 77.0744 95.6294 101.3386 87.8693 73.7911 9.7487 73.7902 74.1097 88.3735 104.7633 73.4227 13.0602 1319.2538 788.2355 788.2355 609.3481 113.5221 292.8977 189.9385 217.7825 336.3138 1245.9437 219.38 463.0585 280.6159 113.0692 350.8198 203.0606 285.9145 1258.9223;
	3.7742 50.9976 94.7698 118.1735 15.1393 30.4932 26.507 18.9986 27.9013 30.7291 56.8023 84.7378 127.5723 67.5995 198.6477 74.8394 92.8563 98.3999 88.2015 72.9152 8.8357 71.1509 74.8842 88.8067 105.0742 72.5958 13.2837 1306.5181 794.9303 794.9303 655.6504 107.5594 294.0051 187.6839 211.9336 339.1703 1222.1846 219.4351 464.8928 281.4487 114.4359 338.2716 191.4666 282.617 1234.9157;
	3.714 50.1846 92.1765 116.9697 14.9284 31.5453 22.5508 18.6975 28.3277 30.932 57.1773 85.2972 128.4145 65.845 201.0742 75.7536 93.9905 99.6019 91.9641 71.0859 7.5169 73.6056 73.4599 88.4976 101.5356 74.9582 13.2115 1312.2699 760.0244 760.0244 665.7824 95.0008 306.5469 182.9754 206.4329 324.2771 1234.3223 206.6362 433.461 271.9704 114.0121 349.9422 193.7063 268.7998 1247.1798;
	3.6022 48.6738 92.3995 118.4494 14.7944 30.5381 24.0035 18.8166 27.8102 30.2767 55.966 83.4902 125.694 66.9881 204.4461 77.0239 95.5667 101.2721 92.3035 71.6309 8.0012 71.2555 72.4116 88.9988 103.502 72.094 13.2493 1296.1039 771.8477 771.8477 673.4079 99.6504 307.6782 184.3781 210.0168 329.3217 1247.8103 232.2235 441.7273 277.2376 112.7999 338.7689 155.0972 274.0694 1260.8083;
	3.6427 49.2213 93.5641 117.8573 14.8067 31.9232 30.2033 18.7566 26.9821 30.9633 57.2351 85.3835 128.5444 64.4481 200.7464 75.63 93.8373 99.4395 90.0643 71.8526 10.0678 74.4875 74.2944 88.2379 102.7907 72.4795 12.9706 1248.7043 756.7857 756.7857 691.8601 103.2731 300.2142 184.9487 202.0534 322.8952 1206.7851 230.6165 448.5742 275.3321 113.4936 354.1349 191.0811 268.4775 1219.3558;
	3.712 50.1577 93.8896 119.3898 14.812 32.2384 29.2634 18.7468 27.444 31.1075 57.5018 85.7814 129.1434 64.527 202.1795 76.17 94.5072 100.1494 92.0174 70.5413 9.7545 75.2228 73.4637 88.1682 102.9499 70.9577 13.0605 1248.4029 770.6932 770.6932 725.5981 109.5275 306.7245 181.5735 202.3009 328.8291 1179.2092 239.6847 453.742 275.7588 115.9154 357.6309 187.3451 273.6574 1191.4926;
	3.8066 51.4358 94.8929 120.4581 15.2609 34.3014 30.412 18.9686 27.3873 31.382 58.0091 86.5382 130.2828 64.6905 200.4796 75.5295 93.7125 99.3073 90.2043 71.3121 10.1373 80.0365 74.5713 88.9345 105.1496 71.1912 13.5816 1209.0597 764.6604 764.6604 717.5727 104.221 300.6812 183.5576 202.8133 326.2551 1215.3907 262.7755 456.034 281.6507 118.5002 380.5166 175.6818 273.9968 1228.051;
	3.8153 51.5533 93.4189 119.2504 15.0331 34.3498 29.396 18.535 27.3064 30.9143 57.1446 85.2485 128.3411 66.0181 200.7267 75.6226 93.828 99.4297 91.2252 69.5052 9.7987 80.1496 72.4758 89.1465 102.7328 71.765 13.1786 1268.341 766.2852 766.2852 712.7885 106.1032 304.084 178.9065 206.9758 326.9484 1232.3042 267.1914 461.4938 275.177 118.9009 381.0542 174.4241 272.524 1245.1407;
	3.7388 50.52 92.3274 116.0425 15.3318 34.5065 30.4138 18.4315 27.09 31.2287 57.7259 86.1156 129.6466 67.0644 199.3994 75.1226 93.2076 98.7723 91.8126 70.7533 10.1379 80.5151 74.1522 89.4707 103.433 72.678 12.9684 1269.7247 770.8604 770.8604 753.1682 114.4553 306.042 182.1193 210.2561 328.9004 1237.2033 285.2324 469.0954 277.0526 122.9437 382.792 200.9136 268.3783 1250.0908;
	3.6334 49.0952 94.8546 118.5065 15.1465 34.0333 24.944 18.5424 26.6863 30.3911 56.1774 83.8056 126.1689 66.3882 195.3434 73.5945 91.3117 96.7631 85.4886 68.9871 8.3147 79.4111 72.898 89.6429 104.6869 73.5612 13.1046 1247.3745 783.7263 783.7263 745.7437 116.5244 284.9621 177.573 208.1359 334.3899 1217.5111 306.792 464.6731 280.4114 122.2424 377.5429 202.7006 268.0613 1230.1935;
	3.5836 48.4219 89.1368 110.5945 14.6573 32.3081 25.9794 17.1125 25.8707 30.5469 56.4656 84.2355 126.8161 65.1944 196.8026 74.1442 91.9938 97.4859 85.3924 71.163 8.6598 75.3855 71.3757 86.8404 98.53 66.8243 12.212 1240.9767 801.4158 801.4158 762.6271 117.8582 284.6412 183.1739 204.3932 341.9374 1261.0 297.6864 449.622 263.9196 118.2436 358.4044 200.5868 257.0936 1274.1354;
	3.5728 48.2762 88.506 111.8745 14.6657 33.3778 26.3697 17.4162 26.1 28.6254 52.9136 78.9367 118.8388 64.2537 194.7532 73.3721 91.0358 96.4707 84.5061 68.8368 8.7899 77.8816 70.6409 87.2127 98.7106 64.4833 12.5377 1270.7152 799.3617 799.3617 754.9733 120.5295 281.6869 177.186 201.444 341.061 1272.323 309.8677 463.1468 264.4034 119.9907 370.2713 204.015 254.9242 1285.5764;
	3.7542 50.7275 94.4358 114.8752 15.2401 34.894 29.3912 18.2582 27.8587 30.4077 56.2082 83.8516 126.2381 65.9489 191.4547 72.1294 89.4939 94.8368 80.0473 68.5896 9.7971 81.4194 71.7242 89.4271 103.6943 72.6286 13.4697 1286.5747 815.6858 815.6858 773.8761 114.4571 266.8242 176.5499 206.7588 348.026 1292.8119 318.8946 476.3397 277.7525 121.7108 387.0912 214.226 262.9615 1306.2787;
	3.6583 49.4317 90.5636 112.8979 14.5585 33.746 27.618 17.9795 27.3025 28.4102 52.5158 78.3432 117.9453 65.4793 193.0851 72.7437 90.2561 95.6445 68.0605 70.177 9.206 78.7406 70.6523 87.0259 98.9235 73.8953 13.1783 1268.0288 783.8061 783.8061 720.3124 115.0666 226.8684 180.6357 205.2865 334.424 1254.7653 309.0315 462.7223 264.9737 116.6838 374.3552 202.685 265.6409 1267.8358;
	3.7455 50.6106 92.7454 114.7384 14.3997 34.0037 23.8738 17.7462 27.7858 28.5313 52.7397 78.6773 118.4482 65.6642 189.5775 71.4222 88.6164 93.907 78.3092 68.7475 7.9579 79.3419 72.5133 88.8888 101.2331 72.7027 13.0656 1319.2539 800.0266 800.0266 748.6305 121.7236 261.0306 176.9563 205.8662 341.3447 1264.5929 334.878 465.5318 271.1602 116.0059 377.2139 202.4401 269.737 1277.7657;
	3.7497 50.6671 89.9134 114.3581 14.6461 33.1495 25.8535 17.581 28.3275 28.5237 52.7257 78.6564 118.4168 63.3906 185.1788 69.765 86.5603 91.7281 80.7725 67.1719 8.6178 77.3489 69.0192 86.5188 98.1884 68.6627 12.6614 1180.524 783.2533 783.2533 695.3034 113.7272 269.2418 172.9007 198.7382 334.1881 1113.5801 307.9897 466.724 263.0047 118.175 367.7389 203.7841 267.5367 1125.1799;
	3.6672 49.5513 89.1274 111.3825 14.1505 29.9907 23.9108 17.5074 28.0724 29.1364 53.8582 80.3458 120.9602 62.2637 201.3679 75.8642 94.1278 99.7473 83.9712 67.9757 7.9703 69.9783 68.9374 83.3502 97.9212 56.6764 12.1499 1143.5631 748.6349 748.6349 642.5236 114.6148 279.9039 174.9698 195.205 319.4176 1128.2408 306.5773 463.0992 262.2888 117.9149 332.6968 189.8349 251.7852 1139.9934;
	3.594 48.5632 89.8432 109.4518 14.1609 29.1057 20.5566 14.4773 27.8983 29.7922 55.0705 82.1543 123.6829 63.2456 195.8757 73.795 91.5605 97.0268 86.1642 68.191 6.8522 67.9132 70.8108 84.8608 97.407 72.4116 10.4581 1149.2959 717.8214 717.8214 628.6727 116.5511 287.2141 175.5237 198.2834 306.2705 1154.4872 292.252 467.895 260.9115 119.5053 322.8789 177.1074 238.867 1166.5131;
