function windprofile = ex_wind_profilesh1
%EX_WIND_PROFILE_D  Example wind_load_nyiso profile data for deterministic unit commitment.
% 2022.03.12
% Andres F. Ramirez


%% define constants
[GEN_BUS, PG, QG, QMAX, QMIN, VG, MBASE, GEN_STATUS, PMAX, PMIN, ...
    MU_PMAX, MU_PMIN, MU_QMAX, MU_QMIN, PC1, PC2, QC1MIN, QC1MAX, ...
    QC2MIN, QC2MAX, RAMP_AGC, RAMP_10, RAMP_30, RAMP_Q, APF] = idx_gen;
[CT_LABEL, CT_PROB, CT_TABLE, CT_TBUS, CT_TGEN, CT_TBRCH, CT_TAREABUS, ...
    CT_TAREAGEN, CT_TAREABRCH, CT_ROW, CT_COL, CT_CHGTYPE, CT_REP, ...
    CT_REL, CT_ADD, CT_NEWVAL, CT_TLOAD, CT_TAREALOAD, CT_LOAD_ALL_PQ, ...
    CT_LOAD_FIX_PQ, CT_LOAD_DIS_PQ, CT_LOAD_ALL_P, CT_LOAD_FIX_P, ...
    CT_LOAD_DIS_P, CT_TGENCOST, CT_TAREAGENCOST, CT_MODCOST_F, ...
    CT_MODCOST_X] = idx_ct;

windprofile = struct( ...
    'type', 'mpcData', ...
    'table', CT_TGEN, ...
    'rows', [1:45], ...
    'col', PMAX, ...
    'chgtype', 1, ...
    'values', [] );
windprofile.values(:,1,:) = [
	3.7124 50.162 89.2272 109.1663 14.288 31.3127 29.733 17.7207 26.8314 28.585 52.839 78.8254 118.6711 67.014 195.8759 73.7951 91.5606 97.0269 84.1041 70.7214 9.911 73.0631 74.3903 83.7761 102.6301 71.4794 13.6168 1307.8298 819.9005 819.9005 599.4388 120.3247 280.3469 182.0371 210.0979 349.8242 1293.1876 239.4379 452.1602 274.9022 119.3639 347.3627 196.0541 272.9221 1306.6583;
	3.7728 50.9786 89.5376 110.4879 14.5085 31.4152 27.058 17.8925 27.3934 29.211 53.9961 80.5516 121.27 68.7282 198.0065 74.5978 92.5565 98.0823 85.7045 71.4516 9.0193 73.3022 75.0246 85.2833 99.8483 71.981 13.5512 1337.319 808.5893 808.5893 632.2091 119.2863 285.6817 183.9167 215.4723 344.9981 1286.501 242.1429 464.2322 267.4508 121.023 348.4996 187.852 267.5391 1299.9021;
	3.6888 49.8441 87.3934 99.3354 14.0309 32.0473 22.7158 17.5721 26.1107 28.9914 53.5901 79.9459 120.3581 67.5538 198.3777 74.7376 92.73 98.2661 86.6576 70.2644 7.5719 74.7771 72.8287 85.9164 98.0279 74.9195 13.6015 1305.7927 785.247 785.247 648.1629 111.9649 288.8588 180.8608 211.7902 335.0387 1289.5218 242.9666 421.5569 262.5746 118.7133 355.5115 187.7429 268.1472 1302.9543;
	3.5824 48.4065 82.5275 85.1334 13.9793 29.8926 23.3637 15.9312 25.7799 29.5339 54.593 81.442 122.6105 65.8695 192.2993 72.4476 89.8887 95.2552 86.3598 69.6265 7.7879 69.7495 72.0805 84.0196 85.4103 69.841 13.0133 1268.3676 754.5984 754.5984 614.1645 113.5195 287.8661 179.2189 206.5098 321.962 1249.7894 255.5153 425.2425 228.7776 116.1006 331.6088 146.1176 257.6911 1262.808;
	3.8275 51.7185 87.0581 109.5535 14.8787 32.7182 31.0635 16.9719 27.0117 30.7363 56.8157 84.7578 127.6024 68.5835 195.7402 73.744 91.4971 96.9597 84.0938 71.0407 10.3545 76.3425 73.2611 83.3883 97.665 72.1353 13.3325 1264.1303 788.8132 788.8132 670.2241 119.2519 280.3126 182.859 215.0184 336.5603 1294.7849 263.8939 463.5888 261.6027 114.335 362.9541 191.5274 253.6277 1308.2722;
	3.8938 52.6134 89.6849 113.5243 15.1 33.1924 30.6869 17.579 26.8565 30.4931 56.366 84.0869 126.5924 67.6458 200.1921 75.4212 93.5782 99.1649 84.3405 69.9032 10.229 77.4489 73.6852 84.7612 98.8438 72.1487 13.2569 1280.0653 786.1643 786.1643 706.2985 121.7017 281.1351 179.931 212.0787 335.4301 1262.3605 255.1803 467.0451 264.7602 116.1007 368.2143 183.1943 268.2256 1275.5101;
	3.8654 52.2297 91.5346 116.4583 15.1256 34.3447 31.9257 17.6893 26.4541 30.4054 56.2039 83.8451 126.2284 68.7201 202.241 76.1931 94.5359 100.1798 85.693 71.4313 10.6419 80.1376 72.8451 83.5519 100.1227 72.0137 13.1646 1257.6578 774.573 774.573 724.6311 116.2164 285.6435 183.8645 215.4469 330.4845 1276.4402 289.6685 475.2346 268.1858 115.0711 380.997 182.4199 264.4011 1289.7364;
	3.894 52.6167 92.9815 120.028 15.3418 34.5765 30.7969 17.4447 27.5748 30.5275 56.4297 84.182 126.7356 69.0587 201.1393 75.7781 94.0209 99.6341 84.3271 69.2841 10.2656 80.6784 73.3046 87.9175 100.9731 70.562 12.807 1293.3106 781.441 781.441 730.1311 117.5272 281.0904 178.3374 216.5085 333.4148 1280.5816 316.2642 473.6385 270.4636 112.1881 383.5683 192.8277 272.4271 1293.921;
	3.8857 52.5039 92.8148 117.3901 15.3869 34.31 32.2332 15.6152 28.3327 31.2673 57.7971 86.2219 129.8066 68.8 201.299 75.8382 94.0956 99.7132 87.8733 70.3926 10.7444 80.0566 75.0011 86.3307 100.1654 67.7598 12.4501 1299.591 829.6702 829.6702 748.6759 120.6716 292.9109 181.1907 215.6972 353.9926 1306.434 319.7507 473.5534 268.3002 116.7002 380.6117 214.5117 270.6812 1320.0427;
	3.7481 50.6447 87.8072 112.9778 14.8205 32.7158 25.8183 16.5051 28.1916 31.1064 57.4997 85.7783 129.1387 68.1319 203.7796 76.7728 95.2551 100.942 85.0779 69.8611 8.6061 76.3368 75.6381 86.4514 99.9978 69.1795 12.4764 1302.3467 833.0477 833.0477 723.314 122.4974 283.5929 179.8225 213.6026 355.4337 1321.3903 337.4778 472.4634 267.8513 116.1949 362.9271 206.0685 268.2361 1335.1548;
	3.7989 51.3318 89.0072 114.4886 14.7079 33.3631 28.7203 17.4867 28.3101 30.8036 56.94 84.9433 127.8816 69.0066 195.1948 73.5385 91.2422 96.6895 85.4341 71.2487 9.5734 77.8472 73.6769 84.8171 100.603 68.8289 12.6423 1278.2846 829.9616 829.9616 756.1907 121.0056 284.7804 183.3943 216.345 354.1169 1339.3183 339.9249 473.1062 269.4722 117.6531 370.1079 208.6886 263.5354 1353.2695;
	3.7713 50.9586 93.2459 116.855 15.1234 33.5228 27.5408 17.8217 28.406 29.7452 54.9835 82.0245 123.4875 68.8433 197.0872 74.2515 92.1268 97.6269 86.0258 68.4172 9.1803 78.2199 73.9833 87.3201 103.2497 67.1817 13.2948 1306.8491 823.7543 823.7543 747.4659 120.6339 286.7528 176.1061 215.8332 351.4685 1333.0315 328.4918 476.6412 276.5618 122.9107 371.8797 210.8344 268.0608 1346.9173;
	3.7386 50.5163 91.026 111.6645 14.9139 33.0549 27.791 17.3732 27.9059 29.6281 54.767 81.7016 123.0013 68.7116 193.4626 72.8859 90.4325 95.8315 85.6573 67.0174 9.2637 77.128 71.6278 82.6819 98.7286 70.9061 12.9648 1303.7228 822.9113 822.9113 736.8949 118.9447 285.5242 172.503 215.4201 351.1088 1325.9931 342.0829 468.9609 264.4517 121.169 366.6888 204.981 266.1461 1339.8055;
	3.8174 51.5818 92.3187 113.5317 14.5666 33.1608 28.6216 17.5605 28.482 30.6354 56.629 84.4794 127.1832 69.6109 190.3436 71.7108 88.9746 94.2865 85.1581 70.5881 9.5405 77.3752 74.8255 86.9016 101.8651 73.9079 12.9761 1317.5512 825.3644 825.3644 707.4429 118.0235 283.8604 181.6939 218.2395 352.1555 1317.041 322.4731 478.0518 272.853 117.8074 367.8639 202.1404 276.0047 1330.7602;
	3.7951 51.2797 92.2218 113.7038 14.6186 33.4759 24.8568 17.657 28.4569 30.3338 56.0715 83.6477 125.9312 69.5177 192.788 72.6318 90.1172 95.4973 86.9352 69.0432 8.2856 78.1104 74.8908 88.7362 103.4831 74.7317 13.0047 1306.1859 821.6864 821.6864 777.1962 122.3193 289.784 177.7174 217.9473 350.5862 1298.1359 354.8573 477.4035 277.1869 120.4739 371.3593 200.4261 273.5066 1311.6581;
	3.7823 51.1069 92.206 114.9886 14.7728 32.8777 24.9498 18.0796 28.3521 30.7514 56.8435 84.7993 127.6649 67.2718 186.897 70.4124 87.3635 92.5792 84.4229 68.796 8.3166 76.7145 74.2378 88.7832 105.6591 73.4471 13.1155 1231.1114 794.6677 794.6677 710.5374 115.8685 281.4095 177.081 210.9061 339.0582 1225.122 343.6888 468.459 283.0154 117.9047 364.7228 198.4032 272.4531 1237.8837;
	3.8347 51.8155 94.7454 114.8071 14.9145 32.0739 22.3342 18.4776 27.8421 30.867 57.0572 85.1181 128.1448 67.9159 193.1379 72.7636 90.2807 95.6706 85.3898 67.3698 7.4447 74.8392 74.3187 89.0429 106.1893 62.065 12.8954 1179.8162 759.2892 759.2892 647.5133 112.0684 284.6326 173.41 212.9255 323.9634 1165.4003 330.9892 464.1056 284.4357 113.3083 355.8069 198.6663 263.7258 1177.5399;
	3.8267 51.7073 94.4915 112.335 14.9342 29.6909 19.2222 13.4901 27.6331 29.7251 54.9465 81.9693 123.4044 65.1324 178.5302 67.2602 83.4525 88.4347 81.9086 64.0444 6.4074 69.2788 72.5082 86.0399 101.8835 71.2567 9.2391 1245.1116 740.3992 740.3992 613.0106 114.5207 273.0288 164.8504 204.1989 315.9037 1228.7391 292.6294 455.624 272.9021 116.5364 329.3712 178.5856 243.0764 1241.5385;
