function solarprofile = ex_solar_profilesh1
%EX_WIND_PROFILE_D  Example wind_load_nyiso profile data for deterministic unit commitment.
% 2022.03.12
% Andres F. Ramirez


%% define constants
[GEN_BUS, PG, QG, QMAX, QMIN, VG, MBASE, GEN_STATUS, PMAX, PMIN, ...
    MU_PMAX, MU_PMIN, MU_QMAX, MU_QMIN, PC1, PC2, QC1MIN, QC1MAX, ...
    QC2MIN, QC2MAX, RAMP_AGC, RAMP_10, RAMP_30, RAMP_Q, APF] = idx_gen;
[CT_LABEL, CT_PROB, CT_TABLE, CT_TBUS, CT_TGEN, CT_TBRCH, CT_TAREABUS, ...
    CT_TAREAGEN, CT_TAREABRCH, CT_ROW, CT_COL, CT_CHGTYPE, CT_REP, ...
    CT_REL, CT_ADD, CT_NEWVAL, CT_TLOAD, CT_TAREALOAD, CT_LOAD_ALL_PQ, ...
    CT_LOAD_FIX_PQ, CT_LOAD_DIS_PQ, CT_LOAD_ALL_P, CT_LOAD_FIX_P, ...
    CT_LOAD_DIS_P, CT_TGENCOST, CT_TAREAGENCOST, CT_MODCOST_F, ...
    CT_MODCOST_X] = idx_ct;

solarprofile = struct( ...
    'type', 'mpcData', ...
    'table', CT_TGEN, ...
    'rows', [1:12], ...
    'col', PMAX, ...
    'chgtype', 1, ...
    'values', [] );
solarprofile.values(:,1,:) = [
	0.0 0.0 0.0 0.0 0.0 0.0 0.0 0.0 0.0 0.0 0.0 0.0;
	0.0 0.0 0.0 0.0 0.0 0.0 0.0 0.0 0.0 0.0 0.0 0.0;
	0.0 0.0 0.0 0.0 0.0 0.0 0.0 0.0 0.0 0.0 0.0 0.0;
	0.0 0.0 0.0 0.0 0.0 0.0 0.0 0.0 0.0 0.0 0.0 0.0;
	0.0 0.0 0.0 0.0 0.0 0.0 0.0 0.0 0.0 0.0 0.0 0.0;
	1.0111 0.8207 0.6949 0.0 0.0 10.4699 1.3087 4.1883 2.1843 0.0 0.0 0.0;
	8.3438 3.9187 5.618 3.6302 5.7227 337.3258 42.1657 29.7456 251.2318 53.8988 21.1999 97.611;
	17.9643 14.4305 12.4643 4.5497 6.2872 314.4701 39.3088 48.8014 236.723 154.0867 16.0103 279.052;
	23.0842 16.6083 13.8 6.398 6.3819 321.337 40.1671 56.3928 218.0542 260.3885 32.7917 471.5652;
	21.8093 16.2941 13.7782 5.1734 7.9108 368.8 46.1 58.5315 212.039 220.5046 141.6996 399.3352;
	25.5143 16.4566 13.8 6.8691 10.042 397.6054 49.7007 65.8866 264.2023 305.9397 168.8621 554.0587;
	25.8258 16.5214 13.8 7.5551 10.6725 408.199 51.0249 68.4608 282.2745 336.2583 165.4722 608.9657;
	25.3548 16.2665 13.5016 6.4682 9.8416 369.4739 46.1842 64.6643 251.5881 271.5174 111.6905 491.7197;
	22.8485 16.5348 13.4733 4.5914 9.2439 338.5708 42.3213 61.2022 203.8194 175.1044 95.0316 317.1151;
	16.1922 14.1431 10.7756 3.6326 9.7853 300.2545 37.5318 51.2411 128.4425 92.1087 71.2461 166.8093;
	7.6908 6.634 5.1473 3.9177 10.9272 158.6883 19.836 17.6403 104.8687 17.4401 34.4651 31.5842;
	1.6111 1.3156 0.9248 1.2679 2.2332 62.2712 7.7839 11.5147 33.3834 13.0985 0.0709 23.7214;
	0.0 0.0 0.0 0.0 0.0 0.0 0.0 0.0 0.0 0.0 0.0 0.0;
	0.0 0.0 0.0 0.0 0.0 0.0 0.0 0.0 0.0 0.0 0.0 0.0;
	0.0 0.0 0.0 0.0 0.0 0.0 0.0 0.0 0.0 0.0 0.0 0.0;
	0.0 0.0 0.0 0.0 0.0 0.0 0.0 0.0 0.0 0.0 0.0 0.0;
	0.0 0.0 0.0 0.0 0.0 0.0 0.0 0.0 0.0 0.0 0.0 0.0;
	0.0 0.0 0.0 0.0 0.0 0.0 0.0 0.0 0.0 0.0 0.0 0.0;
	0.0 0.0 0.0 0.0 0.0 0.0 0.0 0.0 0.0 0.0 0.0 0.0;
];
