function loadprofile = ex_load_profilesh1
%EX_LOAD_PROFILE  Example load profile data file for stochastic unit commitment.
% 2022.03.12
% Andres F. Ramirez

%% define constants
[CT_LABEL, CT_PROB, CT_TABLE, CT_TBUS, CT_TGEN, CT_TBRCH, CT_TAREABUS, ...
    CT_TAREAGEN, CT_TAREABRCH, CT_ROW, CT_COL, CT_CHGTYPE, CT_REP, ...
    CT_REL, CT_ADD, CT_NEWVAL, CT_TLOAD, CT_TAREALOAD, CT_LOAD_ALL_PQ, ...
    CT_LOAD_FIX_PQ, CT_LOAD_DIS_PQ, CT_LOAD_ALL_P, CT_LOAD_FIX_P, ...
    CT_LOAD_DIS_P, CT_TGENCOST, CT_TAREAGENCOST, CT_MODCOST_F, ...
    CT_MODCOST_X] = idx_ct;

loadprofile = struct( ...
    'type', 'mpcData', ...
    'table', CT_TAREALOAD, ...
    'rows', [1:11], ...
    'col', CT_LOAD_ALL_P, ...
    'chgtype', 1, ...
    'values', [] );
loadprofile.values(:,1,:) = [
	1557.4269 901.3475 1507.3799 517.3359 712.296 1045.3672 844.6712 243.0 510.172 4585.2319 1724.7603;
	1543.6017 883.8171 1452.1205 512.7 678.2749 1010.6985 811.5764 231.9488 489.4054 4464.9977 1650.8;
	1555.5028 899.8 1483.9 511.5897 691.1749 1058.1657 833.6859 236.4 486.9 4443.3596 1678.452;
	1564.9143 933.7537 1534.0618 527.6261 720.0368 1083.0354 851.9723 246.5669 497.5003 4513.3652 1719.244;
	1652.325 971.732 1622.4124 526.0741 773.0635 1195.8349 906.1 256.8465 529.6707 4653.9215 1802.8802;
	1735.3199 1031.6065 1732.6402 554.2 804.3133 1233.1949 963.8868 273.4774 569.215 4858.3439 1906.6501;
	1764.2354 1080.4 1818.486 559.3 881.7402 1292.4992 1005.8 286.7496 605.4609 5104.0218 1989.1487;
	1799.1305 1108.5274 1879.2334 581.2237 915.7281 1337.1234 1045.8402 301.9631 621.3677 5283.8069 2030.3376;
	1799.7688 1127.2259 1880.0494 586.0 916.3165 1322.3189 1050.5982 298.58 633.0465 5304.74 2014.4155;
	1845.1869 1155.401 1890.7846 601.3087 946.1573 1375.8552 1071.8769 312.7899 642.1264 5476.1697 2035.179;
	1811.1096 1128.152 1866.1145 589.3032 903.8519 1308.5993 1058.5857 302.4909 629.7019 5443.6876 2028.7562;
	1829.1114 1130.9289 1842.7666 584.0042 866.8793 1232.7292 1026.1697 299.5498 613.3 5418.3968 2072.6807;
	1815.1158 1121.04 1787.6638 584.775 875.5885 1234.6773 1039.2743 293.9173 618.0483 5353.3981 2084.911;
	1844.5991 1112.8514 1753.2568 576.6868 862.2422 1190.5581 1047.8695 291.6886 603.8 5427.506 2145.4234;
	1810.4383 1111.4863 1736.3483 575.4884 842.8211 1210.8942 1053.3046 275.0641 608.4139 5416.953 2119.5454;
	1866.3452 1122.2945 1746.5905 571.8417 862.7984 1210.8362 1052.4258 281.6118 594.4724 5341.1177 2065.9075;
	1881.0 1130.9922 1790.7833 560.9324 860.0944 1324.5822 1122.4304 307.8789 606.1 5547.8241 2227.699;
	1924.7891 1176.9346 1933.7 584.4 950.643 1421.5603 1186.9278 321.1113 651.2822 5636.4091 2320.5472;
	1880.7062 1154.578 1922.1184 569.2007 952.3156 1377.5883 1149.6914 328.173 628.3 5521.9635 2280.6;
	1818.9334 1098.2636 1803.2367 563.0 909.3 1336.5492 1125.8672 312.361 625.0402 5356.0338 2183.4356;
	1718.61 1041.1695 1710.2203 559.0003 852.1446 1257.8728 1054.4988 303.0 593.1049 5243.1 2075.599;
	1668.6129 1001.6735 1656.9365 541.0557 822.6 1197.5852 986.4 274.4 564.5795 5067.6958 1992.8036;
	1586.0224 952.5634 1641.4729 523.8593 824.5 1179.2129 947.3159 253.4505 540.379 4927.5031 1834.3114;
	1574.7868 949.2 1641.2494 549.8599 845.1184 1150.4 906.1328 254.8423 523.9686 4895.2102 1753.8478;
];
