function loadprofile = ex_load_profilesh1
%EX_LOAD_PROFILE  Example load profile data file for stochastic unit commitment.
% 2022.03.12
% Andres F. Ramirez

%% define constants
[CT_LABEL, CT_PROB, CT_TABLE, CT_TBUS, CT_TGEN, CT_TBRCH, CT_TAREABUS, ...
    CT_TAREAGEN, CT_TAREABRCH, CT_ROW, CT_COL, CT_CHGTYPE, CT_REP, ...
    CT_REL, CT_ADD, CT_NEWVAL, CT_TLOAD, CT_TAREALOAD, CT_LOAD_ALL_PQ, ...
    CT_LOAD_FIX_PQ, CT_LOAD_DIS_PQ, CT_LOAD_ALL_P, CT_LOAD_FIX_P, ...
    CT_LOAD_DIS_P, CT_TGENCOST, CT_TAREAGENCOST, CT_MODCOST_F, ...
    CT_MODCOST_X] = idx_ct;

loadprofile = struct( ...
    'type', 'mpcData', ...
    'table', CT_TAREALOAD, ...
    'rows', [1:11], ...
    'col', CT_LOAD_ALL_P, ...
    'chgtype', 1, ...
    'values', [] );
loadprofile.values(:,1,:) = [
	1518.2148 876.0 1505.4353 480.747 730.1238 1079.9938 820.1226 235.8743 484.4838 4366.9 1642.8025;
	1501.2775 878.5117 1512.0 514.222 719.9 1080.2331 804.3566 233.2823 479.4121 4306.0 1657.65;
	1530.5254 903.777 1523.9973 509.649 724.6902 1092.7433 817.9594 238.8232 482.3745 4297.6 1658.914;
	1569.0463 936.8458 1592.6357 530.6805 771.7759 1156.0337 875.624 248.1931 508.8351 4394.2 1793.2566;
	1586.059 978.0 1653.5163 531.6883 814.3253 1196.4 885.7 226.4997 504.2 4516.1802 1829.3145;
	1655.4509 1040.8549 1736.5893 510.0335 851.5683 1238.1047 928.6575 268.6501 541.5717 4825.8075 1968.3778;
	1701.7092 1077.1224 1821.6528 518.9639 952.5678 1295.6 996.2059 302.9446 572.6229 5166.5224 2046.8843;
	1783.7082 1105.159 1874.9797 536.5875 972.0021 1293.8398 1041.244 308.7538 582.1164 5306.0456 2092.1903;
	1788.6356 1114.6655 1914.1988 520.5035 979.1841 1338.1442 1057.4297 322.1372 585.2852 5428.8702 2019.8538;
	1786.7144 1096.9 1949.7689 501.9315 1006.4092 1331.9 1089.3 349.1836 601.086 5607.9932 2128.1705;
	1798.2732 1090.4 1933.5446 498.5018 1004.8784 1287.5916 1046.005 315.9005 594.5019 5478.0877 2028.2179;
	1803.6 1099.171 1970.695 522.8645 1010.5559 1282.3 1035.038 332.3159 580.86 5476.1654 1936.732;
	1757.1728 1096.5639 1927.0395 509.5934 1010.1194 1241.4386 1023.7 323.9593 591.6592 5422.8541 1848.8547;
	1766.6525 1102.041 1908.6813 511.0574 979.5561 1276.5939 1014.8589 311.5287 596.9 5414.1712 1922.2937;
	1730.8399 1069.8456 1869.6694 550.687 1004.3603 1301.6715 1028.5984 331.7 597.8027 5524.2696 2047.2634;
	1752.4687 1083.4 1834.4229 556.8097 990.143 1346.2736 1096.4916 334.4817 619.2 5501.5958 2097.9174;
	1719.9986 1108.9044 1893.0057 578.0645 994.7231 1367.6 1106.967 357.0435 606.0404 5682.8086 2121.6553;
	1789.3 1163.2885 1995.6813 595.8691 1044.3 1447.0 1168.1 380.6064 634.6486 5905.9459 2302.7314;
	1836.3851 1177.9111 1993.7734 597.0936 1049.131 1408.4 1151.3621 381.1585 646.9913 5876.8491 2324.76;
	1746.6088 1117.931 1916.3548 595.7 974.2 1340.011 1107.6 380.5574 631.9305 5803.9166 2243.3963;
	1674.6 1032.1474 1799.678 572.2 898.3 1263.018 1040.8 338.0 593.546 5364.8089 2105.5232;
	1621.0173 974.2734 1709.1351 557.2106 840.4 1197.407 971.8685 312.0541 575.2829 5150.2774 1994.569;
	1552.7864 958.6971 1703.1037 555.532 824.8189 1160.5879 929.9165 291.5223 549.9563 5013.7073 1885.4748;
	1544.8129 960.5758 1623.982 587.7 799.3352 1130.0027 886.4144 279.5504 522.6612 4813.8786 1788.7709;
];
