function solarprofile = ex_solar_profilesh1
%EX_WIND_PROFILE_D  Example wind_load_nyiso profile data for deterministic unit commitment.
% 2022.03.12
% Andres F. Ramirez


%% define constants
[GEN_BUS, PG, QG, QMAX, QMIN, VG, MBASE, GEN_STATUS, PMAX, PMIN, ...
    MU_PMAX, MU_PMIN, MU_QMAX, MU_QMIN, PC1, PC2, QC1MIN, QC1MAX, ...
    QC2MIN, QC2MAX, RAMP_AGC, RAMP_10, RAMP_30, RAMP_Q, APF] = idx_gen;
[CT_LABEL, CT_PROB, CT_TABLE, CT_TBUS, CT_TGEN, CT_TBRCH, CT_TAREABUS, ...
    CT_TAREAGEN, CT_TAREABRCH, CT_ROW, CT_COL, CT_CHGTYPE, CT_REP, ...
    CT_REL, CT_ADD, CT_NEWVAL, CT_TLOAD, CT_TAREALOAD, CT_LOAD_ALL_PQ, ...
    CT_LOAD_FIX_PQ, CT_LOAD_DIS_PQ, CT_LOAD_ALL_P, CT_LOAD_FIX_P, ...
    CT_LOAD_DIS_P, CT_TGENCOST, CT_TAREAGENCOST, CT_MODCOST_F, ...
    CT_MODCOST_X] = idx_ct;

solarprofile = struct( ...
    'type', 'mpcData', ...
    'table', CT_TGEN, ...
    'rows', [1:12], ...
    'col', PMAX, ...
    'chgtype', 1, ...
    'values', [] );
solarprofile.values(:,1,:) = [
	0.0 0.0 0.0 0.0 0.0 0.0 0.0 0.0 0.0 0.0 0.0 0.0;
	0.0 0.0 0.0 0.0 0.0 0.0 0.0 0.0 0.0 0.0 0.0 0.0;
	0.0 0.0 0.0 0.0 0.0 0.0 0.0 0.0 0.0 0.0 0.0 0.0;
	0.0 0.0 0.0 0.0 0.0 0.0 0.0 0.0 0.0 0.0 0.0 0.0;
	0.0 0.0 0.0 0.0 0.0 0.0 0.0 0.0 0.0 0.0 0.0 0.0;
	1.0179 0.829 0.7014 0.0 0.0 9.4835 1.1854 4.1882 0.4191 0.0 0.0 0.0;
	9.0318 7.9883 7.1393 3.464 2.6037 131.8258 16.4782 12.3254 102.0898 68.0818 35.6937 123.2966;
	23.3489 16.7655 13.9975 5.2293 5.114 262.8045 32.8506 16.4628 101.2239 223.3373 154.4934 404.4652;
	26.2029 16.9609 14.2348 7.3048 6.8102 305.0898 38.1362 16.6202 67.5936 317.5601 178.6111 575.1033;
	25.4051 16.3661 13.8 6.7242 4.0437 244.3212 30.5402 35.8856 47.7959 213.6959 136.0693 387.0045;
	25.5513 16.4804 13.7312 8.1935 4.04 279.4456 34.9307 53.4708 115.9211 221.5012 145.5149 401.14;
	23.6409 15.7427 13.1167 7.674 3.9894 329.867 41.2334 57.2034 165.8452 234.4102 153.0451 424.5182;
	18.5296 15.289 13.1728 4.7468 2.9548 338.8522 42.3565 58.5369 152.6842 246.8415 129.3407 447.0314;
	14.5711 13.6528 12.5441 2.9547 2.7783 324.1435 40.5179 53.9959 127.664 262.3248 115.3815 475.0717;
	8.2856 9.7532 8.9298 1.9733 2.5299 286.562 35.8202 46.869 111.9881 206.9081 83.356 374.7119;
	3.6337 4.0029 3.5893 2.8963 4.2472 134.1362 16.767 27.5378 147.7305 104.5273 46.8746 189.2996;
	1.2004 0.9656 0.7571 1.0644 2.0597 64.6151 8.0769 11.5898 43.5074 72.5905 25.9486 131.4619;
	0.0 0.0 0.0 0.0 0.0 0.0 0.0 0.0 0.0 0.0 0.0 0.0;
	0.0 0.0 0.0 0.0 0.0 0.0 0.0 0.0 0.0 0.0 0.0 0.0;
	0.0 0.0 0.0 0.0 0.0 0.0 0.0 0.0 0.0 0.0 0.0 0.0;
	0.0 0.0 0.0 0.0 0.0 0.0 0.0 0.0 0.0 0.0 0.0 0.0;
	0.0 0.0 0.0 0.0 0.0 0.0 0.0 0.0 0.0 0.0 0.0 0.0;
	0.0 0.0 0.0 0.0 0.0 0.0 0.0 0.0 0.0 0.0 0.0 0.0;
	0.0 0.0 0.0 0.0 0.0 0.0 0.0 0.0 0.0 0.0 0.0 0.0;
];
