function loadprofile = ex_load_profilesh1
%EX_LOAD_PROFILE  Example load profile data file for stochastic unit commitment.
% 2022.03.12
% Andres F. Ramirez

%% define constants
[CT_LABEL, CT_PROB, CT_TABLE, CT_TBUS, CT_TGEN, CT_TBRCH, CT_TAREABUS, ...
    CT_TAREAGEN, CT_TAREABRCH, CT_ROW, CT_COL, CT_CHGTYPE, CT_REP, ...
    CT_REL, CT_ADD, CT_NEWVAL, CT_TLOAD, CT_TAREALOAD, CT_LOAD_ALL_PQ, ...
    CT_LOAD_FIX_PQ, CT_LOAD_DIS_PQ, CT_LOAD_ALL_P, CT_LOAD_FIX_P, ...
    CT_LOAD_DIS_P, CT_TGENCOST, CT_TAREAGENCOST, CT_MODCOST_F, ...
    CT_MODCOST_X] = idx_ct;

loadprofile = struct( ...
    'type', 'mpcData', ...
    'table', CT_TAREALOAD, ...
    'rows', [1:11], ...
    'col', CT_LOAD_ALL_P, ...
    'chgtype', 1, ...
    'values', [] );
loadprofile.values(:,1,:) = [
	1548.246 916.3082 1547.6431 566.3 714.3 1071.9 832.9119 238.7 500.4226 4419.7945 1614.2247;
	1571.2037 905.6006 1559.0294 559.9353 716.9303 1054.8086 825.16 245.0757 493.0 4369.8837 1606.1571;
	1533.4635 902.8612 1562.6399 568.6717 709.2044 1061.2 836.3517 239.7 492.5 4290.758 1577.855;
	1579.5047 932.178 1607.0775 580.7 748.7772 1086.6961 850.6297 255.7217 499.8467 4355.2454 1576.2669;
	1647.988 982.3 1708.3278 587.8036 795.5237 1162.491 884.9 257.6 510.4727 4508.3891 1713.5134;
	1690.8994 1013.8 1743.7 608.2149 823.2178 1191.7058 924.079 267.8935 524.8804 4678.8399 1730.6332;
	1722.8028 1061.5 1812.2297 624.9 857.4416 1255.7852 977.3 266.9849 558.7808 4886.2841 1828.4638;
	1748.1548 1086.0633 1821.6711 624.1298 894.9822 1249.1827 1000.2849 261.8835 548.4289 5031.6696 1786.102;
	1772.6969 1088.0625 1782.5885 615.5475 869.631 1242.1548 992.4886 270.9746 534.458 5087.3388 1749.5593;
	1771.8118 1070.5 1774.4886 625.5471 862.7 1216.7 1020.0166 287.1103 588.0313 5154.3687 1837.8009;
	1774.3501 1055.7 1746.2599 613.6133 832.7056 1191.7114 1005.6 278.2316 545.2285 5120.7735 1654.8279;
	1764.7624 1044.423 1736.4925 617.4426 814.5008 1190.7356 986.1211 278.1 532.5693 5030.8 1548.9654;
	1752.6552 1045.0526 1712.0303 616.5713 782.9142 1162.6328 947.4632 285.6477 574.3557 5140.6 1540.8179;
	1769.4142 1055.7195 1718.2074 606.8387 796.9837 1216.7169 962.8664 285.6935 587.2659 5191.8529 1803.3373;
	1760.4783 1037.8987 1683.2952 613.4599 799.9077 1207.8277 959.7296 287.5647 566.0437 5058.7176 1726.4317;
	1822.2 1094.1169 1828.2359 602.8356 848.3329 1295.0149 1002.0374 335.6 599.3634 5147.4792 1993.8363;
	1897.6387 1105.7206 1866.7925 602.5035 866.9002 1327.6 1036.4732 357.2905 572.9624 5103.7808 2039.5737;
	1942.3575 1132.869 1958.5625 621.3681 940.067 1397.7625 1090.0731 364.4876 610.4591 5159.6986 2130.2474;
	1922.63 1137.731 1954.643 622.2307 911.33 1397.7401 1103.7359 347.848 620.4791 5168.0747 2144.5679;
	1935.2952 1099.3 1878.8 616.339 871.4206 1355.2778 1093.3991 338.8079 632.0546 5214.123 2130.9055;
	1856.696 1043.0758 1793.76 592.2948 824.3378 1278.4678 1010.5 324.5017 588.2 5056.9202 1992.9362;
	1724.0758 953.5 1660.8842 583.5375 753.6023 1185.7 946.7 296.1 566.6 4827.8461 1792.6859;
	1690.5808 904.0934 1605.6677 585.3 755.2079 1115.0506 889.0621 264.5671 523.9275 4590.9077 1719.4572;
	1628.0017 887.8129 1598.1 570.8629 772.5 1101.0251 865.0584 254.3221 517.8892 4526.1367 1697.1935;
];
