function solarprofile = ex_solar_profilesh1
%EX_WIND_PROFILE_D  Example wind_load_nyiso profile data for deterministic unit commitment.
% 2022.03.12
% Andres F. Ramirez


%% define constants
[GEN_BUS, PG, QG, QMAX, QMIN, VG, MBASE, GEN_STATUS, PMAX, PMIN, ...
    MU_PMAX, MU_PMIN, MU_QMAX, MU_QMIN, PC1, PC2, QC1MIN, QC1MAX, ...
    QC2MIN, QC2MAX, RAMP_AGC, RAMP_10, RAMP_30, RAMP_Q, APF] = idx_gen;
[CT_LABEL, CT_PROB, CT_TABLE, CT_TBUS, CT_TGEN, CT_TBRCH, CT_TAREABUS, ...
    CT_TAREAGEN, CT_TAREABRCH, CT_ROW, CT_COL, CT_CHGTYPE, CT_REP, ...
    CT_REL, CT_ADD, CT_NEWVAL, CT_TLOAD, CT_TAREALOAD, CT_LOAD_ALL_PQ, ...
    CT_LOAD_FIX_PQ, CT_LOAD_DIS_PQ, CT_LOAD_ALL_P, CT_LOAD_FIX_P, ...
    CT_LOAD_DIS_P, CT_TGENCOST, CT_TAREAGENCOST, CT_MODCOST_F, ...
    CT_MODCOST_X] = idx_ct;

solarprofile = struct( ...
    'type', 'mpcData', ...
    'table', CT_TGEN, ...
    'rows', [1:12], ...
    'col', PMAX, ...
    'chgtype', 1, ...
    'values', [] );
solarprofile.values(:,1,:) = [
	0.0 0.0 0.0 0.0 0.0 0.0 0.0 0.0 0.0 0.0 0.0 0.0;
	0.0 0.0 0.0 0.0 0.0 0.0 0.0 0.0 0.0 0.0 0.0 0.0;
	0.0 0.0 0.0 0.0 0.0 0.0 0.0 0.0 0.0 0.0 0.0 0.0;
	0.0 0.0 0.0 0.0 0.0 0.0 0.0 0.0 0.0 0.0 0.0 0.0;
	0.0 0.0 0.0 0.0 0.0 0.0 0.0 0.0 0.0 0.0 0.0 0.0;
	1.0611 0.8597 0.725 0.0 0.0 10.5589 1.3199 4.1882 0.5132 0.0 0.0 0.0;
	11.6618 12.1869 9.3797 8.4741 4.338 64.3746 8.0468 11.8155 66.0139 63.998 12.916 115.9008;
	16.9352 14.011 11.6462 9.1253 6.8299 87.1696 10.8962 27.4357 24.3655 164.3986 76.7398 297.7269;
	21.7087 16.5756 13.7871 9.1694 7.2393 159.7462 19.9683 47.0399 26.4981 253.8257 139.7831 459.6798;
	25.4419 16.3661 13.8 6.4373 3.5465 280.5803 35.0725 60.9632 137.9493 200.7251 152.4055 363.5144;
	25.9009 16.5136 13.8 5.7188 3.3131 339.421 42.4276 65.0189 207.4455 233.3302 145.1396 422.5624;
	25.6262 16.5214 13.8 5.3727 3.4573 360.4934 45.0617 65.3444 238.1714 251.1232 129.5086 454.7856;
	19.8997 14.3966 11.8374 6.6546 2.7591 343.0755 42.8844 65.4705 175.8561 190.8569 110.2471 345.6429;
	16.2914 8.7474 8.9127 6.3306 3.2046 326.6353 40.8294 64.5038 126.3285 156.3987 109.1519 283.2389;
	14.8961 7.484 6.4014 7.0313 3.6853 301.9056 37.7382 61.0823 103.9589 102.5389 86.4393 185.6985;
	10.4274 6.6008 5.2573 6.5768 7.7082 217.949 27.2436 41.0419 110.9841 26.9043 38.4052 48.7239;
	1.619 1.1692 0.8173 1.1585 2.3649 84.8198 10.6025 13.0368 41.3702 14.9789 11.0247 27.1268;
	0.0 0.0 0.0 0.0 0.0 0.0 0.0 0.0 0.0 0.0 0.0 0.0;
	0.0 0.0 0.0 0.0 0.0 0.0 0.0 0.0 0.0 0.0 0.0 0.0;
	0.0 0.0 0.0 0.0 0.0 0.0 0.0 0.0 0.0 0.0 0.0 0.0;
	0.0 0.0 0.0 0.0 0.0 0.0 0.0 0.0 0.0 0.0 0.0 0.0;
	0.0 0.0 0.0 0.0 0.0 0.0 0.0 0.0 0.0 0.0 0.0 0.0;
	0.0 0.0 0.0 0.0 0.0 0.0 0.0 0.0 0.0 0.0 0.0 0.0;
	0.0 0.0 0.0 0.0 0.0 0.0 0.0 0.0 0.0 0.0 0.0 0.0;
];
