function loadprofile = ex_load_profilesh1
%EX_LOAD_PROFILE  Example load profile data file for stochastic unit commitment.
% 2022.03.12
% Andres F. Ramirez

%% define constants
[CT_LABEL, CT_PROB, CT_TABLE, CT_TBUS, CT_TGEN, CT_TBRCH, CT_TAREABUS, ...
    CT_TAREAGEN, CT_TAREABRCH, CT_ROW, CT_COL, CT_CHGTYPE, CT_REP, ...
    CT_REL, CT_ADD, CT_NEWVAL, CT_TLOAD, CT_TAREALOAD, CT_LOAD_ALL_PQ, ...
    CT_LOAD_FIX_PQ, CT_LOAD_DIS_PQ, CT_LOAD_ALL_P, CT_LOAD_FIX_P, ...
    CT_LOAD_DIS_P, CT_TGENCOST, CT_TAREAGENCOST, CT_MODCOST_F, ...
    CT_MODCOST_X] = idx_ct;

loadprofile = struct( ...
    'type', 'mpcData', ...
    'table', CT_TAREALOAD, ...
    'rows', [1:11], ...
    'col', CT_LOAD_ALL_P, ...
    'chgtype', 1, ...
    'values', [] );
loadprofile.values(:,1,:) = [
	1553.355 871.6 1531.707 522.4702 743.8171 1028.9976 814.2875 246.4667 457.7717 4486.1878 1615.9966;
	1512.4654 862.8 1510.092 517.0616 731.9446 1035.4 816.4219 256.0182 463.3507 4436.6994 1615.1606;
	1584.4937 879.4 1556.1224 525.6794 757.4 1052.4114 823.8 257.0939 455.1332 4433.8 1625.3;
	1580.2948 909.8927 1623.8543 549.3898 785.2734 1093.7482 844.4826 256.6609 463.1174 4441.4995 1656.9041;
	1631.3537 944.8135 1670.2393 555.5 834.8072 1136.5057 869.1399 270.8 484.4241 4636.3181 1766.8387;
	1745.5579 993.365 1750.4733 565.3024 905.6446 1193.7945 914.3823 297.825 509.767 4869.0664 1835.9281;
	1759.2995 1020.6294 1804.3781 570.0475 901.037 1233.3699 947.113 315.4715 536.9516 5038.7513 1908.0597;
	1754.0994 1035.836 1893.5872 583.7 993.7 1298.5055 1019.6582 322.1903 566.8347 5249.0191 1986.9386;
	1768.7727 1065.1094 1912.3804 576.7 1005.9054 1277.0597 1020.3 331.6707 557.1031 5342.7 1929.5031;
	1780.9852 1087.9978 1903.5955 577.2612 984.9897 1251.9333 996.3698 352.2118 583.59 5479.7625 1998.5201;
	1796.126 1087.3 1907.0784 571.4145 970.5231 1217.5301 1022.1971 347.1683 576.9 5481.2321 1885.434;
	1803.6113 1065.8489 1896.442 569.8225 955.6542 1184.9842 1009.0084 377.2116 570.7 5480.8556 1871.7996;
	1750.46 1028.8 1818.44 577.5518 915.6591 1168.5112 947.3221 344.0521 548.0273 5330.812 1857.2476;
	1760.0885 1017.6689 1795.876 582.5878 910.0 1185.9601 949.8568 326.777 549.859 5314.6681 1919.3753;
	1743.1344 1039.7521 1814.5858 573.6 940.7147 1264.2637 991.4556 333.2869 587.5693 5235.2558 1976.4551;
	1825.0117 1084.7377 1854.6756 582.8947 941.1 1293.3099 1002.3115 332.2067 588.2091 5218.075 2033.4;
	1811.9846 1057.4863 1855.772 588.3 977.6 1330.6513 1009.0247 330.3826 589.7953 5237.5686 2027.3254;
	1814.6226 1104.2935 1915.8 603.111 995.6233 1358.9138 1073.8326 357.2117 610.2 5423.7224 2204.5;
	1864.8903 1151.8902 1960.812 603.4297 1007.6999 1383.7 1103.2 359.7544 614.5845 5403.8556 2218.3122;
	1834.8097 1116.7143 1886.594 595.7665 939.0869 1344.5294 1082.0707 350.0612 599.716 5304.0827 2164.8974;
	1713.8321 1018.522 1747.04 604.4 881.9624 1251.6038 1019.2 329.9623 582.4356 5065.2257 2055.074;
	1701.6 981.7 1697.021 589.2 860.3539 1193.0803 973.2865 304.8597 551.0 4909.2198 1862.2929;
	1653.7232 939.1795 1685.6039 588.8 864.7 1182.8161 943.6986 291.0162 522.706 4931.2206 1749.5287;
	1582.3202 945.938 1639.7761 584.6 845.4632 1133.4497 897.9 283.0735 486.7603 4804.5372 1721.1426;
];
