function solarprofile = ex_solar_profilesh1
%EX_WIND_PROFILE_D  Example wind_load_nyiso profile data for deterministic unit commitment.
% 2022.03.12
% Andres F. Ramirez


%% define constants
[GEN_BUS, PG, QG, QMAX, QMIN, VG, MBASE, GEN_STATUS, PMAX, PMIN, ...
    MU_PMAX, MU_PMIN, MU_QMAX, MU_QMIN, PC1, PC2, QC1MIN, QC1MAX, ...
    QC2MIN, QC2MAX, RAMP_AGC, RAMP_10, RAMP_30, RAMP_Q, APF] = idx_gen;
[CT_LABEL, CT_PROB, CT_TABLE, CT_TBUS, CT_TGEN, CT_TBRCH, CT_TAREABUS, ...
    CT_TAREAGEN, CT_TAREABRCH, CT_ROW, CT_COL, CT_CHGTYPE, CT_REP, ...
    CT_REL, CT_ADD, CT_NEWVAL, CT_TLOAD, CT_TAREALOAD, CT_LOAD_ALL_PQ, ...
    CT_LOAD_FIX_PQ, CT_LOAD_DIS_PQ, CT_LOAD_ALL_P, CT_LOAD_FIX_P, ...
    CT_LOAD_DIS_P, CT_TGENCOST, CT_TAREAGENCOST, CT_MODCOST_F, ...
    CT_MODCOST_X] = idx_ct;

solarprofile = struct( ...
    'type', 'mpcData', ...
    'table', CT_TGEN, ...
    'rows', [1:12], ...
    'col', PMAX, ...
    'chgtype', 1, ...
    'values', [] );
solarprofile.values(:,1,:) = [
	0.0 0.0 0.0 0.0 0.0 0.0 0.0 0.0 0.0 0.0 0.0 0.0;
	0.0 0.0 0.0 0.0 0.0 0.0 0.0 0.0 0.0 0.0 0.0 0.0;
	0.0 0.0 0.0 0.0 0.0 0.0 0.0 0.0 0.0 0.0 0.0 0.0;
	0.0 0.0 0.0 0.0 0.0 0.0 0.0 0.0 0.0 0.0 0.0 0.0;
	0.0 0.0 0.0 0.0 0.0 0.0 0.0 0.0 0.0 0.0 0.0 0.0;
	1.019 0.8308 0.7066 0.0 0.0 9.4851 1.1856 4.1882 0.4191 0.0 0.0 0.0;
	9.0867 8.297 5.7285 2.3094 8.3894 378.4883 47.311 15.2105 188.3944 65.2941 30.6743 118.248;
	17.3214 15.8923 10.8798 4.3293 5.6284 388.5386 48.5673 21.0938 192.7772 184.5498 89.3705 334.2208;
	22.9089 16.6083 13.5252 6.6121 4.6866 398.4538 49.8067 32.8972 192.7937 277.6764 141.2891 502.8735;
	24.001 15.8057 9.4879 6.574 6.2269 364.5258 45.5657 47.9101 173.9053 219.6831 166.9213 397.8474;
	25.6144 16.4377 12.786 7.9183 10.1278 369.6732 46.2091 54.6465 199.4781 237.08 160.2659 429.3534;
	25.6262 16.5157 13.7309 7.563 10.9559 356.3155 44.5394 51.919 197.8447 252.0691 155.8761 456.4987;
	12.9952 10.036 10.5413 5.188 6.5497 127.0381 15.8798 29.5086 83.3291 254.1742 108.0553 460.311;
	3.3197 1.5463 1.8404 4.1496 3.6966 81.9305 10.2413 26.3543 51.8702 264.7355 90.9841 479.4376;
	0.4535 1.664 0.1879 3.761 2.1172 60.3244 7.5405 28.6115 45.8286 199.8196 67.1016 361.8745;
	0.2194 0.0912 0.1879 5.7006 2.3416 94.5893 11.8237 26.2753 72.5793 59.3698 37.6523 107.5192;
	1.1859 0.9594 0.7538 1.4148 1.06 63.2881 7.911 11.3432 32.3095 17.9461 11.6719 32.5005;
	0.0 0.0 0.0 0.0 0.0 0.0 0.0 0.0 0.0 0.0 0.0 0.0;
	0.0 0.0 0.0 0.0 0.0 0.0 0.0 0.0 0.0 0.0 0.0 0.0;
	0.0 0.0 0.0 0.0 0.0 0.0 0.0 0.0 0.0 0.0 0.0 0.0;
	0.0 0.0 0.0 0.0 0.0 0.0 0.0 0.0 0.0 0.0 0.0 0.0;
	0.0 0.0 0.0 0.0 0.0 0.0 0.0 0.0 0.0 0.0 0.0 0.0;
	0.0 0.0 0.0 0.0 0.0 0.0 0.0 0.0 0.0 0.0 0.0 0.0;
	0.0 0.0 0.0 0.0 0.0 0.0 0.0 0.0 0.0 0.0 0.0 0.0;
];
