function windprofile = ex_wind_profilesh1
%EX_WIND_PROFILE_D  Example wind_load_nyiso profile data for deterministic unit commitment.
% 2022.03.12
% Andres F. Ramirez


%% define constants
[GEN_BUS, PG, QG, QMAX, QMIN, VG, MBASE, GEN_STATUS, PMAX, PMIN, ...
    MU_PMAX, MU_PMIN, MU_QMAX, MU_QMIN, PC1, PC2, QC1MIN, QC1MAX, ...
    QC2MIN, QC2MAX, RAMP_AGC, RAMP_10, RAMP_30, RAMP_Q, APF] = idx_gen;
[CT_LABEL, CT_PROB, CT_TABLE, CT_TBUS, CT_TGEN, CT_TBRCH, CT_TAREABUS, ...
    CT_TAREAGEN, CT_TAREABRCH, CT_ROW, CT_COL, CT_CHGTYPE, CT_REP, ...
    CT_REL, CT_ADD, CT_NEWVAL, CT_TLOAD, CT_TAREALOAD, CT_LOAD_ALL_PQ, ...
    CT_LOAD_FIX_PQ, CT_LOAD_DIS_PQ, CT_LOAD_ALL_P, CT_LOAD_FIX_P, ...
    CT_LOAD_DIS_P, CT_TGENCOST, CT_TAREAGENCOST, CT_MODCOST_F, ...
    CT_MODCOST_X] = idx_ct;

windprofile = struct( ...
    'type', 'mpcData', ...
    'table', CT_TGEN, ...
    'rows', [1:45], ...
    'col', PMAX, ...
    'chgtype', 1, ...
    'values', [] );
windprofile.values(:,1,:) = [
	3.6173 48.8781 92.8104 116.3739 14.8282 32.7441 29.5735 19.111 27.5408 28.3566 52.4167 78.1953 117.7227 69.2058 189.2359 71.2935 88.4568 93.7378 86.8453 70.9481 9.8578 76.403 74.0595 86.0603 105.1582 76.1847 13.5969 1345.7337 780.3752 780.3752 601.915 114.4644 289.4844 182.6207 216.9694 332.9601 1306.1934 226.3804 459.6163 281.6739 113.1284 363.2416 194.7999 281.2682 1319.7996;
	3.6187 48.8961 91.0703 113.4247 15.0486 31.5778 26.0908 19.0594 27.0141 28.4883 52.6602 78.5587 118.2696 66.0931 179.0525 67.457 83.6966 88.6935 86.0592 71.1612 8.6969 73.6815 72.1362 86.4936 102.7117 75.2254 13.7306 1286.0299 748.3229 748.3229 603.4254 110.4508 286.8639 183.1691 207.2107 319.2844 1213.6041 220.0575 457.8997 275.1207 106.6674 350.3031 180.9593 268.5324 1226.2458;
	3.6541 49.3743 93.7315 118.4313 15.2847 32.6518 21.3515 19.1266 27.359 30.192 55.8095 83.2568 125.3426 64.712 189.3799 71.3478 88.5241 93.8091 89.1048 71.8679 7.1172 76.1874 74.0883 89.1838 105.0823 76.5379 13.8388 1275.8119 766.2319 766.2319 646.608 103.0407 297.0162 184.9882 202.881 326.9256 1237.8225 223.4499 425.6079 281.4703 113.9005 362.2168 184.7708 264.2323 1250.7165;
	3.6512 49.3361 92.3865 119.7387 15.1573 32.1749 22.0543 18.9307 27.0372 30.5663 56.5014 84.2889 126.8965 65.5363 198.3674 74.7338 92.7252 98.2611 89.0791 72.0242 7.3514 75.0748 74.4403 88.6423 102.5031 76.0485 13.4436 1290.0747 773.3936 773.3936 617.3654 104.0972 296.9304 185.3905 205.465 329.9813 1247.0369 235.3319 427.0979 274.5619 112.5382 356.9272 149.8751 273.1587 1260.0268;
	3.607 48.7386 92.6716 119.0025 15.3557 32.7361 30.4419 18.973 28.0322 31.0632 57.4199 85.6592 128.9595 67.1016 200.3433 75.4782 93.6488 99.2398 90.9845 73.6127 10.1473 76.3843 75.0281 88.9596 102.1712 75.9552 13.5444 1291.1758 792.0527 792.0527 637.0955 111.7967 303.2817 189.4792 210.3727 337.9425 1265.5981 243.3692 460.8964 273.6729 113.4146 363.1526 179.9709 265.5461 1278.7815;
	3.5442 47.89 88.5934 114.5258 15.1634 32.818 28.5599 18.4451 27.2837 30.6383 56.6344 84.4875 127.1954 67.0911 197.3722 74.3588 92.26 97.7681 87.1791 72.2992 9.52 76.5753 73.4053 84.4242 98.9393 71.0578 12.8908 1318.1336 786.6228 786.6228 648.6141 113.7956 290.5971 186.0984 210.3396 335.6257 1261.6484 246.4392 444.0052 265.016 114.7754 364.0611 171.2143 257.1219 1274.7906;
	2.8594 38.6362 86.904 110.0963 14.3769 31.8226 29.971 17.4494 26.4492 30.255 55.9259 83.4304 125.604 65.7635 199.7412 75.2513 93.3674 98.9416 89.7631 72.9474 9.9903 74.2528 73.3577 83.3348 96.0965 69.1987 12.4763 1267.6104 735.3554 735.3554 644.5796 111.4942 299.2102 187.7668 206.1773 313.7516 1207.9706 272.0289 438.2263 257.4014 113.3902 353.019 143.6995 212.2503 1220.5537;
	3.3333 45.0404 88.0064 111.7831 14.5155 32.2962 28.7827 17.4521 27.1701 29.925 55.3159 82.5205 124.2342 67.4198 197.4724 74.3966 92.3069 97.8177 90.9529 70.8227 9.5942 75.3578 73.6928 86.3839 98.4528 69.6817 12.3638 1300.0619 744.2206 744.2206 594.382 114.1199 303.1764 182.2979 211.3702 317.5341 1238.3433 264.9264 436.3545 263.7129 112.7054 358.2723 163.2383 234.6171 1251.2427;
	3.6545 49.3802 93.024 117.2584 15.0246 34.2434 32.3199 17.2696 27.9554 30.9604 57.2299 85.3757 128.5327 68.5298 197.6276 74.4551 92.3794 97.8946 91.2588 71.794 10.7733 79.9012 75.3422 84.5663 98.1805 69.2376 11.7928 1312.7224 793.4564 793.4564 721.7541 119.6591 304.1958 184.7978 214.8502 338.5414 1274.0268 288.8786 471.8947 262.9834 118.4396 379.8732 209.1885 264.9251 1287.2979;
	3.6572 49.4163 92.6815 115.2387 15.2439 33.969 26.629 16.6784 27.6351 30.3329 56.0699 83.6452 125.9274 67.7546 193.273 72.8145 90.3439 95.7375 88.3839 72.6287 8.8763 79.261 75.7611 86.8116 100.1879 69.2777 11.9164 1313.382 815.7986 815.7986 737.4507 120.8552 294.6131 186.9465 212.4198 348.0741 1266.298 306.0152 448.5383 268.3604 120.0314 376.8295 210.2089 268.4213 1279.4887;
	3.6691 49.5782 90.5682 114.5673 15.1666 33.4403 29.1817 15.6663 28.0476 31.0053 57.3128 85.4994 128.7188 65.72 195.2269 73.5506 91.2572 96.7054 90.2422 73.2199 9.7272 78.0273 75.5608 85.4041 97.6316 69.1734 11.8179 1263.4559 819.9899 819.9899 770.4187 118.0358 300.8073 188.4683 206.041 349.8624 1282.3773 305.4799 448.4203 261.5132 119.4258 370.9639 204.7547 262.6086 1295.7354;
	3.748 50.6433 93.8891 119.5206 15.2138 34.4657 30.1701 16.7679 28.218 30.9659 57.2401 85.3909 128.5556 67.4508 196.3376 73.9691 91.7764 97.2556 90.382 71.2358 10.0567 80.42 75.7285 88.3811 100.1145 66.4315 12.2925 1252.7062 817.6861 817.6861 787.1828 119.0711 301.2734 183.3612 211.4675 348.8794 1285.4178 317.1703 464.7772 268.1638 122.9144 382.3398 212.5012 262.634 1298.8076;
	3.7222 50.2954 91.0198 114.6645 15.1305 33.0486 28.9276 16.827 28.0314 30.6472 56.6509 84.512 127.2324 66.786 189.0587 71.2267 88.3739 93.65 87.4846 69.9999 9.6425 77.1135 75.2019 84.337 98.3373 68.5012 12.6173 1296.5239 801.9728 801.9728 745.6859 114.9792 291.6152 180.1798 209.383 342.1751 1307.5534 324.9836 444.0 263.4034 120.7097 366.6194 209.6888 264.7158 1321.1737;
	3.8519 52.047 93.1397 115.9041 15.2858 33.5592 28.1247 17.0244 28.1501 29.597 54.7097 81.6161 122.8725 66.486 188.4109 70.9827 88.0712 93.3291 84.917 71.8723 9.3749 78.3047 74.7786 87.3819 99.8277 69.5811 12.7988 1248.3941 771.5457 771.5457 703.5343 116.1595 283.0568 184.9994 208.4426 329.1928 1258.0851 313.5463 451.5319 267.3955 121.7053 372.2829 205.8834 271.5883 1271.1902;
	3.7883 51.188 92.4606 115.7921 14.8937 34.2159 24.658 17.3746 28.068 29.8008 55.0862 82.1778 123.7183 65.7661 189.1168 71.2487 88.4011 93.6788 85.222 71.1185 8.2193 79.837 75.7008 89.0379 100.9136 70.8346 12.912 1241.0303 789.2203 789.2203 757.7132 115.7018 284.0733 183.0591 206.1856 336.734 1241.8732 320.4376 445.4233 270.3042 121.4662 379.5678 208.2191 275.4045 1254.8094;
	3.8471 51.9831 94.0209 118.7158 14.9437 32.7469 23.4808 17.6707 27.1612 25.5456 47.2207 70.444 106.0531 63.3271 152.9103 57.608 71.4767 75.7439 81.0387 69.0529 7.8269 76.4095 70.8046 88.8506 103.6081 70.4467 13.1949 1177.4624 758.947 758.947 706.7689 113.0291 270.1291 177.7424 198.5389 323.8174 1176.0063 299.0948 419.8111 277.5218 121.316 363.2728 202.7693 278.1563 1188.2563;
	3.5874 48.4738 93.9229 114.67 14.1148 29.779 19.1317 15.9355 25.9294 28.022 51.7982 77.2727 116.3337 62.7101 171.7916 64.7215 80.3026 85.0968 84.0398 67.7204 6.3772 69.4843 72.6502 85.9286 101.007 53.3759 12.1976 1101.5447 713.4714 713.4714 565.2522 111.7055 280.1327 174.3125 196.6047 304.4145 1070.6071 291.9621 365.0986 270.5544 118.5395 330.3484 176.4788 251.5482 1081.7592;
	3.5908 48.5196 94.4091 114.8809 14.1962 26.6281 17.1456 10.7846 25.7762 28.758 53.1588 79.3024 119.3894 63.33 179.7477 67.7189 84.0216 89.0378 84.4302 69.2881 5.7152 62.1322 74.7823 87.8859 101.5476 64.727 9.1988 1050.7323 687.2553 687.2553 526.4647 106.1544 281.4341 178.3479 198.5481 293.2289 1071.3877 257.1519 416.9449 272.0024 115.8197 295.3943 167.9722 228.1783 1082.548;
