function loadprofile = ex_load_profilesh1
%EX_LOAD_PROFILE  Example load profile data file for stochastic unit commitment.
% 2022.03.12
% Andres F. Ramirez

%% define constants
[CT_LABEL, CT_PROB, CT_TABLE, CT_TBUS, CT_TGEN, CT_TBRCH, CT_TAREABUS, ...
    CT_TAREAGEN, CT_TAREABRCH, CT_ROW, CT_COL, CT_CHGTYPE, CT_REP, ...
    CT_REL, CT_ADD, CT_NEWVAL, CT_TLOAD, CT_TAREALOAD, CT_LOAD_ALL_PQ, ...
    CT_LOAD_FIX_PQ, CT_LOAD_DIS_PQ, CT_LOAD_ALL_P, CT_LOAD_FIX_P, ...
    CT_LOAD_DIS_P, CT_TGENCOST, CT_TAREAGENCOST, CT_MODCOST_F, ...
    CT_MODCOST_X] = idx_ct;

loadprofile = struct( ...
    'type', 'mpcData', ...
    'table', CT_TAREALOAD, ...
    'rows', [1:11], ...
    'col', CT_LOAD_ALL_P, ...
    'chgtype', 1, ...
    'values', [] );
loadprofile.values(:,1,:) = [
	1536.3109 934.4989 1535.4422 557.5 711.5546 1036.0668 812.4055 245.9622 449.9144 4570.4923 1648.5373;
	1509.6559 963.7912 1533.2896 546.8282 722.1309 1041.0789 831.8 255.6272 454.8009 4617.3182 1670.527;
	1494.0437 937.0711 1529.5994 548.0725 724.3 1039.933 828.8 252.7094 437.86 4474.4944 1631.368;
	1500.56 957.2258 1573.521 570.2 781.4706 1095.9851 853.9708 262.8041 479.6896 4532.3852 1692.4182;
	1593.133 1004.2643 1690.4003 575.0 825.3508 1176.5839 915.631 275.0888 515.4052 4738.6958 1817.4327;
	1667.8 1062.2906 1787.4862 577.6 824.7688 1203.3908 950.9973 271.9253 534.2 4809.6729 1869.5884;
	1708.5063 1076.1047 1866.0725 584.7711 878.8293 1271.1 996.5898 289.209 571.7444 5035.4485 1925.2113;
	1685.8725 1100.2976 1925.5479 596.6 896.9642 1312.823 1052.0892 289.9354 604.3 5294.7272 1966.5896;
	1648.6865 1091.6672 1875.8 596.7418 872.9645 1266.3186 1052.274 285.0629 614.1986 5376.5246 1887.976;
	1671.7 1085.3 1872.9645 603.6945 856.8905 1292.9705 1070.7 276.0488 605.7619 5538.3789 1910.4349;
	1680.6547 1085.5446 1883.0425 594.3944 832.5887 1263.5197 1045.7575 287.5321 593.6 5481.6692 1879.8639;
	1619.4093 1035.1997 1818.9665 585.9845 820.3924 1256.2113 1034.3774 293.3803 601.6587 5495.8553 1935.4313;
	1602.8379 1036.3994 1816.6514 581.8227 840.9 1274.8597 987.5555 281.862 596.5 5434.9497 1916.6364;
	1621.5512 1034.7 1807.4626 584.1643 841.7079 1286.3146 1016.5682 302.8 593.6 5431.5097 1976.7;
	1658.7642 1070.6744 1890.6 604.7601 896.1829 1398.2289 1050.5901 296.5 596.4294 5411.755 2008.1947;
	1701.3617 1100.9258 1902.6947 602.7 891.32 1382.5924 1047.9291 294.3395 595.8717 5428.166 2039.7476;
	1663.6122 1107.1147 1909.4309 612.7312 940.4883 1425.3173 1068.4307 325.8248 607.7222 5508.0365 2140.3063;
	1734.415 1158.7553 2007.2934 618.6929 1011.6403 1519.8906 1133.5348 329.2447 649.6096 5827.9328 2300.5205;
	1787.9779 1150.171 1974.4687 615.7615 956.7 1452.7267 1100.1882 323.9694 644.1919 5543.1926 2282.3738;
	1795.8172 1147.2597 1963.3954 612.2666 972.4071 1442.7695 1110.8128 325.3001 649.1809 5505.4844 2277.7113;
	1762.366 1105.5366 1844.607 576.0 912.407 1342.8551 1044.5704 320.2125 628.4715 5362.1181 2175.9916;
	1687.854 1039.9433 1757.3781 573.6174 852.4709 1253.2556 999.7 309.1397 596.8 5234.0121 2067.8881;
	1700.1 1056.9603 1773.9415 586.691 876.0664 1195.8249 949.7356 272.4279 555.9 5183.6191 1895.3661;
	1623.15 989.1 1690.8139 587.6853 844.7797 1149.0998 910.5 248.773 526.2956 5037.3848 1802.6584;
];
