function loadprofile = ex_load_profilesh1
%EX_LOAD_PROFILE  Example load profile data file for stochastic unit commitment.
% 2022.03.12
% Andres F. Ramirez

%% define constants
[CT_LABEL, CT_PROB, CT_TABLE, CT_TBUS, CT_TGEN, CT_TBRCH, CT_TAREABUS, ...
    CT_TAREAGEN, CT_TAREABRCH, CT_ROW, CT_COL, CT_CHGTYPE, CT_REP, ...
    CT_REL, CT_ADD, CT_NEWVAL, CT_TLOAD, CT_TAREALOAD, CT_LOAD_ALL_PQ, ...
    CT_LOAD_FIX_PQ, CT_LOAD_DIS_PQ, CT_LOAD_ALL_P, CT_LOAD_FIX_P, ...
    CT_LOAD_DIS_P, CT_TGENCOST, CT_TAREAGENCOST, CT_MODCOST_F, ...
    CT_MODCOST_X] = idx_ct;

loadprofile = struct( ...
    'type', 'mpcData', ...
    'table', CT_TAREALOAD, ...
    'rows', [1:11], ...
    'col', CT_LOAD_ALL_P, ...
    'chgtype', 1, ...
    'values', [] );
loadprofile.values(:,1,:) = [
	1526.5412 866.8757 1519.6673 550.7491 746.3348 1058.8 783.178 187.2338 470.6787 4300.1046 1668.4373;
	1504.2351 870.587 1501.3 548.9219 743.2291 1048.4496 772.116 198.6948 483.0 4266.1547 1663.5247;
	1521.1913 878.7431 1507.2188 563.9679 752.5 1066.5889 769.1635 193.5545 487.076 4252.6325 1643.5231;
	1548.811 886.1179 1555.3839 560.4105 761.5409 1084.929 795.0677 203.4613 483.0887 4274.7605 1685.7397;
	1593.1565 956.9 1670.9163 571.4 831.2284 1194.3 862.8289 215.6612 516.0687 4485.2245 1800.3;
	1663.1 1022.2 1754.1051 584.6 920.4443 1291.0925 921.2564 238.8719 552.7396 4748.6287 1874.0;
	1702.2635 1047.9262 1818.5222 592.6674 947.5619 1300.5546 951.6898 257.3464 582.0355 4963.5851 1942.7979;
	1756.5 1086.7584 1854.9077 589.8797 1000.5459 1302.6 989.4752 260.6839 594.2288 5176.8293 1977.0685;
	1773.4927 1113.8378 1890.6671 584.8 1016.6809 1310.3 1021.6102 285.5258 604.7768 5283.2316 2064.8129;
	1794.7724 1114.9004 1888.0392 601.3302 1007.1249 1279.9132 995.4109 294.1978 605.9315 5329.3853 1979.3662;
	1798.4771 1103.2602 1901.672 598.1071 1003.1538 1241.4842 949.3213 282.0451 619.4279 5290.6921 1914.1672;
	1755.4053 1087.1582 1857.908 602.2557 977.1978 1241.0483 984.4661 281.3409 619.4512 5336.2262 1982.1;
	1769.639 1072.9613 1842.1935 588.2089 965.8584 1203.5974 937.6662 273.4 601.9876 5200.8498 1874.7546;
	1757.9898 1074.3322 1799.743 599.69 936.8615 1156.453 939.9259 277.2856 596.6246 5185.1972 1946.6367;
	1766.1909 1081.5966 1827.7588 605.4084 949.5738 1119.0882 951.8805 281.3164 605.2035 5173.871 1977.3365;
	1761.2721 1091.626 1796.952 593.2555 923.233 1156.6079 983.6577 264.1051 615.3624 5213.7593 2036.5471;
	1767.2857 1097.9365 1824.2477 600.9013 908.6011 1202.6343 1014.2533 309.2815 625.7708 5272.9783 2135.7;
	1801.348 1168.8 1916.8 612.3148 968.6232 1341.8515 1073.7827 330.4965 653.7 5427.0918 2286.6925;
	1838.689 1172.8761 1951.8 619.0226 980.5389 1353.7434 1086.1759 316.244 649.8192 5419.4115 2273.9406;
	1788.3217 1100.8565 1888.4031 599.24 931.4 1247.2776 1028.1061 312.718 641.2871 5321.1828 2218.1604;
	1689.1 1033.0 1814.3927 595.5031 869.8 1203.266 990.573 298.0307 623.1 5125.1209 2096.6;
	1605.5654 973.1315 1758.1 571.5 837.0 1152.1977 948.3 278.9393 620.7056 4964.9 1979.716;
	1566.1542 944.0009 1688.6992 563.2639 815.5 1120.8732 924.365 256.4 631.663 4831.8836 1877.5981;
	1558.0395 922.081 1669.2244 555.3 781.9544 1072.1664 872.6243 244.8 582.1187 4700.2999 1803.7562;
];
