function windprofile = ex_wind_profilesh1
%EX_WIND_PROFILE_D  Example wind_load_nyiso profile data for deterministic unit commitment.
% 2022.03.12
% Andres F. Ramirez


%% define constants
[GEN_BUS, PG, QG, QMAX, QMIN, VG, MBASE, GEN_STATUS, PMAX, PMIN, ...
    MU_PMAX, MU_PMIN, MU_QMAX, MU_QMIN, PC1, PC2, QC1MIN, QC1MAX, ...
    QC2MIN, QC2MAX, RAMP_AGC, RAMP_10, RAMP_30, RAMP_Q, APF] = idx_gen;
[CT_LABEL, CT_PROB, CT_TABLE, CT_TBUS, CT_TGEN, CT_TBRCH, CT_TAREABUS, ...
    CT_TAREAGEN, CT_TAREABRCH, CT_ROW, CT_COL, CT_CHGTYPE, CT_REP, ...
    CT_REL, CT_ADD, CT_NEWVAL, CT_TLOAD, CT_TAREALOAD, CT_LOAD_ALL_PQ, ...
    CT_LOAD_FIX_PQ, CT_LOAD_DIS_PQ, CT_LOAD_ALL_P, CT_LOAD_FIX_P, ...
    CT_LOAD_DIS_P, CT_TGENCOST, CT_TAREAGENCOST, CT_MODCOST_F, ...
    CT_MODCOST_X] = idx_ct;

windprofile = struct( ...
    'type', 'mpcData', ...
    'table', CT_TGEN, ...
    'rows', [1:45], ...
    'col', PMAX, ...
    'chgtype', 1, ...
    'values', [] );
windprofile.values(:,1,:) = [
	3.7081 50.1041 92.7871 116.4141 14.9519 32.4213 30.057 18.5749 28.1755 28.9433 53.5013 79.8134 120.1586 68.7209 186.1854 70.1443 87.0308 92.2267 82.1182 70.7329 10.019 75.6496 72.4749 85.3616 104.7446 72.7364 12.9319 1347.0269 805.1981 805.1981 619.7047 114.3 273.7272 182.0666 215.4494 343.5512 1311.9538 234.7844 475.0544 280.5658 117.7599 359.6598 199.0814 280.2058 1325.62;
	3.7592 50.7955 90.9954 112.8657 14.3499 32.1195 27.3185 18.3459 27.3867 27.8857 51.5463 76.897 115.7679 67.1525 166.8234 62.8497 77.9802 82.6358 79.4397 68.7102 9.1062 74.9456 57.9747 85.2318 102.0543 70.4223 12.9399 1324.01 792.3088 792.3088 669.4878 113.1402 264.799 176.8603 210.5321 338.0518 1254.2477 240.5977 460.0288 273.3598 115.9057 356.3128 187.1492 266.0667 1267.3127;
	3.8272 51.7143 90.4294 112.9871 15.0083 33.8201 23.2302 18.38 28.0126 29.6063 54.7268 81.6417 122.9111 65.5304 186.7664 70.3632 87.3024 92.5145 85.7303 72.014 7.7434 78.9136 68.9439 85.2511 101.3937 73.8675 12.9736 1317.2938 781.416 781.416 687.2853 102.981 285.7676 185.3642 205.4466 333.4041 1270.1764 221.9444 434.2835 271.5903 120.5839 375.1776 195.1792 260.5168 1283.4074;
	3.8448 51.9521 93.7873 117.27 15.2484 33.3285 26.5103 18.4885 28.4895 30.9304 57.1744 85.293 128.4081 68.384 195.6028 73.6922 91.4329 96.8916 89.5925 72.934 8.8368 77.7665 71.988 87.0396 104.3332 72.7555 12.9356 1343.1423 828.3387 828.3387 699.667 107.6711 298.6416 187.7322 214.3929 353.4245 1313.5722 254.2379 465.1653 279.4638 119.1664 369.7243 164.0331 273.0826 1327.2552;
	3.8907 52.5716 94.8434 116.4218 15.2483 34.7389 32.0672 18.1214 27.933 31.0627 57.419 85.6578 128.9574 69.8007 201.2401 75.816 94.068 99.6841 89.8123 73.9569 10.6891 81.0575 73.7774 85.861 104.6149 72.9983 12.892 1334.0785 825.7982 825.7982 749.7148 113.9155 299.3743 190.3652 218.8347 352.3406 1330.2426 267.6359 477.9474 280.2184 118.9727 385.3706 204.6465 267.1255 1344.0993;
	3.9051 52.7661 95.1527 118.0547 15.3573 34.8383 29.8365 18.3937 27.9464 31.0515 57.3982 85.6268 128.9106 67.9321 201.1947 75.7989 94.0468 99.6616 91.788 73.3939 9.9455 81.2893 73.7493 87.8352 104.9558 74.0118 13.0088 1340.4712 818.2934 818.2934 749.7391 119.4901 305.9599 188.9162 212.9762 349.1385 1305.6736 265.8856 459.5801 281.1315 114.3215 386.4726 194.6699 271.1163 1319.2744;
	3.7979 51.3173 93.5933 118.0681 15.3099 34.1716 31.7111 18.3415 28.4688 31.2151 57.7007 86.0781 129.5901 68.9057 198.1062 74.6354 92.6031 98.1317 89.384 72.6426 10.5704 79.7338 74.6378 87.5032 104.2224 74.1671 13.2617 1318.9575 804.793 804.793 725.0848 109.9072 297.9468 186.9823 216.0288 343.3784 1301.2865 291.0411 474.9584 279.167 118.7253 379.0775 177.0221 267.7984 1314.8416;
	3.8793 52.4172 93.4762 118.0033 14.7954 34.5006 30.9767 18.6699 27.6793 30.7706 56.8789 84.8521 127.7444 69.0915 198.8295 74.9078 92.9412 98.4899 90.7093 71.3505 10.3256 80.5014 71.5053 87.4301 104.7291 74.8832 13.6003 1314.8629 788.1547 788.1547 742.9894 119.8025 302.3642 183.6564 216.6111 336.2793 1298.8602 305.1622 475.8086 280.5245 117.0949 382.7267 197.753 272.6109 1312.39;
	3.8188 51.5998 91.7249 113.8321 14.6307 33.995 32.0028 17.4521 27.4937 30.434 56.2567 83.924 126.3471 67.9994 198.9007 74.9347 92.9745 98.5252 90.7756 70.5503 10.6676 79.3217 70.2116 85.0838 101.3953 71.5871 12.8554 1312.0909 789.9276 789.9276 755.9741 121.9859 302.5852 181.5965 213.1873 337.0358 1320.5522 322.0509 472.0227 271.5945 118.4667 377.1182 215.4484 269.9586 1334.308;
	3.903 52.7379 93.2844 117.7125 15.0495 34.661 26.0713 17.173 28.1533 30.6191 56.599 84.4345 127.1157 68.8556 197.6605 74.4674 92.3948 97.9109 86.6134 71.6117 8.6904 80.8756 71.8583 87.9745 103.8321 72.5691 12.6347 1292.0575 796.0544 796.0544 744.8471 123.3417 288.7114 184.3286 215.8717 339.6499 1288.7649 340.6614 467.9938 278.1217 120.8918 384.5056 219.0991 275.8035 1302.1896;
	3.9113 52.8502 91.583 114.5596 14.8612 34.2445 27.08 17.2683 27.7951 31.0793 57.4497 85.7037 129.0264 68.7505 198.7045 74.8608 92.8828 98.428 92.3825 72.9269 9.0267 79.9038 73.0976 87.203 102.4979 70.425 12.9818 1261.0878 820.2305 820.2305 806.0286 119.6085 307.9415 187.7141 215.542 349.965 1328.747 342.3778 463.7732 274.5479 119.6164 379.8855 217.1991 266.9257 1342.5881;
	3.9208 52.9784 90.8586 116.8709 14.9711 34.7466 26.5006 17.3209 28.0424 30.0202 55.4919 82.783 124.6294 68.1799 198.4176 74.7527 92.7487 98.2859 90.3136 70.9101 8.8335 81.0753 73.1163 87.3928 102.0272 68.0227 12.6712 1310.0309 828.8424 828.8424 817.8532 122.295 301.0452 182.5227 213.7531 353.6394 1337.9083 337.28 467.4184 273.2872 119.8245 385.4552 218.9331 269.8129 1351.8448;
	3.8017 51.3691 93.1209 115.018 14.8774 34.144 27.155 17.4273 28.2667 30.8231 56.976 84.997 127.9625 69.3041 194.9305 73.4389 91.1187 96.5586 89.856 70.6914 9.0517 79.6693 72.3633 84.4339 100.6045 69.6264 12.8005 1279.6892 812.158 812.158 786.5304 121.8737 299.5201 181.9598 217.2779 346.5207 1306.9028 329.2196 457.1647 269.4762 120.5221 378.7706 213.7332 267.1424 1320.5163;
	3.6883 49.8364 91.428 116.5359 14.775 33.6152 27.2716 17.4211 27.8388 30.614 56.5895 84.4203 127.0944 68.2144 197.0891 74.2522 92.1277 97.6278 89.3942 72.5596 9.0905 78.4355 73.604 85.4347 98.7234 71.0884 12.8974 1280.0503 820.7796 820.7796 817.7988 121.4804 297.9808 186.7687 213.8613 350.1993 1316.3635 333.9481 465.5245 264.4376 122.0195 372.905 203.6182 270.6716 1330.0756;
	3.8565 52.1103 93.6771 117.1662 15.107 34.572 23.8701 17.7021 27.2654 29.1618 53.9052 80.4159 121.0657 67.1301 192.8941 72.6717 90.1668 95.5499 89.4851 72.4032 7.9567 80.6679 74.563 87.8672 100.776 73.0184 13.1216 1271.1741 809.3216 809.3216 802.9738 120.3203 298.2837 186.366 210.4619 345.3106 1271.8051 320.5365 467.5406 269.9358 120.5639 383.5183 210.8555 276.1657 1285.0531;
	3.6959 49.9394 91.4252 118.1212 14.6226 31.8431 24.0422 17.5202 26.8115 28.8815 53.387 79.6429 119.9019 65.8025 186.6625 70.324 87.2539 92.4631 89.0319 72.7776 8.0141 74.3006 71.8204 87.531 100.1664 68.2437 12.2661 1261.481 787.2076 787.2076 770.9752 121.2904 296.773 187.3298 206.2997 335.8752 1224.7905 325.1333 460.6429 268.3029 118.8952 353.2463 195.4266 270.363 1237.5487;
	3.8616 52.1789 92.3912 114.929 15.0126 30.3049 22.5579 17.3667 27.9262 30.5014 56.3813 84.1098 126.6268 67.0901 197.1538 74.2765 92.1579 97.6599 89.8046 73.263 7.5193 70.7115 75.6419 88.146 100.1995 58.1001 11.9622 1218.5922 753.3094 753.3094 669.1071 103.3568 299.3486 188.5792 210.3364 321.412 1182.7375 302.6307 458.8117 268.3914 117.8828 336.1828 181.3523 262.6003 1195.0576;
	3.727 50.3593 87.5544 108.8496 14.4473 27.171 17.8217 10.1495 26.3174 29.0062 53.6174 79.9867 120.4195 64.4106 184.2407 69.4116 86.1218 91.2634 85.713 69.9351 5.9406 63.399 74.6042 84.4046 96.837 63.9588 6.0923 1199.4401 710.64 710.64 616.3769 108.0573 285.7101 180.0131 201.9358 303.2064 1164.5466 278.0941 429.5141 259.3847 116.0053 301.4172 151.6686 240.8644 1176.6773;
