function loadprofile = ex_load_profilesh1
%EX_LOAD_PROFILE  Example load profile data file for stochastic unit commitment.
% 2022.03.12
% Andres F. Ramirez

%% define constants
[CT_LABEL, CT_PROB, CT_TABLE, CT_TBUS, CT_TGEN, CT_TBRCH, CT_TAREABUS, ...
    CT_TAREAGEN, CT_TAREABRCH, CT_ROW, CT_COL, CT_CHGTYPE, CT_REP, ...
    CT_REL, CT_ADD, CT_NEWVAL, CT_TLOAD, CT_TAREALOAD, CT_LOAD_ALL_PQ, ...
    CT_LOAD_FIX_PQ, CT_LOAD_DIS_PQ, CT_LOAD_ALL_P, CT_LOAD_FIX_P, ...
    CT_LOAD_DIS_P, CT_TGENCOST, CT_TAREAGENCOST, CT_MODCOST_F, ...
    CT_MODCOST_X] = idx_ct;

loadprofile = struct( ...
    'type', 'mpcData', ...
    'table', CT_TAREALOAD, ...
    'rows', [1:11], ...
    'col', CT_LOAD_ALL_P, ...
    'chgtype', 1, ...
    'values', [] );
loadprofile.values(:,1,:) = [
	1437.1167 862.564 1443.5966 534.6435 740.371 1069.7654 784.511 206.9901 465.0442 4433.3255 1658.8959;
	1464.0873 879.6154 1458.8417 524.2674 732.5 1073.2528 793.3602 223.7131 474.4024 4438.2485 1674.1078;
	1483.842 881.0522 1454.9166 536.3389 725.6905 1078.2077 792.4444 223.4 475.5211 4378.3903 1683.3522;
	1499.7266 908.3485 1515.998 542.1 780.5393 1127.2604 832.8 236.7 498.1046 4518.2654 1727.1087;
	1492.9682 922.3901 1559.1762 557.2925 787.3088 1163.6506 873.8229 253.5 500.5432 4685.3198 1843.1817;
	1603.8376 1013.0 1704.0612 562.0377 839.9 1213.7 933.8047 278.7422 525.36 4894.6526 1923.8255;
	1643.0376 1053.1 1827.3252 590.6378 948.7991 1353.053 1007.5461 289.8 583.9866 5291.2234 2055.7847;
	1651.562 1080.4 1883.6 590.7449 987.3211 1430.9455 1082.0827 292.3 603.1112 5449.5234 2200.8093;
	1689.6815 1112.2989 1903.3739 594.8139 973.6 1453.0886 1094.4951 291.5439 602.098 5545.4836 2185.0014;
	1750.0008 1129.4741 1927.6464 601.9983 965.6881 1468.9122 1099.1393 313.2764 609.5961 5681.3213 2229.087;
	1724.6813 1100.1509 1904.6534 595.4346 922.2935 1391.4949 1059.1527 298.7 595.021 5670.1929 2131.4519;
	1712.3429 1055.7325 1856.5761 600.1 931.964 1357.921 1019.2557 308.4929 578.9 5489.9684 2013.4529;
	1682.8313 1055.0 1822.5094 599.733 898.51 1351.6127 1032.8329 312.4 588.6057 5747.5327 2137.5395;
	1686.7299 1080.9181 1837.1284 593.5443 905.5103 1345.9996 1051.411 300.1 604.7442 5835.2667 2307.6573;
	1646.3693 1091.2451 1852.4475 614.1154 922.0417 1312.4441 1037.66 294.7 602.302 5731.2824 2244.0272;
	1671.6952 1132.2084 1901.742 620.5071 975.5 1411.0086 1076.4 288.4 594.8412 5574.0048 2213.6151;
	1686.8489 1124.1336 1903.0879 599.7571 986.8876 1442.8157 1102.2513 300.6282 604.5 5729.1797 2366.0583;
	1769.6116 1184.7911 1959.7266 626.0946 1027.7537 1495.47 1114.7806 315.7 634.1695 5903.5766 2357.832;
	1812.0562 1181.4 1952.8154 619.4937 1022.5286 1488.9069 1119.3933 295.1051 656.3417 5919.5994 2443.1351;
	1755.7 1134.4116 1888.1519 608.0839 1001.5403 1431.796 1102.0129 297.7932 646.9 5609.6318 2321.0322;
	1705.1311 1102.325 1800.362 590.7858 940.0085 1329.6409 1010.6917 255.0741 616.4531 5306.6069 2144.4605;
	1638.911 1024.9296 1733.9841 583.0879 866.3666 1220.3343 937.3089 234.9259 581.5 5063.6592 1985.9214;
	1571.8635 989.1 1693.0439 582.5 862.9071 1259.3176 931.2 223.3934 544.4 5015.2555 1878.2942;
	1550.627 958.225 1644.5896 591.8 832.9808 1234.8973 903.4485 211.1054 510.2545 4937.9108 1833.3;
];
