function windprofile = ex_wind_profilesh1
%EX_WIND_PROFILE_D  Example wind_load_nyiso profile data for deterministic unit commitment.
% 2022.03.12
% Andres F. Ramirez


%% define constants
[GEN_BUS, PG, QG, QMAX, QMIN, VG, MBASE, GEN_STATUS, PMAX, PMIN, ...
    MU_PMAX, MU_PMIN, MU_QMAX, MU_QMIN, PC1, PC2, QC1MIN, QC1MAX, ...
    QC2MIN, QC2MAX, RAMP_AGC, RAMP_10, RAMP_30, RAMP_Q, APF] = idx_gen;
[CT_LABEL, CT_PROB, CT_TABLE, CT_TBUS, CT_TGEN, CT_TBRCH, CT_TAREABUS, ...
    CT_TAREAGEN, CT_TAREABRCH, CT_ROW, CT_COL, CT_CHGTYPE, CT_REP, ...
    CT_REL, CT_ADD, CT_NEWVAL, CT_TLOAD, CT_TAREALOAD, CT_LOAD_ALL_PQ, ...
    CT_LOAD_FIX_PQ, CT_LOAD_DIS_PQ, CT_LOAD_ALL_P, CT_LOAD_FIX_P, ...
    CT_LOAD_DIS_P, CT_TGENCOST, CT_TAREAGENCOST, CT_MODCOST_F, ...
    CT_MODCOST_X] = idx_ct;

windprofile = struct( ...
    'type', 'mpcData', ...
    'table', CT_TGEN, ...
    'rows', [1:45], ...
    'col', PMAX, ...
    'chgtype', 1, ...
    'values', [] );
windprofile.values(:,1,:) = [
	3.6664 49.5407 88.7716 111.9989 14.1132 32.4816 28.4882 18.464 26.4928 30.0197 55.4909 82.7815 124.6271 68.9862 204.4523 77.0262 95.5696 101.2752 87.0909 71.9511 9.4961 75.7904 75.7239 86.164 103.1004 75.4046 13.6181 1272.1716 750.8247 750.8247 567.0282 109.3497 290.3029 185.2024 216.2811 320.3519 1200.2765 228.9279 455.0512 276.1618 123.0383 360.3291 185.1416 281.6014 1212.7794;
	3.6957 49.9376 87.1533 109.9625 14.0739 32.4105 25.0266 18.1359 26.1894 29.6845 54.8714 81.8574 123.2358 69.4314 196.2702 73.9436 91.7449 97.2222 85.6257 70.1939 8.3422 75.6246 74.4685 85.7436 98.3149 71.4983 13.648 1280.7125 778.8285 778.8285 606.2325 105.5882 285.4191 180.6793 217.677 332.3001 1215.4369 225.7761 464.7631 263.3436 117.724 359.541 175.6846 265.4028 1228.0977;
	3.6173 48.8771 86.4645 109.4203 14.0425 33.074 21.8783 17.4545 26.9515 30.505 56.388 84.1198 126.6419 68.9866 201.0931 75.7607 93.9993 99.6112 90.6812 71.2893 7.2928 77.1726 74.2087 85.5177 97.1909 74.0392 13.1815 1310.5722 786.3596 786.3596 659.2616 102.2673 302.2708 183.4989 216.2824 335.5134 1279.2239 231.6338 449.069 260.3327 117.3828 366.9005 187.0554 260.4676 1292.5491;
	3.6999 49.9942 88.7266 114.2419 14.3234 32.8545 22.5578 17.843 27.2106 30.2832 55.9781 83.5083 125.7213 69.0688 200.2135 75.4293 93.5882 99.1755 91.7698 71.229 7.5193 76.6605 73.463 86.6501 99.8789 74.9337 13.4568 1314.1312 765.6299 765.6299 628.817 105.4423 305.8992 183.3438 216.5401 326.6687 1256.6779 248.5985 444.3455 267.5328 114.8783 364.4661 154.2979 269.5201 1269.7683;
	3.8645 52.2176 93.6555 114.8755 15.0 34.6097 30.6495 18.2558 27.6879 30.3618 56.1233 83.7249 126.0474 69.1532 200.2683 75.4499 93.6138 99.2027 91.7273 72.7536 10.2165 80.756 74.6698 85.7276 101.7248 75.099 13.587 1302.8626 798.8921 798.8921 707.4098 110.2479 305.7577 187.268 216.8047 340.8606 1279.6584 253.4672 473.7596 272.4772 115.5511 383.937 193.4588 271.869 1292.9882;
	3.8726 52.3273 93.1262 117.5912 15.0942 34.3266 28.8953 17.9879 26.945 29.6952 54.8911 81.8867 123.2799 66.3678 198.3638 74.7324 92.7235 98.2593 91.8648 71.2068 9.6318 80.0954 73.7862 87.3457 101.1817 73.4623 12.9924 1296.2354 779.8826 779.8826 723.0688 113.6389 306.216 183.2866 208.072 332.7499 1235.2987 251.0798 459.7839 271.0223 118.3958 380.7966 181.7045 276.4596 1248.1664;
	3.7452 50.6054 92.3922 115.2823 14.8324 33.4268 30.2285 18.7291 26.3673 28.8235 53.2798 79.4829 119.6611 64.8123 192.4441 72.5022 89.9564 95.327 89.248 71.5992 10.0762 77.9959 72.6571 88.8234 102.328 73.8142 13.7046 1233.4835 741.776 741.776 697.0649 109.8571 297.4932 184.2965 203.1953 316.4911 1207.8308 283.6189 446.5589 274.0929 115.4331 370.8147 159.4247 269.7074 1220.4124;
	3.7453 50.6069 89.2952 115.393 14.6148 32.8853 29.3984 18.3815 25.7367 27.3154 50.4921 75.3243 113.4003 67.4075 199.3133 75.0901 93.1674 98.7296 91.1204 71.2931 9.7995 76.7324 70.4419 89.4499 103.6684 73.4544 13.2974 1257.1477 772.8501 772.8501 722.0985 105.9043 303.7346 183.5087 211.3315 329.7494 1227.6939 293.701 448.6861 277.6833 118.0448 364.8079 169.9635 268.9847 1240.4823;
	3.794 51.2652 90.2591 118.7079 14.5936 32.7852 31.6343 17.7913 26.6675 29.454 54.4453 81.2217 122.2789 68.0476 200.4615 75.5227 93.7041 99.2984 92.9707 71.8464 10.5448 76.4989 72.9089 88.8131 102.1741 71.7621 13.0708 1302.2507 821.144 821.144 775.7743 115.7269 309.9023 184.9329 213.3383 350.3548 1278.6412 310.0933 466.7375 273.6808 121.4673 363.6976 199.2404 265.7734 1291.9604;
	3.8499 52.0203 90.8093 116.5947 14.6608 33.2478 25.4973 17.9627 26.9451 27.1145 50.1207 74.7703 112.5662 67.2836 192.2046 72.412 89.8445 95.2083 91.4698 68.3617 8.4991 77.5781 68.1264 89.4306 102.8913 70.0133 13.1505 1268.386 795.0888 795.0888 776.4531 120.4713 304.8992 175.9633 210.943 339.2379 1259.0479 341.8776 457.6739 275.6017 117.6543 368.8287 204.9814 269.7525 1272.163;
	3.8072 51.444 90.0924 115.1165 14.7852 33.4907 27.4824 17.7385 27.6938 28.7376 53.121 79.2461 119.3045 65.0421 195.5604 73.6762 91.4131 96.8706 89.3489 71.4945 9.1608 78.1449 71.2239 88.7208 102.1559 68.7384 13.2084 1313.7419 815.8302 815.8302 776.9928 121.5424 297.8297 184.0271 203.9159 348.0875 1309.6061 344.3487 466.2907 273.6318 117.6535 371.5233 203.2024 275.7599 1323.2478;
	3.7126 50.1658 88.7279 114.4869 14.8478 33.8735 24.3075 17.9623 26.3112 23.9137 44.204 65.9437 99.2779 63.8906 192.1007 72.3728 89.7959 95.1569 89.7724 68.9032 8.1025 79.0381 67.0992 89.4808 103.1276 68.3696 13.3353 1280.4429 765.0034 765.0034 703.2232 121.5447 299.2412 177.357 200.3056 326.4015 1255.2564 326.0692 454.0467 276.2347 120.8441 375.7698 198.7277 276.2746 1268.332;
	3.5946 48.5714 88.2151 109.315 14.7413 32.2213 24.9196 17.6607 26.5432 28.46 52.6079 78.4807 118.1522 61.4872 190.7878 71.8782 89.1822 94.5065 88.8351 68.502 8.3065 75.1831 71.004 84.5007 97.6887 67.1098 13.0208 1307.5061 795.9466 795.9466 721.8435 117.409 296.117 176.3244 192.7706 339.6039 1274.297 338.3032 441.0677 261.6662 116.6748 357.4418 199.1136 262.6726 1287.571;
	3.6436 49.2332 90.9316 109.6684 14.5812 32.656 26.4244 17.7544 26.5179 27.5433 50.9133 75.9527 114.3464 67.2233 189.8284 71.5167 88.7337 94.0313 89.6633 71.8031 8.8081 76.1974 70.7896 85.7418 98.2537 70.5713 13.2301 1337.4436 800.8556 800.8556 757.4385 116.5964 298.8776 184.8214 210.7542 341.6984 1322.5396 325.327 455.1305 263.1794 113.1211 362.2642 188.0161 273.3558 1336.3161;
	3.6242 48.9703 90.6105 109.9365 14.6803 32.9539 22.7844 17.902 26.9726 29.1388 53.8627 80.3525 120.9703 67.5268 193.0287 72.7225 90.2297 95.6166 88.5912 71.2716 7.5948 76.8925 73.9978 87.3799 99.571 71.7527 13.2915 1341.7828 804.5178 804.5178 797.0601 115.2152 295.3039 183.4533 211.7056 343.2609 1317.8955 332.3416 457.1066 266.7079 117.1835 365.5689 197.2934 276.5123 1331.6236;
	3.621 48.9282 88.7868 109.0672 14.5703 31.3951 24.2444 17.459 26.0991 28.8858 53.3949 79.6547 119.9197 65.3052 188.497 71.0151 88.1114 93.3718 90.4472 71.9281 8.0815 73.2552 70.6794 87.1729 99.5243 68.9126 12.5474 1304.8379 808.7461 808.7461 775.0111 112.4056 301.4906 185.1432 204.7406 345.065 1221.6162 325.8009 452.8527 266.583 115.0229 348.2763 187.6739 272.4058 1234.3414;
	3.6925 49.894 89.1762 104.4954 14.2995 29.9981 21.4963 17.3594 25.8755 29.7557 55.003 82.0537 123.5314 66.1713 189.56 71.4156 88.6083 93.8983 87.8451 71.0842 7.1654 69.9957 71.074 87.8103 98.126 56.6808 12.2387 1242.1294 779.523 779.523 734.3446 114.363 292.8171 182.9708 207.456 332.5965 1168.6141 335.1953 439.7745 262.8376 115.3617 332.7794 183.7538 259.5914 1180.7872;
	3.739 50.5225 89.6166 105.4052 14.2347 28.2855 18.3088 12.3551 25.813 28.6339 52.9294 78.9603 118.8742 67.8252 185.0042 69.6993 86.4787 91.6416 88.0649 69.2897 6.1029 65.9995 69.2068 85.6207 99.7886 68.4282 9.3893 1220.3091 719.5192 719.5192 655.8793 113.0588 293.5497 178.3519 212.6412 306.9949 1187.9981 298.1525 444.2149 267.2909 115.2557 313.7804 169.665 229.8169 1200.3731;
