function loadprofile = ex_load_profilesh1
%EX_LOAD_PROFILE  Example load profile data file for stochastic unit commitment.
% 2022.03.12
% Andres F. Ramirez

%% define constants
[CT_LABEL, CT_PROB, CT_TABLE, CT_TBUS, CT_TGEN, CT_TBRCH, CT_TAREABUS, ...
    CT_TAREAGEN, CT_TAREABRCH, CT_ROW, CT_COL, CT_CHGTYPE, CT_REP, ...
    CT_REL, CT_ADD, CT_NEWVAL, CT_TLOAD, CT_TAREALOAD, CT_LOAD_ALL_PQ, ...
    CT_LOAD_FIX_PQ, CT_LOAD_DIS_PQ, CT_LOAD_ALL_P, CT_LOAD_FIX_P, ...
    CT_LOAD_DIS_P, CT_TGENCOST, CT_TAREAGENCOST, CT_MODCOST_F, ...
    CT_MODCOST_X] = idx_ct;

loadprofile = struct( ...
    'type', 'mpcData', ...
    'table', CT_TAREALOAD, ...
    'rows', [1:11], ...
    'col', CT_LOAD_ALL_P, ...
    'chgtype', 1, ...
    'values', [] );
loadprofile.values(:,1,:) = [
	1584.3251 891.7 1514.8 555.7159 734.3448 1125.5413 835.5 245.6395 496.7904 4425.1212 1706.1406;
	1607.5587 885.8605 1494.8429 561.2595 739.1373 1107.9786 824.2 233.3 489.2827 4339.3828 1655.0768;
	1586.345 890.583 1489.3 552.0845 726.6627 1105.9 820.1118 240.5469 488.1142 4295.9321 1673.9582;
	1604.6241 905.0638 1531.697 565.2711 749.267 1139.5789 832.4536 243.4 492.3 4314.3721 1698.2627;
	1648.1031 928.7616 1560.3532 581.6906 787.7272 1187.2 858.5805 232.2559 518.5568 4428.9318 1773.9827;
	1725.6 996.0221 1636.0799 596.5 846.4 1243.3127 919.6323 252.7 551.8827 4559.5993 1850.2154;
	1765.3321 1036.94 1716.5758 592.0694 909.3602 1289.6394 962.7977 254.0 580.4003 4730.5957 1962.7575;
	1764.1342 1047.8671 1717.7044 601.2393 906.0521 1296.05 946.6894 228.7399 585.9544 4458.1059 1963.6918;
	1773.5401 1031.6718 1729.0383 592.6616 873.5358 1223.3078 919.4281 256.7496 598.3491 4453.6031 1882.1187;
	1756.2856 1036.4919 1774.8109 592.1191 922.9074 1205.199 951.8 269.8948 597.8635 5001.4209 2003.3803;
	1733.3428 991.2457 1700.2399 591.2577 878.6616 1133.1437 928.7519 284.2 587.3 4886.4 1975.6535;
	1750.4964 1011.0144 1696.1153 598.0009 880.7787 1091.3854 859.7103 270.9433 563.8727 4560.0709 1841.5588;
	1736.0938 996.3592 1675.2756 594.2124 886.5 1085.9281 805.5029 273.8528 567.1506 4583.2658 1867.199;
	1683.6982 977.3 1653.9098 569.1804 869.6064 1084.2127 826.7886 267.8455 540.3484 4818.1714 1881.0;
	1714.431 999.8973 1655.3708 570.4044 906.7088 1033.0463 814.4843 275.2989 463.4363 4533.7453 1764.3155;
	1717.5063 1004.4029 1665.648 569.1806 875.8 1083.4145 830.1107 278.0363 472.5909 3788.123 1885.95;
	1696.3627 1001.7042 1708.1293 584.1649 916.4736 1134.8302 876.8293 295.6024 567.4446 4690.817 2029.1459;
	1734.4221 1052.5037 1753.1465 611.0 940.7629 1264.4001 936.2677 312.417 619.253 5013.3734 2205.0245;
	1827.2918 1085.6898 1819.4512 608.7756 953.1632 1244.6597 1016.5709 319.9704 630.7585 5074.794 2161.7804;
	1807.3777 1051.9457 1783.2255 597.357 938.8407 1271.6162 995.9739 307.4801 616.3574 5151.6363 2164.9888;
	1708.7452 1014.2207 1718.3994 587.4352 895.287 1231.2904 956.2098 302.4518 596.946 4982.7619 2072.6134;
	1654.2803 967.3 1644.6584 566.7368 860.6389 1167.1828 919.2859 289.8 569.988 4860.8087 1973.0577;
	1617.2555 960.3311 1642.5879 580.9015 866.667 1166.9062 918.2951 247.6512 571.0183 4790.5265 1875.4058;
	1591.7976 934.8726 1628.5133 589.5 857.8063 1171.7333 909.8632 250.8 558.4398 4745.2443 1835.2368;
];
