function loadprofile = ex_load_profilesh1
%EX_LOAD_PROFILE  Example load profile data file for stochastic unit commitment.
% 2022.03.12
% Andres F. Ramirez

%% define constants
[CT_LABEL, CT_PROB, CT_TABLE, CT_TBUS, CT_TGEN, CT_TBRCH, CT_TAREABUS, ...
    CT_TAREAGEN, CT_TAREABRCH, CT_ROW, CT_COL, CT_CHGTYPE, CT_REP, ...
    CT_REL, CT_ADD, CT_NEWVAL, CT_TLOAD, CT_TAREALOAD, CT_LOAD_ALL_PQ, ...
    CT_LOAD_FIX_PQ, CT_LOAD_DIS_PQ, CT_LOAD_ALL_P, CT_LOAD_FIX_P, ...
    CT_LOAD_DIS_P, CT_TGENCOST, CT_TAREAGENCOST, CT_MODCOST_F, ...
    CT_MODCOST_X] = idx_ct;

loadprofile = struct( ...
    'type', 'mpcData', ...
    'table', CT_TAREALOAD, ...
    'rows', [1:11], ...
    'col', CT_LOAD_ALL_P, ...
    'chgtype', 1, ...
    'values', [] );
loadprofile.values(:,1,:) = [
	1531.7533 910.2977 1486.4984 515.1 686.8921 1150.3659 870.5661 228.8729 486.4073 4389.1205 1734.7299;
	1495.9798 899.8769 1473.965 508.968 678.6944 1117.6991 847.2181 230.7 475.2929 4315.6224 1674.9646;
	1481.1382 902.1 1491.603 519.7466 688.0982 1146.9567 850.9379 239.7101 493.0196 4356.877 1685.4025;
	1557.7746 936.0823 1540.8103 527.6545 747.2139 1172.6247 876.8487 249.5775 513.9543 4361.7543 1704.5502;
	1633.4416 983.8059 1652.2935 548.7619 837.1917 1253.8087 950.5299 258.2266 540.3196 4538.7194 1820.82;
	1725.531 1035.1 1745.1547 568.1923 879.0019 1306.0975 1010.7188 291.7566 576.0803 4757.6726 1950.2497;
	1766.1 1083.5809 1808.3447 579.2709 939.6062 1357.3477 1053.6228 299.8385 621.0722 5052.242 2079.1001;
	1791.2481 1099.3284 1869.9 589.5995 952.1 1418.6785 1060.5 313.6 621.7945 5198.2282 2098.8123;
	1835.3758 1127.1548 1888.5021 587.2767 969.876 1447.8804 1053.2333 314.1639 630.8 5338.5192 2103.5274;
	1826.5301 1120.6132 1877.4854 603.5505 925.6776 1483.1456 1079.8 334.0358 641.053 5423.4143 2223.1575;
	1811.1036 1118.2232 1877.542 583.5 911.7085 1415.718 1084.119 351.0692 651.0316 5443.7194 2251.7076;
	1766.3978 1084.0498 1823.9851 559.8246 880.6859 1382.8469 1057.4434 321.7231 611.0506 5296.5489 2129.2728;
	1725.6775 1036.8683 1737.6455 538.9748 840.9 1329.8108 967.2017 297.3275 574.3713 5071.9402 1936.3144;
	1743.4 1045.7488 1737.2005 542.7023 872.7504 1323.6385 985.6128 296.1261 582.5 5135.2431 2036.7494;
	1793.757 1091.3252 1785.4469 552.3 847.0049 1336.3598 1009.0674 296.459 579.2899 5252.8856 2098.2237;
	1830.887 1132.8 1804.4031 567.8 862.5032 1367.9419 1022.4215 306.6203 590.5272 5256.1186 2168.5905;
	1851.3926 1126.6513 1835.3 578.4855 872.517 1403.4471 1073.6361 310.2014 607.9527 5247.0883 2180.7716;
	1911.9455 1167.6426 1903.6808 588.9899 936.793 1441.3261 1111.773 307.0573 640.0748 5345.649 2275.5227;
	1931.9142 1169.0752 1890.738 590.7694 939.7798 1439.8869 1112.4 303.0213 642.5371 5130.4624 2253.308;
	1859.6488 1107.3405 1784.3523 587.4564 846.3719 1406.1578 1081.7669 299.1287 627.5 5177.2527 2215.4028;
	1794.8046 1046.8848 1705.0971 575.2 813.9903 1317.4786 1028.5038 282.7829 619.7609 4772.3468 2092.0354;
	1746.8969 1015.1 1647.6507 554.5041 768.3848 1235.0377 984.0152 282.6792 589.9866 4827.2059 1998.716;
	1575.629 957.9618 1553.8577 588.1486 757.5982 1211.1272 925.2793 256.4 533.1016 4548.2709 1910.9663;
	1527.8474 951.4206 1564.9815 583.5992 739.0888 1176.9048 899.4 254.5 529.8571 4659.2262 1897.526;
];
