function solarprofile = ex_solar_profilesh1
%EX_WIND_PROFILE_D  Example wind_load_nyiso profile data for deterministic unit commitment.
% 2022.03.12
% Andres F. Ramirez


%% define constants
[GEN_BUS, PG, QG, QMAX, QMIN, VG, MBASE, GEN_STATUS, PMAX, PMIN, ...
    MU_PMAX, MU_PMIN, MU_QMAX, MU_QMIN, PC1, PC2, QC1MIN, QC1MAX, ...
    QC2MIN, QC2MAX, RAMP_AGC, RAMP_10, RAMP_30, RAMP_Q, APF] = idx_gen;
[CT_LABEL, CT_PROB, CT_TABLE, CT_TBUS, CT_TGEN, CT_TBRCH, CT_TAREABUS, ...
    CT_TAREAGEN, CT_TAREABRCH, CT_ROW, CT_COL, CT_CHGTYPE, CT_REP, ...
    CT_REL, CT_ADD, CT_NEWVAL, CT_TLOAD, CT_TAREALOAD, CT_LOAD_ALL_PQ, ...
    CT_LOAD_FIX_PQ, CT_LOAD_DIS_PQ, CT_LOAD_ALL_P, CT_LOAD_FIX_P, ...
    CT_LOAD_DIS_P, CT_TGENCOST, CT_TAREAGENCOST, CT_MODCOST_F, ...
    CT_MODCOST_X] = idx_ct;

solarprofile = struct( ...
    'type', 'mpcData', ...
    'table', CT_TGEN, ...
    'rows', [1:12], ...
    'col', PMAX, ...
    'chgtype', 1, ...
    'values', [] );
solarprofile.values(:,1,:) = [
	0.0 0.0 0.0 0.0 0.0 0.0 0.0 0.0 0.0 0.0 0.0 0.0;
	0.0 0.0 0.0 0.0 0.0 0.0 0.0 0.0 0.0 0.0 0.0 0.0;
	0.0 0.0 0.0 0.0 0.0 0.0 0.0 0.0 0.0 0.0 0.0 0.0;
	0.0 0.0 0.0 0.0 0.0 0.0 0.0 0.0 0.0 0.0 0.0 0.0;
	0.0 0.0 0.0 0.0 0.0 0.0 0.0 0.0 0.0 0.0 0.0 0.0;
	1.0111 0.8207 0.6949 0.0 0.0 9.4835 1.1854 4.7474 0.4191 0.0 0.0 0.0;
	3.3963 0.9333 1.6077 1.569 4.1055 131.8151 16.4769 19.0364 50.9154 82.7897 19.8069 149.9327;
	11.9513 8.8083 7.7586 3.6982 7.1993 178.3678 22.296 31.9934 39.2087 252.4219 43.3971 457.1376;
	22.4552 16.6083 13.7053 6.5356 8.4223 289.0987 36.1373 52.3464 60.3193 339.4346 117.0638 614.7182;
	25.3844 16.3661 13.8 5.6254 8.2869 394.616 49.327 69.0104 176.6231 320.934 161.0147 581.2135;
	25.6469 16.4887 13.7424 6.5795 8.0443 378.6754 47.3344 69.8861 174.9261 342.7743 194.8375 620.7662;
	25.6262 15.6521 13.6453 6.954 7.5372 351.8059 43.9757 66.1534 151.8726 351.3353 195.521 636.2703;
	23.5479 15.3649 13.173 6.5301 6.3162 341.0435 42.6304 63.7973 168.8674 325.3621 105.7948 589.2328;
	21.1341 15.0623 12.3851 5.6832 6.3709 386.0716 48.259 64.5124 217.0621 287.3893 57.5241 520.4638;
	16.4993 12.3661 9.0818 6.4936 7.6817 442.4864 55.3108 66.9009 244.0222 188.7833 35.0729 341.8878;
	9.7569 6.6178 4.6193 7.1301 10.6529 454.222 56.7778 64.5788 269.3225 58.611 23.1333 106.1449;
	1.619 1.0569 0.8253 1.6748 2.2535 83.863 10.4829 14.9886 42.7284 19.0535 8.5728 34.506;
	0.0 0.0 0.0 0.0 0.0 0.0 0.0 0.0 0.0 0.0 0.0 0.0;
	0.0 0.0 0.0 0.0 0.0 0.0 0.0 0.0 0.0 0.0 0.0 0.0;
	0.0 0.0 0.0 0.0 0.0 0.0 0.0 0.0 0.0 0.0 0.0 0.0;
	0.0 0.0 0.0 0.0 0.0 0.0 0.0 0.0 0.0 0.0 0.0 0.0;
	0.0 0.0 0.0 0.0 0.0 0.0 0.0 0.0 0.0 0.0 0.0 0.0;
	0.0 0.0 0.0 0.0 0.0 0.0 0.0 0.0 0.0 0.0 0.0 0.0;
	0.0 0.0 0.0 0.0 0.0 0.0 0.0 0.0 0.0 0.0 0.0 0.0;
];
