function windprofile = ex_wind_profilesh1
%EX_WIND_PROFILE_D  Example wind_load_nyiso profile data for deterministic unit commitment.
% 2022.03.12
% Andres F. Ramirez


%% define constants
[GEN_BUS, PG, QG, QMAX, QMIN, VG, MBASE, GEN_STATUS, PMAX, PMIN, ...
    MU_PMAX, MU_PMIN, MU_QMAX, MU_QMIN, PC1, PC2, QC1MIN, QC1MAX, ...
    QC2MIN, QC2MAX, RAMP_AGC, RAMP_10, RAMP_30, RAMP_Q, APF] = idx_gen;
[CT_LABEL, CT_PROB, CT_TABLE, CT_TBUS, CT_TGEN, CT_TBRCH, CT_TAREABUS, ...
    CT_TAREAGEN, CT_TAREABRCH, CT_ROW, CT_COL, CT_CHGTYPE, CT_REP, ...
    CT_REL, CT_ADD, CT_NEWVAL, CT_TLOAD, CT_TAREALOAD, CT_LOAD_ALL_PQ, ...
    CT_LOAD_FIX_PQ, CT_LOAD_DIS_PQ, CT_LOAD_ALL_P, CT_LOAD_FIX_P, ...
    CT_LOAD_DIS_P, CT_TGENCOST, CT_TAREAGENCOST, CT_MODCOST_F, ...
    CT_MODCOST_X] = idx_ct;

windprofile = struct( ...
    'type', 'mpcData', ...
    'table', CT_TGEN, ...
    'rows', [1:45], ...
    'col', PMAX, ...
    'chgtype', 1, ...
    'values', [] );
windprofile.values(:,1,:) = [
	3.8291 51.7389 94.6603 119.7474 14.4926 33.6158 28.6557 18.5418 26.7146 28.3227 52.354 78.1019 117.582 68.8054 193.8943 73.0485 90.6343 96.0453 77.2151 69.2472 9.5519 78.4368 74.1902 85.4236 102.7585 73.4533 13.6182 1240.1258 755.1566 755.1566 544.6835 104.3952 257.3838 178.2426 215.7143 322.2002 1215.838 207.735 433.9798 275.246 121.0912 372.9109 200.7198 279.5963 1228.503;
	3.8932 52.6062 95.0581 120.1133 14.8997 34.4103 27.4564 19.1327 27.2848 30.272 55.9574 83.4775 125.6749 68.9547 189.4997 71.3929 88.5801 93.8684 85.494 68.7779 9.1521 80.2908 74.5673 88.375 104.1902 75.7884 14.1433 1260.5851 782.4907 782.4907 630.8773 104.4434 284.9802 177.0344 216.1824 333.8627 1245.1469 227.1266 461.4751 279.0808 120.7645 381.7252 193.0549 276.1708 1258.1171;
	3.8374 51.8512 95.0771 120.632 14.7977 34.2505 22.5803 19.134 27.1875 30.721 56.7874 84.7156 127.5388 68.3994 193.8563 73.0342 90.6166 96.0265 88.9364 68.8306 7.5268 79.9179 75.1043 88.6317 103.7567 76.3907 14.1178 1252.513 782.7193 782.7193 653.3314 91.4987 296.4547 177.1701 214.4415 333.9602 1255.8887 222.2393 428.5174 277.9197 121.8263 379.9527 190.4242 280.7371 1268.9708;
	3.8279 51.7232 95.061 120.5711 14.7968 33.746 24.8409 18.8857 26.6043 31.217 57.7041 86.0832 129.5977 69.1196 197.2248 74.3033 92.1911 97.6951 92.6587 69.2068 8.2803 78.7407 75.4465 88.1089 102.8731 73.873 13.6502 1298.4003 815.5068 815.5068 696.6048 95.4067 308.8622 178.1384 216.6992 347.9496 1301.589 249.192 444.6703 275.553 120.7229 374.356 162.7612 281.8795 1315.1472;
	3.8521 52.0498 94.7413 120.1733 14.7171 33.0722 29.9087 18.8058 26.7632 31.1993 57.6714 86.0344 129.5244 67.2354 197.029 74.2295 92.0996 97.5981 90.2854 71.2171 9.9696 77.1684 75.7064 86.4192 102.275 75.2585 13.4173 1256.2751 779.9367 779.9367 698.1407 92.4755 300.9513 183.3131 210.792 332.773 1253.7166 230.9998 458.4852 273.9509 116.1428 366.8805 185.9797 273.0321 1266.7762;
	3.7966 51.2999 93.8264 119.3323 14.5731 33.5622 28.8549 18.8918 27.3506 30.9576 57.2247 85.368 128.5211 66.6873 197.4575 74.391 92.2999 97.8103 89.206 70.4444 9.6183 78.3119 75.5918 87.2529 99.9795 72.7663 13.8713 1295.8452 781.2114 781.2114 720.5753 98.8908 297.3535 181.3241 209.0736 333.3169 1267.9196 229.8274 436.7649 267.8022 118.27 372.3169 173.3148 280.6857 1281.1271;
	3.784 51.1304 93.2647 119.5836 14.5752 33.2867 31.2195 18.8823 28.0049 31.2371 57.7413 86.1386 129.6812 65.2566 194.9439 73.444 91.1249 96.5652 90.1601 71.5824 10.4065 77.669 75.7996 88.2992 101.797 71.4396 13.891 1285.679 765.0125 765.0125 726.8922 95.731 300.5336 184.2534 204.5881 326.4053 1281.283 260.6393 452.4813 272.6705 122.451 369.2605 151.8745 271.7224 1294.6297;
	3.8178 51.5866 90.4234 117.9363 14.2917 32.9097 30.6937 18.1419 27.4374 30.4109 56.2141 83.8603 126.2513 66.8551 194.7495 73.3707 91.0341 96.4689 91.1015 69.1238 10.2312 76.7894 74.8077 87.048 98.8781 69.8225 13.1343 1302.5974 781.931 781.931 686.4932 97.4506 303.6717 177.9249 209.5997 333.6239 1298.8767 258.2647 463.9085 264.8519 119.2155 365.0787 168.892 268.4578 1312.4067;
	3.7879 51.1828 90.8392 117.0909 14.596 32.5899 31.6964 17.6668 27.8346 30.3014 56.0117 83.5584 125.7967 66.6844 197.8137 74.5251 92.4664 97.9868 92.6201 71.6725 10.5655 76.0431 74.0434 86.937 100.219 69.0915 12.6005 1324.5413 807.2293 807.2293 729.8743 111.6995 308.7337 184.4852 209.0645 344.4179 1319.47 290.8625 470.8961 268.4438 122.7092 361.5307 195.3121 267.577 1333.2145;
	3.7818 51.0999 92.2434 116.2442 14.6616 32.793 26.2096 17.2936 27.5792 28.9626 53.5369 79.8665 120.2387 66.2785 189.2327 71.2923 88.4553 93.7362 89.4588 68.1433 8.7365 76.517 72.6819 86.8836 99.4631 68.9025 12.3389 1286.0898 798.3588 798.3588 759.6779 115.2907 298.1961 175.401 207.7921 340.6331 1284.4783 331.4992 449.0918 266.419 119.3603 363.7837 197.6611 266.8495 1297.8583;
	3.8808 52.4382 94.7472 120.1999 14.799 33.1219 27.6813 18.4724 27.5004 30.1917 55.809 83.256 125.3414 64.4809 191.2553 72.0543 89.4008 94.7381 92.0731 71.491 9.2271 77.2845 72.1959 88.802 101.0347 71.98 13.664 1317.218 812.2568 812.2568 776.8686 113.92 306.9102 184.018 202.1565 346.5629 1307.8145 323.0254 460.6974 270.6286 121.2222 367.4325 199.4239 270.4206 1321.4375;
	3.9237 53.0174 95.0007 121.047 15.1033 34.4378 28.1534 18.9595 27.9621 28.4054 52.5069 78.33 117.9254 66.3793 189.1764 71.2711 88.429 93.7083 90.6069 69.5393 9.3845 80.3548 72.2642 89.8658 103.9594 70.1966 13.9725 1296.1366 812.5249 812.5249 791.5809 111.489 302.0228 178.9945 208.1082 346.6773 1309.2731 321.58 479.5713 278.4626 123.6382 382.0299 202.3761 274.8614 1322.9113;
	3.8319 51.7779 93.4037 117.1463 14.9327 33.745 27.8885 18.6181 27.1716 28.9115 53.4425 79.7256 120.0265 65.2683 195.0914 73.4996 91.1939 96.6383 92.3676 71.8847 9.2962 78.7382 72.5881 84.7594 100.1957 71.658 13.7528 1282.2148 808.5595 808.5595 786.1067 113.8744 307.892 185.0314 204.625 344.9854 1301.3238 332.1824 459.188 268.3812 123.217 374.3441 203.9249 265.2465 1314.8793;
	3.7321 50.4295 92.0152 118.2876 14.6404 32.5787 26.0904 18.0538 27.197 28.4899 52.6632 78.5631 118.2763 64.8452 190.3043 71.696 88.9562 94.267 88.187 72.1254 8.6968 76.0171 72.4477 88.5516 101.0291 72.4964 13.6531 1292.5142 797.0556 797.0556 781.6873 113.63 293.9566 185.651 203.2986 340.077 1292.2928 317.2457 451.9818 270.6137 122.2896 361.4068 197.202 270.7367 1305.7542;
	3.7781 51.0506 91.7111 115.6566 14.6876 33.0632 22.7358 17.792 27.6225 28.4211 52.536 78.3734 117.9907 64.4817 188.8872 71.1622 88.2938 93.5651 87.4392 69.7817 7.5786 77.1475 73.7803 87.014 99.2483 71.3246 13.4584 1272.0915 785.0028 785.0028 780.5322 114.2352 291.4639 179.6183 202.159 334.9345 1272.1142 319.2344 448.8875 265.8436 120.1112 366.7812 198.612 273.8108 1285.3654;
	3.8022 51.3765 88.7669 115.3022 14.5301 32.7356 23.8947 18.5072 27.8747 28.733 53.1125 79.2334 119.2855 64.3432 180.8227 68.1239 84.5241 89.5703 87.6275 69.3206 7.9649 76.3831 73.9099 86.2928 99.7381 70.3081 13.4953 1264.1412 757.9839 757.9839 720.6756 111.721 292.0915 178.4314 201.7248 323.4065 1201.7132 290.0054 464.1551 267.1557 118.4366 363.147 197.9905 276.3733 1214.231;
	3.9224 53.0003 94.0445 116.7628 15.2372 32.4309 23.1535 18.5293 28.1798 29.3585 54.2687 80.9582 121.8821 64.1463 194.7083 73.3552 91.0148 96.4486 87.5784 69.9778 7.7178 75.672 74.1268 85.0615 102.4327 61.9316 13.5722 1243.659 755.8417 755.8417 698.1243 112.0375 291.9279 180.1231 201.1074 322.4924 1200.4491 295.2855 462.7413 274.3734 121.2517 359.7665 196.2236 270.3492 1212.9537;
	3.919 52.9549 93.0522 110.907 15.2698 31.1247 18.8801 13.6815 27.8326 27.9416 51.6495 77.051 115.9998 63.204 195.8014 73.767 91.5258 96.99 85.9737 70.6411 6.2934 72.6243 73.0454 84.9505 102.919 71.0507 10.7017 1256.2609 706.7499 706.7499 641.6808 111.8891 286.5789 181.8303 198.1532 301.5466 1218.6506 256.6892 445.4581 275.6758 121.446 345.2766 174.7454 254.0699 1231.3449;
