function loadprofile = ex_load_profilesh1
%EX_LOAD_PROFILE  Example load profile data file for stochastic unit commitment.
% 2022.03.12
% Andres F. Ramirez

%% define constants
[CT_LABEL, CT_PROB, CT_TABLE, CT_TBUS, CT_TGEN, CT_TBRCH, CT_TAREABUS, ...
    CT_TAREAGEN, CT_TAREABRCH, CT_ROW, CT_COL, CT_CHGTYPE, CT_REP, ...
    CT_REL, CT_ADD, CT_NEWVAL, CT_TLOAD, CT_TAREALOAD, CT_LOAD_ALL_PQ, ...
    CT_LOAD_FIX_PQ, CT_LOAD_DIS_PQ, CT_LOAD_ALL_P, CT_LOAD_FIX_P, ...
    CT_LOAD_DIS_P, CT_TGENCOST, CT_TAREAGENCOST, CT_MODCOST_F, ...
    CT_MODCOST_X] = idx_ct;

loadprofile = struct( ...
    'type', 'mpcData', ...
    'table', CT_TAREALOAD, ...
    'rows', [1:11], ...
    'col', CT_LOAD_ALL_P, ...
    'chgtype', 1, ...
    'values', [] );
loadprofile.values(:,1,:) = [
	1497.9 877.2933 1483.2 544.8556 660.5956 1029.8658 790.1733 222.8456 485.2384 4387.2882 1718.5162;
	1484.6184 878.2725 1487.166 538.7263 663.41 1017.6582 781.9607 215.4387 483.2756 4357.6863 1727.6137;
	1467.7231 870.5663 1471.5 538.6442 673.8923 1040.3252 781.7431 211.0284 484.3703 4329.7896 1737.1664;
	1500.4706 898.7261 1530.4412 547.5 714.4 1065.7636 801.4411 229.0994 488.0 4403.7508 1764.4297;
	1587.8843 960.1699 1641.5553 562.1 770.7555 1178.5829 880.6 245.5507 526.9195 4640.2533 1892.4914;
	1630.3 1033.6438 1745.2818 570.7203 848.2821 1237.4398 944.3305 271.0621 568.0 4894.3836 1985.9692;
	1682.3 1073.6797 1838.4843 562.6 890.8983 1271.9061 978.9643 295.8 597.4569 5125.3 2067.4;
	1695.2388 1114.4772 1903.9093 554.048 920.3929 1297.9264 991.8222 312.3 634.9692 5312.7986 2073.6536;
	1699.3359 1107.1088 1928.7081 564.4 948.1945 1269.3194 997.3981 311.7 627.4 5324.2945 2061.8348;
	1703.9766 1104.57 1906.3154 567.0 902.4 1216.5014 1004.2198 312.4 642.2 5473.9328 2110.5992;
	1689.7559 1081.7261 1881.7504 562.3079 891.0734 1183.6746 950.0157 300.5014 625.7 5385.7782 2088.2965;
	1671.3729 1016.3261 1771.559 546.2962 833.7637 1062.0145 920.8988 290.7795 595.8999 5242.1473 1956.7284;
	1680.5063 1016.6106 1744.1718 558.4 815.1447 1001.1326 902.8096 294.7357 588.9 5163.3057 1882.7301;
	1669.2223 1018.0978 1687.3 548.9807 821.5022 986.8649 916.1682 272.3 577.5599 5130.01 1821.5555;
	1679.2 1034.1791 1676.3637 561.2653 864.8496 1011.1243 960.6679 288.2 559.6051 5162.6461 1818.399;
	1718.3406 1052.0882 1756.6846 585.5126 907.8078 1065.0366 979.0396 276.1533 552.4237 5207.4936 1917.9497;
	1736.2133 1106.4531 1817.5121 593.5012 933.1919 1207.234 1012.8517 292.7156 568.4256 5251.7533 2039.4858;
	1813.2513 1168.2867 1938.953 615.07 976.5891 1352.8677 1095.6048 329.008 618.2 5443.5519 2252.1223;
	1850.0402 1164.5916 1944.9 623.5115 978.3392 1348.2463 1084.2656 311.9294 635.0 5420.4671 2226.0415;
	1802.9285 1103.289 1869.6452 608.3189 905.4082 1240.4999 1049.5532 322.394 597.7861 5232.574 2120.039;
	1716.3284 1012.3555 1732.4903 590.0344 814.3687 1174.1362 951.2099 305.6241 542.595 4926.1416 1957.1568;
	1621.201 948.3725 1626.6248 574.0 746.3268 1113.7088 891.1943 296.0072 553.5803 4581.4216 1871.5211;
	1538.4502 928.963 1585.3548 601.8 739.7482 1069.5522 798.7871 276.9299 530.6438 4711.4843 1817.5919;
	1537.7601 909.9 1601.6815 614.1285 756.7464 1081.4254 865.5556 275.5 523.1491 4708.6274 1812.4338;
];
