function windprofile = ex_wind_profilesh1
%EX_WIND_PROFILE_D  Example wind_load_nyiso profile data for deterministic unit commitment.
% 2022.03.12
% Andres F. Ramirez


%% define constants
[GEN_BUS, PG, QG, QMAX, QMIN, VG, MBASE, GEN_STATUS, PMAX, PMIN, ...
    MU_PMAX, MU_PMIN, MU_QMAX, MU_QMIN, PC1, PC2, QC1MIN, QC1MAX, ...
    QC2MIN, QC2MAX, RAMP_AGC, RAMP_10, RAMP_30, RAMP_Q, APF] = idx_gen;
[CT_LABEL, CT_PROB, CT_TABLE, CT_TBUS, CT_TGEN, CT_TBRCH, CT_TAREABUS, ...
    CT_TAREAGEN, CT_TAREABRCH, CT_ROW, CT_COL, CT_CHGTYPE, CT_REP, ...
    CT_REL, CT_ADD, CT_NEWVAL, CT_TLOAD, CT_TAREALOAD, CT_LOAD_ALL_PQ, ...
    CT_LOAD_FIX_PQ, CT_LOAD_DIS_PQ, CT_LOAD_ALL_P, CT_LOAD_FIX_P, ...
    CT_LOAD_DIS_P, CT_TGENCOST, CT_TAREAGENCOST, CT_MODCOST_F, ...
    CT_MODCOST_X] = idx_ct;

windprofile = struct( ...
    'type', 'mpcData', ...
    'table', CT_TGEN, ...
    'rows', [1:45], ...
    'col', PMAX, ...
    'chgtype', 1, ...
    'values', [] );
windprofile.values(:,1,:) = [
	3.6893 49.8509 88.6022 114.7274 15.0196 32.335 28.6423 17.3952 26.7699 27.4465 50.7344 75.6857 113.9444 68.7105 191.1655 72.0205 89.3588 94.6936 81.6757 71.7186 9.5474 75.4484 73.1519 82.6688 99.1153 70.8087 12.9587 1284.8172 778.8156 778.8156 600.184 114.4505 272.2522 184.6038 215.4168 332.2947 1261.2375 216.097 467.7183 265.4875 115.0197 358.7032 190.7981 270.4594 1274.3754;
	3.6931 49.9026 86.8139 110.6361 14.6204 33.0553 25.8248 17.4375 26.4713 27.9006 51.5739 76.9381 115.8299 65.6305 189.6625 71.4542 88.6562 93.9491 84.2332 72.2476 8.6083 77.1291 67.2269 84.3555 97.0807 69.2619 13.0411 1317.3926 801.8921 801.8921 640.0989 111.3424 280.7774 185.9654 205.7604 342.1406 1290.6937 220.597 464.4683 260.0376 114.3601 366.6938 184.0611 262.8031 1304.1384;
	3.5676 48.2063 87.0686 112.4691 14.3108 32.5327 21.428 17.1117 25.8177 27.852 51.484 76.804 115.628 63.5467 191.956 72.3183 89.7283 95.0852 84.0728 70.1588 7.1427 75.9096 61.3053 85.0486 96.5092 72.3424 13.0831 1323.3699 760.4048 760.4048 634.0352 106.0881 280.2427 180.589 199.2274 324.4394 1282.1353 213.2442 434.3205 258.5068 112.3454 360.896 181.3866 250.069 1295.4909;
	3.5688 48.2222 87.8491 113.0194 14.2784 31.1352 23.4487 16.8831 25.2829 28.7541 53.1515 79.2915 119.3729 67.5023 201.5337 75.9267 94.2053 99.8295 84.3232 71.776 7.8162 72.6487 67.3456 86.5231 98.4649 69.826 13.1838 1306.8508 787.8341 787.8341 644.7719 102.6122 281.0773 184.7515 211.629 336.1426 1275.0432 235.3115 445.8538 263.7453 113.1608 345.3928 143.5252 229.0407 1288.3249;
	3.5755 48.3134 90.1375 112.7299 14.4405 32.1067 29.3721 17.3611 24.0841 29.8803 55.2333 82.3973 124.0487 67.559 195.7593 73.7512 91.5061 96.9691 81.5801 72.0612 9.7907 74.9156 71.6992 86.8136 101.9216 72.4835 13.7574 1262.7344 786.9327 786.9327 684.1801 104.5576 271.9337 185.4857 211.8065 335.758 1222.5913 230.8757 445.5084 273.0042 114.5199 356.1704 179.6907 259.1686 1235.3266;
	3.5675 48.2045 86.8536 111.316 14.3922 31.7815 27.3332 17.0714 22.8727 29.8427 55.1637 82.2934 123.8923 65.6688 198.9031 74.9356 92.9756 98.5264 84.8067 70.9617 9.1111 74.1568 69.8317 86.0278 99.4559 69.5747 13.2484 1242.6752 757.5322 757.5322 680.1109 108.4312 282.6889 182.6555 205.8805 323.2137 1165.7494 227.1534 432.5805 266.3996 113.784 352.5624 159.4967 254.9348 1177.8927;
	3.5608 48.1142 87.559 114.9217 14.8998 32.3674 29.7405 17.4582 25.8673 29.8732 55.2201 82.3776 124.019 64.6214 195.6071 73.6938 91.4349 96.8937 84.78 72.5849 9.9135 75.5239 71.1849 86.9072 100.4875 69.9476 13.4962 1235.8379 764.488 764.488 695.8659 103.3971 282.6001 186.8337 202.5968 326.1815 1213.8489 248.3712 439.462 269.163 113.4711 359.0624 148.733 251.5357 1226.4932;
	3.5314 47.7172 87.1162 115.107 14.6718 32.304 28.4112 17.3399 25.798 29.9297 55.3246 82.5333 124.2535 65.4974 200.7748 75.6407 93.8505 99.4536 86.3229 71.3711 9.4704 75.3761 72.2945 87.8943 100.1226 70.8334 12.9973 1287.6944 759.0217 759.0217 665.9834 103.0311 287.7429 183.7094 205.3433 323.8492 1271.4203 260.7295 436.6315 268.1855 113.6561 358.3596 158.6967 258.7452 1284.6643;
	3.662 49.4819 88.4312 114.6904 15.1809 32.8444 31.8886 17.7197 27.1889 30.8242 56.9781 85.0002 127.9673 67.0623 199.5452 75.1775 93.2758 98.8445 88.2389 71.8944 10.6295 76.637 74.508 88.9832 101.2743 72.2517 13.0495 1312.6284 795.3299 795.3299 737.9851 117.1221 294.1295 185.0565 210.2493 339.3408 1317.1377 291.5702 455.8645 271.2704 117.4587 364.3541 198.8625 265.9492 1330.8579;
	3.4788 47.0062 88.5975 111.9572 15.187 32.1882 25.6104 17.0562 27.2029 30.1341 55.7024 83.0971 125.1022 66.5517 197.3388 74.3463 92.2444 97.7516 86.4258 72.5466 8.5368 75.1058 73.2663 89.6479 103.3495 70.9298 12.5289 1292.0606 760.0906 760.0906 723.5594 118.437 288.086 186.7352 208.6486 324.3053 1263.5084 318.4456 445.3312 276.829 116.9713 357.0745 197.6609 259.5007 1276.6699;
	3.0484 41.1908 86.5932 111.0824 14.9808 32.3211 26.7612 16.5944 26.2525 30.7572 56.8542 84.8152 127.6888 65.4034 202.1612 76.1631 94.4986 100.1403 89.6455 73.5625 8.9204 75.4158 72.7177 87.203 99.2222 68.9942 12.6966 1298.2628 746.8553 746.8553 718.1176 115.759 298.8183 189.3499 205.0484 318.6582 1270.7706 301.6996 437.4854 265.7738 117.2722 358.5483 197.2628 259.4254 1284.0078;
	3.5547 48.0314 87.8791 113.1792 15.1926 32.2268 24.7968 17.458 26.2981 30.039 55.5266 82.8348 124.7074 65.3176 201.9285 76.0754 94.3898 100.025 88.7409 73.2014 8.2656 75.1959 72.2927 87.084 101.9385 65.5738 13.044 1296.6701 756.5474 756.5474 762.4313 122.0546 295.8029 188.4207 204.7794 322.7936 1280.066 322.4454 450.2443 273.0497 121.9561 357.503 200.5773 265.6329 1293.4;
	3.6123 48.8094 87.6262 110.0613 15.177 31.8297 26.4082 17.5761 26.5616 30.0634 55.5717 82.902 124.8085 65.6387 203.8524 76.8002 95.2891 100.978 91.1052 73.6333 8.8027 74.2693 71.391 82.1399 99.4711 69.949 12.8357 1280.116 792.2459 792.2459 792.7337 122.3318 303.6841 189.5324 205.7862 338.0249 1269.6143 345.8393 447.2466 266.4403 120.4774 353.0973 205.6325 262.7821 1282.8394;
	3.7408 50.5468 87.1415 109.9428 15.0542 32.0224 24.4432 17.5945 25.8108 29.1542 53.8911 80.395 121.0342 65.3952 200.5596 75.5597 93.75 99.347 87.5529 73.7153 8.1477 74.7188 70.8138 84.3271 98.6791 70.6271 12.946 1236.5946 757.1202 757.1202 671.0446 118.9031 291.8432 189.7435 205.0227 323.038 1233.1027 309.0707 434.7877 264.319 118.3353 355.2347 203.291 274.5457 1245.9476;
	3.7914 51.2308 90.675 114.0321 14.9407 33.6598 21.3111 17.9076 25.8757 27.0517 50.0047 74.5972 112.3056 65.6073 196.5241 74.0393 91.8636 97.348 87.4409 70.2943 7.1037 78.5394 66.8116 86.813 101.9459 71.6994 13.1968 1240.9868 717.1257 717.1257 636.5273 118.325 291.4696 180.9378 205.6877 305.9736 1208.9144 314.4912 443.5134 273.0693 121.8105 373.3989 210.381 276.6329 1221.5072;
	3.7372 50.4974 90.0217 114.1675 15.1773 31.8773 22.9403 17.3545 26.9486 26.6289 49.2231 73.4312 110.5502 65.8298 191.4592 72.1311 89.496 94.8391 85.4645 70.3232 7.6468 74.3803 67.2952 86.9867 100.9117 60.9007 12.1933 1176.3491 715.5533 715.5533 645.2218 116.2747 284.8817 181.0122 206.3853 305.3027 1113.2743 290.4858 450.6963 270.2991 119.4508 353.625 198.2669 276.3815 1124.8709;
	3.8303 51.7563 93.6422 116.1746 15.3404 32.0319 21.3943 17.2056 27.185 28.9729 53.5559 79.8949 120.2813 68.1019 191.5049 72.1484 89.5174 94.8617 86.0591 70.0096 7.1314 74.7411 69.4825 89.6183 105.8565 55.9163 12.1141 1179.9535 728.4678 728.4678 633.9622 116.7169 286.8635 180.205 213.5088 310.8129 1145.7732 314.8944 459.5929 283.5443 119.2719 355.3407 191.962 274.9591 1157.7083;
	3.7421 50.5637 91.2189 107.1273 15.296 28.0493 16.9703 10.9287 26.2948 28.0596 51.8677 77.3764 116.4897 65.8183 190.3609 71.7174 88.9827 94.2951 87.3673 68.794 5.6568 65.4485 67.2499 86.8353 100.4499 66.5895 6.2913 1203.1528 702.091 702.091 614.6207 115.127 291.2244 177.076 206.3493 299.5588 1165.7031 282.0816 450.7494 269.0622 115.3393 311.1607 170.0241 262.103 1177.8459;
