function windprofile = ex_wind_profilesh1
%EX_WIND_PROFILE_D  Example wind_load_nyiso profile data for deterministic unit commitment.
% 2022.03.12
% Andres F. Ramirez


%% define constants
[GEN_BUS, PG, QG, QMAX, QMIN, VG, MBASE, GEN_STATUS, PMAX, PMIN, ...
    MU_PMAX, MU_PMIN, MU_QMAX, MU_QMIN, PC1, PC2, QC1MIN, QC1MAX, ...
    QC2MIN, QC2MAX, RAMP_AGC, RAMP_10, RAMP_30, RAMP_Q, APF] = idx_gen;
[CT_LABEL, CT_PROB, CT_TABLE, CT_TBUS, CT_TGEN, CT_TBRCH, CT_TAREABUS, ...
    CT_TAREAGEN, CT_TAREABRCH, CT_ROW, CT_COL, CT_CHGTYPE, CT_REP, ...
    CT_REL, CT_ADD, CT_NEWVAL, CT_TLOAD, CT_TAREALOAD, CT_LOAD_ALL_PQ, ...
    CT_LOAD_FIX_PQ, CT_LOAD_DIS_PQ, CT_LOAD_ALL_P, CT_LOAD_FIX_P, ...
    CT_LOAD_DIS_P, CT_TGENCOST, CT_TAREAGENCOST, CT_MODCOST_F, ...
    CT_MODCOST_X] = idx_ct;

windprofile = struct( ...
    'type', 'mpcData', ...
    'table', CT_TGEN, ...
    'rows', [1:45], ...
    'col', PMAX, ...
    'chgtype', 1, ...
    'values', [] );
windprofile.values(:,1,:) = [
	3.9155 52.9076 94.576 120.0529 14.8569 33.679 28.714 18.5737 26.5037 29.135 53.8555 80.3419 120.9542 66.9461 194.1733 73.1537 90.7647 96.1835 87.0629 70.0727 9.5713 78.5842 73.5951 86.418 105.6915 71.2403 13.4312 1297.0495 739.3764 739.3764 560.5076 104.968 290.2095 180.3674 209.8851 315.4673 1250.2376 213.1828 448.2455 283.1022 123.1744 373.6119 201.6564 279.0778 1263.2609;
	3.903 52.7377 93.2861 119.3093 15.042 33.9448 24.8281 18.8032 26.2489 29.6694 54.8434 81.8155 123.1729 68.2859 194.7429 73.3682 91.031 96.4656 88.9952 72.5167 8.276 79.2046 72.5592 88.0864 104.6798 72.4324 13.6964 1275.3256 753.0243 753.0243 613.367 98.5634 296.6506 186.6583 214.0857 321.2904 1230.7319 215.1848 447.2409 280.3923 123.5281 376.5614 190.0263 267.0066 1243.552;
	3.8394 51.8787 92.8967 119.7319 14.5786 33.7929 21.7992 18.596 27.2409 31.0314 57.361 85.5713 128.8271 67.8613 205.3747 77.3737 96.0007 101.7321 91.8607 73.3879 7.2664 78.8501 74.4678 88.2609 105.1448 75.6801 13.3569 1305.1197 808.3448 808.3448 687.2697 90.9654 306.2024 188.9007 212.7542 344.8938 1300.395 227.4196 434.6858 281.6379 123.8397 374.8757 187.3993 266.5413 1313.9408;
	3.699 49.9817 92.8757 119.4689 14.4106 32.8782 22.0866 18.6517 26.215 30.3437 56.0899 83.675 125.9723 67.7342 203.5396 76.6824 95.1429 100.8231 90.9482 72.3262 7.3622 76.7158 73.1163 87.838 103.8414 74.3557 13.344 1308.4542 783.8793 783.8793 683.4895 100.7308 303.1607 186.1678 212.3558 334.4552 1294.4039 249.1919 435.1948 278.1465 120.7013 364.7287 151.0655 269.3273 1307.8872;
	3.6248 48.9792 93.8163 118.0583 14.0414 32.6913 29.4252 18.1313 26.0027 30.9709 57.2493 85.4047 128.5763 66.667 202.8399 76.4187 94.8158 100.4765 89.6322 72.8026 9.8084 76.2797 75.0104 85.6682 104.5479 74.1084 13.4344 1259.5732 793.9545 793.9545 727.3458 103.0041 298.7739 187.3942 209.0102 338.7539 1257.8991 251.534 456.2783 280.039 119.3233 362.6553 175.4139 267.1072 1271.0022;
	3.6598 49.4524 92.338 117.3135 14.0331 32.4755 29.1783 18.0033 26.8202 30.656 56.6672 84.5363 127.269 67.5558 203.0526 76.4989 94.9153 100.5819 90.5346 73.047 9.7261 75.7762 74.6608 85.3631 102.8025 70.9239 13.0964 1261.8594 780.7528 780.7528 741.3323 107.4988 301.7821 188.0233 211.7966 333.1212 1202.5811 238.4829 455.9168 275.3639 120.0889 360.2618 166.7179 270.1415 1215.108;
	3.6843 49.7834 93.2164 118.9089 14.1261 32.4224 30.0912 18.0356 26.9585 30.4198 56.2305 83.8849 126.2883 67.0994 200.233 75.4366 93.5973 99.1852 88.3919 72.8986 10.0304 75.6523 73.8337 85.9544 104.9444 71.5544 13.1222 1278.6212 785.9089 785.9089 741.9555 106.355 294.6397 187.6413 210.3658 335.3211 1231.2378 269.9086 458.9475 281.101 119.7439 359.6729 160.2907 265.8112 1244.0632;
	3.7451 50.6049 93.2895 118.2319 14.2225 33.6512 29.1722 17.9977 27.9912 29.4111 54.3661 81.1035 122.1008 68.9788 197.8369 74.5339 92.4773 97.9983 87.7579 69.4431 9.7241 78.5195 73.138 88.6696 104.8511 71.7185 12.9763 1292.3281 787.7306 787.7306 734.1342 111.227 292.5264 178.7466 216.258 336.0984 1255.0615 292.3058 461.8318 280.8511 117.2138 373.3042 171.9942 269.2423 1268.135;
	3.8255 51.6905 92.7974 115.9252 14.6613 33.8942 31.4928 18.2601 28.2113 30.0147 55.4817 82.7677 124.6063 69.1146 200.3577 75.4836 93.6556 99.247 90.1378 71.4332 10.4976 79.0864 73.6654 85.6311 104.5967 73.421 13.263 1291.9241 800.9313 800.9313 792.0305 117.2586 300.4594 183.8692 216.6836 341.7307 1259.3361 315.5895 470.2002 280.1698 118.3282 375.9995 200.5223 270.0977 1272.4542;
	3.8549 52.0878 93.8942 114.7698 15.1392 34.7627 25.9665 17.5985 28.4032 30.2811 55.9742 83.5025 125.7125 69.3835 203.8091 76.7839 95.2689 100.9566 88.7777 72.6061 8.6555 81.113 75.115 86.4375 103.3419 72.4406 12.8411 1310.6648 840.6451 840.6451 793.3472 118.3946 295.9256 186.8883 217.5266 358.6753 1275.4682 335.1538 463.9488 276.8088 114.5057 385.6345 210.9622 276.0352 1288.7543;
	3.9009 52.7092 91.7994 117.8643 14.9284 34.666 28.0944 17.8582 28.2141 30.5849 56.5358 84.3403 126.9738 68.4736 200.4522 75.5192 93.6998 99.2938 89.6493 73.131 9.3648 80.8874 74.3367 84.4174 101.8612 70.9478 13.1034 1283.0146 831.9905 831.9905 814.8802 117.2256 298.831 188.2394 214.6739 354.9826 1290.0002 336.9933 456.6192 272.8424 117.3043 384.562 215.8946 269.3417 1303.4377;
	3.7881 51.1851 90.9861 118.4595 15.1634 34.4209 27.302 17.7242 27.7948 29.8943 55.2592 82.4359 124.1067 68.8923 200.9697 75.7142 93.9416 99.5501 90.161 71.6723 9.1007 80.3155 73.7345 85.7446 100.5395 65.0562 12.7793 1284.402 819.3212 819.3212 810.3667 117.7069 300.5367 184.4847 215.9867 349.5771 1260.0978 328.9748 463.7286 269.3023 119.3441 381.8429 214.1798 267.8793 1273.2239;
	3.7958 51.2891 91.8328 118.5688 15.1178 34.1569 28.6326 18.1166 27.6427 30.4592 56.3034 83.9936 126.4518 69.6899 202.0361 76.1159 94.4401 100.0783 89.6402 72.8894 9.5442 79.6994 75.2216 82.4411 99.4753 69.9991 13.2072 1288.5539 823.51 823.51 814.0668 117.387 298.8005 187.6175 218.4873 351.3643 1253.3297 342.2427 455.3719 266.4516 120.7338 378.9137 213.184 272.3346 1266.3852;
	3.8001 51.3474 94.3318 119.4049 14.6959 33.8848 26.9663 18.4869 27.1184 30.3585 56.1172 83.7159 126.0338 68.3445 204.1111 76.8977 95.4101 101.1062 90.8306 73.8664 8.9888 79.0644 75.404 86.3472 100.929 71.8988 13.498 1252.0639 793.5849 793.5849 805.5187 116.1083 302.7686 190.1323 214.2693 338.5962 1222.2109 329.5989 454.1074 270.3456 119.2215 375.8949 200.238 281.2157 1234.9422;
	3.6715 49.6105 91.6329 115.4579 14.1478 33.0448 22.3022 17.9608 26.1937 29.3094 54.178 80.8229 121.6784 68.4629 201.4345 75.8893 94.1589 99.7803 90.0376 72.7872 7.4341 77.1046 74.7612 85.5671 97.9359 69.8465 13.2292 1248.7628 794.9826 794.9826 810.6567 117.3075 300.1253 187.3545 214.6405 339.1926 1211.0828 334.8612 441.3461 262.3282 118.4692 366.5774 198.6181 274.16 1223.6982;
	3.6936 49.9081 89.8838 115.9613 14.6014 31.7599 22.6424 17.8136 26.8361 30.484 56.3492 84.062 126.5549 68.7908 203.2662 76.5793 95.0151 100.6877 91.5226 73.7598 7.5475 74.1064 74.6776 85.8712 98.886 66.6372 13.0127 1239.0804 784.1224 784.1224 751.3859 113.0447 305.0752 189.8578 215.6686 334.5589 1132.5672 312.8795 442.1049 264.8733 120.7898 352.3228 192.1557 272.4678 1144.3648;
	3.7502 50.673 87.7616 111.1678 14.6465 31.1159 20.4252 17.46 26.9626 29.6451 54.7985 81.7486 123.0721 68.3374 203.5789 76.6972 95.1613 100.8426 89.7291 73.5439 6.8084 72.6037 74.5227 83.887 100.9096 51.5665 12.534 1194.8167 737.8563 737.8563 693.2048 112.9959 299.0969 189.3023 214.2471 314.8187 1082.8599 322.4147 443.2727 270.2935 117.5611 345.1789 184.8701 245.7482 1094.1397;
	3.6542 49.3769 86.9959 109.9836 14.5477 29.081 17.3308 12.656 27.3536 29.0487 53.6961 80.104 120.5961 68.7885 194.9131 73.4324 91.1105 96.55 91.4663 71.9939 5.7769 67.8558 72.4923 84.147 99.9083 65.9624 9.3071 1216.0889 709.8687 709.8687 631.6313 111.3312 304.8877 185.3124 215.6614 302.8773 1137.8568 288.938 438.0122 267.6114 115.544 322.6058 172.476 208.5444 1149.7095;
