function windprofile = ex_wind_profilesh1
%EX_WIND_PROFILE_D  Example wind_load_nyiso profile data for deterministic unit commitment.
% 2022.03.12
% Andres F. Ramirez


%% define constants
[GEN_BUS, PG, QG, QMAX, QMIN, VG, MBASE, GEN_STATUS, PMAX, PMIN, ...
    MU_PMAX, MU_PMIN, MU_QMAX, MU_QMIN, PC1, PC2, QC1MIN, QC1MAX, ...
    QC2MIN, QC2MAX, RAMP_AGC, RAMP_10, RAMP_30, RAMP_Q, APF] = idx_gen;
[CT_LABEL, CT_PROB, CT_TABLE, CT_TBUS, CT_TGEN, CT_TBRCH, CT_TAREABUS, ...
    CT_TAREAGEN, CT_TAREABRCH, CT_ROW, CT_COL, CT_CHGTYPE, CT_REP, ...
    CT_REL, CT_ADD, CT_NEWVAL, CT_TLOAD, CT_TAREALOAD, CT_LOAD_ALL_PQ, ...
    CT_LOAD_FIX_PQ, CT_LOAD_DIS_PQ, CT_LOAD_ALL_P, CT_LOAD_FIX_P, ...
    CT_LOAD_DIS_P, CT_TGENCOST, CT_TAREAGENCOST, CT_MODCOST_F, ...
    CT_MODCOST_X] = idx_ct;

windprofile = struct( ...
    'type', 'mpcData', ...
    'table', CT_TGEN, ...
    'rows', [1:45], ...
    'col', PMAX, ...
    'chgtype', 1, ...
    'values', [] );
windprofile.values(:,1,:) = [
	3.66 49.4544 91.4944 117.3204 15.2556 33.1976 28.715 18.8869 26.9087 30.1404 55.7141 83.1145 125.1285 66.9093 198.7085 74.8623 92.8847 98.43 83.7261 73.0768 9.5717 77.461 75.145 85.6044 105.0857 75.1573 13.6289 1243.7493 747.6944 747.6944 532.9487 108.1918 279.0871 188.0999 209.7696 319.0163 1228.2018 231.2932 456.4616 281.4796 117.7481 368.2716 198.1347 278.9903 1240.9955;
	3.6683 49.5665 91.3531 119.3072 15.2843 33.7146 26.7856 19.0862 28.095 30.8598 57.0439 85.0983 128.115 66.2219 188.5943 71.0518 88.1569 93.4199 81.5069 73.7087 8.9285 78.6673 75.5261 87.3512 105.7982 74.8158 13.9498 1268.1266 757.5461 757.5461 600.4319 106.5574 271.6897 189.7263 207.6147 323.2197 1232.5467 236.0276 471.0656 283.3881 122.6519 374.007 189.8193 270.7929 1245.3857;
	3.6426 49.2201 89.4618 119.7308 15.0281 34.4325 21.664 19.0397 27.6743 31.322 57.8982 86.3728 130.0337 64.3433 199.5763 75.1892 93.2903 98.8599 81.2272 72.6147 7.2213 80.3426 75.4392 86.9918 104.7792 76.0874 14.1148 1278.7683 768.5065 768.5065 642.3738 98.4889 270.7574 186.9103 201.7248 327.8961 1273.0569 238.9984 435.8033 280.6586 123.0969 381.9716 188.5062 262.3449 1286.3179;
	3.764 50.8601 92.984 120.2765 15.3046 34.2122 24.774 19.0807 27.9339 31.2265 57.7216 86.1093 129.6371 67.9711 199.4131 75.1277 93.214 98.779 84.5471 72.7845 8.258 79.8284 75.1627 89.1745 106.4792 75.6316 14.0555 1308.2482 799.5631 799.5631 676.5779 102.57 281.8237 187.3476 213.0986 341.1469 1304.7967 255.7484 456.469 285.2121 122.7164 379.5271 165.083 278.9114 1318.3883;
	3.7541 50.7263 90.3418 115.5792 14.9726 33.4671 30.2492 18.6147 26.8643 31.185 57.645 85.9949 129.4649 65.874 200.3214 75.4699 93.6386 99.229 84.0269 73.8473 10.0831 78.09 74.67 84.9309 101.609 73.7276 13.6547 1255.7886 744.7694 744.7694 666.9725 106.0603 280.0897 190.0831 206.524 317.7683 1247.7716 239.5644 465.0687 272.1669 122.1227 371.2622 192.039 270.9624 1260.7693;
	3.7444 50.5947 93.4099 118.641 14.9623 33.7694 27.998 18.9162 26.6676 31.2489 57.7632 86.1713 129.7304 65.7481 201.1842 75.795 94.0419 99.6563 84.3119 73.6987 9.3327 78.7953 75.3842 87.8202 105.0565 72.8266 13.8518 1285.4171 724.6555 724.6555 692.1034 109.564 281.0397 189.7006 206.1293 309.1864 1180.5541 239.7319 459.2603 281.4013 123.3294 374.6155 182.8108 277.0691 1192.8515;
	3.8618 52.1814 93.2961 120.2636 15.1567 35.0045 30.2908 18.9713 27.4548 31.131 57.5452 85.8462 129.2409 66.1195 197.845 74.5369 92.481 98.0023 85.734 73.9802 10.0969 81.6771 74.4447 88.6734 105.2494 72.8639 13.8927 1310.6937 743.3627 743.3627 713.2485 107.2574 285.7798 190.4252 207.2937 317.1681 1231.7051 272.1523 474.1608 281.9182 122.8301 388.3162 177.2609 269.2766 1244.5354;
	3.9152 52.9028 91.7121 120.3536 15.217 35.0594 30.7496 17.9996 27.8 30.1637 55.7572 83.1788 125.2252 67.2029 196.9592 74.2032 92.067 97.5635 86.0891 72.1369 10.2499 81.8052 72.0658 86.6036 101.3555 70.2158 12.9851 1363.6474 793.7002 793.7002 741.6803 113.7693 286.9637 185.6805 210.6902 338.6454 1301.0199 291.222 479.259 271.4879 122.4869 388.9253 192.7277 267.7912 1314.5722;
	3.9039 52.7506 92.1857 120.1177 15.1037 35.0439 31.9615 17.3645 27.3592 30.92 57.1552 85.2643 128.3649 65.7127 193.7452 72.9924 90.5646 95.9715 89.557 71.8411 10.6538 81.769 71.419 86.1429 99.8104 68.7728 12.9397 1349.9635 787.7582 787.7582 757.0939 117.735 298.5232 184.9192 206.0183 336.1102 1291.269 313.5588 478.4084 267.3492 122.0844 388.7531 211.3425 271.3442 1304.7197;
	3.8693 52.2831 90.8815 119.5683 15.01 34.7827 26.8475 16.9883 26.7979 30.1743 55.7767 83.2079 125.269 66.1618 195.1514 73.5222 91.2219 96.668 90.7196 71.9855 8.9492 81.1597 67.3709 86.7586 99.3193 71.8398 12.8618 1291.7801 797.9351 797.9351 711.7852 117.8989 302.3985 185.2907 207.426 340.4523 1239.8421 315.5447 470.129 266.0338 118.7697 385.8565 215.8382 270.4405 1252.7571;
	3.885 52.4943 91.4795 120.2407 14.9608 34.689 29.0528 17.5584 26.3926 31.0712 57.4346 85.6811 128.9924 66.0241 197.7899 74.5162 92.4553 97.975 90.4405 72.0352 9.6843 80.9411 71.0209 85.4355 99.2022 70.9353 13.0256 1278.1701 804.3372 804.3372 738.3388 120.2765 301.4682 185.4188 206.9946 343.1839 1278.588 317.5641 474.2475 265.7202 121.1866 384.8171 215.2028 274.6071 1291.9066;
	3.9206 52.9764 92.5977 120.8362 14.9719 34.7358 26.7592 17.292 27.0761 30.856 57.0369 85.0879 128.0993 65.6454 198.1281 74.6436 92.6134 98.1425 90.6045 69.5787 8.9197 81.0503 71.2346 86.7411 100.3417 67.1338 12.8572 1304.2031 803.3983 803.3983 753.8755 120.0078 302.0149 179.0957 205.8071 342.7833 1281.9061 322.9241 463.2123 268.7725 121.6914 385.3362 216.7538 274.3849 1295.2593;
	3.7751 51.0101 91.766 117.3309 14.8791 32.594 27.807 18.0979 25.8587 29.4413 54.4218 81.1866 122.226 64.9636 196.3783 73.9844 91.7955 97.2758 89.5308 70.4562 9.269 76.0527 68.6702 84.9689 102.7454 74.6489 13.6608 1294.2066 815.353 815.353 756.7444 118.7063 298.4361 181.3545 203.6696 347.8839 1272.6572 326.1483 468.8757 275.2108 122.3169 361.5765 202.5345 273.8796 1285.9141;
	3.8953 52.6334 92.3932 119.0839 14.8216 34.1135 27.9102 18.307 26.4247 29.5272 54.5806 81.4235 122.5826 65.2417 197.6825 74.4757 92.4051 97.9218 86.4663 72.7818 9.3034 79.5981 71.3561 88.3507 103.8282 75.2451 13.7046 1283.245 786.2153 786.2153 732.5384 119.4947 288.221 187.3407 204.5415 335.4519 1246.4287 301.4899 474.3557 278.1113 122.4304 378.4322 205.4688 273.144 1259.4123;
	3.8908 52.5733 92.3699 117.7767 14.7183 34.107 25.045 18.3569 27.4129 28.0122 51.7802 77.2458 116.2932 66.7438 197.4058 74.3715 92.2757 97.7847 85.7303 73.0508 8.3483 79.5831 67.2726 87.9338 103.1038 74.4203 13.7459 1264.6504 783.4279 783.4279 704.4761 115.8615 285.7677 188.033 209.2509 334.2626 1217.6241 296.5637 478.1845 276.1708 123.9218 378.3607 205.1917 273.9784 1230.3077;
	3.8688 52.2759 89.5115 116.3239 14.58 32.2316 24.7493 18.1776 26.9882 27.9793 51.7193 77.155 116.1564 65.1223 191.8097 72.2632 89.6599 95.0127 84.8036 72.4338 8.2498 75.2071 60.0461 89.0973 104.2067 73.9013 13.3444 1257.7224 773.4852 773.4852 621.6933 110.6436 282.6786 186.4449 204.1672 330.0204 1161.0812 276.4947 461.7238 279.1252 123.1191 357.556 195.1825 271.1713 1173.1758;
	3.8465 51.975 92.2168 115.0915 14.2613 30.3029 21.1473 18.5846 25.9373 28.0013 51.76 77.2157 116.2479 64.0231 189.7836 71.4999 88.7128 94.0091 83.9713 69.8826 7.0491 70.7067 58.4942 86.0817 105.3015 66.8153 13.2037 1178.0094 728.3973 728.3973 618.1511 106.4901 279.9042 179.8779 200.7211 310.7829 1154.012 301.2083 444.9204 282.0576 117.2231 336.1597 177.2519 260.0383 1166.0329;
	3.6603 49.459 91.0121 110.8907 14.134 29.0043 19.1239 14.4649 26.4463 25.9695 48.0042 71.6128 107.8126 65.4097 192.6134 72.566 90.0356 95.4108 83.1462 71.3653 6.3746 67.6767 65.303 86.1674 104.8179 74.7593 10.8232 1159.6619 682.5699 682.5699 557.8353 97.1932 277.1539 183.6944 205.0681 291.2298 1120.8377 263.3711 458.6357 280.7622 119.0134 321.7544 167.1147 241.9859 1132.513;
