function solarprofile = ex_solar_profilesh1
%EX_WIND_PROFILE_D  Example wind_load_nyiso profile data for deterministic unit commitment.
% 2022.03.12
% Andres F. Ramirez


%% define constants
[GEN_BUS, PG, QG, QMAX, QMIN, VG, MBASE, GEN_STATUS, PMAX, PMIN, ...
    MU_PMAX, MU_PMIN, MU_QMAX, MU_QMIN, PC1, PC2, QC1MIN, QC1MAX, ...
    QC2MIN, QC2MAX, RAMP_AGC, RAMP_10, RAMP_30, RAMP_Q, APF] = idx_gen;
[CT_LABEL, CT_PROB, CT_TABLE, CT_TBUS, CT_TGEN, CT_TBRCH, CT_TAREABUS, ...
    CT_TAREAGEN, CT_TAREABRCH, CT_ROW, CT_COL, CT_CHGTYPE, CT_REP, ...
    CT_REL, CT_ADD, CT_NEWVAL, CT_TLOAD, CT_TAREALOAD, CT_LOAD_ALL_PQ, ...
    CT_LOAD_FIX_PQ, CT_LOAD_DIS_PQ, CT_LOAD_ALL_P, CT_LOAD_FIX_P, ...
    CT_LOAD_DIS_P, CT_TGENCOST, CT_TAREAGENCOST, CT_MODCOST_F, ...
    CT_MODCOST_X] = idx_ct;

solarprofile = struct( ...
    'type', 'mpcData', ...
    'table', CT_TGEN, ...
    'rows', [1:12], ...
    'col', PMAX, ...
    'chgtype', 1, ...
    'values', [] );
solarprofile.values(:,1,:) = [
	0.0 0.0 0.0 0.0 0.0 0.0 0.0 0.0 0.0 0.0 0.0 0.0;
	0.0 0.0 0.0 0.0 0.0 0.0 0.0 0.0 0.0 0.0 0.0 0.0;
	0.0 0.0 0.0 0.0 0.0 0.0 0.0 0.0 0.0 0.0 0.0 0.0;
	0.0 0.0 0.0 0.0 0.0 0.0 0.0 0.0 0.0 0.0 0.0 0.0;
	0.0 0.0 0.0 0.0 0.0 0.0 0.0 0.0 0.0 0.0 0.0 0.0;
	1.0111 0.8207 0.6949 0.0 0.0005 9.7829 1.2229 4.1882 0.4191 0.0 0.0 0.0;
	14.2069 9.0309 6.2963 7.0823 5.1186 272.8402 34.105 16.0113 107.7367 122.501 59.5112 221.8501;
	17.315 14.0026 10.9127 10.1475 7.404 437.7375 54.7172 50.6343 224.6426 165.3608 82.9009 299.4694;
	20.1283 16.6083 13.5527 10.7306 8.3737 456.0675 57.0084 63.9341 243.426 168.5024 109.2686 305.1589;
	25.2372 16.3682 13.8 6.0714 6.3475 413.4538 51.6817 59.0903 172.4024 141.3339 131.987 255.9565;
	26.2554 16.6443 13.8488 6.1065 6.3841 383.181 47.8976 57.7982 176.5633 213.9992 187.0258 387.5538;
	26.3158 16.5671 13.8284 6.2326 6.5703 370.3587 46.2948 57.9891 188.2957 243.2963 203.7454 440.611;
	24.1387 15.9261 13.4227 4.8057 5.1288 327.1704 40.8963 62.1588 174.955 217.5805 133.5778 394.0396;
	19.6875 14.6603 12.378 2.7735 3.3666 300.6782 37.5848 60.3117 144.3446 201.5903 94.1721 365.0812;
	13.3659 12.1224 9.4743 1.0077 1.2453 214.5607 26.8201 48.1139 98.9096 150.9413 63.1183 273.3556;
	4.8755 6.6622 4.7593 0.2965 0.2125 71.3681 8.921 7.4757 56.8542 60.4349 28.5425 109.4479;
	1.1859 0.9656 0.753 0.7595 0.6717 64.9466 8.1183 11.2819 34.7032 17.1743 7.407 31.1028;
	0.0 0.0 0.0 0.0 0.0 0.0 0.0 0.0 0.0 0.0 0.0 0.0;
	0.0 0.0 0.0 0.0 0.0 0.0 0.0 0.0 0.0 0.0 0.0 0.0;
	0.0 0.0 0.0 0.0 0.0 0.0 0.0 0.0 0.0 0.0 0.0 0.0;
	0.0 0.0 0.0 0.0 0.0 0.0 0.0 0.0 0.0 0.0 0.0 0.0;
	0.0 0.0 0.0 0.0 0.0 0.0 0.0 0.0 0.0 0.0 0.0 0.0;
	0.0 0.0 0.0 0.0 0.0 0.0 0.0 0.0 0.0 0.0 0.0 0.0;
	0.0 0.0 0.0 0.0 0.0 0.0 0.0 0.0 0.0 0.0 0.0 0.0;
];
