function solarprofile = ex_solar_profilesh1
%EX_WIND_PROFILE_D  Example wind_load_nyiso profile data for deterministic unit commitment.
% 2022.03.12
% Andres F. Ramirez


%% define constants
[GEN_BUS, PG, QG, QMAX, QMIN, VG, MBASE, GEN_STATUS, PMAX, PMIN, ...
    MU_PMAX, MU_PMIN, MU_QMAX, MU_QMIN, PC1, PC2, QC1MIN, QC1MAX, ...
    QC2MIN, QC2MAX, RAMP_AGC, RAMP_10, RAMP_30, RAMP_Q, APF] = idx_gen;
[CT_LABEL, CT_PROB, CT_TABLE, CT_TBUS, CT_TGEN, CT_TBRCH, CT_TAREABUS, ...
    CT_TAREAGEN, CT_TAREABRCH, CT_ROW, CT_COL, CT_CHGTYPE, CT_REP, ...
    CT_REL, CT_ADD, CT_NEWVAL, CT_TLOAD, CT_TAREALOAD, CT_LOAD_ALL_PQ, ...
    CT_LOAD_FIX_PQ, CT_LOAD_DIS_PQ, CT_LOAD_ALL_P, CT_LOAD_FIX_P, ...
    CT_LOAD_DIS_P, CT_TGENCOST, CT_TAREAGENCOST, CT_MODCOST_F, ...
    CT_MODCOST_X] = idx_ct;

solarprofile = struct( ...
    'type', 'mpcData', ...
    'table', CT_TGEN, ...
    'rows', [1:12], ...
    'col', PMAX, ...
    'chgtype', 1, ...
    'values', [] );
solarprofile.values(:,1,:) = [
	0.0 0.0 0.0 0.0 0.0 0.0 0.0 0.0 0.0 0.0 0.0 0.0;
	0.0 0.0 0.0 0.0 0.0 0.0 0.0 0.0 0.0 0.0 0.0 0.0;
	0.0 0.0 0.0 0.0 0.0 0.0 0.0 0.0 0.0 0.0 0.0 0.0;
	0.0 0.0 0.0 0.0 0.0 0.0 0.0 0.0 0.0 0.0 0.0 0.0;
	0.0 0.0 0.0 0.0 0.0 0.0 0.0 0.0 0.0 0.0 0.0 0.0;
	1.0246 0.8376 0.7265 0.0 0.0 10.5412 1.3176 4.8915 2.1807 0.0 0.0 0.0;
	8.1744 5.8362 5.9336 1.7346 5.3768 35.8331 4.4791 2.2624 116.4285 72.2689 21.5799 130.8794;
	6.5733 7.305 4.5714 5.1633 12.2004 125.246 15.6558 10.5173 186.9829 184.9246 28.9054 334.8995;
	8.7573 12.7853 8.2173 8.2952 13.2043 315.7742 39.4718 33.0216 212.9678 287.4329 50.4307 520.5427;
	20.629 15.8969 12.6446 8.3231 14.0709 374.2297 46.7787 50.5074 185.4472 239.5201 98.3747 433.7723;
	19.6332 16.0598 12.5145 10.6824 13.5475 390.3317 48.7915 46.5524 193.5839 300.0563 150.6359 543.4038;
	14.2437 15.4949 10.4656 11.2214 13.1343 387.9375 48.4922 37.5973 198.2415 330.0655 170.1336 597.7506;
	10.3442 13.4265 7.1606 7.8146 11.5315 311.9132 38.9891 25.646 160.4268 230.5939 117.7049 417.6069;
	13.0605 11.8173 8.5097 4.7419 9.3221 270.8653 33.8582 26.3889 115.4182 157.6803 90.3773 285.56;
	15.1963 11.586 9.6707 3.4941 6.442 250.3433 31.2929 28.3567 73.746 87.6834 65.5033 158.7952;
	12.0648 7.8332 9.6027 4.876 3.9412 239.807 29.9759 26.8989 49.6733 25.1475 50.0601 45.5422;
	1.4613 1.4086 1.1159 1.6814 1.4427 89.0351 11.1294 13.0135 32.684 13.0663 26.8737 23.6632;
	0.0 0.0 0.0 0.0 0.0 0.0 0.0 0.0 0.0 0.0 0.0 0.0;
	0.0 0.0 0.0 0.0 0.0 0.0 0.0 0.0 0.0 0.0 0.0 0.0;
	0.0 0.0 0.0 0.0 0.0 0.0 0.0 0.0 0.0 0.0 0.0 0.0;
	0.0 0.0 0.0 0.0 0.0 0.0 0.0 0.0 0.0 0.0 0.0 0.0;
	0.0 0.0 0.0 0.0 0.0 0.0 0.0 0.0 0.0 0.0 0.0 0.0;
	0.0 0.0 0.0 0.0 0.0 0.0 0.0 0.0 0.0 0.0 0.0 0.0;
	0.0 0.0 0.0 0.0 0.0 0.0 0.0 0.0 0.0 0.0 0.0 0.0;
];
