function solarprofile = ex_solar_profilesh1
%EX_WIND_PROFILE_D  Example wind_load_nyiso profile data for deterministic unit commitment.
% 2022.03.12
% Andres F. Ramirez


%% define constants
[GEN_BUS, PG, QG, QMAX, QMIN, VG, MBASE, GEN_STATUS, PMAX, PMIN, ...
    MU_PMAX, MU_PMIN, MU_QMAX, MU_QMIN, PC1, PC2, QC1MIN, QC1MAX, ...
    QC2MIN, QC2MAX, RAMP_AGC, RAMP_10, RAMP_30, RAMP_Q, APF] = idx_gen;
[CT_LABEL, CT_PROB, CT_TABLE, CT_TBUS, CT_TGEN, CT_TBRCH, CT_TAREABUS, ...
    CT_TAREAGEN, CT_TAREABRCH, CT_ROW, CT_COL, CT_CHGTYPE, CT_REP, ...
    CT_REL, CT_ADD, CT_NEWVAL, CT_TLOAD, CT_TAREALOAD, CT_LOAD_ALL_PQ, ...
    CT_LOAD_FIX_PQ, CT_LOAD_DIS_PQ, CT_LOAD_ALL_P, CT_LOAD_FIX_P, ...
    CT_LOAD_DIS_P, CT_TGENCOST, CT_TAREAGENCOST, CT_MODCOST_F, ...
    CT_MODCOST_X] = idx_ct;

solarprofile = struct( ...
    'type', 'mpcData', ...
    'table', CT_TGEN, ...
    'rows', [1:12], ...
    'col', PMAX, ...
    'chgtype', 1, ...
    'values', [] );
solarprofile.values(:,1,:) = [
	0.0 0.0 0.0 0.0 0.0 0.0 0.0 0.0 0.0 0.0 0.0 0.0;
	0.0 0.0 0.0 0.0 0.0 0.0 0.0 0.0 0.0 0.0 0.0 0.0;
	0.0 0.0 0.0 0.0 0.0 0.0 0.0 0.0 0.0 0.0 0.0 0.0;
	0.0 0.0 0.0 0.0 0.0 0.0 0.0 0.0 0.0 0.0 0.0 0.0;
	0.0 0.0 0.0 0.0 0.0 0.0 0.0 0.0 0.0 0.0 0.0 0.0;
	1.0469 0.8518 0.7166 0.0 0.0 9.4835 1.1854 4.6545 0.4191 0.0 0.0 0.0;
	7.2729 6.8822 3.6471 1.3761 0.1421 86.1852 10.7731 44.1778 47.5236 76.6446 24.0322 138.8038;
	17.6229 16.0216 11.7343 2.8556 4.4626 344.1179 43.0147 57.8263 167.8465 170.3459 71.9273 308.4974;
	24.1293 16.9038 13.9041 6.4753 8.9309 424.3927 53.0491 67.3126 241.8725 209.9066 119.7653 380.1422;
	26.6308 16.5391 14.0641 4.4545 7.888 448.0894 56.0112 70.1034 282.7478 126.4255 89.1668 228.9574;
	26.2673 16.5219 13.8537 3.8974 6.8264 447.08 55.885 63.3148 289.184 178.4301 81.1551 323.138;
	25.7103 16.5214 13.8 3.2699 6.4321 430.9153 53.8644 55.8817 284.036 233.6542 61.0837 423.1492;
	23.3944 14.7051 13.2881 2.7279 4.197 389.7382 48.7173 54.0219 234.9339 227.7549 21.5154 412.4655;
	19.591 9.42 12.3416 1.6613 3.5798 377.0629 47.1329 58.2692 224.4706 210.76 13.4413 381.6876;
	14.2751 6.5996 8.772 0.8375 2.1574 347.538 43.4422 58.128 206.7436 139.2817 7.2557 252.24;
	6.519 4.7787 4.737 0.3197 1.2809 232.561 29.0701 45.0727 204.4895 51.4893 6.0881 93.2474;
	1.2254 1.0844 0.8179 0.7141 1.0619 69.1412 8.6427 11.5147 38.8782 17.8616 7.6345 32.3475;
	0.0 0.0 0.0 0.0 0.0 0.0 0.0 0.0 0.0 0.0 0.0 0.0;
	0.0 0.0 0.0 0.0 0.0 0.0 0.0 0.0 0.0 0.0 0.0 0.0;
	0.0 0.0 0.0 0.0 0.0 0.0 0.0 0.0 0.0 0.0 0.0 0.0;
	0.0 0.0 0.0 0.0 0.0 0.0 0.0 0.0 0.0 0.0 0.0 0.0;
	0.0 0.0 0.0 0.0 0.0 0.0 0.0 0.0 0.0 0.0 0.0 0.0;
	0.0 0.0 0.0 0.0 0.0 0.0 0.0 0.0 0.0 0.0 0.0 0.0;
	0.0 0.0 0.0 0.0 0.0 0.0 0.0 0.0 0.0 0.0 0.0 0.0;
];
