function windprofile = ex_wind_profilesh1
%EX_WIND_PROFILE_D  Example wind_load_nyiso profile data for deterministic unit commitment.
% 2022.03.12
% Andres F. Ramirez


%% define constants
[GEN_BUS, PG, QG, QMAX, QMIN, VG, MBASE, GEN_STATUS, PMAX, PMIN, ...
    MU_PMAX, MU_PMIN, MU_QMAX, MU_QMIN, PC1, PC2, QC1MIN, QC1MAX, ...
    QC2MIN, QC2MAX, RAMP_AGC, RAMP_10, RAMP_30, RAMP_Q, APF] = idx_gen;
[CT_LABEL, CT_PROB, CT_TABLE, CT_TBUS, CT_TGEN, CT_TBRCH, CT_TAREABUS, ...
    CT_TAREAGEN, CT_TAREABRCH, CT_ROW, CT_COL, CT_CHGTYPE, CT_REP, ...
    CT_REL, CT_ADD, CT_NEWVAL, CT_TLOAD, CT_TAREALOAD, CT_LOAD_ALL_PQ, ...
    CT_LOAD_FIX_PQ, CT_LOAD_DIS_PQ, CT_LOAD_ALL_P, CT_LOAD_FIX_P, ...
    CT_LOAD_DIS_P, CT_TGENCOST, CT_TAREAGENCOST, CT_MODCOST_F, ...
    CT_MODCOST_X] = idx_ct;

windprofile = struct( ...
    'type', 'mpcData', ...
    'table', CT_TGEN, ...
    'rows', [1:45], ...
    'col', PMAX, ...
    'chgtype', 1, ...
    'values', [] );
windprofile.values(:,1,:) = [
	3.9168 52.9244 95.4473 120.9272 15.3825 34.4799 28.0101 19.0244 28.0122 30.7191 56.7838 84.7102 127.5308 68.0682 189.0427 71.2207 88.3665 93.6421 83.2619 69.2643 9.3367 80.4532 75.475 89.9402 106.6456 74.7582 13.9636 1229.8007 706.0645 706.0645 541.1673 103.6139 277.5397 178.2865 213.4032 301.2542 1192.7557 212.1721 452.4033 285.6577 121.1038 382.4974 200.6076 282.9833 1205.1802;
	3.9245 53.0288 95.4446 120.7491 15.4176 34.2976 26.078 19.0429 27.6796 30.906 57.1292 85.2255 128.3066 67.7801 183.5497 69.1513 85.7988 90.9211 84.0194 72.2355 8.6927 80.0277 75.2366 89.5508 105.5181 73.668 13.7584 1234.37 713.6398 713.6398 571.2938 95.674 280.0645 185.9343 212.4999 304.4863 1155.1922 199.0351 462.1066 282.6379 120.6536 380.4744 190.0174 276.9552 1167.2254;
	3.8394 51.8784 95.1925 120.2193 15.383 34.7889 20.8865 18.4586 27.9333 31.1891 57.6525 86.0063 129.482 68.9413 197.6302 74.456 92.3806 97.8959 85.7167 73.4236 6.9622 81.174 75.38 89.5233 105.0865 75.5222 13.5819 1230.9834 750.8714 750.8714 627.0901 94.1593 285.7222 188.9925 216.1404 320.3718 1238.0186 211.7689 436.1534 281.4816 123.3533 385.9246 187.3426 265.6779 1250.9146;
	3.7236 50.3137 93.0979 117.3006 15.0528 34.0473 22.677 17.6789 27.0263 31.2474 57.7604 86.1671 129.7241 68.8538 199.8086 75.2767 93.3989 98.975 88.8948 72.8407 7.559 79.4436 75.285 87.8732 101.1122 71.5169 12.8083 1247.885 751.6022 751.6022 626.2138 95.4941 296.3159 187.492 215.8659 320.6836 1256.6052 233.6486 450.5383 270.8363 120.7271 377.6977 155.216 264.7369 1269.6948;
	3.8551 52.0912 95.0363 119.0543 15.2612 34.6392 31.0226 18.4436 28.2398 31.3527 57.9549 86.4573 130.161 67.7565 200.5656 75.5619 93.7527 99.3499 86.3449 73.3761 10.3409 80.8247 75.5763 87.894 104.7948 74.8639 13.1055 1215.182 754.5821 754.5821 638.8125 99.5708 287.8165 188.8703 212.4259 321.955 1188.6322 219.6722 474.8975 280.7004 121.1166 384.2637 188.4351 275.3022 1201.0138;
	3.8912 52.5792 94.9726 119.68 15.0646 34.8411 30.5164 18.491 28.1427 31.3974 58.0376 86.5807 130.3468 67.0868 199.2825 75.0785 93.153 98.7143 84.2889 72.1145 10.1721 81.2958 75.7225 89.1111 103.9175 74.344 13.2004 1243.7723 735.6438 735.6438 612.4021 103.7524 280.9631 185.6228 210.3261 313.8747 1150.7892 229.4412 464.8733 278.3505 115.7937 386.5037 175.414 275.242 1162.7766;
	3.8647 52.2206 94.9426 119.6783 15.0798 34.9567 31.6218 18.6799 28.323 31.3918 58.0273 86.5653 130.3235 67.4944 201.0203 75.7332 93.9653 99.5752 82.2275 73.5696 10.5406 81.5657 75.8616 89.6009 102.5047 75.1914 13.253 1245.7031 718.8754 718.8754 619.1171 100.9138 274.0916 189.3684 211.604 306.7202 1200.8545 262.5014 471.8883 274.5663 121.4835 387.7865 165.8794 267.2136 1213.3634;
	3.8959 52.6426 94.4729 119.009 14.7082 34.6251 30.4945 18.3907 28.0228 31.2303 57.7287 86.1198 129.6529 68.0239 198.8424 74.9127 92.9472 98.4963 78.1892 71.5173 10.1648 80.792 75.7629 88.4321 99.5851 74.6131 13.1415 1299.7619 738.1816 738.1816 626.4952 106.7379 260.6308 184.0856 213.2641 314.9575 1242.6354 267.1779 477.0166 266.7459 120.2744 384.1083 175.9734 276.5598 1255.5795;
	3.8527 52.0586 93.9174 117.8561 14.8582 34.647 31.6926 18.458 27.8199 31.0609 57.4156 85.6528 128.9498 67.5128 198.3637 74.7324 92.7235 98.2592 89.6382 72.2826 10.5642 80.843 74.7033 87.5591 100.1388 74.1757 13.143 1290.6499 739.6206 739.6206 665.0035 112.2765 298.7941 186.0555 211.6617 315.5714 1273.9602 266.0005 474.1627 268.2288 120.0117 384.3507 203.5448 275.925 1287.2306;
	3.8784 52.4053 94.7952 118.9672 15.2046 34.9126 26.9464 18.4188 27.8295 30.7665 56.8714 84.8409 127.7276 67.6081 200.7113 75.6168 93.8209 99.4221 88.2355 73.3744 8.9821 81.4626 74.426 88.7436 102.6492 73.9884 13.3588 1250.1168 772.7336 772.7336 676.4938 115.7355 294.1184 188.8658 211.9606 329.6997 1239.4338 288.9011 475.1372 274.9531 119.6519 387.2966 214.0711 282.4233 1252.3445;
	3.8652 52.2278 90.32 112.9578 15.0546 34.4382 28.1724 17.7311 27.6205 30.5275 56.4296 84.1819 126.7354 65.6129 196.9481 74.1991 92.0618 97.558 88.0571 72.2934 9.3908 80.3559 71.6007 84.409 98.2994 67.9728 13.1187 1253.3513 766.8024 766.8024 695.8931 114.7153 293.5237 186.0834 205.7053 327.169 1266.6653 297.194 470.0052 263.302 120.2205 382.0348 214.8378 273.5802 1279.8597;
	3.9201 52.9697 91.1579 116.4495 15.0128 35.0385 26.8956 17.9178 27.6612 29.6471 54.8022 81.754 123.0803 69.5678 203.2097 76.5581 94.9887 100.6597 90.6017 71.3478 8.9652 81.7564 71.4034 86.5356 100.7097 69.4693 13.0731 1260.2134 798.8143 798.8143 761.2184 118.9589 302.0056 183.6493 218.1043 340.8274 1296.2391 323.2951 470.902 269.758 119.948 388.6934 216.6801 277.5277 1309.7416;
	3.9198 52.9655 92.299 115.7871 15.1616 35.1201 27.7845 18.3136 28.0217 30.0463 55.5401 82.8549 124.7376 69.3535 197.0549 74.2393 92.1117 97.6109 90.2727 72.5307 9.2615 81.947 71.504 83.1351 101.8199 74.0554 13.2861 1265.8992 829.2714 829.2714 777.618 117.4546 300.909 186.6943 217.4325 353.8225 1308.6896 338.3858 465.066 272.7318 119.4261 389.5992 219.2195 279.7231 1322.3218;
	3.8762 52.3758 90.4976 115.9186 14.8249 34.5523 26.6946 18.1485 27.7832 29.6919 54.8851 81.8777 123.2665 69.5596 197.0041 74.2202 92.088 97.5858 88.5507 73.0103 8.8982 80.6219 72.1849 84.5821 100.1782 73.8637 13.3566 1241.6919 819.3538 819.3538 755.972 114.6444 295.1691 187.9286 218.0786 349.591 1300.1133 314.9773 468.8229 268.3345 116.0643 383.2998 214.0986 277.4264 1313.6561;
	3.8024 51.3781 91.7718 115.9557 14.2779 34.4814 23.701 18.0291 27.9508 30.332 56.0683 83.6429 125.9239 67.7293 197.851 74.5392 92.4838 98.0053 88.7285 73.1401 7.9003 80.4565 74.3201 86.7372 102.1337 73.7834 13.2744 1242.9197 807.0512 807.0512 763.3007 112.8145 295.7616 188.2628 212.3405 344.3418 1264.8641 306.8913 475.6691 273.5724 118.1971 382.5132 210.4004 277.9495 1278.0397;
	3.9083 52.8098 93.7586 118.3107 14.6372 34.1695 25.6281 18.1117 27.6561 29.6403 54.7896 81.7354 123.0521 69.1191 189.3924 71.3525 88.5299 93.8153 88.3248 72.8672 8.5427 79.7287 70.4914 86.1489 101.1685 70.5311 13.0436 1246.7985 796.7439 796.7439 725.289 112.8165 294.4159 187.5603 216.6977 339.9441 1252.7051 289.9558 473.6213 270.987 117.5549 379.0532 203.5729 278.1593 1265.7541;
	3.9134 52.8782 94.4244 113.685 14.8309 32.7857 23.2778 17.3383 28.337 30.1883 55.8027 83.2466 125.3273 67.8709 196.7395 74.1205 91.9643 97.4547 90.9452 71.88 7.7593 76.5 70.6922 86.3969 100.8392 60.517 12.054 1189.5425 760.8994 760.8994 658.6536 105.8 303.1507 185.0194 212.7844 324.6504 1198.9951 289.7915 464.1054 270.1049 114.6763 363.703 198.7955 269.6863 1211.4846;
	3.8858 52.5055 95.1799 114.1091 14.8183 31.5215 20.279 13.7323 28.4039 29.5532 54.6286 81.4951 122.6905 67.4313 196.4383 74.007 91.8235 97.3055 91.6323 71.9877 6.7597 73.5501 72.913 89.1128 104.5427 71.8214 10.2103 1184.4101 738.6782 738.6782 633.913 107.7566 305.441 185.2966 211.4061 315.1694 1183.1359 279.8423 462.6891 280.0252 118.4156 349.6783 189.0375 248.7433 1195.4602;
