function loadprofile = ex_load_profilesh1
%EX_LOAD_PROFILE  Example load profile data file for stochastic unit commitment.
% 2022.03.12
% Andres F. Ramirez

%% define constants
[CT_LABEL, CT_PROB, CT_TABLE, CT_TBUS, CT_TGEN, CT_TBRCH, CT_TAREABUS, ...
    CT_TAREAGEN, CT_TAREABRCH, CT_ROW, CT_COL, CT_CHGTYPE, CT_REP, ...
    CT_REL, CT_ADD, CT_NEWVAL, CT_TLOAD, CT_TAREALOAD, CT_LOAD_ALL_PQ, ...
    CT_LOAD_FIX_PQ, CT_LOAD_DIS_PQ, CT_LOAD_ALL_P, CT_LOAD_FIX_P, ...
    CT_LOAD_DIS_P, CT_TGENCOST, CT_TAREAGENCOST, CT_MODCOST_F, ...
    CT_MODCOST_X] = idx_ct;

loadprofile = struct( ...
    'type', 'mpcData', ...
    'table', CT_TAREALOAD, ...
    'rows', [1:11], ...
    'col', CT_LOAD_ALL_P, ...
    'chgtype', 1, ...
    'values', [] );
loadprofile.values(:,1,:) = [
	1513.9844 895.2 1499.6693 541.907 730.2 1157.8997 808.2236 233.8575 485.3013 4372.5427 1677.9076;
	1516.6 898.5864 1501.7393 525.1492 699.0075 1136.8111 808.948 244.5033 470.2629 4324.1408 1642.4805;
	1536.6609 920.0859 1536.5143 529.9132 770.2813 1155.0447 835.8774 255.5175 485.0022 4349.4684 1669.2539;
	1606.7 943.2709 1611.0 537.0099 785.1522 1196.9503 847.5621 271.9119 495.4 4388.9594 1714.0784;
	1653.7 989.4692 1740.2192 546.6 854.4184 1243.2077 885.0308 275.0977 502.843 4523.6975 1778.6862;
	1713.5 1030.6 1845.5 558.5 913.3379 1281.6907 953.1265 285.0885 552.9677 4828.3364 1880.2761;
	1712.2756 1049.4482 1881.984 565.9602 944.5599 1312.4043 959.6022 277.0263 549.3 4990.9573 1920.2137;
	1760.6679 1084.8 1898.318 575.3226 982.2511 1335.9622 971.1502 286.2229 599.8688 5186.6688 1958.3078;
	1765.6866 1086.4765 1878.2123 564.4877 977.2586 1317.1 978.9199 298.9363 603.0222 5357.5322 1994.1023;
	1824.4171 1088.8155 1890.1986 586.1 985.2569 1348.2309 994.7775 307.4 600.3 5414.9975 1960.9377;
	1821.9092 1074.7127 1891.3409 576.5 984.4 1310.2969 989.8024 308.915 609.0814 5463.6599 1995.0744;
	1811.8062 1066.3336 1874.3839 584.4423 933.7885 1283.4686 1002.7553 296.0446 596.9 5379.962 1881.5371;
	1815.9218 1071.439 1838.0963 583.2368 937.9719 1264.348 1041.1842 302.668 583.1201 5344.8319 1857.0943;
	1808.015 1060.9349 1825.4474 566.9992 892.8535 1221.9996 994.4 279.6321 576.9 5258.8104 1840.6;
	1817.4117 1090.7034 1900.2631 601.7835 923.9187 1296.2925 1040.5771 299.7427 569.0431 5348.7705 1995.3093;
	1826.5584 1114.5 1960.2739 615.0056 955.3996 1326.5981 1123.7556 312.513 599.607 5475.0509 2124.9715;
	1883.8886 1117.6527 1926.5658 600.8177 934.2093 1348.3021 1069.6427 317.6457 588.569 5518.168 2130.3959;
	1928.4124 1144.9771 1977.8746 616.4 958.577 1408.2 1133.5 348.2 625.9522 5765.3582 2312.238;
	1946.9582 1175.0256 1978.38 622.1494 968.1 1403.5 1108.3278 353.7785 608.2861 5603.4904 2261.62;
	1895.2556 1140.3953 1898.1587 608.8326 942.3347 1347.4019 1090.7504 361.7684 623.2247 5420.4135 2203.8;
	1792.7954 1063.3016 1785.8434 587.2 889.6695 1245.8867 1030.3 331.1413 606.9816 5196.3277 2105.7326;
	1741.3579 1001.689 1707.027 577.1754 845.084 1180.4813 940.3 312.2752 572.9 4918.9391 1961.3;
	1621.7837 978.5 1648.5 592.1 833.2 1176.3 912.8972 283.1232 549.3708 4751.4711 1872.4351;
	1636.5206 1017.1836 1709.7785 589.4713 813.2349 1193.1387 914.0848 286.6332 530.5518 4703.3655 1843.8747;
];
