function solarprofile = ex_solar_profilesh1
%EX_WIND_PROFILE_D  Example wind_load_nyiso profile data for deterministic unit commitment.
% 2022.03.12
% Andres F. Ramirez


%% define constants
[GEN_BUS, PG, QG, QMAX, QMIN, VG, MBASE, GEN_STATUS, PMAX, PMIN, ...
    MU_PMAX, MU_PMIN, MU_QMAX, MU_QMIN, PC1, PC2, QC1MIN, QC1MAX, ...
    QC2MIN, QC2MAX, RAMP_AGC, RAMP_10, RAMP_30, RAMP_Q, APF] = idx_gen;
[CT_LABEL, CT_PROB, CT_TABLE, CT_TBUS, CT_TGEN, CT_TBRCH, CT_TAREABUS, ...
    CT_TAREAGEN, CT_TAREABRCH, CT_ROW, CT_COL, CT_CHGTYPE, CT_REP, ...
    CT_REL, CT_ADD, CT_NEWVAL, CT_TLOAD, CT_TAREALOAD, CT_LOAD_ALL_PQ, ...
    CT_LOAD_FIX_PQ, CT_LOAD_DIS_PQ, CT_LOAD_ALL_P, CT_LOAD_FIX_P, ...
    CT_LOAD_DIS_P, CT_TGENCOST, CT_TAREAGENCOST, CT_MODCOST_F, ...
    CT_MODCOST_X] = idx_ct;

solarprofile = struct( ...
    'type', 'mpcData', ...
    'table', CT_TGEN, ...
    'rows', [1:12], ...
    'col', PMAX, ...
    'chgtype', 1, ...
    'values', [] );
solarprofile.values(:,1,:) = [
	0.0 0.0 0.0 0.0 0.0 0.0 0.0 0.0 0.0 0.0 0.0 0.0;
	0.0 0.0 0.0 0.0 0.0 0.0 0.0 0.0 0.0 0.0 0.0 0.0;
	0.0 0.0 0.0 0.0 0.0 0.0 0.0 0.0 0.0 0.0 0.0 0.0;
	0.0 0.0 0.0 0.0 0.0 0.0 0.0 0.0 0.0 0.0 0.0 0.0;
	0.0 0.0 0.0 0.0 0.0 0.0 0.0 0.0 0.0 0.0 0.0 0.0;
	1.0131 0.8207 0.6949 0.0 0.0 9.4841 1.1855 4.1882 1.1348 0.0 0.0 0.0;
	8.8286 7.3466 6.1608 3.5694 3.879 226.6502 28.3313 24.5473 99.9919 106.684 22.4988 193.2054;
	17.5032 15.2356 12.5061 6.0072 10.1152 340.2155 42.5269 52.2437 190.474 245.8451 50.5806 445.2269;
	22.5744 16.6083 13.8 8.3356 12.1612 375.1412 46.8927 60.0554 206.7363 298.7263 62.9064 540.9951;
	19.2014 16.1414 13.2359 5.3646 8.5611 302.6789 37.8349 55.5376 112.089 220.318 21.6128 398.9972;
	20.4481 16.3793 13.5013 4.0545 7.3332 284.4751 35.5594 55.2167 117.6077 243.9386 55.9657 441.7743;
	22.5026 16.5214 13.7252 2.5995 6.0411 280.7217 35.0902 56.6018 143.6614 260.448 108.8776 471.6729;
	20.7811 15.9262 13.3751 1.8482 1.4006 205.4561 25.682 62.6233 126.6166 217.1624 85.9773 393.2825;
	16.6544 15.6326 12.3901 1.4254 0.7332 193.317 24.1646 63.4909 102.1859 223.4098 51.8232 404.5966;
	11.9486 12.6308 8.8546 1.3006 0.2634 202.5829 25.3229 61.7407 84.076 193.55 38.6001 350.5202;
	8.3991 7.126 5.4556 1.9674 0.546 207.8971 25.9871 48.4352 128.1204 130.6889 37.5666 236.6785;
	1.6618 1.3256 0.957 0.9298 1.2429 80.769 10.0961 16.3566 52.277 66.4135 16.3614 120.2752;
	0.0 0.0 0.0 0.0 0.0 0.0 0.0 0.0 0.0 0.0 0.0 0.0;
	0.0 0.0 0.0 0.0 0.0 0.0 0.0 0.0 0.0 0.0 0.0 0.0;
	0.0 0.0 0.0 0.0 0.0 0.0 0.0 0.0 0.0 0.0 0.0 0.0;
	0.0 0.0 0.0 0.0 0.0 0.0 0.0 0.0 0.0 0.0 0.0 0.0;
	0.0 0.0 0.0 0.0 0.0 0.0 0.0 0.0 0.0 0.0 0.0 0.0;
	0.0 0.0 0.0 0.0 0.0 0.0 0.0 0.0 0.0 0.0 0.0 0.0;
	0.0 0.0 0.0 0.0 0.0 0.0 0.0 0.0 0.0 0.0 0.0 0.0;
];
