function loadprofile = ex_load_profilesh1
%EX_LOAD_PROFILE  Example load profile data file for stochastic unit commitment.
% 2022.03.12
% Andres F. Ramirez

%% define constants
[CT_LABEL, CT_PROB, CT_TABLE, CT_TBUS, CT_TGEN, CT_TBRCH, CT_TAREABUS, ...
    CT_TAREAGEN, CT_TAREABRCH, CT_ROW, CT_COL, CT_CHGTYPE, CT_REP, ...
    CT_REL, CT_ADD, CT_NEWVAL, CT_TLOAD, CT_TAREALOAD, CT_LOAD_ALL_PQ, ...
    CT_LOAD_FIX_PQ, CT_LOAD_DIS_PQ, CT_LOAD_ALL_P, CT_LOAD_FIX_P, ...
    CT_LOAD_DIS_P, CT_TGENCOST, CT_TAREAGENCOST, CT_MODCOST_F, ...
    CT_MODCOST_X] = idx_ct;

loadprofile = struct( ...
    'type', 'mpcData', ...
    'table', CT_TAREALOAD, ...
    'rows', [1:11], ...
    'col', CT_LOAD_ALL_P, ...
    'chgtype', 1, ...
    'values', [] );
loadprofile.values(:,1,:) = [
	1592.542 874.1 1513.8114 576.6369 782.7687 1071.9 799.4536 246.8 532.2 4455.0789 1732.9935;
	1572.2219 870.5813 1507.2 564.5177 738.2489 1038.3242 776.2704 237.666 508.5 4365.8965 1700.3942;
	1584.1317 881.3304 1533.186 551.9354 755.3518 1065.0623 794.3308 242.0141 510.7096 4399.6372 1726.8487;
	1610.7592 918.451 1577.6694 558.9221 761.8118 1063.7224 800.1773 241.1 511.5339 4390.5776 1730.431;
	1648.1686 982.0185 1671.3208 578.9 835.3739 1165.6 865.945 259.7311 556.1259 4634.3149 1847.2089;
	1711.4341 1039.1565 1774.1436 574.2814 861.7776 1188.6875 936.1457 286.2587 607.7584 4899.6478 2016.7826;
	1712.8793 1067.2243 1849.0642 584.8821 873.2464 1241.546 979.4 301.3909 644.0727 5062.5466 2042.3852;
	1773.7044 1098.7569 1863.6141 586.8885 898.9858 1250.9238 991.6505 312.8 653.5276 5214.1425 2079.0938;
	1771.9136 1120.0852 1921.6 576.294 899.0688 1203.9557 990.2894 296.7 686.5798 5382.4138 2093.4128;
	1803.9685 1128.3286 1982.0042 582.5 935.0782 1224.4306 1026.7941 312.5869 757.8918 5513.8265 2150.8005;
	1757.4428 1105.0152 1951.9283 574.9352 939.1237 1235.9216 1018.9875 306.6 757.6197 5511.3173 2193.4167;
	1712.4374 1072.6 1906.8436 563.3653 901.5547 1145.1378 948.9429 292.4634 694.1138 5421.5532 2051.2501;
	1680.8303 1039.9684 1848.2946 548.69 911.5 1144.1624 908.5283 277.3826 646.7815 5340.2818 1972.6475;
	1754.9006 1041.1 1885.6169 539.2157 920.3392 1158.3884 926.572 270.5936 697.4428 5344.7939 2008.5502;
	1737.9894 1034.1593 1866.247 549.8444 889.0416 1237.1157 952.3723 275.2233 700.3278 5246.5524 2057.4767;
	1758.5322 1064.5087 1883.7925 565.5023 903.5559 1224.8344 913.6403 280.9 675.3781 5282.0726 2090.3325;
	1713.1112 1055.7168 1913.5408 593.8687 945.0298 1256.0386 1000.155 288.5071 680.4839 5264.629 2138.9233;
	1785.0492 1110.5842 2014.115 618.5392 998.0302 1332.7833 1045.3266 317.8958 710.537 5339.6749 2235.7063;
	1832.53 1140.3 2000.0036 611.9047 1017.2 1332.1598 1077.7655 299.1949 676.9965 5221.3612 2272.0204;
	1800.489 1100.9824 1888.2527 584.881 932.6 1272.0111 1017.3737 302.2766 657.3441 4958.7724 2135.7391;
	1736.9 1045.1 1797.6663 576.7573 857.7253 1190.7442 934.6104 277.9651 621.2092 4684.3769 2041.5492;
	1677.1 973.1893 1681.081 565.3259 831.1365 1137.9839 904.9077 266.6299 588.2604 4591.2105 1907.3492;
	1683.9192 953.8718 1643.8878 570.7 857.0 1109.6179 867.3424 231.24 566.3165 4746.1175 1847.0095;
	1666.8336 948.3425 1634.7 553.1268 857.8382 1127.0268 865.4 246.9 542.4701 4655.1106 1772.8663;
];
