function solarprofile = ex_solar_profilesh1
%EX_WIND_PROFILE_D  Example wind_load_nyiso profile data for deterministic unit commitment.
% 2022.03.12
% Andres F. Ramirez


%% define constants
[GEN_BUS, PG, QG, QMAX, QMIN, VG, MBASE, GEN_STATUS, PMAX, PMIN, ...
    MU_PMAX, MU_PMIN, MU_QMAX, MU_QMIN, PC1, PC2, QC1MIN, QC1MAX, ...
    QC2MIN, QC2MAX, RAMP_AGC, RAMP_10, RAMP_30, RAMP_Q, APF] = idx_gen;
[CT_LABEL, CT_PROB, CT_TABLE, CT_TBUS, CT_TGEN, CT_TBRCH, CT_TAREABUS, ...
    CT_TAREAGEN, CT_TAREABRCH, CT_ROW, CT_COL, CT_CHGTYPE, CT_REP, ...
    CT_REL, CT_ADD, CT_NEWVAL, CT_TLOAD, CT_TAREALOAD, CT_LOAD_ALL_PQ, ...
    CT_LOAD_FIX_PQ, CT_LOAD_DIS_PQ, CT_LOAD_ALL_P, CT_LOAD_FIX_P, ...
    CT_LOAD_DIS_P, CT_TGENCOST, CT_TAREAGENCOST, CT_MODCOST_F, ...
    CT_MODCOST_X] = idx_ct;

solarprofile = struct( ...
    'type', 'mpcData', ...
    'table', CT_TGEN, ...
    'rows', [1:12], ...
    'col', PMAX, ...
    'chgtype', 1, ...
    'values', [] );
solarprofile.values(:,1,:) = [
	0.0 0.0 0.0 0.0 0.0 0.0 0.0 0.0 0.0 0.0 0.0 0.0;
	0.0 0.0 0.0 0.0 0.0 0.0 0.0 0.0 0.0 0.0 0.0 0.0;
	0.0 0.0 0.0 0.0 0.0 0.0 0.0 0.0 0.0 0.0 0.0 0.0;
	0.0 0.0 0.0 0.0 0.0 0.0 0.0 0.0 0.0 0.0 0.0 0.0;
	0.0 0.0 0.0 0.0 0.0 0.0 0.0 0.0 0.0 0.0 0.0 0.0;
	1.1261 0.953 0.7805 0.0 0.0 12.8981 1.6123 4.9503 4.3702 0.0 0.0 0.0;
	2.5376 5.2093 1.7483 2.0598 2.6183 229.4752 28.6844 65.8331 99.3289 29.1504 36.4462 52.7915;
	1.8184 2.9929 1.3057 4.3707 6.5116 350.0952 43.7619 64.1025 158.4619 136.9654 156.3182 248.0452;
	10.06 6.9451 6.7157 6.9086 8.6698 409.6152 51.2019 66.8308 211.0693 268.3576 199.9977 485.9973;
	24.7838 15.9583 13.8 7.7035 7.2737 458.5465 57.3183 72.7982 282.7762 210.9681 202.0716 382.0645;
	25.6144 16.5136 13.8 8.9812 6.5986 464.7399 58.0925 74.9245 288.2251 198.0325 168.79 358.638;
	25.6325 16.5214 13.8012 8.4544 5.6425 448.2061 56.0258 74.1134 274.4395 160.1862 158.0815 290.0981;
	24.1079 15.9262 13.4455 7.0666 3.4373 390.8699 48.8587 71.0479 243.3153 98.6253 149.9299 178.6111;
	20.5738 15.457 12.517 5.2462 3.3162 368.2907 46.0363 67.4885 232.3893 76.233 187.8313 138.0584;
	14.0749 11.9545 8.9827 4.677 3.1969 358.9838 44.873 64.6947 217.9427 48.0743 213.4862 87.0628;
	6.2721 5.6756 5.4774 3.9808 4.3354 303.1135 37.8892 45.7355 210.1767 12.5802 180.7434 22.7829;
	1.4682 1.0703 1.0189 1.0075 1.6658 89.3449 11.1681 13.0432 45.6727 7.5323 18.3933 13.6411;
	0.0 0.0 0.0 0.0 0.0 0.0 0.0 0.0 0.0 0.0 0.0 0.0;
	0.0 0.0 0.0 0.0 0.0 0.0 0.0 0.0 0.0 0.0 0.0 0.0;
	0.0 0.0 0.0 0.0 0.0 0.0 0.0 0.0 0.0 0.0 0.0 0.0;
	0.0 0.0 0.0 0.0 0.0 0.0 0.0 0.0 0.0 0.0 0.0 0.0;
	0.0 0.0 0.0 0.0 0.0 0.0 0.0 0.0 0.0 0.0 0.0 0.0;
	0.0 0.0 0.0 0.0 0.0 0.0 0.0 0.0 0.0 0.0 0.0 0.0;
	0.0 0.0 0.0 0.0 0.0 0.0 0.0 0.0 0.0 0.0 0.0 0.0;
];
